% function evaluation | noise-free fitness - Fopt (-1.694000000000e+001) | best noise-free fitness - Fopt | measured fitness | best measured fitness | x1 | x2...
1 +2.530759260e+002 +2.530759260e+002 +2.361359260e+002 +2.361359260e+002 -3.8338e+000 -4.0139e+000 +1.0596e+000 +4.7699e+000 -1.6167e+000 +4.1570e-001 +4.0142e+000 -4.2387e+000 -4.0514e+000 +2.3119e+000 +4.1994e+000 +3.1442e+000 -1.1870e+000 -1.5864e+000 +4.3093e+000 +4.8657e-001 -4.9645e+000 +4.6962e+000 -4.0329e+000 +2.8386e+000
5 +1.647059107e+002 +1.647059107e+002 +1.477659107e+002 +1.477659107e+002 +2.8141e+000 -5.4710e-001 +2.0730e+000 +1.4175e+000 +3.3150e+000 -2.1420e+000 -1.2898e-001 +2.5597e+000 -2.6423e+000 -7.9547e-001 +1.3455e+000 -2.7325e+000 +1.8755e+000 -4.3429e-001 +4.5550e-001 +1.7572e+000 +3.5130e+000 -1.8314e+000 +1.0962e+000 -6.4125e-001
6 +7.750708634e+001 +7.750708634e+001 +6.056708634e+001 +6.056708634e+001 -1.4097e+000 -7.7262e-001 -3.8974e+000 -6.2501e-001 +4.4652e+000 -9.0775e-001 +2.3959e+000 -2.7924e+000 -1.1217e+000 -3.4311e+000 +6.2980e-001 -8.4605e-001 -3.0858e+000 -3.5050e+000 +2.1111e+000 -4.4519e+000 +1.2477e+000 -2.5130e+000 -2.5023e+000 -2.2059e+000
157 +5.146996641e+001 +5.146996641e+001 +3.452996641e+001 +3.452996641e+001 -1.9798e-001 +1.2543e+000 +5.3899e-001 -3.5798e-001 +3.7694e+000 -7.0871e-001 +2.1726e+000 -2.1657e+000 -7.9464e-001 +2.2901e-002 +3.6280e+000 -3.6530e-001 -1.7337e+000 -4.4526e+000 +3.3068e+000 -1.5205e+000 +3.2094e+000 -4.0274e+000 -4.6325e-001 -3.2043e-001
456 +3.970301359e+001 +3.970301359e+001 +2.276301359e+001 +2.276301359e+001 +5.5374e-001 +3.7048e+000 -2.5758e+000 -9.2439e-001 +3.6021e+000 -2.7154e+000 +2.2601e+000 -1.9159e+000 -3.1706e+000 -3.2151e+000 +7.1162e-001 -8.5215e-001 -2.9876e+000 -5.7792e+000 +4.0354e+000 +2.1805e+000 +3.9716e+000 -3.1174e+000 -2.5486e+000 -1.7975e+000
779 +2.366963451e+001 +2.366963451e+001 +6.729634509e+000 +6.729634509e+000 -1.1780e-001 +3.6012e+000 -1.5761e+000 +2.1415e-001 +4.9358e+000 -3.8679e+000 +1.4325e+000 -1.4694e+000 -1.1411e+000 -2.7952e+000 +1.3101e+000 -7.0603e-001 -4.3491e+000 -3.8568e+000 +2.7912e+000 +1.2329e+000 +4.5733e+000 -1.7511e+000 -2.3362e+000 -1.8781e+000
2676 +1.563891110e+001 +1.563891110e+001 -1.301088896e+000 -1.301088896e+000 +1.1484e+000 +3.3016e+000 -1.0699e+000 -5.9389e-002 +4.6978e+000 -1.4541e+000 +1.4323e+000 -2.0581e+000 -3.8509e-001 -7.1079e-001 +4.4487e+000 -4.3327e-001 -1.5798e+000 +9.1188e-001 +2.6873e+000 +3.9089e+000 +4.5190e+000 +1.6961e-001 -1.8133e+000 -3.3323e-001
3140 +9.852331245e+000 +9.852331245e+000 -7.087668755e+000 -7.087668755e+000 +2.2361e+000 +3.6705e+000 -5.4011e-001 +5.0019e-001 +4.5616e+000 -3.4949e+000 +1.7866e+000 -3.9645e-001 +3.6782e-001 -2.5269e+000 +3.4214e+000 +9.9136e-001 -4.2225e+000 +7.7314e-002 +3.1972e+000 +4.7845e+000 +4.3567e+000 -1.6683e+000 -9.7389e-001 +1.1583e+000
12354 +5.215622064e+000 +5.215622064e+000 -1.172437794e+001 -1.172437794e+001 +3.6570e+000 +1.5987e+000 +1.4399e+000 +3.5078e-001 +4.4174e+000 -1.5632e+000 +2.5143e+000 -2.5980e+000 +1.4081e+000 -9.1909e-001 +4.2458e+000 +2.0364e-001 -2.8831e+000 -2.9749e+000 +1.8281e+000 +2.6871e+000 +2.9533e+000 +1.4282e+000 +1.6735e-001 -6.8889e-001
58135 +3.918771577e+000 +3.918771577e+000 -1.302122842e+001 -1.302122842e+001 +2.9172e+000 +1.6179e+000 -1.7647e+000 +2.6492e+000 +2.5526e+000 -1.8885e+000 +2.1762e+000 -1.1645e+000 -7.3652e-001 -2.5613e+000 +3.6074e+000 -7.5353e-001 -1.7124e+000 -1.8087e+000 +2.6355e+000 +1.2993e+000 +3.5698e+000 -1.7971e-001 +7.2532e-001 +2.8003e+000
792301 +2.511170036e+000 +2.511170036e+000 -1.442882996e+001 -1.442882996e+001 +3.2578e+000 +1.4822e+000 -4.4337e-001 +1.3561e+000 +2.8972e+000 -9.0457e-001 +1.7234e+000 -2.1199e+000 -7.8605e-001 -1.2463e+000 +3.8522e+000 -2.1672e-001 -1.7193e+000 -1.5858e+000 +2.1438e+000 +3.5798e+000 +3.4419e+000 +3.6143e-001 -6.6236e-002 +2.9315e+000
1207854 +1.537605081e+000 +1.537605081e+000 -1.540239492e+001 -1.540239492e+001 +4.0515e+000 +1.8782e+000 -8.5782e-001 +1.5713e+000 +2.6146e+000 -1.8794e+000 +2.8503e+000 -2.2827e+000 +4.3444e-001 -2.0357e+000 +3.6705e+000 +6.2848e-001 -2.2460e+000 -2.0564e+000 +2.1385e+000 +2.6052e+000 +3.1153e+000 +1.5657e-001 +5.0000e-001 +1.8708e+000
% function evaluation | noise-free fitness - Fopt (1.881000000000e+001) | best noise-free fitness - Fopt | measured fitness | best measured fitness | x1 | x2...
1 +1.416875112e+002 +1.416875112e+002 +1.604975112e+002 +1.604975112e+002 +1.3538e+000 -1.3064e+000 +3.9460e+000 +3.7526e+000 -2.8135e+000 -3.6790e+000 -4.7733e+000 +5.9072e-002 +2.5108e+000 +4.6170e+000 +4.5326e+000 -4.9517e+000 +1.0259e-001 +3.8092e+000 +1.3112e+000 +2.4146e+000 -4.9646e+000 +3.8339e+000 +9.1576e-001 -2.7486e+000
6 +8.443263376e+001 +8.443263376e+001 +1.032426338e+002 +1.032426338e+002 +3.7195e-001 +6.4917e-001 +3.6209e+000 -3.1476e+000 +4.2428e+000 -2.9060e+000 -4.2973e+000 -2.1255e+000 -3.9304e+000 +4.0109e+000 +3.9452e+000 +4.2885e+000 +1.5134e+000 -4.1399e+000 -3.8090e+000 -4.6530e+000 -4.8590e+000 +1.9330e+000 +2.6560e+000 +2.4046e+000
10 +5.226953456e+001 +5.226953456e+001 +7.107953456e+001 +7.107953456e+001 -1.5645e+000 +2.8199e+000 +4.0690e+000 -3.1763e+000 +3.0515e-001 -4.3060e+000 -2.6932e+000 +2.9894e+000 +8.7994e-001 +2.0666e+000 -2.6221e+000 -3.5120e+000 +3.3013e+000 -3.5593e+000 -4.7283e+000 -4.8395e+000 -3.5357e+000 +2.5219e+000 -1.5100e+000 +4.2236e+000
896 +3.762609636e+001 +3.762609636e+001 +5.643609636e+001 +5.643609636e+001 -9.2177e-001 +6.0125e-001 +2.9764e+000 -1.9939e+000 -1.5289e+000 -1.9056e+000 +2.5469e+000 +2.1356e+000 +2.6210e+000 +8.9737e-001 -1.7729e+000 +2.2479e+000 +3.8251e-001 +5.4412e+000 +2.0546e+000 +6.1126e-001 -3.0270e+000 +3.8742e-001 -2.7679e+000 +3.2698e+000
1424 +2.497747486e+001 +2.497747486e+001 +4.378747486e+001 +4.378747486e+001 +4.2276e+000 +1.2557e+000 -2.6093e-001 -1.9082e+000 +1.3166e+000 -3.9426e+000 +4.0043e+000 +9.7909e-001 +4.8142e+000 +2.2876e+000 -3.7972e+000 +1.4709e+000 +1.8852e+000 +4.2460e-001 -2.7116e+000 -2.2652e+000 -4.3645e+000 +1.4338e-001 -4.4235e-001 +2.8086e+000
3702 +1.444655708e+001 +1.444655708e+001 +3.325655708e+001 +3.325655708e+001 -9.0374e-002 +2.1215e+000 -2.3548e-001 -2.7134e+000 +1.3318e+000 -2.0862e+000 +1.1420e+000 +2.2786e+000 +9.1250e-003 +2.7134e+000 -2.5057e+000 +3.7313e+000 +6.2068e-001 -9.4057e-002 -3.3066e+000 -3.1081e+000 -3.7967e+000 +3.1277e+000 -2.2151e+000 +3.3883e+000
4967 +9.510892020e+000 +9.510892020e+000 +2.832089202e+001 +2.832089202e+001 +1.3623e+000 +8.3664e-001 -1.0585e-001 -1.7188e+000 +2.2591e+000 -2.1038e+000 +5.2456e-001 +1.8736e+000 -9.3829e-001 +3.4756e+000 -4.1397e+000 +4.6822e+000 +2.0047e+000 +1.0360e+000 -3.8714e+000 -4.2412e+000 -2.3007e+000 +3.3239e+000 +1.0412e+000 +3.5836e+000
38426 +6.206291589e+000 +6.206291589e+000 +2.501629159e+001 +2.501629159e+001 +4.0633e-001 +2.3339e+000 -3.1054e-001 -2.5158e+000 -1.0998e+000 -3.4321e+000 +2.6404e+000 +1.9339e+000 -4.6434e-001 +2.5587e+000 -2.4455e+000 +1.5225e+000 +1.5510e+000 -2.2467e+000 -2.5424e+000 -1.5264e+000 -3.8508e+000 +3.3050e+000 -1.8583e+000 +3.3258e+000
166787 +3.902103622e+000 +3.902103622e+000 +2.271210362e+001 +2.271210362e+001 +1.7014e-002 +1.9906e+000 -6.3718e-001 -5.5582e-001 +6.6098e-001 -2.5229e+000 +1.7676e+000 +1.7243e+000 +1.9453e+000 +2.6951e+000 -4.2118e+000 +2.7409e+000 +3.2933e+000 +2.2702e-001 -2.2818e+000 -3.6431e+000 -2.9853e+000 +3.3096e+000 -2.1782e-001 +9.6821e-001
594274 +2.283340969e+000 +2.283340969e+000 +2.109334097e+001 +2.109334097e+001 -8.5532e-001 +3.6900e+000 -1.1749e+000 -4.2146e-001 +6.7778e-001 -1.8344e+000 +2.8895e+000 +2.0426e+000 +3.2465e+000 +3.3409e+000 -4.0779e+000 +2.0954e+000 +2.3459e+000 -9.6097e-001 -1.6719e+000 -4.3648e+000 -3.6200e+000 +3.0297e+000 -1.7913e+000 +5.0854e-001
% function evaluation | noise-free fitness - Fopt (2.731500000000e+002) | best noise-free fitness - Fopt | measured fitness | best measured fitness | x1 | x2...
1 +4.144031628e+002 +4.144031628e+002 +6.875531628e+002 +6.875531628e+002 -1.3439e-001 -2.0415e+000 +1.0550e+000 -4.0898e+000 -4.5484e+000 +4.0347e+000 +1.0588e+000 +8.8326e-001 -2.1178e+000 -1.8157e+000 +3.1593e+000 +4.7995e+000 -9.7298e-001 +7.7609e-001 -2.3082e+000 -2.7009e+000 -1.0571e+000 +3.7681e+000 +3.7533e+000 +5.1007e-001
3 +3.673064011e+002 +3.673064011e+002 +6.404564011e+002 +6.404564011e+002 +8.6311e-001 -2.7037e+000 +4.9304e+000 +4.2965e+000 +4.2219e+000 +3.8282e+000 -4.0180e+000 -4.4640e+000 -2.0541e+000 -5.2837e-001 +3.3096e+000 +1.4096e+000 +4.6465e+000 -4.1662e+000 +2.3135e+000 +1.5429e+000 +2.1162e+000 -6.7115e-001 -3.9679e+000 -2.7202e+000
8 +1.133394136e+002 +1.133394136e+002 +3.864894136e+002 +3.864894136e+002 -7.8301e-001 +4.7380e+000 +6.7145e-001 -4.1523e-001 -1.7826e+000 -2.0157e+000 -3.4266e+000 +3.9689e+000 +6.1119e-001 +4.4520e+000 -4.2239e+000 -3.1838e+000 -1.8926e+000 -1.9992e+000 +1.0320e+000 +1.8047e+000 +3.0766e+000 +2.6403e-001 -1.7605e+000 +1.8415e+000
16 +9.980117245e+001 +9.980117245e+001 +3.729511725e+002 +3.729511725e+002 -9.7011e-001 -3.1997e+000 -9.2866e-002 +1.6816e+000 -2.1633e+000 -4.4492e+000 -6.6823e-001 +1.0509e+000 -3.9796e-001 +2.9696e+000 -1.0374e+000 -3.4791e+000 +9.7537e-001 -2.6288e+000 -1.7285e-001 -1.7588e+000 +1.4450e+000 -1.8879e+000 -4.2272e+000 -3.1980e+000
309 +5.433126628e+001 +5.433126628e+001 +3.274812663e+002 +3.274812663e+002 -5.1868e+000 +7.4362e-001 -2.6476e+000 +9.0679e-001 +4.6345e+000 -3.0577e+000 -3.8484e+000 -3.7403e+000 -2.0576e+000 +1.3218e-001 -3.4523e-001 -1.9554e+000 +1.9310e+000 -1.0960e+000 -1.8956e+000 -4.9286e+000 +5.5455e+000 +1.9739e+000 +7.5249e-001 -4.6693e+000
786 +3.832211615e+001 +3.832211615e+001 +3.114721161e+002 +3.114721161e+002 -5.7741e+000 +5.2942e-001 +7.7380e-001 +3.7648e+000 +3.3562e-001 -4.9754e+000 -5.6294e-001 -3.3035e+000 -3.8606e+000 +1.1684e+000 -9.0617e-001 +2.7153e-002 -2.0890e+000 -4.5925e-001 -1.2675e-002 -3.4487e+000 +4.1564e+000 +1.1000e+000 +2.8055e+000 -5.8738e+000
1337 +2.385497630e+001 +2.385497630e+001 +2.970049763e+002 +2.970049763e+002 -6.0574e+000 +2.1976e+000 -8.3620e-002 +2.8372e+000 +1.2013e+000 -4.8842e+000 -2.5462e+000 -3.7787e+000 -3.7382e+000 +1.7559e+000 +1.1982e-001 +1.7766e+000 -2.1453e+000 +4.4060e-001 +1.3019e+000 -4.5376e+000 +4.0135e+000 +9.8022e-001 +5.1053e+000 -4.3692e+000
1528 +1.507611244e+001 +1.507611244e+001 +2.882261124e+002 +2.882261124e+002 -5.2355e+000 +2.0843e+000 +1.2747e-001 +1.9531e+000 +1.2977e+000 -4.0150e+000 -2.9429e+000 -3.6440e+000 -3.6015e+000 +2.0197e+000 +1.1920e-001 +1.9944e+000 -2.1313e+000 +2.1908e-001 +1.3726e+000 -4.6005e+000 +4.1307e+000 +8.6344e-001 +5.2993e+000 -4.3979e+000
2868 +9.996374939e+000 +9.996374939e+000 +2.831463749e+002 +2.831463749e+002 -4.8069e+000 +2.1691e+000 +3.3337e-001 +1.6142e+000 +9.7180e-001 -4.3180e+000 -2.7045e+000 -3.6340e+000 -3.7436e+000 +2.4724e+000 -1.0553e-001 +1.4172e+000 -2.1932e+000 +9.1128e-001 +2.0142e+000 -4.6199e+000 +4.2194e+000 +1.0824e+000 +5.0600e+000 -4.7044e+000
34047 +6.222909638e+000 +6.222909638e+000 +2.793729096e+002 +2.793729096e+002 -4.2860e+000 +2.4302e+000 +1.8932e-001 +1.3127e+000 +2.5217e+000 -1.6528e+000 -7.9435e-001 -2.2635e+000 -2.6850e+000 +2.7570e+000 -2.4032e-001 -3.0204e-001 -2.0106e+000 +1.1591e+000 +3.8588e+000 -3.9913e+000 +2.8646e+000 +4.4460e-001 +2.0897e+000 -3.8596e+000
35243 +3.923029932e+000 +3.923029932e+000 +2.770730299e+002 +2.770730299e+002 -4.8569e+000 +3.3948e+000 -1.7884e-003 +2.8150e+000 +2.5985e+000 -3.1216e+000 -8.7809e-001 -1.7314e+000 -2.7470e+000 +2.7054e+000 -1.1366e+000 +7.3236e-001 -1.4668e+000 +1.4976e+000 +3.4151e+000 -4.0226e+000 +3.1695e+000 +6.9147e-001 +2.4615e+000 -3.8388e+000
37104 +2.316872224e+000 +2.316872224e+000 +2.754668722e+002 +2.754668722e+002 -3.8897e+000 +3.4065e+000 -9.5316e-002 +2.7679e+000 +2.3492e+000 -3.1575e+000 -1.1808e+000 -2.3318e+000 -2.8435e+000 +2.7415e+000 -9.8784e-001 +5.2700e-001 -1.7515e+000 +1.2472e+000 +3.3594e+000 -4.0238e+000 +3.2073e+000 +7.0641e-001 +2.4739e+000 -3.6912e+000
1485889 +1.518692754e+000 +1.518692754e+000 +2.746686928e+002 +2.746686928e+002 -3.0143e+000 +3.9399e+000 -5.6054e-001 +2.8899e+000 +1.7710e+000 -4.1373e+000 -9.4509e-001 -1.5462e+000 -2.8912e+000 +2.9075e+000 -6.9323e-001 +1.0088e+000 -1.2734e+000 +1.8424e+000 +4.1028e+000 -3.0438e+000 +2.8502e+000 +6.7565e-001 +1.7458e+000 -3.9148e+000
% function evaluation | noise-free fitness - Fopt (3.718000000000e+001) | best noise-free fitness - Fopt | measured fitness | best measured fitness | x1 | x2...
1 +6.734801442e+002 +6.734801442e+002 +7.106601442e+002 +7.106601442e+002 +1.2255e+000 +2.1313e+000 +2.6640e+000 -1.3236e+000 +2.0716e+000 +2.1372e+000 +2.3378e+000 +2.5496e+000 -2.4229e+000 +1.5864e+000 -3.6457e+000 -2.9546e+000 -2.3852e+000 -1.7337e-001 +4.7607e+000 +3.6902e-001 -4.5732e+000 +1.4461e-002 +4.4286e+000 +3.6859e+000
4 +1.210699559e+002 +1.210699559e+002 +1.582499559e+002 +1.582499559e+002 +5.6393e-001 -1.0826e+000 -1.1249e+000 +7.1124e-001 -4.4597e+000 +2.0493e+000 +2.5211e+000 -3.6612e+000 +4.4724e+000 -3.7364e+000 +3.2278e+000 -4.9675e+000 -7.8427e-001 +1.0296e+000 +1.6003e+000 +3.1665e+000 +3.8702e+000 +1.0574e+000 -1.8366e+000 -4.6599e+000
7 +7.269375469e+001 +7.269375469e+001 +1.098737547e+002 +1.098737547e+002 +1.9642e+000 +2.5784e+000 -3.6627e-001 +4.1686e-001 -5.7028e-001 +2.5330e+000 -3.4537e+000 -7.3321e-001 -7.2385e-001 +1.9547e+000 +3.3701e-002 -3.1356e+000 -1.5734e+000 +3.1669e+000 +2.9485e+000 -3.6150e+000 -2.7437e+000 +2.6825e+000 -2.4910e+000 +4.3305e+000
12 +5.106365874e+001 +5.106365874e+001 +8.824365874e+001 +8.824365874e+001 -3.1644e+000 -1.6059e+000 +1.1695e-002 -8.2506e-001 -4.2693e+000 +1.1466e+000 -9.9490e-001 -1.1000e+000 -2.9841e+000 +2.7956e-001 -7.3898e-001 -1.8991e+000 +1.3402e-001 +4.2755e+000 -2.5318e+000 -5.8616e-001 -1.9722e+000 +2.3530e+000 -4.6753e+000 -2.3825e+000
123 +3.358365343e+001 +3.358365343e+001 +7.076365343e+001 +7.076365343e+001 +2.1548e+000 +3.8120e+000 +4.8180e-001 +9.8770e-001 -4.3959e+000 -2.5793e+000 +1.8184e+000 -1.7381e+000 -1.1513e-001 +2.3375e+000 +1.2955e-001 +2.5477e+000 -6.6167e-002 +2.2447e+000 -5.0074e+000 +4.1571e-001 +2.2079e+000 +2.8633e+000 -2.0466e+000 -3.0502e+000
1711 +2.200429639e+001 +2.200429639e+001 +5.918429639e+001 +5.918429639e+001 -4.0215e+000 +2.6829e+000 +1.4040e+000 +2.1421e+000 -2.5904e+000 -1.3236e+000 +2.5832e+000 -3.1007e+000 -4.9300e+000 +4.0754e+000 -2.2457e+000 -1.1649e+000 +1.0167e-001 -3.0578e+000 +2.2113e+000 +1.0231e+000 +8.1883e-001 +2.8182e-001 -1.8266e+000 -3.4871e-001
2095 +1.408349053e+001 +1.408349053e+001 +5.126349053e+001 +5.126349053e+001 -2.9696e+000 +2.0756e+000 +2.5227e+000 +2.4570e+000 -3.6823e+000 -1.5977e+000 +2.4967e+000 -3.6335e+000 -2.7883e+000 +3.7130e+000 -8.3867e-001 -3.2120e+000 -6.5096e-001 -2.2960e+000 +2.4642e+000 +1.1083e+000 +2.2226e+000 -3.9913e-001 -3.3439e+000 +2.9658e+000
2720 +9.953141254e+000 +9.953141254e+000 +4.713314125e+001 +4.713314125e+001 -3.0135e+000 +2.0464e+000 +1.9293e+000 +2.3645e+000 -3.3381e+000 -4.3823e-001 +4.0339e-001 -3.4967e+000 -4.4524e+000 +3.2624e+000 +8.7536e-002 -3.0775e+000 +7.2791e-001 -2.8420e+000 +3.5690e+000 +8.4633e-001 +1.6496e+000 -9.6434e-001 -3.1049e+000 +3.7118e-001
3243 +5.005419868e+000 +5.005419868e+000 +4.218541987e+001 +4.218541987e+001 -3.4453e+000 +1.9005e+000 +2.0746e+000 +1.0509e+000 -3.3990e+000 -7.4132e-001 +9.6628e-001 -3.3997e+000 -1.5663e+000 +3.7584e+000 -3.0843e-001 -3.4566e+000 -2.6366e-002 -3.3138e+000 +2.8349e+000 +7.1944e-001 +5.5507e-001 -1.8108e+000 -2.9316e+000 +1.3650e+000
121064 +3.663657842e+000 +3.663657842e+000 +4.084365784e+001 +4.084365784e+001 -4.4733e+000 +1.7413e+000 +1.9666e+000 +2.4041e+000 -3.1480e+000 -1.8117e+000 -7.6465e-001 -3.0085e+000 -2.4871e+000 +2.3189e+000 +2.6459e-001 -4.0496e+000 +1.9498e+000 -1.3042e+000 +3.2313e+000 +7.7587e-001 -7.2289e-001 -1.2193e+000 -3.6815e+000 +1.3627e+000
685771 +2.301836940e+000 +2.301836940e+000 +3.948183694e+001 +3.948183694e+001 -4.5511e+000 +1.6748e+000 +2.6810e+000 -3.6094e-001 -3.4017e+000 -2.3544e-001 -5.8573e-001 -3.7142e+000 -2.2047e+000 +4.3793e+000 +9.0651e-001 -3.0826e+000 +8.1452e-001 -2.1635e+000 +3.3053e+000 +2.0636e-001 +4.1880e-001 -1.9514e+000 -6.1582e-001 +1.4573e+000
2656726 +1.579073058e+000 +1.579073058e+000 +3.875907306e+001 +3.875907306e+001 -4.0862e+000 +1.7373e+000 +1.2640e+000 +1.5503e+000 -3.8453e+000 -1.7998e+000 +1.0706e+000 -2.4015e+000 -1.6192e+000 +2.7466e+000 -3.7630e-001 -3.2758e+000 +1.5489e+000 -2.4286e+000 +3.9655e+000 +1.6572e+000 +3.2645e-001 -7.6278e-001 -3.9435e+000 +1.7820e+000
% function evaluation | noise-free fitness - Fopt (-1.479000000000e+002) | best noise-free fitness - Fopt | measured fitness | best measured fitness | x1 | x2...
1 +1.232424828e+002 +1.232424828e+002 -2.465751717e+001 -2.465751717e+001 +4.9848e-001 -2.2909e+000 -3.5263e+000 -4.4118e+000 +4.7840e+000 +4.1049e+000 -1.8378e+000 +3.7318e+000 +1.7676e+000 +4.0901e+000 -2.4803e-002 -4.0960e+000 -3.0720e+000 +1.5599e+000 -2.7461e+000 +1.4618e+000 -2.8364e+000 -3.6091e+000 -4.3474e+000 +3.5243e+000
4 +6.238294558e+001 +6.238294558e+001 -8.551705442e+001 -8.551705442e+001 -1.6622e+000 +2.7184e-001 -1.9401e+000 -4.4144e+000 -2.3406e+000 -5.1274e-001 +2.3929e+000 -3.9282e+000 +3.1648e-001 +4.0069e+000 -1.9508e+000 +2.2946e+000 -3.2894e+000 -6.5795e-001 +1.9418e+000 +3.6162e+000 +1.1129e+000 +4.1552e+000 -4.5350e+000 -9.7943e-001
444 +3.115397355e+001 +3.115397355e+001 -1.167460265e+002 -1.167460265e+002 +2.0970e-001 -4.7489e-001 -3.7741e-001 -1.9495e+000 +1.5042e+000 +2.1917e+000 -9.3371e-001 -2.4272e+000 -4.2441e+000 -1.3346e+000 +2.7380e+000 +9.2104e-002 +3.7065e+000 -1.1006e+000 -2.0690e-001 -1.8989e-001 -4.7138e+000 -2.2134e+000 -1.4311e+000 +3.0015e-001
2833 +2.287524482e+001 +2.287524482e+001 -1.250247552e+002 -1.250247552e+002 +3.8305e+000 -1.7698e+000 -4.2600e-001 -3.5304e+000 -9.5777e-001 +1.1556e-001 +2.6290e-001 -1.6390e+000 -3.7790e+000 -1.9350e+000 -2.1896e+000 +2.0190e+000 +1.3219e+000 -4.9116e+000 +1.8878e+000 +7.7735e-001 -2.3423e+000 +1.0952e+000 -1.8708e+000 -6.8120e-001
4305 +1.419650972e+001 +1.419650972e+001 -1.337034903e+002 -1.337034903e+002 +3.7649e+000 -9.6338e-001 -3.1221e-001 -1.4371e+000 -1.0051e+000 +5.4161e-001 +9.0096e-002 -1.1753e+000 -4.9063e+000 -6.6297e-001 -9.5036e-001 +2.1523e+000 +2.7605e+000 -4.7304e+000 +2.4997e+000 -2.3895e+000 -2.5417e+000 -3.1707e-001 -2.2375e+000 -6.1543e-001
18414 +9.175015046e+000 +9.175015046e+000 -1.387249850e+002 -1.387249850e+002 +1.8189e-001 -1.3408e+000 +5.1849e-001 -9.5060e-001 -3.4458e+000 +1.5213e+000 -3.0554e+000 -9.9842e-002 -2.2923e+000 +4.3120e-001 +8.2523e-001 +3.9726e+000 -9.0939e-001 -4.4793e+000 -7.0221e-003 +1.9530e+000 -3.0351e+000 -1.5084e+000 -3.7648e+000 +2.7644e+000
80724 +5.414765263e+000 +5.414765263e+000 -1.424852347e+002 -1.424852347e+002 -1.1350e+000 +1.1254e-002 +1.2878e+000 -2.3462e+000 -2.7323e+000 +1.0035e+000 -2.2014e+000 -2.4282e+000 -4.0079e+000 +7.2622e-001 -2.9326e+000 +4.1615e+000 -1.6188e+000 -4.0742e+000 +5.4199e-001 +1.8906e+000 -3.4788e+000 -2.3399e+000 -3.8761e+000 +2.0903e+000
276268 +3.812104125e+000 +3.812104125e+000 -1.440878959e+002 -1.440878959e+002 -2.1167e+000 -1.1465e+000 +2.4499e-001 -1.8353e+000 -3.0714e+000 +1.2846e+000 -2.3828e+000 -3.0650e+000 -3.0260e+000 +9.0501e-001 -1.9479e+000 +3.5634e+000 +4.0471e-001 -2.5905e+000 +1.2384e+000 +3.0282e+000 -4.1160e+000 -2.9969e+000 -3.0991e+000 +2.5293e+000
278247 +2.492968732e+000 +2.492968732e+000 -1.454070313e+002 -1.454070313e+002 -2.1681e+000 -1.1523e+000 +2.3344e-002 -1.8761e+000 -2.8538e+000 +1.3207e+000 -2.2346e+000 -3.6294e+000 -2.8395e+000 +1.0249e+000 -2.1616e+000 +3.4858e+000 +6.0580e-001 -2.7764e+000 +1.5799e+000 +3.3041e+000 -4.2237e+000 -2.4151e+000 -3.1656e+000 +2.5614e+000
282473 +1.565833055e+000 +1.565833055e+000 -1.463341669e+002 -1.463341669e+002 -2.1568e+000 -1.1954e+000 -2.8016e-002 -1.8942e+000 -2.8860e+000 +1.3522e+000 -2.2464e+000 -3.5830e+000 -2.9058e+000 +1.0051e+000 -2.1846e+000 +3.5064e+000 +6.0943e-001 -2.7745e+000 +1.5572e+000 +3.2815e+000 -4.1758e+000 -2.4380e+000 -3.1932e+000 +2.5132e+000
% function evaluation | noise-free fitness - Fopt (1.162600000000e+002) | best noise-free fitness - Fopt | measured fitness | best measured fitness | x1 | x2...
1 +1.485814429e+002 +1.485814429e+002 +2.648414429e+002 +2.648414429e+002 -2.7616e+000 +2.1249e+000 +9.4175e-001 -2.9502e+000 +1.3477e-001 -1.1484e+000 -2.3258e+000 -2.9231e+000 +3.6519e+000 +1.2149e+000 +3.7924e+000 -1.7383e+000 -1.4204e+000 -1.8144e+000 +2.6246e+000 +1.3621e+000 -1.5764e+000 +1.3600e+000 +4.9477e+000 +2.2028e+000
10 +9.183343311e+001 +9.183343311e+001 +2.080934331e+002 +2.080934331e+002 -4.5172e+000 -2.7940e+000 -2.0553e+000 -2.0720e+000 -9.7714e-001 +2.9527e+000 +1.0281e+000 -3.5431e+000 +1.3913e-001 +6.3214e-001 -2.9829e+000 +2.0415e+000 -7.3198e-001 -4.0106e+000 -1.2388e+000 +3.3125e+000 +2.0961e+000 +9.9658e-001 +4.7558e+000 -7.5428e-001
46 +5.943742870e+001 +5.943742870e+001 +1.756974287e+002 +1.756974287e+002 +6.7109e-001 -3.3800e+000 +3.2631e+000 -2.7202e+000 +4.9836e+000 -1.2139e+000 +3.4512e+000 +1.2996e-001 -2.4122e+000 +3.3523e+000 -4.7798e+000 +3.3800e+000 +2.9073e+000 -4.7262e+000 -1.4631e+000 +3.5118e+000 -8.2963e-001 -1.7807e+000 -5.8625e-001 -2.0743e+000
438 +3.907162679e+001 +3.907162679e+001 +1.553316268e+002 +1.553316268e+002 -2.3412e+000 -3.4254e-001 -1.7915e-001 +3.8017e-001 -1.9635e+000 +4.1246e-001 -2.9664e-001 -4.5244e+000 +8.7152e-001 -2.2247e+000 -4.8079e+000 -9.5367e-001 -2.2422e-001 -5.5199e-001 -4.6690e+000 +8.8169e-001 +2.1274e+000 -6.0293e-001 +2.8439e+000 +9.4442e-001
1760 +2.070935328e+001 +2.070935328e+001 +1.369693533e+002 +1.369693533e+002 -7.5453e-001 -1.0046e-001 -5.6156e-001 +2.5562e+000 +8.5967e-001 +1.3042e+000 -3.5162e-001 -3.3924e+000 -2.4695e+000 -1.6873e+000 -4.5413e+000 +3.8660e+000 +4.8117e+000 -7.2123e-001 -1.7773e+000 +1.4290e+000 +1.3512e+000 -1.5159e+000 +1.2174e+000 -3.7334e-002
6321 +1.507972360e+001 +1.507972360e+001 +1.313397236e+002 +1.313397236e+002 -2.1981e+000 -2.4428e+000 -9.8355e-001 -1.3499e+000 +2.1109e+000 +2.0433e+000 -1.5994e+000 -1.0151e+000 -3.9064e+000 -2.6678e+000 -5.4958e-002 +8.1158e-001 +4.0061e+000 -3.6484e+000 -3.7139e+000 +1.2711e+000 -2.2018e-001 +1.6634e+000 +3.5114e+000 -9.8944e-001
7382 +8.610451298e+000 +8.610451298e+000 +1.248704513e+002 +1.248704513e+002 -1.9493e+000 -2.9792e+000 -1.4555e+000 -9.2562e-001 +1.5221e+000 +3.0090e+000 -1.6350e+000 -1.8716e-001 -3.7633e+000 -4.3336e+000 -6.3333e-001 +1.3122e+000 +3.4713e+000 -4.0964e+000 -4.6234e+000 +1.7404e+000 -4.1502e-002 +3.4044e+000 +4.1702e+000 -9.9199e-001
28463 +5.834268800e+000 +5.834268800e+000 +1.220942688e+002 +1.220942688e+002 -2.0192e+000 -2.9845e+000 -3.0399e+000 +1.6758e+000 -1.0790e+000 +2.3025e+000 -2.0757e+000 -5.5129e-001 -3.2348e+000 -3.8118e+000 -2.5371e+000 +2.8144e+000 +2.1177e+000 -3.0440e+000 -3.3084e+000 +1.3915e+000 -1.5364e-001 +1.2627e+000 +3.5805e+000 -9.0727e-001
240198 +3.934924321e+000 +3.934924321e+000 +1.201949243e+002 +1.201949243e+002 -2.3111e+000 -4.2097e+000 -2.6805e+000 +3.3941e-001 -3.5940e-001 +1.6101e+000 -3.0220e+000 -1.4775e+000 -3.7935e+000 -2.8304e+000 -3.1915e+000 +4.2533e+000 +4.9361e+000 -2.3052e+000 -3.0238e+000 +1.5681e+000 -7.8715e-001 +2.3508e+000 +3.8873e+000 -6.5505e-002
435928 +2.453560541e+000 +2.453560541e+000 +1.187135605e+002 +1.187135605e+002 -2.1592e+000 -3.1963e+000 -3.2828e+000 +3.3219e+000 -1.2095e+000 +1.0864e+000 -1.1187e+000 -1.5670e+000 -2.7605e+000 -3.1183e+000 -3.4362e+000 +3.4732e+000 +1.4516e+000 -2.4495e+000 -3.6291e+000 +1.1989e+000 -2.0560e-001 -1.1493e+000 +4.1772e+000 -8.5002e-002
497185 +1.524582758e+000 +1.524582758e+000 +1.177845828e+002 +1.177845828e+002 -2.5822e+000 -3.2864e+000 -2.7316e+000 +8.1027e-001 -1.3928e+000 +2.2100e+000 -2.5247e+000 -1.3524e+000 -3.4154e+000 -3.6194e+000 -2.4612e+000 +3.7262e+000 +3.7112e+000 -3.3068e+000 -3.2019e+000 +3.6579e-001 +1.3394e-001 +2.2953e+000 +3.7696e+000 -2.7751e-001
% function evaluation | noise-free fitness - Fopt (-1.000000000000e+003) | best noise-free fitness - Fopt | measured fitness | best measured fitness | x1 | x2...
1 +1.679324188e+002 +1.679324188e+002 -8.320675812e+002 -8.320675812e+002 +3.2618e-001 -1.6634e+000 +2.6989e+000 +1.3321e-001 -3.5045e+000 -2.1267e+000 -3.6206e+000 -1.9160e+000 -1.5937e+000 +2.7848e+000 -1.1508e+000 -2.9193e+000 -6.7881e-001 +2.5526e+000 -7.2697e-001 -4.5253e+000 +3.6487e+000 +1.3618e+000 +4.9906e+000 -1.0614e+000
4 +1.288034178e+002 +1.288034178e+002 -8.711965822e+002 -8.711965822e+002 -1.1301e+000 +1.2892e+000 +2.9292e+000 -4.2341e+000 +2.5640e+000 -1.9796e+000 +3.4957e+000 +6.9033e-001 -1.0675e+000 +1.1017e+000 +1.5627e+000 -6.6952e-001 +2.7427e+000 -4.9766e+000 -3.1978e+000 -3.1364e+000 +4.2429e-001 +3.9093e+000 +3.0538e+000 +2.2703e+000
5 +9.754167483e+001 +9.754167483e+001 -9.024583252e+002 -9.024583252e+002 -2.2856e+000 +3.8097e+000 +6.2628e-001 -4.9362e+000 -2.1219e+000 -5.2180e-001 +2.5666e+000 -2.5440e+000 -3.7768e-001 +4.4032e+000 -2.2258e-001 +1.0057e+000 +1.2476e+000 +3.3647e+000 -3.6568e+000 -1.4251e+000 +1.6840e-001 -2.2796e+000 -4.2206e+000 +2.1790e+000
20 +5.596748745e+001 +5.596748745e+001 -9.440325125e+002 -9.440325125e+002 -1.2407e+000 +4.9413e+000 -1.1685e+000 +1.4750e+000 -4.2442e+000 -1.7363e+000 +3.4200e+000 -9.7449e-001 +4.1916e+000 -3.5330e+000 -2.1082e+000 +4.9661e+000 -2.5763e+000 -3.6142e-001 -2.3792e+000 +4.6504e+000 +1.1154e+000 +4.4889e+000 -6.6099e-001 -2.2398e-001
611 +3.952944728e+001 +3.952944728e+001 -9.604705527e+002 -9.604705527e+002 -2.1321e+000 +3.9983e-002 -3.8552e+000 -1.8962e+000 -6.4604e-001 -3.1061e+000 +1.9908e+000 +1.6802e+000 +2.3375e+000 -1.0333e+000 +1.4341e+000 +2.1445e+000 +1.1316e+000 -3.2354e+000 +3.7549e-003 +4.5609e+000 +1.9193e+000 +1.5042e+000 +4.9938e-001 -1.1863e+000
1282 +2.488115315e+001 +2.488115315e+001 -9.751188469e+002 -9.751188469e+002 -8.5104e-001 -1.3406e+000 -4.7393e+000 +1.8888e+000 +3.5417e+000 +9.7102e-001 -3.6429e-001 +2.8352e+000 -3.7776e-001 -4.7761e-001 +2.6295e+000 +2.6278e+000 -2.9915e+000 -2.3475e+000 -3.0883e+000 +2.9733e+000 +1.4313e+000 +4.0504e+000 +1.9821e+000 +3.0403e+000
4156 +1.544761915e+001 +1.544761915e+001 -9.845523808e+002 -9.845523808e+002 -1.6568e+000 -5.7643e-001 -3.5244e+000 +2.5132e+000 +1.3532e+000 -1.1642e+000 +1.0737e+000 +3.0232e+000 -4.4736e+000 +2.2022e+000 +2.2352e+000 +1.3595e+000 -2.0932e+000 -1.0842e+000 -2.4137e+000 +2.3561e+000 +9.1398e-001 +9.0527e-001 +4.6628e+000 +2.1491e+000
17906 +8.341557853e+000 +8.341557853e+000 -9.916584421e+002 -9.916584421e+002 -3.0311e+000 -9.4423e-002 -3.5197e+000 +4.2179e+000 +2.2957e+000 -4.7349e-001 +2.2413e+000 +1.4919e+000 -1.1638e+000 +2.2916e+000 +1.4161e+000 +6.7600e-001 -2.5710e+000 -3.0777e+000 -2.1801e+000 +4.1780e+000 +3.2762e+000 +1.2871e+000 +2.3937e-001 +2.2259e+000
152500 +6.158752972e+000 +6.158752972e+000 -9.938412470e+002 -9.938412470e+002 +2.0912e-001 +4.8756e-001 -1.5701e+000 +1.9543e+000 +6.0976e-001 -5.2583e-001 +3.2403e-001 -7.6834e-001 +1.9976e+000 +1.9144e+000 +4.4524e+000 +8.0615e-001 -2.2168e+000 -2.3202e+000 -3.1998e+000 +3.3837e+000 +4.7677e+000 +3.3954e+000 +2.1911e+000 +5.7875e-001
269331 +3.436066148e+000 +3.436066148e+000 -9.965639339e+002 -9.965639339e+002 -2.9908e+000 -8.0969e-002 -3.2668e+000 +2.3595e+000 +2.1411e+000 -7.6636e-001 +2.2421e+000 +2.1295e+000 -2.2695e+000 +2.3197e+000 +4.4595e+000 +1.2788e+000 -2.8917e+000 -1.5134e+000 -3.2901e+000 +3.4863e+000 +2.1167e+000 +2.3648e+000 +3.8540e+000 +2.7453e+000
374266 +2.343863096e+000 +2.343863096e+000 -9.976561369e+002 -9.976561369e+002 -3.2175e+000 +1.5357e-001 -2.4548e+000 +2.7313e+000 +1.4678e+000 -1.0642e+000 +1.8509e+000 +2.3856e+000 -3.2213e+000 +2.8000e+000 +2.7778e+000 +8.6336e-001 -1.9956e+000 -2.2884e+000 -3.3937e+000 +2.9999e+000 +3.6170e+000 +3.3775e+000 +3.1159e+000 +2.4199e+000
574615 +1.534396477e+000 +1.534396477e+000 -9.984656035e+002 -9.984656035e+002 -3.6678e+000 +4.1584e-001 -2.1715e+000 +3.8474e+000 +1.1146e+000 -1.1724e+000 +1.9749e+000 +1.7131e+000 -3.2783e+000 +2.2941e+000 +2.2120e+000 +5.9582e-001 -2.2066e+000 -2.6462e+000 -2.6087e+000 +4.3497e+000 +3.3673e+000 +2.7372e+000 +2.8474e+000 +2.6185e+000
% function evaluation | noise-free fitness - Fopt (-9.193000000000e+001) | best noise-free fitness - Fopt | measured fitness | best measured fitness | x1 | x2...
1 +1.667796667e+002 +1.667796667e+002 +7.484966672e+001 +7.484966672e+001 +1.9036e+000 -7.8739e-001 +4.5361e+000 -7.5402e-001 +2.3278e+000 +4.8891e+000 +1.9063e+000 -6.8697e-001 +4.4022e+000 -4.0796e+000 -4.8680e+000 -3.1609e+000 +3.1463e-001 +3.8005e+000 +1.8970e-001 -3.2097e+000 -4.2557e+000 -7.6792e-001 -2.4383e+000 -3.5529e+000
7 +1.232355318e+002 +1.232355318e+002 +3.130553176e+001 +3.130553176e+001 +2.2766e+000 -1.2939e+000 +3.2943e+000 +7.6527e-001 +1.4406e+000 +3.2496e+000 -4.3333e+000 +9.6499e-001 -3.2708e-001 -3.2567e+000 +4.0260e-001 -4.8011e+000 +1.5836e+000 +3.9462e+000 -2.4918e+000 +2.2223e+000 -4.2460e+000 +1.4561e+000 +4.5529e+000 -4.3497e+000
35 +8.346551259e+001 +8.346551259e+001 -8.464487410e+000 -8.464487410e+000 +8.6760e-002 -3.0594e-001 -3.3361e+000 +1.8461e+000 -2.8338e+000 -7.3534e-001 +3.6079e+000 -9.9458e-001 +3.3126e+000 -1.8639e+000 +2.4089e+000 +4.3739e+000 +2.8372e+000 -3.6956e+000 -2.5905e+000 -2.6862e+000 +1.3964e+000 +1.0642e+000 -4.2385e+000 -3.2837e+000
262 +6.041494199e+001 +6.041494199e+001 -3.151505801e+001 -3.151505801e+001 +3.1218e-001 -5.2644e+000 +1.8678e+000 -1.5426e+000 +2.9453e+000 +4.0671e+000 +2.0251e+000 -1.7501e+000 -1.2152e-001 -2.8404e+000 -6.8544e-001 +3.6101e+000 +1.7298e+000 +9.6183e-001 -1.5533e-001 -4.3042e+000 -2.4506e+000 +1.1896e+000 -3.5180e+000 -1.4141e+000
395 +3.482867287e+001 +3.482867287e+001 -5.710132713e+001 -5.710132713e+001 +1.2597e+000 -1.1347e+000 -1.3003e+000 +1.4564e+000 -7.1805e-001 +3.0257e+000 +1.6878e+000 +3.6202e+000 +3.2206e+000 -3.5296e+000 +6.7469e-002 +4.8580e+000 +3.1744e+000 -1.3104e+000 -1.5762e+000 -1.5744e+000 -1.2223e+000 +1.5857e+000 -3.8793e+000 -4.3283e+000
1241 +2.147265998e+001 +2.147265998e+001 -7.045734002e+001 -7.045734002e+001 +1.2505e+000 -2.9447e+000 -4.5183e-001 +1.9073e+000 -5.5186e-001 +4.8736e+000 -1.5074e-001 +3.7246e+000 +4.2133e+000 -4.4175e+000 -6.5153e-001 +5.0536e+000 +1.0589e+000 -2.7978e+000 -1.5909e+000 -4.3191e+000 -2.9710e+000 +3.6237e+000 -3.5494e+000 -2.2913e+000
3717 +1.470994027e+001 +1.470994027e+001 -7.722005973e+001 -7.722005973e+001 -1.8752e+000 -2.3201e+000 +1.1644e+000 +3.5491e+000 -2.7635e+000 +8.3820e-001 -2.1258e+000 +3.7508e+000 +1.6612e+000 -2.2065e+000 -3.1998e+000 +1.7291e+000 -2.7913e+000 -2.4156e+000 -1.6080e+000 -1.6022e+000 -3.4007e+000 +9.7244e-001 -4.8467e-001 -3.3977e+000
9050 +9.827563283e+000 +9.827563283e+000 -8.210243672e+001 -8.210243672e+001 -6.0048e-001 -3.0159e+000 -6.8487e-001 +2.6605e+000 +2.9769e-001 -3.8015e-001 -2.4139e+000 +2.0121e+000 +2.4598e+000 -3.0106e+000 -1.5006e+000 +2.3422e+000 -1.5638e+000 -2.5319e+000 -1.6911e+000 -2.9294e+000 -2.4699e+000 +3.2575e+000 -2.2792e+000 -3.0108e+000
10405 +5.653926560e+000 +5.653926560e+000 -8.627607344e+001 -8.627607344e+001 +7.3791e-001 -2.4367e+000 -1.4049e+000 +1.8216e+000 -1.1360e+000 +7.3237e-001 -5.7392e-001 +2.5270e+000 +3.2140e+000 -3.0162e+000 -1.9530e+000 +2.4330e+000 -1.7611e+000 -1.3457e+000 -1.7251e+000 -2.6838e+000 -3.1491e+000 +2.9726e+000 -2.2471e+000 -2.6401e+000
15290 +3.842736737e+000 +3.842736737e+000 -8.808726326e+001 -8.808726326e+001 +9.1643e-001 -3.5902e+000 -8.9794e-001 +2.0056e+000 -1.4416e+000 +4.6243e-001 -1.5791e+000 +3.4827e+000 +2.8942e+000 -1.6780e+000 -2.1082e+000 +2.8373e+000 -3.7304e+000 -1.3168e+000 -2.9694e+000 -1.2273e+000 -4.1211e+000 +3.4980e+000 -1.0315e+000 -1.6569e+000
137017 +2.505835449e+000 +2.505835449e+000 -8.942416455e+001 -8.942416455e+001 -3.1565e-001 -4.5757e+000 -1.0403e+000 +2.7676e+000 -1.5980e+000 -5.8432e-001 -7.9134e-001 +1.3035e+000 +2.8805e+000 -2.9233e+000 -2.4165e+000 +1.8040e+000 -3.4648e+000 -2.8734e+000 -3.0619e+000 -2.2381e+000 -2.1721e+000 +3.0370e+000 -1.0413e+000 -2.8545e+000
3487601 +1.469476017e+000 +1.469476017e+000 -9.046052398e+001 -9.046052398e+001 -1.4072e+000 -3.4665e+000 -1.7807e+000 +1.3490e+000 -1.3531e+000 +6.7844e-004 -1.5874e+000 +2.5275e+000 +1.7740e+000 -3.2545e+000 -1.7012e+000 +2.1532e+000 -3.5012e+000 -2.1381e+000 -4.1572e+000 -1.5645e+000 -2.9040e+000 +3.3858e+000 +2.4700e-001 -1.4137e+000
% function evaluation | noise-free fitness - Fopt (1.487500000000e+002) | best noise-free fitness - Fopt | measured fitness | best measured fitness | x1 | x2...
1 +1.708959203e+002 +1.708959203e+002 +3.196459203e+002 +3.196459203e+002 -3.9419e+000 -2.4049e+000 -1.8785e+000 +3.7860e+000 +3.1093e+000 +3.7381e+000 +5.2585e-001 -3.5604e+000 -1.1967e+000 -3.4752e+000 +2.3201e+000 -3.6733e+000 +2.9539e-001 +3.7854e+000 -3.5897e+000 -1.8465e+000 +3.9130e+000 -3.9795e+000 -4.7298e+000 +4.2252e+000
5 +1.555943965e+002 +1.555943965e+002 +3.043443965e+002 +3.043443965e+002 +1.2514e+000 +6.7702e-001 +1.8297e+000 +1.5940e+000 +4.8199e-001 +4.2743e+000 -8.2519e-001 -3.6965e+000 +3.5732e-001 +4.6328e+000 -3.8196e+000 -1.1433e+000 -1.1398e+000 +6.5397e-001 -4.9009e-001 +1.2045e+000 +1.4593e+000 -4.2664e+000 +1.4527e+000 +3.8467e+000
13 +8.159378066e+001 +8.159378066e+001 +2.303437807e+002 +2.303437807e+002 -3.1212e+000 +1.7293e+000 -6.9361e-001 -4.5209e+000 -2.3504e+000 -2.1461e+000 -2.9484e+000 +1.1603e+000 -6.7099e-001 +1.4311e-001 +3.3890e+000 -2.3950e+000 -2.9264e+000 +3.1551e-001 +4.2164e+000 -3.9279e+000 -1.2909e+000 -1.6650e+000 -1.8757e+000 -8.4258e-001
233 +6.288902171e+001 +6.288902171e+001 +2.116390217e+002 +2.116390217e+002 +5.0368e-002 +2.7088e+000 +8.9298e-001 -1.8646e+000 -2.8142e+000 -4.4337e+000 -2.1016e+000 +3.4549e-001 +2.2363e+000 +2.0835e+000 +4.3740e+000 +2.0534e+000 +8.8058e-001 +3.8984e+000 +2.3548e+000 -1.5354e+000 +9.3064e-001 -1.5547e+000 -1.7577e+000 -2.4212e+000
913 +3.247079716e+001 +3.247079716e+001 +1.812207972e+002 +1.812207972e+002 +1.2782e+000 +1.0951e+000 +2.5967e+000 -1.5785e+000 -2.6336e+000 -2.4364e-001 -4.5793e+000 +2.3938e+000 -1.0451e+000 -8.8979e-001 +5.4655e+000 -3.4269e+000 +1.6052e+000 +3.1218e+000 +2.4364e-001 -6.9949e-001 +2.3606e+000 -2.1809e+000 -2.2331e+000 -2.3220e-002
1536 +2.440837346e+001 +2.440837346e+001 +1.731583735e+002 +1.731583735e+002 +1.5851e+000 +1.2145e-002 -7.5578e-001 -1.0641e+000 -2.1698e+000 +3.1856e+000 -3.7038e+000 -2.5647e+000 -2.8809e+000 +8.7646e-001 +5.2326e+000 -2.3813e+000 +1.3929e-002 +2.0335e+000 -1.2852e+000 +6.3488e-001 +3.5361e+000 -3.0712e+000 -3.2408e+000 +9.5253e-001
1887 +1.353474195e+001 +1.353474195e+001 +1.622847420e+002 +1.622847420e+002 +1.2109e+000 -7.7495e-001 +1.0092e+000 +3.3090e+000 -9.7052e-001 +3.1007e+000 -2.5861e+000 -9.6753e-001 -7.1597e-001 +2.0781e+000 +5.1105e+000 -3.5797e+000 +2.7947e+000 +2.6025e+000 -3.1745e+000 +1.2143e+000 +4.3832e+000 -3.0972e+000 -4.3980e+000 +3.6379e-001
12853 +9.778392245e+000 +9.778392245e+000 +1.585283922e+002 +1.585283922e+002 +9.7578e-001 -3.2895e+000 +2.2811e-001 +1.0050e+000 -7.7663e-001 +1.3928e+000 -4.2723e+000 +9.2577e-001 -1.7808e+000 +1.6377e+000 +4.2238e+000 -2.0566e+000 +3.2463e+000 +1.9055e+000 -2.1370e+000 +2.5512e+000 +3.0741e+000 -3.3497e+000 -2.0993e+000 -1.7031e+000
33835 +5.668976634e+000 +5.668976634e+000 +1.544189766e+002 +1.544189766e+002 +2.1618e+000 -2.7706e+000 +5.5338e-001 +2.8706e+000 -2.8931e-001 +2.8133e+000 -3.2958e+000 -4.1062e-001 -1.5697e+000 +5.5331e-001 +2.0862e+000 -3.8940e+000 +1.2629e+000 +1.7600e+000 -3.1543e+000 +1.5513e+000 +1.2951e+000 -1.3100e+000 -3.9185e+000 -3.0127e+000
34633 +3.406719891e+000 +3.406719891e+000 +1.521567199e+002 +1.521567199e+002 +1.9689e+000 -3.0322e+000 +2.2638e-001 +2.7096e+000 -5.7589e-001 +2.6631e+000 -3.3635e+000 -1.7749e+000 -1.4819e+000 +6.0087e-001 +1.9866e+000 -3.5930e+000 +1.1945e+000 +1.9386e+000 -3.4959e+000 +1.2279e+000 +1.8865e+000 -1.5683e+000 -4.0228e+000 -2.9303e+000
70261 +2.352156078e+000 +2.352156078e+000 +1.511021561e+002 +1.511021561e+002 +2.1221e+000 -3.2809e+000 -1.1891e-001 +3.3790e+000 -9.9799e-001 +2.7497e+000 -3.8068e+000 -1.8071e+000 -1.6510e+000 +1.4941e+000 +1.4802e+000 -2.8692e+000 +1.2138e+000 +2.3996e+000 -3.0718e+000 +1.4187e+000 +1.4046e+000 -1.0104e+000 -3.8254e+000 -1.5995e+000
3438167 +1.557062274e+000 +1.557062274e+000 +1.503070623e+002 +1.503070623e+002 +2.4844e+000 -3.6460e+000 -8.8040e-001 +2.2575e+000 -1.5556e+000 +2.0411e+000 -4.6196e+000 -2.5389e+000 -1.2100e+000 +8.9411e-001 +1.1849e+000 -2.5254e+000 +1.0155e+000 +1.8638e+000 -2.8595e+000 +2.3691e+000 +1.1261e+000 -1.3149e+000 -3.4375e+000 -2.2958e+000
3440003 +9.670638196e-001 +9.670638196e-001 +1.497170638e+002 +1.497170638e+002 +2.5169e+000 -3.6467e+000 -8.5477e-001 +2.2843e+000 -1.5377e+000 +2.0578e+000 -4.7050e+000 -2.4848e+000 -1.2127e+000 +8.0893e-001 +1.1462e+000 -2.5549e+000 +1.1295e+000 +1.8679e+000 -2.9041e+000 +2.4059e+000 +1.1791e+000 -1.2443e+000 -3.3636e+000 -2.2858e+000
% function evaluation | noise-free fitness - Fopt (-1.483000000000e+002) | best noise-free fitness - Fopt | measured fitness | best measured fitness | x1 | x2...
1 +1.524046167e+002 +1.524046167e+002 +4.104616675e+000 +4.104616675e+000 -3.0274e+000 -3.9596e+000 +3.7425e+000 +2.3771e+000 +2.0675e+000 +3.3366e+000 +4.9084e+000 +3.6087e+000 -4.4593e+000 +4.6537e-001 +1.8477e+000 +4.9712e+000 +4.3646e+000 +2.0280e+000 +3.8774e+000 -3.7866e+000 +2.8479e+000 -3.7180e+000 -3.9079e-003 -3.6476e+000
6 +7.477753409e+001 +7.477753409e+001 -7.352246591e+001 -7.352246591e+001 -4.6533e+000 -7.8706e-001 -1.7395e+000 -2.3355e+000 +4.8198e+000 +1.1830e+000 +1.7193e+000 +2.5660e+000 -1.8545e+000 +4.0678e+000 +1.0798e+000 -2.5529e+000 +5.6564e-001 -3.2743e+000 -4.1020e+000 +3.6514e+000 -4.8191e-001 -1.1159e+000 +2.9646e+000 -4.3929e+000
86 +6.133064594e+001 +6.133064594e+001 -8.696935406e+001 -8.696935406e+001 -5.4951e+000 -8.7757e-001 -1.9069e-002 +1.9606e+000 +4.8831e-001 -2.3634e+000 +3.6233e+000 -1.7533e+000 -2.0219e+000 +3.6937e+000 +6.7058e-001 +1.1604e+000 +1.2661e+000 -5.2809e+000 -8.2400e-001 -2.2686e+000 +1.9423e-002 -1.1126e+000 +4.8767e+000 -2.9212e+000
393 +3.316122984e+001 +3.316122984e+001 -1.151387702e+002 -1.151387702e+002 +4.5756e-001 -1.1708e+000 -3.6517e+000 +3.0375e+000 +1.5492e+000 -2.9761e+000 +3.9093e+000 +9.2582e-001 -3.3461e+000 +2.5039e+000 -3.3778e+000 +4.1751e+000 -4.3308e-001 -1.6487e+000 -4.2437e-001 -4.2326e-001 +2.5366e+000 -1.9620e+000 +5.6751e-001 -1.2661e+000
993 +2.482956070e+001 +2.482956070e+001 -1.234704393e+002 -1.234704393e+002 -1.1568e+000 +5.1476e-001 -4.6722e+000 +2.4835e+000 +1.3682e+000 -3.0798e+000 +4.8100e+000 -3.6588e-001 -3.7317e+000 +2.8018e+000 -2.6242e+000 +3.6664e+000 -1.3360e-001 -1.4750e+000 -3.7740e+000 +4.0121e-001 +4.0739e+000 -2.8243e+000 +4.4788e+000 -2.6546e+000
1713 +1.405992716e+001 +1.405992716e+001 -1.342400728e+002 -1.342400728e+002 +1.6037e+000 +9.0320e-001 -2.9802e+000 +2.9735e+000 +1.9524e+000 -1.6867e+000 +3.8422e+000 +1.5028e+000 -3.0141e+000 +2.7880e+000 -2.7517e+000 +1.2604e-002 +2.7090e+000 -1.0773e+000 -2.6516e+000 -8.6645e-001 +2.8122e+000 -1.9771e+000 +3.8244e+000 -4.0623e+000
9600 +9.045665441e+000 +9.045665441e+000 -1.392543346e+002 -1.392543346e+002 +2.6481e+000 -5.6867e-001 -4.7861e+000 +4.5399e+000 +2.6835e+000 +7.1290e-001 +2.0419e+000 +2.2459e+000 -1.8913e+000 +2.3554e+000 -4.0000e+000 +1.0889e+000 -1.1389e+000 +1.4427e-001 -2.0177e+000 -1.2275e+000 +1.7958e+000 +2.3444e+000 +2.1800e+000 -3.0584e+000
38125 +6.207230758e+000 +6.207230758e+000 -1.420927692e+002 -1.420927692e+002 +2.3599e+000 +1.0077e+000 -3.2113e+000 +3.0621e+000 +3.8441e+000 -2.3994e-002 +3.6175e+000 +2.0573e+000 -2.0279e+000 +2.7338e+000 -4.4541e+000 +6.2624e-001 +3.7250e-002 -1.8792e-001 -2.4569e+000 -3.8112e+000 +2.6286e+000 -1.8846e-001 +2.4522e+000 -3.3165e+000
144066 +3.889355934e+000 +3.889355934e+000 -1.444106441e+002 -1.444106441e+002 +1.9358e+000 +1.3545e+000 -1.7488e+000 +3.6929e+000 +2.7785e+000 -2.1985e+000 +3.6749e+000 +1.7196e+000 -3.0385e+000 +2.1268e+000 -3.9988e+000 -2.8610e-001 +2.1842e+000 -3.9292e-001 -2.8877e+000 -1.9748e+000 +2.9671e+000 -1.3708e+000 +2.3184e+000 -3.4174e+000
487208 +2.266224738e+000 +2.266224738e+000 -1.460337753e+002 -1.460337753e+002 +1.8966e+000 +1.4162e+000 -2.2001e+000 +3.5751e+000 +2.9279e+000 -2.2387e+000 +2.5799e+000 +3.6166e+000 -3.0339e+000 +2.3825e+000 -2.8222e+000 +3.0812e-001 +1.4862e+000 -9.8611e-001 -2.7176e+000 -6.7832e-001 +2.7679e+000 -1.3005e+000 +2.4870e+000 -3.5515e+000
487867 +1.584030952e+000 +1.584030952e+000 -1.467159690e+002 -1.467159690e+002 +1.9469e+000 +1.4020e+000 -2.1970e+000 +3.6165e+000 +2.8799e+000 -2.2649e+000 +2.5162e+000 +3.6493e+000 -3.0146e+000 +2.4274e+000 -2.8275e+000 +2.6021e-001 +1.4991e+000 -1.0293e+000 -2.7093e+000 -5.8682e-001 +2.8233e+000 -1.2815e+000 +2.4357e+000 -3.5646e+000
1166358 +8.875679412e-001 +8.875679412e-001 -1.474124321e+002 -1.474124321e+002 +2.0891e+000 +1.0016e+000 -2.5595e+000 +4.0848e+000 +3.4997e+000 -2.4451e-001 +3.4220e+000 +2.9274e+000 -2.5092e+000 +2.5781e+000 -3.5863e+000 +1.2554e+000 +3.4674e-001 +3.0866e-001 -2.0971e+000 -1.3964e+000 +2.9029e+000 +2.8844e-001 +1.9530e+000 -3.0398e+000
1321261 +6.109521671e-001 +6.109521671e-001 -1.476890478e+002 -1.476890478e+002 +2.1043e+000 +1.2665e+000 -2.1506e+000 +4.1303e+000 +3.4606e+000 -2.4024e-001 +3.2364e+000 +2.9088e+000 -2.6769e+000 +2.9340e+000 -3.8484e+000 +8.1336e-001 +3.4272e-001 +5.5327e-001 -1.8574e+000 -1.7987e+000 +3.2174e+000 +2.9288e-003 +1.5200e+000 -3.1078e+000
1322482 +3.856276517e-001 +3.856276517e-001 -1.479143723e+002 -1.479143723e+002 +2.0958e+000 +1.2505e+000 -2.1100e+000 +4.1382e+000 +3.4493e+000 -2.6275e-001 +3.2810e+000 +2.9304e+000 -2.6638e+000 +2.9052e+000 -3.8537e+000 +8.6122e-001 +3.1947e-001 +5.4788e-001 -1.8828e+000 -1.7904e+000 +3.2047e+000 +1.0242e-002 +1.5234e+000 -3.0871e+000
% function evaluation | noise-free fitness - Fopt (1.702000000000e+001) | best noise-free fitness - Fopt | measured fitness | best measured fitness | x1 | x2...
1 +1.244487803e+002 +1.244487803e+002 +1.414687803e+002 +1.414687803e+002 -4.5616e+000 +1.9029e+000 -2.1917e+000 -1.6627e+000 +4.9551e+000 +1.5303e+000 -1.4740e-001 +3.7688e+000 +2.5449e+000 +9.3449e-001 -7.9171e-001 +6.6740e-001 -4.7621e+000 +2.4776e+000 +2.6878e+000 +1.2098e+000 +4.8534e+000 +3.3620e+000 -1.6262e-001 -3.8911e+000
6 +8.421694740e+001 +8.421694740e+001 +1.012369474e+002 +1.012369474e+002 +5.5358e-001 +9.3284e-001 -1.6163e-001 -2.3215e+000 +3.4327e+000 -3.8575e+000 -1.1381e+000 +1.4195e+000 -3.0406e+000 -8.3884e-001 +3.3408e-001 -4.6848e+000 -1.6368e+000 -4.0073e-001 +2.5387e+000 -4.1529e+000 +3.0790e+000 +4.6366e-001 +2.7918e+000 -1.7529e+000
18 +4.366847545e+001 +4.366847545e+001 +6.068847545e+001 +6.068847545e+001 +1.0946e-001 +4.9401e-001 +3.7857e+000 -7.8196e-001 -3.0688e-001 +5.4477e-001 -2.0236e+000 -1.5249e+000 -2.0543e+000 -9.2299e-001 -1.8404e+000 -1.4681e+000 -4.8008e+000 +4.1784e-001 -4.8434e+000 -2.2591e+000 -2.2036e+000 -1.6426e+000 +1.5043e+000 -1.5544e+000
881 +3.662129701e+001 +3.662129701e+001 +5.364129701e+001 +5.364129701e+001 +1.1815e+000 -3.8532e+000 -4.9464e-001 -1.7688e+000 -2.4896e-001 -2.6596e+000 -6.6491e-001 -3.7819e+000 -3.0924e+000 -5.4087e-001 +4.1332e+000 -3.5704e-001 -9.1575e-001 +2.4620e+000 -5.1883e-001 -4.5101e+000 -3.2044e+000 -4.0436e-001 +1.4238e+000 -3.4215e+000
1467 +1.798025863e+001 +1.798025863e+001 +3.500025863e+001 +3.500025863e+001 +2.8346e+000 -2.2499e+000 +1.2380e+000 +1.0195e+000 -8.3351e-001 -2.1322e+000 +5.7710e-001 -9.3200e-001 -3.6728e+000 +1.9244e+000 +4.4629e+000 +6.8040e-002 -1.2345e+000 +2.2256e+000 +2.2281e+000 +4.0808e-001 +3.7457e+000 -2.0285e+000 +3.8231e-001 -2.7585e+000
1703 +1.469957933e+001 +1.469957933e+001 +3.171957933e+001 +3.171957933e+001 +2.9080e+000 -1.4648e+000 +6.0796e-001 -6.8248e-001 -3.2573e-001 -3.8663e+000 -8.0364e-001 -1.5359e+000 -2.6781e+000 +2.6571e+000 +2.8104e+000 +1.3110e+000 -1.8999e+000 +2.6801e+000 +1.0718e+000 -8.0477e-001 +2.2486e+000 -3.5864e-001 +2.6116e+000 -3.1284e+000
13483 +9.767275966e+000 +9.767275966e+000 +2.678727597e+001 +2.678727597e+001 +4.0578e+000 -1.9630e+000 +2.5085e+000 -3.3545e+000 -8.8997e-001 -2.2055e+000 -6.7310e-002 -1.8419e+000 -2.1738e+000 -7.0620e-003 +1.5195e+000 +4.2184e-001 -3.2879e+000 +2.5292e+000 +4.7992e-001 +9.0898e-001 +1.9206e+000 -1.7720e+000 +2.7867e+000 -1.4593e+000
15034 +4.849260722e+000 +4.849260722e+000 +2.186926072e+001 +2.186926072e+001 +3.7606e+000 -9.1284e-001 +2.0925e+000 -2.7724e+000 -4.2356e-001 -2.0699e+000 -7.3352e-001 -1.6796e-001 -2.0329e+000 +7.7302e-001 +1.0765e+000 +2.6191e-001 -2.2961e+000 +2.5107e+000 +1.7543e+000 -4.6309e-001 +1.1483e+000 -2.6935e+000 +1.5341e+000 -2.0450e+000
26006 +3.463306841e+000 +3.463306841e+000 +2.048330684e+001 +2.048330684e+001 +2.5857e+000 -1.5911e+000 +1.6627e+000 -5.2445e+000 -9.1415e-001 -1.7011e+000 -2.1325e+000 +2.7352e-001 -1.9276e+000 +1.0619e+000 +7.8236e-001 +1.1650e+000 -1.7141e+000 +2.6318e+000 +2.2428e+000 +1.1402e+000 +1.1844e+000 -2.8854e+000 +1.2681e+000 -4.1964e-001
151626 +2.460046412e+000 +2.460046412e+000 +1.948004641e+001 +1.948004641e+001 +3.8988e+000 -5.2176e-001 +1.6806e+000 -3.0174e+000 -1.8287e-001 -2.9476e+000 -2.9919e-001 +1.3415e+000 -4.5229e+000 -6.1295e-002 +8.2359e-001 +9.6370e-001 -1.2570e+000 +4.0847e+000 +2.4658e+000 -1.2464e+000 +1.4304e+000 -2.7459e+000 +2.7956e+000 -2.1182e+000
259613 +1.544289315e+000 +1.544289315e+000 +1.856428931e+001 +1.856428931e+001 +1.9250e+000 -1.0724e+000 +2.4322e+000 -4.4900e+000 -1.9379e-001 -1.9497e+000 -1.9953e+000 -6.4821e-001 -3.5197e+000 +4.7410e-001 +6.4617e-001 -7.2223e-001 -2.3583e+000 +1.4876e+000 +1.1316e+000 +7.1746e-001 +2.0720e+000 -1.6899e+000 +1.0689e+000 -1.3801e+000
263259 +9.928145248e-001 +9.928145248e-001 +1.801281452e+001 +1.801281452e+001 +1.9070e+000 -1.0685e+000 +2.4849e+000 -4.5496e+000 -1.7500e-001 -1.9180e+000 -1.9845e+000 -6.3838e-001 -3.4446e+000 +4.9433e-001 +6.4887e-001 -7.0771e-001 -2.2999e+000 +1.3994e+000 +1.1372e+000 +7.2064e-001 +1.9937e+000 -1.7721e+000 +1.0525e+000 -1.3661e+000
% function evaluation | noise-free fitness - Fopt (-2.202000000000e+002) | best noise-free fitness - Fopt | measured fitness | best measured fitness | x1 | x2...
1 +3.324704914e+002 +3.324704914e+002 +1.122704914e+002 +1.122704914e+002 -1.3304e+000 -1.7023e+000 +3.5270e+000 -2.1819e+000 -3.7601e+000 -4.0729e+000 +1.4918e+000 -3.4608e+000 +2.2670e+000 +3.8472e+000 +2.6746e+000 +4.0149e+000 -2.1751e+000 +1.1960e+000 -5.6807e-001 -3.1613e+000 -2.4022e+000 +1.7825e+000 +1.6382e+000 -4.5555e+000
3 +8.770229075e+001 +8.770229075e+001 -1.324977093e+002 -1.324977093e+002 +4.1284e-002 -6.0750e-001 +5.7387e-001 -3.7668e-001 +1.9990e+000 -7.7929e-001 -1.8125e+000 -3.2950e+000 -2.8214e+000 +5.8724e-001 -3.5785e+000 +2.9341e+000 +3.6808e-001 -2.6198e+000 -2.5942e+000 +3.2009e+000 -2.2324e+000 -4.4821e-001 +2.0152e+000 +3.7227e+000
67 +6.223282842e+001 +6.223282842e+001 -1.579671716e+002 -1.579671716e+002 +3.2233e+000 +2.9303e+000 -1.3701e+000 +4.4759e+000 +5.0381e-001 +9.9223e-001 -3.0773e+000 -3.1312e-001 -7.0544e-001 +4.6828e-001 -5.8370e-002 +5.4019e+000 -1.0977e+000 +9.5620e-001 +3.7090e+000 +3.8251e+000 -3.8900e-001 -2.7882e-001 -1.7483e-002 -5.5807e-001
303 +3.223924789e+001 +3.223924789e+001 -1.879607521e+002 -1.879607521e+002 -1.4428e-001 +2.4972e+000 -6.3510e-001 +2.6126e-001 -5.3557e-001 -1.7182e-001 -9.8221e-002 -4.0494e+000 -5.2247e+000 -1.0054e+000 +7.6930e-001 +2.7484e+000 -6.3133e-002 +2.0668e+000 +1.8104e+000 +2.5900e+000 -7.8515e-001 +1.7340e+000 -9.4435e-001 +2.1219e+000
3231 +2.277525243e+001 +2.277525243e+001 -1.974247476e+002 -1.974247476e+002 -2.7693e+000 -5.0525e-002 -1.6255e+000 +2.6257e+000 -1.8307e+000 +4.0293e-001 -2.1529e+000 -2.3210e+000 +1.0366e+000 +2.4844e-001 -1.1814e+000 +2.7101e+000 +3.1958e-001 +3.7058e+000 +4.5813e+000 +1.2643e+000 +3.5593e+000 +4.1027e+000 -1.0353e+000 +4.4839e+000
4181 +1.441062205e+001 +1.441062205e+001 -2.057893779e+002 -2.057893779e+002 -2.3909e+000 -1.2863e+000 -1.2603e+000 +3.2808e+000 -2.3613e+000 -1.4651e+000 -2.6378e+000 -3.0948e+000 -4.9370e+000 -5.2809e-001 -5.1334e-001 +2.1995e+000 +8.1899e-001 +2.4906e+000 +4.6397e+000 +2.2699e+000 +2.1345e+000 +4.3144e+000 +6.0905e-001 +4.2813e+000
8167 +9.550572460e+000 +9.550572460e+000 -2.106494275e+002 -2.106494275e+002 -3.7335e+000 +5.9507e-001 -8.4275e-001 +2.1429e+000 -1.4514e+000 -3.9626e+000 +1.6604e+000 -1.6854e+000 -3.0805e+000 -2.9035e+000 +7.6416e-002 +4.6128e-001 +1.5602e+000 +3.7177e+000 +4.8885e+000 +2.3933e+000 +3.2274e+000 +4.1340e+000 -1.9274e+000 +3.7278e+000
48926 +6.277569542e+000 +6.277569542e+000 -2.139224305e+002 -2.139224305e+002 -2.9293e+000 -1.2603e+000 +1.3606e-004 +2.7191e+000 -8.0944e-001 -3.7252e+000 +4.8151e-001 -2.4806e+000 -3.4513e+000 -1.9524e+000 +1.4675e-002 +8.3740e-001 -3.9010e-001 +3.7342e+000 +2.2665e+000 +3.0721e+000 +1.3331e+000 +2.4991e+000 +6.9001e-001 +3.2394e+000
50169 +3.526267419e+000 +3.526267419e+000 -2.166737326e+002 -2.166737326e+002 -3.8477e+000 -1.4615e+000 +3.2249e-002 +2.7200e+000 -7.1559e-001 -3.5624e+000 +5.2480e-001 -2.6612e+000 -3.1731e+000 -2.4155e+000 +2.4720e-001 +8.5602e-001 -1.1758e+000 +4.1825e+000 +2.6838e+000 +2.5545e+000 +1.6290e+000 +3.0991e+000 +8.7504e-001 +3.0594e+000
51917 +2.480631257e+000 +2.480631257e+000 -2.177193687e+002 -2.177193687e+002 -3.6232e+000 -1.5232e+000 +2.7233e-001 +2.7922e+000 -7.4014e-001 -3.4953e+000 +4.5517e-001 -2.8279e+000 -3.1278e+000 -2.3839e+000 +3.4166e-001 +7.8162e-001 -1.1136e+000 +4.3573e+000 +2.6256e+000 +2.7536e+000 +1.6624e+000 +3.1292e+000 +8.0384e-001 +3.0417e+000
54411 +1.576651461e+000 +1.576651461e+000 -2.186233485e+002 -2.186233485e+002 -3.7539e+000 -1.4490e+000 +1.9771e-001 +2.8236e+000 -7.3052e-001 -3.5816e+000 +4.7296e-001 -2.8425e+000 -3.0897e+000 -2.3358e+000 +3.9845e-001 +7.4311e-001 -1.1038e+000 +4.2807e+000 +2.7387e+000 +2.6908e+000 +1.6547e+000 +3.1408e+000 +7.6120e-001 +3.1107e+000
671851 +9.464414904e-001 +9.464414904e-001 -2.192535585e+002 -2.192535585e+002 -3.1404e+000 -1.0323e+000 +4.8630e-001 +2.7367e+000 -2.7837e-001 -3.5872e+000 -5.8173e-001 -3.8839e+000 -3.8025e+000 -1.5136e+000 +3.6156e-001 +1.0508e+000 -5.8118e-001 +4.0334e+000 +2.7685e+000 +2.8418e+000 +2.4661e+000 +2.8659e+000 +2.7926e-001 +2.6416e+000
% function evaluation | noise-free fitness - Fopt (-2.041000000000e+001) | best noise-free fitness - Fopt | measured fitness | best measured fitness | x1 | x2...
1 +6.816445379e+001 +6.816445379e+001 +4.775445379e+001 +4.775445379e+001 -3.6079e+000 +2.9355e+000 -4.4164e+000 -2.4392e+000 +3.7825e+000 +1.4476e+000 -4.3426e+000 -4.6121e+000 +1.4394e+000 -3.8288e+000 -3.4794e+000 -1.4696e+000 +5.7885e-001 -6.1016e-001 -4.3653e+000 +2.0976e-001 -1.5238e+000 +2.6147e+000 -1.4026e+000 +7.0218e-001
96 +6.302673775e+001 +6.302673775e+001 +4.261673775e+001 +4.261673775e+001 +1.0240e+000 -8.7238e-001 -4.3901e+000 -1.9563e+000 +6.3258e-001 +2.1657e+000 +3.1507e+000 +3.1897e+000 -3.1522e+000 -1.6486e+000 +3.1747e+000 -4.6348e-001 -9.4464e-001 +2.9965e+000 -3.3026e+000 +1.7793e+000 +5.9732e-001 +1.1966e+000 +2.2501e+000 +1.5327e+000
375 +3.795862409e+001 +3.795862409e+001 +1.754862409e+001 +1.754862409e+001 -1.7981e+000 +1.3745e+000 -3.9948e+000 -5.8856e-001 +1.9417e+000 +1.4637e+000 -1.8380e+000 +1.7419e+000 -2.3167e+000 +8.8967e-001 +7.6242e-001 +1.2427e+000 -3.2690e+000 +1.2299e+000 -1.9246e+000 +2.6246e+000 -3.2697e+000 -1.7905e+000 -1.1106e-001 -9.6101e-001
1841 +2.194842738e+001 +2.194842738e+001 +1.538427378e+000 +1.538427378e+000 -2.5448e+000 +9.2087e-001 -2.8441e+000 -4.8406e-002 +3.3090e-001 -9.2465e-001 +8.4798e-001 -2.1389e+000 -2.2502e-001 +2.1024e-001 +4.9378e+000 +5.9642e-001 -3.8679e+000 +2.1974e+000 -2.9519e+000 -2.2405e+000 -3.1374e+000 -8.3127e-001 -4.8536e-001 +2.1186e+000
2574 +1.503716369e+001 +1.503716369e+001 -5.372836310e+000 -5.372836310e+000 -3.5656e+000 -8.3295e-002 -2.7886e+000 -4.4052e-002 +4.7176e-002 +4.1920e-001 +6.2045e-001 -1.5099e+000 -3.6848e-001 +1.7125e+000 +5.0962e+000 +2.0277e+000 -4.2330e+000 +1.8135e+000 +1.9427e-001 -4.8601e-001 -2.9492e+000 +8.4134e-002 -3.7379e-001 +2.0905e+000
32717 +9.252100716e+000 +9.252100716e+000 -1.115789928e+001 -1.115789928e+001 -2.0424e+000 -9.2283e-001 -3.2522e+000 +1.3049e+000 +2.3932e+000 +1.7192e+000 -1.6092e+000 -2.2847e+000 +1.0867e+000 +3.3057e-001 +4.2530e+000 +2.9854e+000 -9.8017e-001 +3.6874e+000 -1.7082e+000 +1.0184e+000 -2.7855e+000 -5.0872e-001 -2.4472e+000 +2.6397e+000
117375 +6.186548228e+000 +6.186548228e+000 -1.422345177e+001 -1.422345177e+001 -2.2747e+000 -1.8800e+000 -4.8145e+000 +3.3588e+000 +3.9912e+000 -1.8256e+000 +8.8173e-002 -5.3849e-001 -1.9025e+000 +8.8135e-001 +3.2877e+000 +2.5663e+000 -6.0229e-001 +3.1664e+000 +1.8477e+000 -2.2133e+000 -5.3315e-001 +4.8128e-001 -9.8630e-002 +1.5146e+000
118827 +3.900414395e+000 +3.900414395e+000 -1.650958560e+001 -1.650958560e+001 -2.0606e+000 -1.6623e+000 -4.9238e+000 +3.1506e+000 +4.1527e+000 -1.3496e+000 +5.6577e-001 -6.4436e-001 -1.9407e+000 +5.3798e-001 +2.9397e+000 +2.9468e+000 -7.2478e-001 +3.4069e+000 +2.1877e+000 -1.6332e+000 -1.7484e+000 +4.1476e-001 -1.7846e-001 +1.5794e+000
368776 +2.034670256e+000 +2.034670256e+000 -1.837532974e+001 -1.837532974e+001 -3.8221e+000 -1.7090e+000 -4.0913e+000 +1.9857e+000 +2.6323e+000 -3.4858e-001 -4.9836e-001 -7.3779e-001 -2.4892e+000 +2.0652e+000 +3.9675e+000 +2.6520e+000 -1.7032e+000 +2.7076e+000 +1.5323e+000 -1.8357e+000 -1.2828e+000 +6.6601e-001 -1.0268e+000 +2.0695e+000
525500 +1.581509901e+000 +1.581509901e+000 -1.882849010e+001 -1.882849010e+001 -3.3021e+000 -1.8414e+000 -3.9485e+000 +1.8376e+000 +2.5740e+000 -1.0657e-001 -3.9615e-001 -5.6451e-001 -2.2800e+000 +2.2157e+000 +4.1720e+000 +2.5736e+000 -2.2701e+000 +2.3354e+000 +1.0960e+000 -1.7991e+000 -1.6323e+000 +8.2554e-001 -1.0871e+000 +1.9336e+000
527182 +9.247687255e-001 +9.247687255e-001 -1.948523127e+001 -1.948523127e+001 -3.3101e+000 -1.8114e+000 -3.9491e+000 +1.9432e+000 +2.6347e+000 -1.3871e-001 -3.7002e-001 -5.8574e-001 -2.2503e+000 +2.2158e+000 +4.1532e+000 +2.5574e+000 -2.2395e+000 +2.3702e+000 +1.1089e+000 -1.7557e+000 -1.6349e+000 +8.5212e-001 -1.1203e+000 +1.9508e+000
% function evaluation | noise-free fitness - Fopt (6.081000000000e+001) | best noise-free fitness - Fopt | measured fitness | best measured fitness | x1 | x2...
1 +1.142491551e+002 +1.142491551e+002 +1.750591551e+002 +1.750591551e+002 -4.2893e+000 +3.6526e+000 -2.7654e-001 +3.3199e+000 -1.3036e+000 -2.0707e+000 -4.6599e+000 -2.3526e+000 +5.8896e-001 -1.4957e+000 +3.6018e+000 -8.0918e-001 -4.9149e+000 +2.8375e-002 -3.7142e+000 +2.8113e+000 +2.3263e+000 +1.1157e+000 +3.6409e+000 +1.4596e+000
4 +9.064811622e+001 +9.064811622e+001 +1.514581162e+002 +1.514581162e+002 -1.3283e+000 +4.8325e+000 -2.9030e-001 +1.7111e+000 +1.1236e+000 +1.0945e+000 +2.0223e+000 +4.1463e+000 +9.5900e-001 +3.1539e+000 +2.3123e+000 -1.7388e+000 -1.7984e+000 +2.3977e+000 +4.0290e+000 +3.3500e+000 +7.8271e-001 +4.8144e-001 -7.6132e-001 +3.3846e+000
26 +5.412602657e+001 +5.412602657e+001 +1.149360266e+002 +1.149360266e+002 +4.5462e+000 +2.3349e+000 +4.8195e+000 +3.1517e+000 +4.1894e+000 -1.2060e+000 -3.2077e+000 -4.1715e+000 -4.3300e+000 +3.9878e+000 -9.0863e-001 -1.3482e+000 +1.3013e+000 -1.3930e+000 -4.3772e+000 -1.9586e+000 -4.9942e+000 +8.1092e-001 -5.2222e-001 -7.6900e-002
370 +3.314532669e+001 +3.314532669e+001 +9.395532669e+001 +9.395532669e+001 +2.1547e+000 +3.1600e+000 +3.0025e+000 +3.7901e+000 +1.1511e+000 -1.6404e+000 -3.0434e+000 +1.3003e+000 -2.2232e+000 +5.3779e+000 +1.7738e+000 -3.9797e+000 +6.8934e-001 +2.0294e+000 +6.6353e-001 +8.6595e-001 -3.2053e+000 -3.4317e+000 +3.4515e-002 -3.4158e-001
1088 +2.390151149e+001 +2.390151149e+001 +8.471151149e+001 +8.471151149e+001 +4.1777e+000 +6.4840e-001 -6.3639e-001 +7.5322e-001 -1.0085e+000 -2.6261e+000 -3.6168e+000 -7.7995e-001 -3.5380e-001 +7.8745e-001 +3.9574e+000 -3.4710e+000 +2.8193e+000 -7.8802e-001 -9.5882e-003 -1.2987e+000 +1.2039e+000 -5.5543e-001 -5.4435e-001 +8.3846e-001
7834 +1.529876011e+001 +1.529876011e+001 +7.610876011e+001 +7.610876011e+001 +1.8757e+000 +1.0077e+000 +4.9099e+000 -2.0019e-001 +1.0707e+000 -3.1747e+000 -2.0701e+000 -1.0646e+000 -2.0022e+000 +4.2964e+000 +9.9141e-001 -3.7087e+000 +1.0981e+000 -1.1278e+000 -8.4409e-001 -2.0016e-001 +1.0508e+000 -2.4235e+000 +1.3262e+000 -1.4395e+000
9827 +9.777903879e+000 +9.777903879e+000 +7.058790388e+001 +7.058790388e+001 +1.6656e+000 -2.0599e-001 +4.4663e+000 -1.3518e+000 +1.9812e+000 -2.0909e+000 -7.8217e-001 -1.2797e+000 -1.7427e+000 +3.9240e+000 +1.5733e+000 -4.9334e+000 +1.0919e+000 -2.1990e-001 -4.7384e-001 +6.5385e-001 +9.4098e-001 -2.6526e+000 +3.2768e-002 -1.9037e+000
24731 +5.635329296e+000 +5.635329296e+000 +6.644532930e+001 +6.644532930e+001 +1.1885e+000 +3.4035e+000 +1.3120e+000 +4.9046e-001 +8.2613e-001 -6.4254e-001 -4.2721e-002 -1.8919e+000 -1.0427e+000 +3.3223e+000 +2.2706e+000 -2.4061e+000 +1.9738e+000 -1.3269e+000 -1.4989e+000 +2.3351e+000 +8.5245e-001 -1.8015e+000 +2.4705e-002 -1.4612e+000
134169 +3.711851157e+000 +3.711851157e+000 +6.452185116e+001 +6.452185116e+001 +1.7103e+000 +2.7455e+000 +3.6028e+000 +6.6613e-001 +3.1809e-001 -1.6254e+000 +1.2451e+000 -2.0702e+000 -2.0447e+000 +3.6404e+000 +2.5876e+000 -3.3228e+000 +1.7008e+000 -7.7363e-001 -1.2937e+000 +1.7302e+000 +1.0937e+000 -1.6617e+000 -4.1965e-001 -9.0231e-001
210284 +2.360175385e+000 +2.360175385e+000 +6.317017539e+001 +6.317017539e+001 +1.2198e+000 +2.5866e+000 +3.1834e+000 +6.1272e-001 -5.9095e-001 -1.8662e+000 +1.5595e+000 -2.2406e+000 -1.7583e+000 +4.1066e+000 +2.3399e+000 -2.9559e+000 +1.4429e+000 -1.4203e+000 -1.5905e+000 +2.1114e+000 +6.9848e-001 -2.4667e+000 -3.0047e-001 -9.8446e-001
211735 +1.561058712e+000 +1.561058712e+000 +6.237105871e+001 +6.237105871e+001 +1.3296e+000 +2.6632e+000 +3.1610e+000 +5.4210e-001 -5.7050e-001 -1.8248e+000 +1.3582e+000 -2.1455e+000 -1.6555e+000 +4.0278e+000 +2.4070e+000 -2.8757e+000 +1.3812e+000 -1.5289e+000 -1.6615e+000 +2.2150e+000 +7.1065e-001 -2.5639e+000 -3.1999e-001 -1.0498e+000
1430241 +9.813706221e-001 +9.813706221e-001 +6.179137062e+001 +6.179137062e+001 +2.3304e+000 +2.5282e+000 +1.5003e+000 +8.2642e-001 -3.6125e-001 -4.8640e-001 -8.2268e-003 -1.6959e+000 -2.0499e+000 +3.3935e+000 +2.2832e+000 -2.7791e+000 +2.4474e+000 -1.3095e+000 -1.6382e+000 +1.7984e+000 +2.9308e-001 -1.7769e+000 +3.4736e-001 -1.0968e+000
% function evaluation | noise-free fitness - Fopt (-6.176300000000e+002) | best noise-free fitness - Fopt | measured fitness | best measured fitness | x1 | x2...
1 +1.706711256e+002 +1.706711256e+002 -4.469588744e+002 -4.469588744e+002 -4.4489e+000 +2.1008e+000 +4.8184e-001 +2.5356e+000 +2.3585e+000 +5.1297e-001 -2.9662e+000 -1.7197e+000 -2.7269e+000 +9.0853e-001 +1.3653e+000 +1.3247e+000 -1.6557e+000 +2.5032e+000 -4.8315e+000 -1.7003e+000 -8.9920e-001 -4.5358e+000 -4.1210e+000 -2.3525e+000
7 +8.388785109e+001 +8.388785109e+001 -5.337421489e+002 -5.337421489e+002 -2.3034e+000 -1.1264e+000 -1.8316e+000 -4.9370e+000 -3.5116e-001 -1.8707e+000 +2.6433e+000 +1.6447e+000 -2.5537e+000 -4.7807e+000 +1.7948e+000 -2.2227e+000 -5.3696e-001 -2.6047e+000 -1.5851e+000 -4.6757e+000 -4.3775e+000 +2.9557e+000 -2.2752e+000 -4.9002e-001
36 +5.636990808e+001 +5.636990808e+001 -5.612600919e+002 -5.612600919e+002 -2.2126e+000 +8.2047e-001 -3.2046e+000 -4.6745e+000 -1.0331e+000 +3.2561e+000 -3.8805e+000 -4.8444e+000 -2.7055e+000 -1.2779e+000 -2.2353e+000 -1.9719e+000 +1.1998e+000 -6.3533e-001 -1.2526e+000 -2.8793e+000 -4.1535e+000 -1.0078e+000 +4.4946e+000 +3.9360e+000
354 +3.892622274e+001 +3.892622274e+001 -5.787037773e+002 -5.787037773e+002 -2.6730e+000 +1.6380e+000 -4.4781e+000 -4.2322e+000 -2.2316e+000 +2.9627e-001 -6.7524e-001 -4.3993e+000 +4.4704e-001 +8.1512e-001 -4.0673e+000 +4.9224e-001 -4.6991e-001 +1.6023e+000 +8.8441e-002 -3.6179e+000 -1.3472e+000 -2.7497e+000 +1.5443e+000 +1.1222e+000
1076 +2.272534557e+001 +2.272534557e+001 -5.949046544e+002 -5.949046544e+002 +8.4438e-002 -1.4647e+000 -3.7067e+000 -3.2254e+000 -2.6076e+000 -4.5500e-001 -1.2178e-001 +4.1687e-001 +2.7725e+000 +9.9160e-001 +3.6170e-002 -4.0865e+000 +4.7021e-001 +1.1395e+000 -3.0272e+000 -1.7086e+000 -1.9036e+000 -2.5429e+000 +1.0928e+000 -6.8330e-001
1872 +1.537716380e+001 +1.537716380e+001 -6.022528362e+002 -6.022528362e+002 -1.6969e-001 -1.5075e+000 -3.9606e+000 -3.6571e+000 -2.7982e+000 -5.7587e-001 +1.1419e+000 +8.1299e-001 +3.6698e+000 +1.2381e+000 +1.4733e-001 -3.5373e+000 +1.4607e+000 +1.0801e+000 -3.1887e+000 -1.8791e+000 -2.6798e+000 -2.9344e+000 +1.1722e+000 -1.0610e+000
3007 +9.662654006e+000 +9.662654006e+000 -6.079673460e+002 -6.079673460e+002 -4.6756e-001 -1.4908e+000 -3.8189e+000 -3.1775e+000 -3.5180e+000 +6.0936e-001 +1.1138e+000 -4.3945e-001 +4.0529e+000 +1.3128e+000 -2.2422e+000 -1.3094e+000 +1.7891e+000 +3.8815e-001 -3.9282e+000 +8.4692e-001 -3.7749e+000 -2.7212e+000 +4.8265e-001 +5.9882e-001
59220 +6.133947540e+000 +6.133947540e+000 -6.114960525e+002 -6.114960525e+002 -1.0821e+000 -2.4392e+000 -3.1278e+000 -3.1576e+000 -2.6361e+000 +1.4931e+000 +1.6987e+000 -1.8296e+000 +2.5907e+000 +1.1244e+000 -3.0538e+000 -1.1152e+000 +2.1453e+000 +5.9957e-002 -3.8434e+000 +4.6454e-001 -3.5276e+000 -3.4550e+000 +6.1598e-001 +9.4943e-001
60235 +3.922095415e+000 +3.922095415e+000 -6.137079046e+002 -6.137079046e+002 -1.2915e+000 -1.8480e+000 -2.8754e+000 -3.0276e+000 -2.8876e+000 +1.4224e+000 +6.4366e-001 -1.8656e+000 +2.8960e+000 +1.2167e+000 -3.2881e+000 -1.2495e+000 +2.2527e+000 -1.2408e-001 -3.9282e+000 +7.2453e-001 -3.6491e+000 -3.2338e+000 +2.4302e-001 +3.7823e-001
60479 +2.502011916e+000 +2.502011916e+000 -6.151279881e+002 -6.151279881e+002 -1.1882e+000 -1.7086e+000 -2.7792e+000 -3.0238e+000 -2.7064e+000 +1.0086e+000 +9.1154e-001 -1.9366e+000 +3.1221e+000 +8.9776e-001 -3.0804e+000 -1.5256e+000 +2.3301e+000 -3.5200e-001 -3.6301e+000 +9.3675e-001 -3.9057e+000 -3.0852e+000 +4.1632e-001 +3.4957e-001
1223276 +1.476172141e+000 +1.476172141e+000 -6.161538279e+002 -6.161538279e+002 -1.4789e+000 -2.0670e+000 -3.8700e+000 -2.6230e+000 -3.3608e+000 +5.2275e-001 +6.5805e-001 -1.3007e+000 +3.8943e+000 +2.1031e+000 -2.7553e+000 -1.4175e+000 +2.1654e+000 -4.0145e-001 -3.4236e+000 +5.7360e-001 -3.3449e+000 -3.0113e+000 -9.3202e-001 +2.8035e-001
