% function evaluation | noise-free fitness - Fopt (7.948000000000e+001) | best noise-free fitness - Fopt | measured fitness | best measured fitness | x1 | x2...
1 +9.645197663e+002 +9.645197663e+002 +1.043999766e+003 +1.043999766e+003 +8.6242e+000 +9.0015e+000 +8.3362e+000 +9.7420e+000 +1.1669e+001 +6.3635e+000 +9.8659e+000 +8.3305e+000 +1.1495e+001 +5.1660e+000
334 +5.924603880e+002 +5.924603880e+002 +6.719403880e+002 +6.719403880e+002 +7.8835e+000 +1.0221e+001 -6.1306e-001 +7.7837e+000 +2.5581e+000 +1.3513e+000 +1.0687e+001 +8.8307e+000 +3.6031e+000 +7.9994e+000
557 +3.950846279e+002 +3.950846279e+002 +4.745646279e+002 +4.745646279e+002 +8.8750e+000 +6.3645e+000 +7.6719e+000 +2.8834e+000 +1.7217e+000 -2.8046e-001 +2.7054e+000 +8.6581e+000 +5.4446e+000 +3.4175e+000
775 +2.109679063e+002 +2.109679063e+002 +2.904479063e+002 +2.904479063e+002 +3.1471e+000 +4.1628e+000 -7.9483e-001 -3.2619e+000 +4.1730e+000 +1.3656e+000 +5.0160e+000 +4.4834e+000 +2.9601e+000 +2.6944e+000
951 +1.303560447e+002 +1.303560447e+002 +2.098360447e+002 +2.098360447e+002 -8.0009e-001 +3.8577e+000 +9.7706e-001 +3.7548e+000 +2.7707e+000 +9.3674e-001 +3.5523e+000 +6.5510e+000 +5.2060e-001 -1.4925e-001
1086 +8.456517592e+001 +8.456517592e+001 +1.640451759e+002 +1.640451759e+002 -7.8970e-001 -3.7634e-001 +6.4537e-001 +3.9984e+000 +9.9312e-001 +2.8338e+000 +2.0112e+000 +6.6831e+000 +1.2903e+000 -1.9137e+000
1220 +6.087915388e+001 +6.087915388e+001 +1.403591539e+002 +1.403591539e+002 +8.3495e-001 +1.1959e+000 +1.3638e+000 +2.6238e+000 -9.9347e-001 -8.0687e-001 +1.5323e+000 +6.4594e+000 -7.6277e-001 -4.4959e+000
1504 +3.926149275e+001 +3.926149275e+001 +1.187414928e+002 +1.187414928e+002 -1.9577e+000 -5.4455e-001 -1.0345e+000 +3.3307e+000 -1.1918e+000 +1.3971e-001 +1.9659e-001 +5.4819e+000 -1.2949e+000 -3.8635e+000
1654 +2.218897411e+001 +2.218897411e+001 +1.016689741e+002 +1.016689741e+002 -3.0815e-001 -6.0827e-001 -5.3181e-001 +1.0643e+000 -1.9182e+000 -1.1487e+000 +1.0226e+000 +4.0414e+000 -1.1305e+000 -3.9214e+000
1826 +1.496852778e+001 +1.496852778e+001 +9.444852778e+001 +9.444852778e+001 -4.9532e-001 -7.9353e-001 -6.9576e-001 +2.6701e+000 -8.5881e-001 -1.1168e+000 +1.8633e-001 +2.8511e+000 -1.8686e+000 -3.6660e+000
1932 +9.268870965e+000 +9.268870965e+000 +8.874887097e+001 +8.874887097e+001 -8.3301e-001 -1.1294e+000 -1.1181e+000 +3.0628e+000 -1.5515e+000 +6.4814e-002 -3.9879e-001 +2.1268e+000 -2.3305e+000 -3.8513e+000
2046 +5.821991471e+000 +5.821991471e+000 +8.530199147e+001 +8.530199147e+001 -6.0768e-002 -1.1072e+000 -6.9690e-001 +2.2476e+000 -2.2353e+000 -9.6141e-001 +1.5993e-001 +1.7512e+000 -1.8962e+000 -3.8592e+000
2116 +2.702833501e+000 +2.702833501e+000 +8.218283350e+001 +8.218283350e+001 +3.0488e-001 -1.3547e+000 -6.6467e-001 +2.1941e+000 -2.3446e+000 -3.9802e-001 -1.5161e-001 +1.3237e+000 -1.9521e+000 -3.5232e+000
2197 +1.676459760e+000 +1.676459760e+000 +8.115645976e+001 +8.115645976e+001 +5.3890e-001 -1.5131e+000 -6.4405e-001 +2.1599e+000 -2.4146e+000 -3.7457e-002 -3.5099e-001 +1.0501e+000 -1.9879e+000 -3.3081e+000
2339 +1.363451415e+000 +1.363451415e+000 +8.084345142e+001 +8.084345142e+001 +5.6833e-001 -1.6109e+000 -5.7284e-001 +2.2804e+000 -2.4622e+000 +6.5557e-004 -5.0237e-001 +6.3624e-001 -2.0355e+000 -3.3609e+000
2432 +5.652439936e-001 +5.652439936e-001 +8.004524399e+001 +8.004524399e+001 +5.1135e-001 -1.4241e+000 -7.8948e-001 +2.2734e+000 -2.5375e+000 +1.9252e-001 -4.1591e-002 +2.5126e-001 -2.0013e+000 -3.3076e+000
2594 +2.178049328e-001 +2.178049328e-001 +7.969780493e+001 +7.969780493e+001 +2.4091e-001 -1.1379e+000 -1.0069e+000 +1.9689e+000 -2.5561e+000 +2.8443e-001 +2.2180e-002 +2.8429e-001 -1.7880e+000 -3.2155e+000
2685 +1.471380810e-001 +1.471380810e-001 +7.962713808e+001 +7.962713808e+001 +2.7648e-001 -1.1644e+000 -7.1128e-001 +2.1764e+000 -2.5645e+000 +3.7552e-001 -1.0451e-001 +7.9054e-002 -1.8699e+000 -3.1536e+000
2761 +7.824501345e-002 +7.824501345e-002 +7.955824501e+001 +7.955824501e+001 +2.6096e-001 -1.0959e+000 -7.7986e-001 +2.0810e+000 -2.6432e+000 +4.8819e-001 +2.7246e-002 +3.8720e-002 -1.7649e+000 -3.0595e+000
2835 +4.544835380e-002 +4.544835380e-002 +7.952544835e+001 +7.952544835e+001 +2.3032e-001 -1.1367e+000 -8.8094e-001 +1.9160e+000 -2.7513e+000 +5.1577e-001 -1.0311e-001 +1.0332e-001 -1.6615e+000 -3.1402e+000
2991 +3.660944285e-002 +3.660944285e-002 +7.951660944e+001 +7.951660944e+001 +2.3032e-001 -1.1367e+000 -7.6194e-001 +2.0687e+000 -2.7513e+000 +4.4787e-001 -1.0311e-001 +1.0332e-001 -1.6615e+000 -3.1402e+000
3248 +1.476399893e-002 +1.476399893e-002 +7.949476400e+001 +7.949476400e+001 +2.9906e-001 -1.0917e+000 -7.4137e-001 +1.9448e+000 -2.6985e+000 +4.5780e-001 -1.4000e-001 +8.3475e-002 -1.6734e+000 -3.1139e+000
3545 +7.965477926e-003 +7.965477926e-003 +7.948796548e+001 +7.948796548e+001 +2.8571e-001 -1.0917e+000 -7.2252e-001 +1.9403e+000 -2.6665e+000 +4.5645e-001 -1.0424e-001 +8.3375e-002 -1.6418e+000 -3.0720e+000
3629 +5.094556904e-003 +5.094556904e-003 +7.948509456e+001 +7.948509456e+001 +2.5089e-001 -1.1079e+000 -7.1340e-001 +1.9220e+000 -2.6909e+000 +4.6103e-001 -1.1003e-001 +8.3559e-002 -1.6473e+000 -3.0741e+000
3895 +2.588253567e-003 +2.588253567e-003 +7.948258825e+001 +7.948258825e+001 +2.5577e-001 -1.1258e+000 -7.2518e-001 +1.9239e+000 -2.6591e+000 +4.6040e-001 -1.0858e-001 +1.1514e-001 -1.6456e+000 -3.0743e+000
% function evaluation | noise-free fitness - Fopt (3.944800000000e+002) | best noise-free fitness - Fopt | measured fitness | best measured fitness | x1 | x2...
1 +1.373258177e+003 +1.373258177e+003 +1.767738177e+003 +1.767738177e+003 +1.3837e+001 +9.3004e+000 +1.0284e+001 +1.2051e+001 +8.7567e+000 +9.7719e+000 +1.3360e+001 +6.7181e+000 +1.0706e+001 +7.9316e+000
112 +9.523120815e+002 +9.523120815e+002 +1.346792081e+003 +1.346792081e+003 +6.5902e+000 +1.3831e+001 +2.0783e+000 +3.3838e+000 +6.3280e+000 +4.8532e+000 +1.4726e+001 +1.0539e+001 +9.1424e+000 +5.5342e+000
512 +3.890346090e+002 +3.890346090e+002 +7.835146090e+002 +7.835146090e+002 +2.3236e+000 +2.6052e+000 +7.3099e+000 +1.0929e+001 +5.9484e+000 -6.2704e-001 +8.9196e+000 +3.8182e+000 +7.3362e-001 +4.2721e+000
828 +2.458806530e+002 +2.458806530e+002 +6.403606530e+002 +6.403606530e+002 +2.4663e+000 +1.9703e+000 +2.9177e+000 +1.1076e+001 +5.2475e+000 -1.5663e+000 +6.2027e+000 -5.2569e-001 -7.4543e-001 +3.7812e+000
1015 +1.386995748e+002 +1.386995748e+002 +5.331795748e+002 +5.331795748e+002 +1.7283e+000 -4.4978e+000 -3.1109e+000 +7.7698e+000 +5.8648e+000 -5.0681e+000 +2.0796e+000 +3.0934e+000 -1.9200e+000 +2.8015e+000
1088 +8.170784943e+001 +8.170784943e+001 +4.761878494e+002 +4.761878494e+002 -1.8387e-001 -7.6754e-001 +5.3043e-001 +4.3935e+000 +3.5801e+000 +6.4158e-001 +4.8676e+000 +7.3267e-001 -2.6856e+000 +4.3132e-001
1204 +5.893522921e+001 +5.893522921e+001 +4.534152292e+002 +4.534152292e+002 -1.1401e-002 +5.2981e-002 -2.9180e+000 +4.3812e+000 +3.8954e+000 -2.5414e+000 +3.8193e+000 +2.4870e+000 -5.1268e-001 +1.3743e-001
1361 +3.643460289e+001 +3.643460289e+001 +4.309146029e+002 +4.309146029e+002 -1.6674e+000 -9.8512e-001 -3.0042e+000 +2.9950e+000 +3.2242e+000 -4.3036e+000 +4.1457e+000 +1.9320e+000 -9.4720e-001 -2.8495e-001
1503 +2.403095225e+001 +2.403095225e+001 +4.185109522e+002 +4.185109522e+002 -1.3353e+000 -2.1172e+000 -4.8934e+000 +2.0628e+000 +3.1673e+000 -2.3035e+000 +3.8573e+000 +5.3119e-001 +1.2512e-001 -1.7044e+000
1733 +1.358963146e+001 +1.358963146e+001 +4.080696315e+002 +4.080696315e+002 -1.6628e+000 -1.5082e+000 -3.7488e+000 +3.6680e+000 +1.6663e+000 -2.3924e+000 +3.7069e+000 -2.5668e-001 -1.1304e+000 -1.3986e+000
1813 +9.604531925e+000 +9.604531925e+000 +4.040845319e+002 +4.040845319e+002 -1.9424e+000 -2.1442e+000 -4.0240e+000 +3.4719e+000 +1.5901e+000 -2.8712e+000 +3.3435e+000 -3.2518e-001 -1.2159e+000 -1.6731e+000
1911 +6.130911720e+000 +6.130911720e+000 +4.006109117e+002 +4.006109117e+002 -2.9603e+000 -2.2277e+000 -3.8353e+000 +2.7910e+000 +1.4229e+000 -3.7657e+000 +3.4092e+000 +3.0888e-001 -1.0744e+000 -2.4526e+000
2037 +2.584366924e+000 +2.584366924e+000 +3.970643669e+002 +3.970643669e+002 -3.1505e+000 -2.6284e+000 -4.0153e+000 +3.8067e+000 +1.5539e+000 -3.4146e+000 +2.7731e+000 -2.7409e-001 -1.1776e+000 -3.0181e+000
2114 +2.319511188e+000 +2.319511188e+000 +3.967995112e+002 +3.967995112e+002 -3.2262e+000 -2.7252e+000 -4.0907e+000 +3.7323e+000 +1.5817e+000 -2.9549e+000 +2.6715e+000 -2.9372e-001 -1.1377e+000 -3.0677e+000
2173 +1.578758543e+000 +1.578758543e+000 +3.960587585e+002 +3.960587585e+002 -3.4859e+000 -2.4011e+000 -4.1220e+000 +4.2558e+000 +1.2676e+000 -2.7437e+000 +3.1797e+000 -7.1608e-001 -1.3114e+000 -3.0396e+000
2209 +8.945829529e-001 +8.945829529e-001 +3.953745830e+002 +3.953745830e+002 -3.2070e+000 -3.1909e+000 -3.8173e+000 +4.1226e+000 +7.3420e-001 -2.5125e+000 +3.6191e+000 -4.6883e-001 -9.8729e-001 -3.5096e+000
2278 +5.349738678e-001 +5.349738678e-001 +3.950149739e+002 +3.950149739e+002 -3.4625e+000 -2.9382e+000 -3.7461e+000 +4.2025e+000 +6.0682e-001 -3.1121e+000 +3.3842e+000 -3.0621e-001 -1.0917e+000 -3.6305e+000
2382 +2.900690176e-001 +2.900690176e-001 +3.947700690e+002 +3.947700690e+002 -4.0346e+000 -2.8991e+000 -3.8282e+000 +3.9894e+000 +7.6247e-001 -2.8328e+000 +3.9243e+000 -5.4275e-001 -9.6249e-001 -3.6374e+000
2700 +2.423541863e-001 +2.423541863e-001 +3.947223542e+002 +3.947223542e+002 -3.9307e+000 -3.0314e+000 -3.7226e+000 +4.0745e+000 +6.7534e-001 -2.9050e+000 +3.8128e+000 -5.4767e-001 -9.5111e-001 -3.8344e+000
2855 +1.341220692e-001 +1.341220692e-001 +3.946141221e+002 +3.946141221e+002 -3.9192e+000 -3.0970e+000 -3.7407e+000 +4.1073e+000 +9.1431e-001 -2.9854e+000 +3.5480e+000 -6.7565e-001 -9.5426e-001 -3.8594e+000
2936 +9.942945750e-002 +9.942945750e-002 +3.945794295e+002 +3.945794295e+002 -3.8697e+000 -2.9771e+000 -3.7279e+000 +4.1044e+000 +7.2269e-001 -2.8803e+000 +3.3626e+000 -4.9761e-001 -9.5814e-001 -3.7970e+000
3010 +4.169804200e-002 +4.169804200e-002 +3.945216980e+002 +3.945216980e+002 -3.9356e+000 -2.9957e+000 -3.7845e+000 +4.0600e+000 +8.2185e-001 -2.8905e+000 +3.4248e+000 -5.8441e-001 -9.1032e-001 -3.7804e+000
3074 +3.373582712e-002 +3.373582712e-002 +3.945137358e+002 +3.945137358e+002 -3.9495e+000 -2.8701e+000 -3.7525e+000 +3.8924e+000 +8.2560e-001 -2.9772e+000 +3.4821e+000 -5.4757e-001 -8.9611e-001 -3.8669e+000
3078 +2.166790106e-002 +2.166790106e-002 +3.945016679e+002 +3.945016679e+002 -3.8618e+000 -2.8968e+000 -3.7285e+000 +3.8906e+000 +8.4060e-001 -2.9617e+000 +3.4689e+000 -5.8256e-001 -8.0822e-001 -3.8033e+000
3162 +1.355284972e-002 +1.355284972e-002 +3.944935528e+002 +3.944935528e+002 -3.8733e+000 -2.9412e+000 -3.7437e+000 +3.9324e+000 +8.5657e-001 -2.9163e+000 +3.4169e+000 -6.3193e-001 -8.6107e-001 -3.7968e+000
3438 +9.840924181e-003 +9.840924181e-003 +3.944898409e+002 +3.944898409e+002 -3.8522e+000 -2.8927e+000 -3.7612e+000 +3.9126e+000 +9.0533e-001 -2.9227e+000 +3.4278e+000 -6.1297e-001 -8.3916e-001 -3.7696e+000
3538 +6.013596962e-003 +6.013596962e-003 +3.944860136e+002 +3.944860136e+002 -3.8888e+000 -2.9241e+000 -3.7624e+000 +3.9100e+000 +8.5974e-001 -2.8885e+000 +3.4143e+000 -6.2257e-001 -8.6457e-001 -3.7690e+000
3769 +3.548096864e-003 +3.548096864e-003 +3.944835481e+002 +3.944835481e+002 -3.8854e+000 -2.8927e+000 -3.7796e+000 +3.9169e+000 +8.7630e-001 -2.8917e+000 +3.4227e+000 -6.1703e-001 -8.5542e-001 -3.7077e+000
% function evaluation | noise-free fitness - Fopt (-2.471100000000e+002) | best noise-free fitness - Fopt | measured fitness | best measured fitness | x1 | x2...
1 +1.061817656e+003 +1.061817656e+003 +8.147076560e+002 +8.147076560e+002 +1.0106e+001 +9.8731e+000 +8.7712e+000 +8.7431e+000 +9.4975e+000 +1.0749e+001 +5.8505e+000 +8.8517e+000 +5.4201e+000 +1.2871e+001
18 +8.605631061e+002 +8.605631061e+002 +6.134531061e+002 +6.134531061e+002 +7.7532e+000 +6.7467e+000 +7.8348e+000 +6.6178e+000 +9.9245e+000 +8.0512e+000 +6.6429e+000 +9.6186e+000 +8.7007e+000 +8.3892e+000
304 +6.187978991e+002 +6.187978991e+002 +3.716878991e+002 +3.716878991e+002 +4.6463e+000 +7.5672e+000 +2.7045e+000 +9.5673e+000 +6.1027e+000 +7.3851e+000 +6.6899e+000 +9.2024e+000 +3.8868e-001 +6.1735e+000
692 +3.737695632e+002 +3.737695632e+002 +1.266595632e+002 +1.266595632e+002 +5.4229e+000 +8.4986e+000 +2.7231e+000 +2.7504e+000 +2.1410e+000 +7.3549e+000 +1.1050e+001 +1.6623e+000 +3.4113e+000 +5.8845e+000
850 +2.430929540e+002 +2.430929540e+002 -4.017045977e+000 -4.017045977e+000 +7.1776e+000 +4.8712e+000 -9.0587e-001 +1.5808e+000 +7.0396e-001 +6.2382e+000 +8.9713e+000 -1.1615e+000 +1.0100e+000 +3.9690e+000
1106 +1.553996929e+002 +1.553996929e+002 -9.171030712e+001 -9.171030712e+001 +1.7051e-001 +3.5031e+000 -8.1512e-001 +1.7597e+000 +1.0168e+000 +3.2788e+000 +6.0605e+000 +4.6104e+000 -1.8028e-001 +2.2033e+000
1212 +9.596096254e+001 +9.596096254e+001 -1.511490375e+002 -1.511490375e+002 -1.2522e+000 +6.0102e+000 -2.1864e+000 +8.6987e-001 -1.2330e+000 +8.7186e-001 +6.9363e+000 -1.3560e+000 -2.6570e+000 +2.5130e+000
1367 +6.197678729e+001 +6.197678729e+001 -1.851332127e+002 -1.851332127e+002 -2.1028e+000 +3.2000e+000 -6.3931e-001 +1.7014e-001 +1.0858e+000 +2.4440e+000 +6.4633e+000 -2.0779e+000 -3.2307e-001 +4.7502e+000
1447 +3.597378695e+001 +3.597378695e+001 -2.111362131e+002 -2.111362131e+002 -1.0399e+000 +6.0604e-001 -1.5863e+000 -1.3806e+000 -3.0462e+000 +2.2389e+000 +7.1954e+000 -2.0344e+000 -1.6493e+000 +2.3546e+000
1524 +2.442463068e+001 +2.442463068e+001 -2.226853693e+002 -2.226853693e+002 -3.0858e+000 +9.9811e-001 -2.2785e+000 -1.5181e+000 -3.2785e+000 +1.9045e+000 +6.1363e+000 -2.6444e+000 -2.4568e+000 +2.6553e+000
1709 +1.522991142e+001 +1.522991142e+001 -2.318800886e+002 -2.318800886e+002 -3.6748e+000 +1.0917e+000 -1.9244e+000 -2.2975e+000 -2.1532e+000 +2.6576e+000 +4.6746e+000 -2.0703e+000 -9.0236e-001 +8.8911e-001
1864 +8.515321737e+000 +8.515321737e+000 -2.385946783e+002 -2.385946783e+002 -4.8742e+000 +4.5775e-001 -2.2848e+000 -2.9584e+000 -4.4552e+000 +2.7795e+000 +4.1213e+000 -3.6805e+000 -6.8661e-001 +1.8647e+000
1957 +6.217772607e+000 +6.217772607e+000 -2.408922274e+002 -2.408922274e+002 -3.4067e+000 +9.3236e-001 -2.1673e+000 -3.2748e+000 -3.5266e+000 +2.9231e+000 +4.2744e+000 -2.9390e+000 -1.0465e-001 +2.0722e+000
2040 +3.696937033e+000 +3.696937033e+000 -2.434130630e+002 -2.434130630e+002 -4.3455e+000 +3.6325e-001 -1.1364e+000 -3.0103e+000 -2.9944e+000 +1.6879e+000 +4.6479e+000 -3.9072e+000 -4.0038e-001 +2.4270e+000
2185 +2.134472634e+000 +2.134472634e+000 -2.449755274e+002 -2.449755274e+002 -4.1726e+000 +3.2656e-001 -1.2044e+000 -3.9437e+000 -3.6618e+000 +2.5098e+000 +4.0983e+000 -3.7995e+000 -2.6245e-001 +2.1319e+000
2265 +1.519551644e+000 +1.519551644e+000 -2.455904484e+002 -2.455904484e+002 -4.0662e+000 +2.2736e-001 -1.0482e+000 -3.9831e+000 -3.5727e+000 +2.4115e+000 +4.0996e+000 -3.6365e+000 -1.8187e-001 +2.4519e+000
2420 +9.784876583e-001 +9.784876583e-001 -2.461315123e+002 -2.461315123e+002 -3.7371e+000 +2.8416e-001 -7.0445e-001 -3.9131e+000 -3.4152e+000 +1.9645e+000 +3.9848e+000 -3.5871e+000 -1.0823e-001 +2.8408e+000
2571 +5.678347257e-001 +5.678347257e-001 -2.465421653e+002 -2.465421653e+002 -4.0115e+000 +7.3402e-002 -6.5178e-001 -4.0222e+000 -3.5131e+000 +2.0273e+000 +3.5258e+000 -3.7505e+000 +4.2285e-002 +2.7482e+000
2687 +3.778703532e-001 +3.778703532e-001 -2.467321296e+002 -2.467321296e+002 -3.9353e+000 +1.0682e-001 -8.2689e-001 -3.9282e+000 -3.4492e+000 +2.0129e+000 +3.3310e+000 -3.8558e+000 -1.6068e-001 +3.0133e+000
2843 +2.146456710e-001 +2.146456710e-001 -2.468953543e+002 -2.468953543e+002 -3.8210e+000 +5.0906e-002 -5.7633e-001 -3.8494e+000 -3.3729e+000 +2.1533e+000 +3.2918e+000 -3.8798e+000 +9.5561e-002 +2.9519e+000
3001 +1.324218331e-001 +1.324218331e-001 -2.469775782e+002 -2.469775782e+002 -3.8513e+000 -1.0452e-002 -5.7948e-001 -3.6792e+000 -3.1927e+000 +2.1850e+000 +3.1783e+000 -3.9401e+000 +1.1101e-001 +2.9210e+000
3031 +8.719369224e-002 +8.719369224e-002 -2.470228063e+002 -2.470228063e+002 -3.7756e+000 +1.9779e-001 -6.7224e-001 -3.7305e+000 -2.9951e+000 +2.0912e+000 +3.2584e+000 -4.0600e+000 -7.2074e-002 +2.8506e+000
3249 +5.847402080e-002 +5.847402080e-002 -2.470515260e+002 -2.470515260e+002 -3.7499e+000 +5.7549e-002 -6.3566e-001 -3.7627e+000 -3.1900e+000 +2.3763e+000 +3.3227e+000 -3.9257e+000 -8.2375e-003 +2.8399e+000
3381 +3.099488937e-002 +3.099488937e-002 -2.470790051e+002 -2.470790051e+002 -3.8495e+000 +8.2799e-002 -7.2661e-001 -3.6254e+000 -3.0756e+000 +2.3007e+000 +3.1782e+000 -3.9700e+000 -2.0812e-002 +2.8055e+000
3421 +2.438374557e-002 +2.438374557e-002 -2.470856163e+002 -2.470856163e+002 -3.8155e+000 +1.3692e-001 -6.6627e-001 -3.6297e+000 -3.0168e+000 +2.2763e+000 +3.2158e+000 -3.9696e+000 -7.0414e-002 +2.8854e+000
3635 +1.483385525e-002 +1.483385525e-002 -2.470951661e+002 -2.470951661e+002 -3.7920e+000 +1.5223e-001 -6.3945e-001 -3.6434e+000 -3.0527e+000 +2.2877e+000 +3.2662e+000 -3.9192e+000 -6.3846e-002 +2.8674e+000
3683 +9.320867732e-003 +9.320867732e-003 -2.471006791e+002 -2.471006791e+002 -3.8019e+000 +1.7260e-001 -6.4527e-001 -3.6712e+000 -3.0847e+000 +2.3260e+000 +3.1946e+000 -3.9170e+000 -9.5323e-002 +2.8883e+000
3922 +5.315342629e-003 +5.315342629e-003 -2.471046847e+002 -2.471046847e+002 -3.8236e+000 +1.9007e-001 -6.8553e-001 -3.6963e+000 -3.0918e+000 +2.3013e+000 +3.2583e+000 -3.9486e+000 -5.0390e-002 +2.8569e+000
3923 +3.963135074e-003 +3.963135074e-003 -2.471060369e+002 -2.471060369e+002 -3.8003e+000 +1.9184e-001 -6.7231e-001 -3.6952e+000 -3.0722e+000 +2.2967e+000 +3.1866e+000 -3.9437e+000 -7.4049e-002 +2.8432e+000
% function evaluation | noise-free fitness - Fopt (-1.520400000000e+002) | best noise-free fitness - Fopt | measured fitness | best measured fitness | x1 | x2...
1 +8.162565924e+002 +8.162565924e+002 +6.642165924e+002 +6.642165924e+002 +6.2619e+000 +1.0796e+001 +1.2305e+001 +8.3441e+000 +5.4508e+000 +1.1060e+001 +8.8586e+000 +7.2525e+000 +5.6242e+000 +1.3157e+001
68 +5.305313098e+002 +5.305313098e+002 +3.784913098e+002 +3.784913098e+002 +8.3034e+000 +9.9917e+000 +6.1047e+000 +1.0989e+001 +6.2070e+000 +1.0662e+001 +5.9379e+000 +5.3455e+000 +2.6387e+000 +7.3228e+000
506 +3.316031450e+002 +3.316031450e+002 +1.795631450e+002 +1.795631450e+002 +1.8130e+000 +5.7316e+000 +3.8245e+000 +7.0637e+000 +8.4986e+000 +8.3742e+000 +4.5775e+000 +8.4108e+000 +5.3017e-001 +7.5009e+000
690 +2.489268854e+002 +2.489268854e+002 +9.688688542e+001 +9.688688542e+001 +5.5267e+000 +5.2682e+000 +5.0079e+000 +1.0356e+001 +8.6610e+000 +1.0736e+000 +8.8411e-001 +1.3301e+000 +1.5082e+000 +8.3704e+000
918 +1.385636336e+002 +1.385636336e+002 -1.347636644e+001 -1.347636644e+001 +1.8227e+000 +2.4836e+000 +3.0341e+000 +7.3162e+000 +1.0383e+000 +5.6393e+000 +5.7516e-001 +4.4474e+000 -3.6690e-002 +5.8212e+000
993 +7.443567076e+001 +7.443567076e+001 -7.760432924e+001 -7.760432924e+001 +1.8227e+000 +5.8843e+000 -1.3759e+000 +1.3164e+000 +2.9491e+000 +5.6393e+000 +5.7516e-001 +2.7898e-002 +3.9340e-001 +5.8212e+000
1127 +5.584978621e+001 +5.584978621e+001 -9.619021379e+001 -9.619021379e+001 +2.9257e+000 +4.8360e+000 -5.9899e-001 +3.2632e+000 +2.4933e+000 +3.0889e+000 -5.5132e-001 -1.5368e+000 -7.0884e-001 +6.4179e+000
1292 +3.484219557e+001 +3.484219557e+001 -1.171978044e+002 -1.171978044e+002 +1.0155e+000 +4.2469e+000 -1.1809e+000 +3.7733e+000 +1.5058e-001 +1.6097e+000 -1.2870e+000 -2.5558e+000 +1.4614e-001 +5.6615e+000
1489 +2.415393306e+001 +2.415393306e+001 -1.278860669e+002 -1.278860669e+002 +1.1601e+000 +5.5301e+000 -4.1518e+000 +2.4134e+000 +1.4845e+000 +9.6090e-001 -9.9705e-001 -6.4579e-001 +2.5561e+000 +4.8082e+000
1531 +1.498158335e+001 +1.498158335e+001 -1.370584166e+002 -1.370584166e+002 -1.4491e-001 +2.9877e+000 -2.3697e+000 +2.5983e+000 +1.3903e+000 +2.5376e+000 -6.3134e-001 -1.3442e+000 +9.6872e-001 +4.9303e+000
1649 +8.571494991e+000 +8.571494991e+000 -1.434685050e+002 -1.434685050e+002 +4.1028e-001 +3.7672e+000 -4.5696e+000 +3.0310e+000 +3.3418e+000 +1.0604e+000 -3.6387e-001 -1.0187e+000 +1.2233e+000 +3.3625e+000
1728 +5.398668432e+000 +5.398668432e+000 -1.466413316e+002 -1.466413316e+002 +5.2534e-001 +1.5508e+000 -3.4012e+000 +1.9815e+000 +1.2749e+000 +3.9920e-001 -1.2464e+000 -1.1841e+000 +1.0457e+000 +4.3773e+000
1888 +3.612794643e+000 +3.612794643e+000 -1.484272054e+002 -1.484272054e+002 +3.4335e-001 +2.0499e+000 -4.7493e+000 +3.1427e+000 +1.7400e+000 +6.7421e-001 -1.0932e+000 -9.7532e-001 +1.8078e+000 +4.5729e+000
2027 +2.342847150e+000 +2.342847150e+000 -1.496971528e+002 -1.496971528e+002 +1.1637e-001 +2.0108e+000 -4.8131e+000 +2.9705e+000 +2.1568e+000 +5.9288e-001 -7.3827e-001 -1.2638e+000 +1.2504e+000 +4.0214e+000
2149 +1.565066085e+000 +1.565066085e+000 -1.504749339e+002 -1.504749339e+002 +1.7483e-001 +2.0981e+000 -4.4013e+000 +3.0121e+000 +2.8936e+000 +3.5895e-001 -4.4062e-001 -5.8580e-001 +1.7914e+000 +3.2597e+000
2247 +8.652910495e-001 +8.652910495e-001 -1.511747090e+002 -1.511747090e+002 -4.0710e-001 +1.7471e+000 -4.3253e+000 +2.6312e+000 +2.3013e+000 +3.9469e-001 -7.6451e-001 -7.6664e-001 +1.4794e+000 +3.2648e+000
2280 +6.156734692e-001 +6.156734692e-001 -1.514243265e+002 -1.514243265e+002 -2.9238e-001 +1.7013e+000 -4.4325e+000 +2.8747e+000 +2.4769e+000 +3.8869e-001 -7.7696e-001 -7.1949e-001 +1.4353e+000 +3.3157e+000
2383 +3.647935025e-001 +3.647935025e-001 -1.516752065e+002 -1.516752065e+002 +7.6478e-002 +1.5529e+000 -4.1585e+000 +3.3529e+000 +2.2152e+000 +9.4823e-002 -1.0240e+000 -8.0563e-001 +1.7945e+000 +3.5740e+000
2460 +2.056368706e-001 +2.056368706e-001 -1.518343631e+002 -1.518343631e+002 -3.1201e-001 +1.2137e+000 -4.1796e+000 +3.3559e+000 +2.6442e+000 +1.8841e-001 -7.6224e-001 -7.9227e-001 +1.5173e+000 +3.3513e+000
2571 +1.525240143e-001 +1.525240143e-001 -1.518874760e+002 -1.518874760e+002 -1.7873e-002 +1.2809e+000 -3.9791e+000 +3.2972e+000 +2.4889e+000 +6.8958e-002 -9.8045e-001 -8.7857e-001 +1.5835e+000 +3.4004e+000
2732 +4.972366229e-002 +4.972366229e-002 -1.519902763e+002 -1.519902763e+002 -1.8678e-001 +1.3694e+000 -3.9218e+000 +3.2910e+000 +2.4699e+000 +8.8493e-002 -9.6381e-001 -7.4619e-001 +1.5393e+000 +3.3294e+000
3159 +3.900813084e-002 +3.900813084e-002 -1.520009919e+002 -1.520009919e+002 -2.8325e-001 +1.3210e+000 -3.8285e+000 +3.3657e+000 +2.4947e+000 +1.1458e-001 -8.4947e-001 -7.4015e-001 +1.5656e+000 +3.4601e+000
3248 +1.813873636e-002 +1.813873636e-002 -1.520218613e+002 -1.520218613e+002 -2.9160e-001 +1.4031e+000 -3.8750e+000 +3.3309e+000 +2.4872e+000 +1.3045e-001 -8.9610e-001 -7.2182e-001 +1.5566e+000 +3.4138e+000
3341 +1.164413027e-002 +1.164413027e-002 -1.520283559e+002 -1.520283559e+002 -2.8086e-001 +1.4234e+000 -3.8652e+000 +3.2949e+000 +2.4039e+000 +1.0740e-001 -8.8025e-001 -7.0000e-001 +1.4855e+000 +3.4060e+000
3419 +6.361312179e-003 +6.361312179e-003 -1.520336387e+002 -1.520336387e+002 -2.9053e-001 +1.4458e+000 -3.8663e+000 +3.2907e+000 +2.4176e+000 +1.2190e-001 -8.6175e-001 -6.9862e-001 +1.5009e+000 +3.4528e+000
3498 +4.411904837e-003 +4.411904837e-003 -1.520355881e+002 -1.520355881e+002 -2.9254e-001 +1.4366e+000 -3.8883e+000 +3.3115e+000 +2.4315e+000 +1.2184e-001 -8.7745e-001 -6.9984e-001 +1.5093e+000 +3.4491e+000
3575 +2.990343177e-003 +2.990343177e-003 -1.520370097e+002 -1.520370097e+002 -2.8892e-001 +1.4367e+000 -3.8939e+000 +3.3078e+000 +2.4288e+000 +1.2439e-001 -8.5864e-001 -7.0235e-001 +1.5057e+000 +3.4715e+000
3783 +2.310205405e-003 +2.310205405e-003 -1.520376898e+002 -1.520376898e+002 -2.9044e-001 +1.4434e+000 -3.9063e+000 +3.2940e+000 +2.4192e+000 +1.2889e-001 -8.5738e-001 -7.0070e-001 +1.4911e+000 +3.4731e+000
% function evaluation | noise-free fitness - Fopt (-2.525000000000e+001) | best noise-free fitness - Fopt | measured fitness | best measured fitness | x1 | x2...
1 +1.203963567e+003 +1.203963567e+003 +1.178713567e+003 +1.178713567e+003 +1.1634e+001 +1.4150e+001 +1.3892e+001 +1.1108e+001 +6.7456e+000 +6.5095e+000 +1.3923e+001 +8.7566e+000 +6.9131e+000 +6.2147e+000
3 +9.740562661e+002 +9.740562661e+002 +9.488062661e+002 +9.488062661e+002 +8.4875e+000 +5.8304e+000 +9.3529e+000 +1.0646e+001 +1.1047e+001 +1.0437e+001 +8.9033e+000 +8.0788e+000 +1.4141e+001 +6.2935e+000
271 +5.218740380e+002 +5.218740380e+002 +4.966240380e+002 +4.966240380e+002 +4.6246e+000 +6.5502e+000 +6.3412e+000 +7.0741e+000 +9.4704e+000 +7.0771e+000 +4.0149e+000 +1.0707e+001 +7.9306e+000 +1.7397e-001
536 +3.639245787e+002 +3.639245787e+002 +3.386745787e+002 +3.386745787e+002 -1.8140e+000 +1.2882e+001 +1.7742e+000 +4.1195e+000 +8.9655e+000 +2.1945e+000 +4.1892e+000 +1.7651e+000 +6.9365e+000 +2.6854e-001
795 +2.447417930e+002 +2.447417930e+002 +2.194917930e+002 +2.194917930e+002 +5.0743e+000 +6.2028e+000 +1.7165e+000 +2.6009e+000 +6.4583e+000 +6.2332e+000 +3.5073e+000 +4.0564e+000 +6.9103e+000 +2.5660e+000
948 +1.364546206e+002 +1.364546206e+002 +1.112046206e+002 +1.112046206e+002 +1.8923e+000 +6.6492e+000 +8.5541e-001 +3.1921e+000 +5.0413e+000 +3.6849e+000 +2.0896e+000 +1.2455e+000 +3.7695e+000 +4.8103e-001
993 +9.351122019e+001 +9.351122019e+001 +6.826122019e+001 +6.826122019e+001 +4.8173e+000 +4.3057e+000 -3.3231e-001 +6.4547e-001 +3.8528e+000 +4.9505e+000 +1.4564e+000 -7.7101e-001 +4.5101e+000 +1.4469e+000
1198 +5.288509753e+001 +5.288509753e+001 +2.763509753e+001 +2.763509753e+001 +4.6702e+000 +1.6448e+000 -7.9391e-001 +1.5567e+000 +5.7521e+000 +3.5902e+000 +2.2972e-001 -1.0216e+000 +3.5661e+000 -6.9410e-001
1320 +3.836308637e+001 +3.836308637e+001 +1.311308637e+001 +1.311308637e+001 +3.7637e+000 +3.7042e+000 -1.0250e+000 -6.0422e-002 +3.7165e+000 +2.7257e+000 -1.1965e+000 -1.0407e+000 +4.2734e+000 -3.8885e-001
1483 +2.407595141e+001 +2.407595141e+001 -1.174048595e+000 -1.174048595e+000 +3.3426e+000 +2.0719e+000 -1.9455e+000 +1.1701e-001 +2.8937e+000 +2.8563e+000 -1.4322e+000 -2.0358e+000 +3.8172e+000 -2.2353e+000
1588 +1.507238916e+001 +1.507238916e+001 -1.017761084e+001 -1.017761084e+001 +2.4141e+000 +6.5541e-001 -3.7560e+000 +2.5463e-001 +3.1776e+000 +9.4185e-001 -2.7887e+000 -1.9075e+000 +2.2424e+000 -2.1143e+000
1694 +6.284729336e+000 +6.284729336e+000 -1.896527066e+001 -1.896527066e+001 +3.5644e+000 +9.1133e-001 -2.3671e-001 -1.2035e+000 +2.8880e+000 +1.0810e+000 -2.3201e+000 -2.6597e+000 +2.4941e+000 -2.2226e+000
1942 +3.425021199e+000 +3.425021199e+000 -2.182497880e+001 -2.182497880e+001 +2.9174e+000 +1.2734e+000 -1.9534e+000 -2.7183e+000 +3.0638e+000 -3.8510e-001 -2.5016e+000 -2.9472e+000 +2.0022e+000 -2.8660e+000
2080 +2.156256989e+000 +2.156256989e+000 -2.309374301e+001 -2.309374301e+001 +3.0607e+000 +5.3709e-001 -1.2906e+000 -1.5138e+000 +3.0699e+000 +1.6625e-001 -3.2886e+000 -1.5391e+000 +2.0494e+000 -2.7771e+000
2173 +1.569991988e+000 +1.569991988e+000 -2.368000801e+001 -2.368000801e+001 +3.1139e+000 +7.0436e-001 -1.4084e+000 -2.5650e+000 +2.7509e+000 -2.9331e-001 -2.9724e+000 -2.3551e+000 +1.8002e+000 -2.8564e+000
2187 +9.577884406e-001 +9.577884406e-001 -2.429221156e+001 -2.429221156e+001 +3.3356e+000 +3.3398e-001 -1.3794e+000 -2.1527e+000 +3.0269e+000 +2.0776e-001 -2.7868e+000 -1.5324e+000 +1.9599e+000 -2.8251e+000
2402 +4.853809991e-001 +4.853809991e-001 -2.476461900e+001 -2.476461900e+001 +3.4930e+000 +4.0006e-001 -1.3534e+000 -2.1725e+000 +3.3221e+000 +2.3772e-002 -2.6902e+000 -1.6263e+000 +1.7843e+000 -2.9724e+000
2405 +3.120000486e-001 +3.120000486e-001 -2.493799995e+001 -2.493799995e+001 +3.3113e+000 +4.3740e-001 -1.3793e+000 -2.1384e+000 +3.1002e+000 -1.2798e-001 -2.6808e+000 -1.7715e+000 +1.3613e+000 -2.9781e+000
2558 +1.994113858e-001 +1.994113858e-001 -2.505058861e+001 -2.505058861e+001 +3.3795e+000 +4.9011e-001 -1.3893e+000 -2.0679e+000 +3.2072e+000 -2.5185e-002 -2.5974e+000 -1.7043e+000 +1.4270e+000 -2.9193e+000
2630 +1.103772070e-001 +1.103772070e-001 -2.513962279e+001 -2.513962279e+001 +3.5720e+000 +3.9334e-001 -1.4335e+000 -2.1725e+000 +3.2291e+000 -5.5987e-002 -2.5831e+000 -1.8021e+000 +1.3956e+000 -2.8284e+000
2761 +9.050513370e-002 +9.050513370e-002 -2.515949487e+001 -2.515949487e+001 +3.5743e+000 +6.2883e-001 -1.4620e+000 -1.9704e+000 +3.2368e+000 +2.8791e-002 -2.5127e+000 -1.7192e+000 +1.2408e+000 -2.8052e+000
2813 +4.688355274e-002 +4.688355274e-002 -2.520311645e+001 -2.520311645e+001 +3.5490e+000 +5.1974e-001 -1.4765e+000 -2.1162e+000 +3.3095e+000 -4.2225e-002 -2.6061e+000 -1.8200e+000 +1.3070e+000 -2.7365e+000
2893 +3.651977697e-002 +3.651977697e-002 -2.521348022e+001 -2.521348022e+001 +3.5511e+000 +6.0224e-001 -1.4986e+000 -2.1335e+000 +3.3287e+000 -6.0877e-003 -2.5696e+000 -1.8840e+000 +1.2808e+000 -2.6548e+000
3207 +2.327437680e-002 +2.327437680e-002 -2.522672562e+001 -2.522672562e+001 +3.5653e+000 +6.2524e-001 -1.3844e+000 -2.1293e+000 +3.3437e+000 -1.7399e-001 -2.5695e+000 -1.8321e+000 +1.2807e+000 -2.6386e+000
3289 +1.337169598e-002 +1.337169598e-002 -2.523662830e+001 -2.523662830e+001 +3.5807e+000 +6.2834e-001 -1.4215e+000 -2.1251e+000 +3.3455e+000 -1.5145e-001 -2.5314e+000 -1.8486e+000 +1.2769e+000 -2.6413e+000
3383 +9.021147352e-003 +9.021147352e-003 -2.524097885e+001 -2.524097885e+001 +3.6199e+000 +6.6432e-001 -1.4140e+000 -2.1211e+000 +3.3503e+000 -1.0406e-001 -2.4924e+000 -1.8097e+000 +1.2528e+000 -2.6895e+000
3471 +6.135393190e-003 +6.135393190e-003 -2.524386461e+001 -2.524386461e+001 +3.6139e+000 +6.3543e-001 -1.4414e+000 -2.1376e+000 +3.3617e+000 -9.8611e-002 -2.5056e+000 -1.8116e+000 +1.3128e+000 -2.6542e+000
3664 +3.477958885e-003 +3.477958885e-003 -2.524652204e+001 -2.524652204e+001 +3.6177e+000 +6.0276e-001 -1.4578e+000 -2.1613e+000 +3.2948e+000 -1.2662e-001 -2.4935e+000 -1.8166e+000 +1.3064e+000 -2.6778e+000
3681 +2.355176755e-003 +2.355176755e-003 -2.524764482e+001 -2.524764482e+001 +3.6216e+000 +6.5210e-001 -1.4204e+000 -2.1365e+000 +3.3058e+000 -1.2277e-001 -2.4926e+000 -1.7932e+000 +1.3016e+000 -2.6553e+000
3756 +1.082553808e-003 +1.082553808e-003 -2.524891745e+001 -2.524891745e+001 +3.6177e+000 +6.3056e-001 -1.4389e+000 -2.1367e+000 +3.3067e+000 -1.1304e-001 -2.4704e+000 -1.8301e+000 +1.3170e+000 -2.6729e+000
3817 +8.637901265e-004 +8.637901265e-004 -2.524913621e+001 -2.524913621e+001 +3.6239e+000 +6.3961e-001 -1.4244e+000 -2.1404e+000 +3.3067e+000 -1.1552e-001 -2.4893e+000 -1.8174e+000 +1.3032e+000 -2.6747e+000
% function evaluation | noise-free fitness - Fopt (2.230000000000e+000) | best noise-free fitness - Fopt | measured fitness | best measured fitness | x1 | x2...
1 +1.120935145e+003 +1.120935145e+003 +1.123165145e+003 +1.123165145e+003 +9.0217e+000 +1.4547e+001 +1.1200e+001 +9.3480e+000 +8.5312e+000 +9.5822e+000 +6.4242e+000 +5.8722e+000 +1.3483e+001 +6.2288e+000
24 +8.441171554e+002 +8.441171554e+002 +8.463471554e+002 +8.463471554e+002 +8.6871e+000 +6.9959e+000 +1.0046e+001 +6.7334e+000 +1.4589e+001 +6.2262e+000 +6.1191e+000 +5.3380e+000 +1.2219e+001 +8.6652e+000
192 +4.910380973e+002 +4.910380973e+002 +4.932680973e+002 +4.932680973e+002 +5.1380e+000 +5.9557e+000 +8.1306e+000 +1.0127e+001 +5.6272e+000 +4.7223e+000 +3.1774e+000 +6.4625e+000 +3.0895e+000 +5.0069e+000
543 +1.950157404e+002 +1.950157404e+002 +1.972457404e+002 +1.972457404e+002 +7.6200e+000 +5.1527e+000 +5.6218e-001 +6.4433e-002 +4.8278e+000 +1.2628e+000 +2.2818e+000 -3.1173e+000 +8.4110e+000 +1.8335e+000
792 +1.518755197e+002 +1.518755197e+002 +1.541055197e+002 +1.541055197e+002 +6.3278e+000 -9.9021e-001 -1.8411e+000 +4.4737e+000 +2.7164e+000 +2.4462e+000 +3.6466e+000 -7.1721e+000 +6.4721e-001 +3.0892e+000
936 +9.403813036e+001 +9.403813036e+001 +9.626813036e+001 +9.626813036e+001 +4.1301e+000 -3.5450e+000 +2.2031e+000 -4.5324e-002 +6.8104e+000 -1.4260e+000 +2.4829e+000 -3.6999e+000 +4.9400e+000 +5.5936e+000
1002 +5.340033055e+001 +5.340033055e+001 +5.563033055e+001 +5.563033055e+001 +7.6998e+000 -2.7154e+000 -1.6376e-001 +4.8964e-001 +2.5566e+000 -8.0570e-001 -6.2869e-001 -3.7229e+000 +1.4314e+000 +5.2548e+000
1025 +3.413825958e+001 +3.413825958e+001 +3.636825958e+001 +3.636825958e+001 +5.4435e+000 -3.6282e+000 -1.7371e+000 +7.9324e-001 +3.1345e+000 -3.2695e-001 -2.5776e+000 -3.5267e+000 +2.3246e+000 +2.0122e+000
1234 +2.472942342e+001 +2.472942342e+001 +2.695942342e+001 +2.695942342e+001 +5.1967e+000 -2.6546e+000 +5.2046e-001 +1.0702e+000 +3.9770e+000 -1.7683e+000 -2.9345e+000 -1.7095e+000 +2.7769e+000 +1.9396e+000
1320 +1.485275518e+001 +1.485275518e+001 +1.708275518e+001 +1.708275518e+001 +5.1334e+000 -1.0411e+000 -6.5471e-001 -3.1197e-001 +3.4142e+000 -1.6929e+000 -2.4575e+000 -1.7116e+000 +1.5017e+000 +2.2192e+000
1439 +9.733546955e+000 +9.733546955e+000 +1.196354696e+001 +1.196354696e+001 +5.0213e+000 -2.6467e+000 -8.6979e-001 +5.7357e-001 +4.0627e+000 -3.2715e+000 -2.9160e+000 -2.4622e+000 +8.4614e-001 +8.5211e-001
1537 +4.758461079e+000 +4.758461079e+000 +6.988461079e+000 +6.988461079e+000 +4.0326e+000 -2.6700e+000 -2.9555e-001 -1.0385e-001 +3.6412e+000 -2.9389e+000 -2.2278e+000 -1.9338e+000 +5.5192e-001 +8.9223e-001
1744 +3.760515084e+000 +3.760515084e+000 +5.990515084e+000 +5.990515084e+000 +3.1919e+000 -3.4762e+000 +7.0124e-002 -1.0043e+000 +3.0220e+000 -3.2702e+000 -1.9672e+000 -2.1986e+000 +1.8077e-001 +5.9056e-001
1770 +2.471472379e+000 +2.471472379e+000 +4.701472379e+000 +4.701472379e+000 +3.9596e+000 -2.9813e+000 -2.7681e-001 -6.6708e-001 +3.5015e+000 -3.3296e+000 -2.6412e+000 -2.4384e+000 +1.5284e-002 +7.1130e-001
1943 +1.497544234e+000 +1.497544234e+000 +3.727544234e+000 +3.727544234e+000 +3.8837e+000 -2.7975e+000 +7.3870e-002 -1.0187e+000 +3.3142e+000 -3.3568e+000 -2.3970e+000 -2.4388e+000 +2.3720e-002 +6.6742e-001
2025 +9.546216882e-001 +9.546216882e-001 +3.184621688e+000 +3.184621688e+000 +3.9492e+000 -2.4454e+000 -2.5694e-001 -1.2467e+000 +3.3828e+000 -3.4603e+000 -2.1823e+000 -2.5238e+000 -3.6532e-001 +6.5425e-001
2102 +5.031124477e-001 +5.031124477e-001 +2.733112448e+000 +2.733112448e+000 +3.8185e+000 -2.4062e+000 -2.8761e-001 -1.6957e+000 +3.4162e+000 -3.6009e+000 -2.3786e+000 -2.7928e+000 -3.2885e-001 +8.2211e-001
2253 +3.209564604e-001 +3.209564604e-001 +2.550956460e+000 +2.550956460e+000 +3.7254e+000 -2.3654e+000 +2.8137e-002 -1.7807e+000 +3.4209e+000 -3.7275e+000 -2.2656e+000 -2.6297e+000 -3.6367e-001 +8.2023e-001
2581 +2.140889389e-001 +2.140889389e-001 +2.444088939e+000 +2.444088939e+000 +3.6996e+000 -2.3698e+000 -4.1944e-003 -1.7665e+000 +3.4396e+000 -3.6131e+000 -2.3404e+000 -2.3977e+000 -2.3695e-001 +9.8926e-001
2691 +1.160218981e-001 +1.160218981e-001 +2.346021898e+000 +2.346021898e+000 +3.9297e+000 -2.3833e+000 -2.3861e-002 -1.9891e+000 +3.7739e+000 -3.8494e+000 -2.1852e+000 -2.5618e+000 -2.8483e-001 +9.7550e-001
2838 +9.458940961e-002 +9.458940961e-002 +2.324589410e+000 +2.324589410e+000 +3.8468e+000 -2.4055e+000 +1.4105e-002 -1.9727e+000 +3.6215e+000 -3.7831e+000 -2.1268e+000 -2.4379e+000 -2.5988e-001 +1.0099e+000
2872 +6.179203946e-002 +6.179203946e-002 +2.291792039e+000 +2.291792039e+000 +3.8855e+000 -2.4211e+000 -2.6166e-002 -1.9382e+000 +3.7750e+000 -3.8092e+000 -2.2629e+000 -2.5497e+000 -2.0655e-001 +1.2945e+000
3007 +2.966265473e-002 +2.966265473e-002 +2.259662655e+000 +2.259662655e+000 +3.9700e+000 -2.3619e+000 -1.8657e-003 -1.9533e+000 +3.6457e+000 -3.8568e+000 -2.2044e+000 -2.4897e+000 -1.9455e-001 +1.1940e+000
3088 +2.110136097e-002 +2.110136097e-002 +2.251101361e+000 +2.251101361e+000 +3.9686e+000 -2.3727e+000 -9.0162e-002 -1.8057e+000 +3.6124e+000 -3.8021e+000 -2.2703e+000 -2.5444e+000 -1.6282e-001 +1.1631e+000
3159 +9.992884932e-003 +9.992884932e-003 +2.239992885e+000 +2.239992885e+000 +3.9585e+000 -2.3740e+000 -6.8617e-002 -1.8808e+000 +3.6426e+000 -3.8617e+000 -2.2377e+000 -2.4792e+000 -1.2203e-001 +1.1448e+000
3317 +5.369457169e-003 +5.369457169e-003 +2.235369457e+000 +2.235369457e+000 +3.8984e+000 -2.3479e+000 -4.6653e-002 -1.8339e+000 +3.6458e+000 -3.8425e+000 -2.1933e+000 -2.4990e+000 -1.0407e-001 +1.1364e+000
3487 +3.623268180e-003 +3.623268180e-003 +2.233623268e+000 +2.233623268e+000 +3.8861e+000 -2.3573e+000 -4.3317e-002 -1.8326e+000 +3.6666e+000 -3.8152e+000 -2.2408e+000 -2.4384e+000 -1.0540e-001 +1.1733e+000
3583 +2.486647437e-003 +2.486647437e-003 +2.232486647e+000 +2.232486647e+000 +3.9002e+000 -2.3274e+000 -1.6926e-002 -1.8136e+000 +3.6567e+000 -3.8316e+000 -2.2252e+000 -2.5027e+000 -1.1336e-001 +1.1524e+000
3740 +1.299817890e-003 +1.299817890e-003 +2.231299818e+000 +2.231299818e+000 +3.9152e+000 -2.3395e+000 -2.1352e-002 -1.8396e+000 +3.6629e+000 -3.8324e+000 -2.2088e+000 -2.4823e+000 -1.0606e-001 +1.1643e+000
3801 +8.964637221e-004 +8.964637221e-004 +2.230896464e+000 +2.230896464e+000 +3.9330e+000 -2.3492e+000 -2.3783e-002 -1.8125e+000 +3.6552e+000 -3.8286e+000 -2.2418e+000 -2.4881e+000 -1.0516e-001 +1.1664e+000
3895 +4.017581052e-004 +4.017581052e-004 +2.230401758e+000 +2.230401758e+000 +3.9224e+000 -2.3441e+000 -1.7131e-002 -1.8195e+000 +3.6736e+000 -3.8252e+000 -2.2319e+000 -2.4840e+000 -1.0011e-001 +1.1697e+000
% function evaluation | noise-free fitness - Fopt (-1.308000000000e+001) | best noise-free fitness - Fopt | measured fitness | best measured fitness | x1 | x2...
1 +1.371100946e+003 +1.371100946e+003 +1.358020946e+003 +1.358020946e+003 +8.6022e+000 +1.2882e+001 +7.3505e+000 +1.4542e+001 +9.0504e+000 +8.5697e+000 +7.5385e+000 +1.4281e+001 +1.2891e+001 +1.1746e+001
4 +8.336841759e+002 +8.336841759e+002 +8.206041759e+002 +8.206041759e+002 +6.1567e+000 +1.0809e+001 +5.2271e+000 +1.2596e+001 +7.0258e+000 +1.0619e+001 +5.2013e+000 +8.3219e+000 +9.3142e+000 +5.6883e+000
81 +5.852143260e+002 +5.852143260e+002 +5.721343260e+002 +5.721343260e+002 +6.2363e+000 +8.0236e+000 +9.4112e+000 +8.2403e+000 +5.7126e+000 +8.6143e+000 +5.9985e+000 +6.7264e+000 +7.9466e+000 +3.1583e+000
557 +3.698699674e+002 +3.698699674e+002 +3.567899674e+002 +3.567899674e+002 -5.0826e+000 +3.6740e+000 +7.6551e+000 +7.7342e+000 +1.4617e+000 +8.3288e+000 +7.4818e+000 +2.9597e+000 +8.8950e+000 -4.1065e+000
689 +2.440426598e+002 +2.440426598e+002 +2.309626598e+002 +2.309626598e+002 -3.2950e+000 +1.6801e+000 +1.1958e+001 +1.3213e+001 -1.5854e+000 -1.6009e+000 +4.2899e+000 +5.5885e-001 +4.8608e+000 +9.3353e-001
812 +1.462475345e+002 +1.462475345e+002 +1.331675345e+002 +1.331675345e+002 -1.6127e+000 -3.4586e-001 +4.2997e+000 +9.6369e+000 +3.0772e-001 +2.7207e+000 +4.6413e+000 +2.0406e+000 +6.1208e+000 -1.1986e+000
992 +9.808213913e+001 +9.808213913e+001 +8.500213913e+001 +8.500213913e+001 -5.5491e+000 -2.5875e+000 +7.4251e+000 +9.1140e+000 -4.3327e+000 -2.8581e+000 +1.8384e+000 -2.2969e+000 +1.6115e+000 +3.8642e-001
1125 +5.450681074e+001 +5.450681074e+001 +4.142681074e+001 +4.142681074e+001 -1.4813e+000 -2.5204e+000 +8.1302e+000 +7.3009e+000 -4.0501e+000 -1.1770e+000 +2.4675e+000 -2.4529e-001 +2.0293e+000 -1.3744e+000
1201 +3.676537196e+001 +3.676537196e+001 +2.368537196e+001 +2.368537196e+001 -2.7194e+000 -2.3098e+000 +7.1667e+000 +6.8783e+000 -2.9428e+000 -1.7124e+000 +1.2742e+000 -2.5566e+000 +1.4771e+000 -2.7547e+000
1308 +2.486550545e+001 +2.486550545e+001 +1.178550545e+001 +1.178550545e+001 -1.7627e+000 -1.9467e+000 +5.5061e+000 +5.7669e+000 -3.4870e+000 -2.3881e+000 +1.1597e+000 -3.2109e+000 -2.2298e+000 -1.2974e+000
1467 +1.530666996e+001 +1.530666996e+001 +2.226669958e+000 +2.226669958e+000 -3.6081e-001 -2.0234e+000 +4.9263e+000 +4.8214e+000 -2.4525e+000 -1.0787e+000 +1.2477e+000 -3.9547e+000 -1.9565e+000 -3.3334e+000
1601 +9.591936089e+000 +9.591936089e+000 -3.488063911e+000 -3.488063911e+000 -5.2508e-001 -2.5336e+000 +4.3862e+000 +4.6236e+000 -2.4209e+000 -2.0188e+000 +5.0710e-001 -3.9515e+000 -7.2668e-001 -2.4916e+000
1667 +5.626610203e+000 +5.626610203e+000 -7.453389797e+000 -7.453389797e+000 +6.4758e-001 -2.3064e+000 +3.1683e+000 +4.1328e+000 -2.9738e+000 -2.4346e+000 +7.9759e-001 -2.8037e+000 -1.4834e+000 -2.5534e+000
1740 +3.698797505e+000 +3.698797505e+000 -9.381202495e+000 -9.381202495e+000 +8.7617e-001 -2.5948e+000 +2.5512e+000 +3.6660e+000 -2.9048e+000 -2.5074e+000 +1.1023e+000 -2.4759e+000 -7.7618e-001 -2.7919e+000
1892 +2.174071468e+000 +2.174071468e+000 -1.090592853e+001 -1.090592853e+001 +9.3290e-001 -2.6183e+000 +2.7155e+000 +3.5351e+000 -2.8316e+000 -2.6740e+000 +1.1700e+000 -2.2800e+000 +2.2276e-001 -3.3558e+000
1961 +1.567726624e+000 +1.567726624e+000 -1.151227338e+001 -1.151227338e+001 +6.4675e-001 -2.0296e+000 +2.8778e+000 +3.8531e+000 -2.7210e+000 -2.4336e+000 +9.2663e-001 -2.1282e+000 +9.5910e-002 -3.5060e+000
2237 +9.401464323e-001 +9.401464323e-001 -1.213985357e+001 -1.213985357e+001 +6.5016e-001 -1.7942e+000 +3.1393e+000 +4.0543e+000 -2.1986e+000 -2.5956e+000 +1.3149e+000 -2.0060e+000 +4.4737e-001 -3.5181e+000
2305 +4.661018773e-001 +4.661018773e-001 -1.261389812e+001 -1.261389812e+001 +3.2584e-001 -2.3558e+000 +3.3759e+000 +3.5941e+000 -2.4501e+000 -2.8451e+000 +1.7242e+000 -2.1317e+000 -2.5297e-001 -3.4289e+000
2414 +3.238456918e-001 +3.238456918e-001 -1.275615431e+001 -1.275615431e+001 +3.3179e-001 -2.0305e+000 +3.3250e+000 +3.5746e+000 -2.3429e+000 -2.8758e+000 +1.6005e+000 -1.9944e+000 -2.1962e-001 -3.5244e+000
2522 +2.331507219e-001 +2.331507219e-001 -1.284684928e+001 -1.284684928e+001 +1.5696e-001 -2.2597e+000 +3.3750e+000 +3.6955e+000 -2.2980e+000 -2.6298e+000 +1.5622e+000 -2.1506e+000 +7.1746e-002 -3.3103e+000
2555 +1.556771497e-001 +1.556771497e-001 -1.292432285e+001 -1.292432285e+001 +3.5306e-001 -1.9883e+000 +3.4666e+000 +3.5037e+000 -2.2526e+000 -2.9437e+000 +1.7071e+000 -2.0084e+000 +1.0949e-001 -3.4781e+000
2955 +9.670501204e-002 +9.670501204e-002 -1.298329499e+001 -1.298329499e+001 +3.0322e-001 -2.0924e+000 +3.4649e+000 +3.5069e+000 -2.2591e+000 -2.8566e+000 +1.7139e+000 -1.9971e+000 +6.9162e-002 -3.3294e+000
3059 +5.862761613e-002 +5.862761613e-002 -1.302137238e+001 -1.302137238e+001 +2.3706e-001 -2.0378e+000 +3.4914e+000 +3.5362e+000 -2.2956e+000 -2.9674e+000 +1.6930e+000 -2.1243e+000 +1.1987e-001 -3.2767e+000
3278 +3.866512472e-002 +3.866512472e-002 -1.304133488e+001 -1.304133488e+001 +2.8301e-001 -2.0008e+000 +3.4088e+000 +3.5788e+000 -2.3541e+000 -2.9014e+000 +1.6473e+000 -2.1221e+000 +8.8738e-002 -3.2305e+000
3281 +1.875251487e-002 +1.875251487e-002 -1.306124749e+001 -1.306124749e+001 +2.6597e-001 -1.9728e+000 +3.4846e+000 +3.5382e+000 -2.3368e+000 -2.9074e+000 +1.6331e+000 -2.1011e+000 +1.3703e-001 -3.1917e+000
3399 +1.253417256e-002 +1.253417256e-002 -1.306746583e+001 -1.306746583e+001 +2.3312e-001 -1.9719e+000 +3.5156e+000 +3.5784e+000 -2.3674e+000 -2.9135e+000 +1.5960e+000 -2.0578e+000 +9.9110e-002 -3.1399e+000
3476 +9.970994540e-003 +9.970994540e-003 -1.307002901e+001 -1.307002901e+001 +2.4113e-001 -1.9560e+000 +3.5074e+000 +3.5667e+000 -2.3306e+000 -2.8904e+000 +1.6471e+000 -2.0823e+000 +1.3734e-001 -3.1456e+000
3586 +6.056866123e-003 +6.056866123e-003 -1.307394313e+001 -1.307394313e+001 +2.4177e-001 -1.9513e+000 +3.4948e+000 +3.5662e+000 -2.3454e+000 -2.8888e+000 +1.6506e+000 -2.0452e+000 +1.4504e-001 -3.1578e+000
3759 +3.530075031e-003 +3.530075031e-003 -1.307646992e+001 -1.307646992e+001 +2.2530e-001 -1.9406e+000 +3.5108e+000 +3.5663e+000 -2.3773e+000 -2.8652e+000 +1.6528e+000 -2.0307e+000 +1.6725e-001 -3.1530e+000
3807 +2.097796651e-003 +2.097796651e-003 -1.307790220e+001 -1.307790220e+001 +2.0082e-001 -1.9324e+000 +3.4972e+000 +3.6086e+000 -2.3754e+000 -2.8475e+000 +1.5853e+000 -2.0281e+000 +1.6056e-001 -3.1792e+000
3820 +1.414880382e-003 +1.414880382e-003 -1.307858512e+001 -1.307858512e+001 +2.1471e-001 -1.9377e+000 +3.5130e+000 +3.5799e+000 -2.3638e+000 -2.8695e+000 +1.6359e+000 -2.0253e+000 +1.5766e-001 -3.1628e+000
% function evaluation | noise-free fitness - Fopt (2.671600000000e+002) | best noise-free fitness - Fopt | measured fitness | best measured fitness | x1 | x2...
1 +1.771620956e+003 +1.771620956e+003 +2.038780956e+003 +2.038780956e+003 +1.2550e+001 +7.8676e+000 +1.4001e+001 +1.2377e+001 +1.3745e+001 +5.2600e+000 +1.4980e+001 +8.8066e+000 +1.4589e+001 +1.1042e+001
4 +1.415676337e+003 +1.415676337e+003 +1.682836337e+003 +1.682836337e+003 +1.3911e+001 +7.0232e+000 +8.4323e+000 +1.2381e+001 +6.5491e+000 +6.7934e+000 +1.3885e+001 +1.4306e+001 +6.1961e+000 +9.2457e+000
108 +9.518760856e+002 +9.518760856e+002 +1.219036086e+003 +1.219036086e+003 +1.1165e+001 +2.5732e+000 -7.1626e-001 +6.1708e+000 +8.0990e+000 +1.6854e+001 +7.9734e+000 +5.4505e+000 +8.6743e+000 +5.6192e+000
228 +6.055036953e+002 +6.055036953e+002 +8.726636953e+002 +8.726636953e+002 +8.0368e+000 -3.9388e+000 +5.2600e+000 +6.7973e+000 +7.2136e+000 +3.3274e+000 +5.2672e+000 -3.2218e+000 +8.8787e+000 +1.2447e+001
378 +2.327809896e+002 +2.327809896e+002 +4.999409896e+002 +4.999409896e+002 +5.2789e+000 -4.1941e+000 -4.2369e+000 +8.1983e+000 +3.7186e+000 +4.4900e+000 +2.3013e+000 -2.2345e+000 +1.0908e+000 +1.4906e+000
659 +1.268353154e+002 +1.268353154e+002 +3.939953154e+002 +3.939953154e+002 +4.5366e+000 -1.8721e+000 -3.4504e+000 +5.4239e+000 +2.3322e+000 +2.9592e-001 -1.6361e-001 -1.5820e+000 -9.0023e-001 +1.4049e+000
737 +9.819913493e+001 +9.819913493e+001 +3.653591349e+002 +3.653591349e+002 +3.5680e+000 -1.7536e+000 -3.7242e+000 +3.8599e+000 +7.9383e-001 -9.8152e-001 -1.9731e+000 -1.9985e+000 -2.3981e+000 +4.3158e-001
931 +5.997532213e+001 +5.997532213e+001 +3.271353221e+002 +3.271353221e+002 +1.2026e+000 -1.3631e+000 -8.9360e-001 -5.3358e+000 +1.8143e+000 -1.2437e+000 +3.3579e+000 -4.6796e-001 -1.7254e+000 +3.7993e+000
938 +3.309805455e+001 +3.309805455e+001 +3.002580545e+002 +3.002580545e+002 +1.9435e-001 -2.9053e+000 -5.5517e+000 +1.3705e+000 +3.0888e+000 -1.9244e+000 -1.2449e+000 -2.5957e+000 -3.1056e+000 +2.9171e+000
1004 +2.475730383e+001 +2.475730383e+001 +2.919173038e+002 +2.919173038e+002 +5.6066e-001 -2.5112e+000 -4.4784e+000 -1.9059e+000 +5.3127e-001 -2.0849e+000 -2.2769e-001 -2.0161e+000 -4.2481e+000 +1.5736e+000
1243 +1.263948141e+001 +1.263948141e+001 +2.797994814e+002 +2.797994814e+002 -7.3956e-001 -3.8699e+000 -3.5417e+000 -2.5620e+000 +3.4193e+000 -1.8645e+000 +8.7058e-002 -4.3988e+000 -4.7328e+000 +1.6563e+000
1370 +8.867663762e+000 +8.867663762e+000 +2.760276638e+002 +2.760276638e+002 -2.1669e+000 -3.8230e+000 -2.8170e+000 -2.1145e+000 +4.2085e+000 -2.5535e+000 +2.1975e-001 -3.8133e+000 -5.2127e+000 +2.1643e+000
1429 +5.741480924e+000 +5.741480924e+000 +2.729014809e+002 +2.729014809e+002 -3.5574e+000 -4.6178e+000 -4.0054e+000 -3.3206e+000 +2.3495e+000 -1.8196e+000 +3.6460e-001 -2.7266e+000 -3.8751e+000 +1.3095e+000
1654 +3.904243337e+000 +3.904243337e+000 +2.710642433e+002 +2.710642433e+002 -3.2885e+000 -3.3493e+000 -2.9756e+000 -1.6102e+000 +4.0269e+000 -2.6899e+000 +5.8739e-001 -3.3238e+000 -4.2505e+000 +1.8493e+000
1810 +2.016883781e+000 +2.016883781e+000 +2.691768838e+002 +2.691768838e+002 -3.3781e+000 -3.4348e+000 -3.0078e+000 -1.5949e+000 +3.2286e+000 -1.8640e+000 +1.1578e+000 -2.8387e+000 -4.4983e+000 +2.0172e+000
1921 +1.479300787e+000 +1.479300787e+000 +2.686393008e+002 +2.686393008e+002 -3.0085e+000 -3.6932e+000 -3.1247e+000 -1.4031e+000 +3.1216e+000 -2.1762e+000 +1.5043e+000 -2.3996e+000 -2.7893e+000 +1.7858e+000
1924 +7.069990549e-001 +7.069990549e-001 +2.678669991e+002 +2.678669991e+002 -3.0406e+000 -3.8021e+000 -3.3516e+000 -1.7996e+000 +3.3053e+000 -2.0803e+000 +9.8077e-001 -2.8278e+000 -3.9302e+000 +1.5903e+000
2002 +4.566841840e-001 +4.566841840e-001 +2.676166842e+002 +2.676166842e+002 -3.0110e+000 -3.7250e+000 -3.2707e+000 -1.6409e+000 +3.2498e+000 -1.9792e+000 +1.3623e+000 -2.6372e+000 -3.5174e+000 +1.6549e+000
2185 +3.336884843e-001 +3.336884843e-001 +2.674936885e+002 +2.674936885e+002 -3.1351e+000 -3.8571e+000 -3.3268e+000 -1.7397e+000 +3.4491e+000 -1.8627e+000 +1.3762e+000 -2.3924e+000 -3.7501e+000 +1.7742e+000
2318 +1.550290253e-001 +1.550290253e-001 +2.673150290e+002 +2.673150290e+002 -3.0259e+000 -3.6027e+000 -3.3960e+000 -1.9272e+000 +3.5467e+000 -1.7327e+000 +1.3431e+000 -2.1898e+000 -3.3980e+000 +1.5684e+000
2748 +9.443362267e-002 +9.443362267e-002 +2.672544336e+002 +2.672544336e+002 -3.0749e+000 -3.6805e+000 -3.3747e+000 -1.9058e+000 +3.3768e+000 -1.6695e+000 +1.3069e+000 -2.2076e+000 -3.5331e+000 +1.6119e+000
2868 +5.704166758e-002 +5.704166758e-002 +2.672170417e+002 +2.672170417e+002 -3.0120e+000 -3.6088e+000 -3.5367e+000 -1.8867e+000 +3.4896e+000 -1.9096e+000 +1.1444e+000 -2.1461e+000 -3.5120e+000 +1.5816e+000
2879 +2.103472424e-002 +2.103472424e-002 +2.671810347e+002 +2.671810347e+002 -2.9286e+000 -3.6483e+000 -3.4074e+000 -1.9394e+000 +3.3215e+000 -1.7373e+000 +1.0826e+000 -2.1365e+000 -3.5174e+000 +1.5963e+000
3030 +1.436550827e-002 +1.436550827e-002 +2.671743655e+002 +2.671743655e+002 -2.9450e+000 -3.6302e+000 -3.4693e+000 -1.9132e+000 +3.3836e+000 -1.8000e+000 +1.1101e+000 -2.1273e+000 -3.5038e+000 +1.5747e+000
3169 +9.885579134e-003 +9.885579134e-003 +2.671698856e+002 +2.671698856e+002 -2.9064e+000 -3.6796e+000 -3.4517e+000 -1.9067e+000 +3.3695e+000 -1.8011e+000 +1.1436e+000 -2.1820e+000 -3.5519e+000 +1.5139e+000
3274 +3.642858263e-003 +3.642858263e-003 +2.671636429e+002 +2.671636429e+002 -2.9085e+000 -3.6620e+000 -3.4866e+000 -1.9082e+000 +3.3504e+000 -1.7926e+000 +1.0846e+000 -2.1885e+000 -3.6137e+000 +1.5638e+000
3716 +2.329678679e-003 +2.329678679e-003 +2.671623297e+002 +2.671623297e+002 -2.9367e+000 -3.6574e+000 -3.4554e+000 -1.8826e+000 +3.3376e+000 -1.7976e+000 +1.1023e+000 -2.1607e+000 -3.5684e+000 +1.5509e+000
3805 +1.500880031e-003 +1.500880031e-003 +2.671615009e+002 +2.671615009e+002 -2.9219e+000 -3.6587e+000 -3.4654e+000 -1.8974e+000 +3.3536e+000 -1.7783e+000 +1.0953e+000 -2.1839e+000 -3.5970e+000 +1.5507e+000
3883 +8.533842050e-004 +8.533842050e-004 +2.671608534e+002 +2.671608534e+002 -2.9265e+000 -3.6492e+000 -3.4710e+000 -1.8986e+000 +3.3497e+000 -1.7814e+000 +1.1036e+000 -2.1764e+000 -3.5940e+000 +1.5535e+000
3903 +4.912891081e-004 +4.912891081e-004 +2.671604913e+002 +2.671604913e+002 -2.9182e+000 -3.6386e+000 -3.4682e+000 -1.8891e+000 +3.3530e+000 -1.7869e+000 +1.1049e+000 -2.1768e+000 -3.6135e+000 +1.5628e+000
% function evaluation | noise-free fitness - Fopt (3.710000000000e+000) | best noise-free fitness - Fopt | measured fitness | best measured fitness | x1 | x2...
1 +8.324399222e+002 +8.324399222e+002 +8.361499222e+002 +8.361499222e+002 +1.2722e+001 +8.7612e+000 +1.3333e+001 +8.0853e+000 +6.2665e+000 +6.1651e+000 +6.7641e+000 +1.4757e+001 +8.7769e+000 +5.7568e+000
69 +5.994925146e+002 +5.994925146e+002 +6.032025146e+002 +6.032025146e+002 +5.6580e+000 +3.4470e+000 +5.3161e+000 +8.1194e+000 +7.4290e+000 +1.1697e+001 +6.2410e+000 +1.3279e+001 +8.9231e+000 +6.9311e+000
489 +2.990313185e+002 +2.990313185e+002 +3.027413185e+002 +3.027413185e+002 +7.4343e+000 +5.7664e+000 +6.3894e+000 +1.8448e-001 +4.1637e+000 +6.4053e+000 +3.5847e+000 +3.9937e+000 +5.6321e+000 +8.6074e+000
790 +2.435004325e+002 +2.435004325e+002 +2.472104325e+002 +2.472104325e+002 +8.4697e+000 -1.1612e+000 +5.3926e+000 +7.5144e+000 +4.7155e+000 +4.1330e+000 +8.1466e-001 +4.6280e+000 +9.2450e+000 +3.4956e+000
872 +1.562645145e+002 +1.562645145e+002 +1.599745145e+002 +1.599745145e+002 +5.1533e+000 +4.7755e+000 +6.2932e+000 -5.3299e-001 +1.8892e+000 +1.9185e+000 +2.6007e+000 +2.9184e+000 +4.2364e+000 +4.7839e+000
1064 +9.661955812e+001 +9.661955812e+001 +1.003295581e+002 +1.003295581e+002 +5.7733e+000 -7.8485e-001 +4.6319e+000 +5.5527e-001 +2.7852e+000 +1.7844e+000 +2.5281e+000 +5.7312e+000 +3.6601e+000 +4.9007e+000
1232 +5.682153731e+001 +5.682153731e+001 +6.053153731e+001 +6.053153731e+001 +3.2848e+000 -3.0857e+000 +6.2595e+000 -9.8293e-001 -8.6199e-002 +8.6588e-001 -2.1383e+000 +1.2473e-001 +1.0884e+000 +3.0444e+000
1397 +3.624479200e+001 +3.624479200e+001 +3.995479200e+001 +3.995479200e+001 +6.2534e+000 -1.5290e+000 +4.7480e+000 -3.5876e+000 +2.9671e+000 +5.5763e-001 -1.3996e+000 +1.3568e+000 +1.3542e+000 -1.7886e-001
1524 +2.205880639e+001 +2.205880639e+001 +2.576880639e+001 +2.576880639e+001 +3.5952e+000 -2.0862e+000 +3.9964e+000 -2.2170e+000 +1.6719e+000 -4.6547e-001 -1.1178e+000 +2.0648e+000 +9.1741e-002 +2.6186e-001
1630 +1.445705709e+001 +1.445705709e+001 +1.816705709e+001 +1.816705709e+001 +4.9127e+000 -3.6893e+000 +3.7120e+000 -1.3658e+000 -7.7210e-001 +1.1083e+000 -1.0967e+000 +2.6074e+000 +1.6004e+000 +4.3467e-001
1742 +9.994230655e+000 +9.994230655e+000 +1.370423065e+001 +1.370423065e+001 +5.3311e+000 -4.3869e+000 +2.7294e+000 -2.8300e+000 +1.8344e-001 +9.6413e-001 -2.3197e+000 +2.4364e+000 +1.5469e+000 +3.0355e-001
1895 +6.198513805e+000 +6.198513805e+000 +9.908513805e+000 +9.908513805e+000 +5.1693e+000 -4.1393e+000 +2.3855e+000 -2.5559e+000 +4.8743e-001 +1.1043e+000 -2.2143e+000 +2.3234e+000 +1.9137e+000 -4.1187e-001
2188 +3.723651380e+000 +3.723651380e+000 +7.433651380e+000 +7.433651380e+000 +4.1447e+000 -3.6134e+000 +2.3787e+000 -2.2203e+000 +4.2723e-001 +1.2968e+000 -1.3208e+000 +2.4665e+000 +1.3763e+000 -9.9026e-001
2265 +1.736171526e+000 +1.736171526e+000 +5.446171526e+000 +5.446171526e+000 +4.9471e+000 -3.6982e+000 +1.2809e+000 -2.3373e+000 +8.9283e-001 +1.4334e+000 -2.0604e+000 +2.9727e+000 +2.0958e+000 -7.8698e-001
2304 +9.177761454e-001 +9.177761454e-001 +4.627776145e+000 +4.627776145e+000 +3.9950e+000 -3.7692e+000 +1.0935e+000 -2.0105e+000 +3.5078e-001 +1.4223e+000 -2.3722e+000 +2.8394e+000 +1.8886e+000 -9.9082e-001
2521 +4.847744385e-001 +4.847744385e-001 +4.194774439e+000 +4.194774439e+000 +3.7914e+000 -3.4004e+000 +9.2679e-001 -2.0708e+000 +4.7634e-001 +1.4456e+000 -2.2234e+000 +2.9646e+000 +1.9867e+000 -1.1703e+000
2655 +3.471656394e-001 +3.471656394e-001 +4.057165639e+000 +4.057165639e+000 +4.0332e+000 -3.4819e+000 +9.0428e-001 -2.0490e+000 +4.8377e-001 +1.5652e+000 -2.1582e+000 +2.9401e+000 +1.9475e+000 -9.8905e-001
2798 +1.877579150e-001 +1.877579150e-001 +3.897757915e+000 +3.897757915e+000 +3.9025e+000 -3.2534e+000 +6.8719e-001 -1.9475e+000 +5.0411e-001 +1.5097e+000 -2.0722e+000 +2.9848e+000 +1.9105e+000 -9.4194e-001
2878 +1.386829727e-001 +1.386829727e-001 +3.848682973e+000 +3.848682973e+000 +3.8042e+000 -3.0968e+000 +7.1390e-001 -1.8330e+000 +6.7191e-001 +1.5125e+000 -1.8510e+000 +3.1390e+000 +1.7962e+000 -9.8276e-001
2966 +8.452626088e-002 +8.452626088e-002 +3.794526261e+000 +3.794526261e+000 +3.8885e+000 -3.3106e+000 +8.3374e-001 -1.9306e+000 +4.9495e-001 +1.5970e+000 -1.9315e+000 +3.1296e+000 +1.7682e+000 -8.2417e-001
3053 +5.754725285e-002 +5.754725285e-002 +3.767547253e+000 +3.767547253e+000 +4.0178e+000 -3.2069e+000 +6.9371e-001 -2.0059e+000 +7.0362e-001 +1.5615e+000 -1.9720e+000 +3.1470e+000 +1.7964e+000 -8.3206e-001
3244 +3.952875232e-002 +3.952875232e-002 +3.749528752e+000 +3.749528752e+000 +3.9610e+000 -3.2030e+000 +7.8643e-001 -1.9816e+000 +6.2003e-001 +1.5896e+000 -1.9137e+000 +3.1087e+000 +1.7781e+000 -7.7858e-001
3446 +2.496074355e-002 +2.496074355e-002 +3.734960744e+000 +3.734960744e+000 +3.9697e+000 -3.2697e+000 +7.8452e-001 -1.9856e+000 +6.9149e-001 +1.5530e+000 -1.8728e+000 +3.1501e+000 +1.7651e+000 -7.9421e-001
3576 +1.367414361e-002 +1.367414361e-002 +3.723674144e+000 +3.723674144e+000 +4.0176e+000 -3.1570e+000 +8.2747e-001 -1.9946e+000 +6.6609e-001 +1.5105e+000 -1.8298e+000 +3.1799e+000 +1.7521e+000 -7.9747e-001
3695 +5.154250504e-003 +5.154250504e-003 +3.715154251e+000 +3.715154251e+000 +3.9953e+000 -3.2054e+000 +7.9888e-001 -2.0108e+000 +6.3871e-001 +1.4540e+000 -1.8712e+000 +3.1725e+000 +1.7457e+000 -8.2730e-001
3891 +3.664117746e-003 +3.664117746e-003 +3.713664118e+000 +3.713664118e+000 +4.0074e+000 -3.2297e+000 +8.1216e-001 -2.0270e+000 +6.5078e-001 +1.4605e+000 -1.8239e+000 +3.1705e+000 +1.7723e+000 -8.2860e-001
% function evaluation | noise-free fitness - Fopt (9.478000000000e+001) | best noise-free fitness - Fopt | measured fitness | best measured fitness | x1 | x2...
1 +8.480630388e+002 +8.480630388e+002 +9.428430388e+002 +9.428430388e+002 +5.3254e+000 +1.3881e+001 +1.1269e+001 +6.9809e+000 +6.3843e+000 +5.4131e+000 +7.8817e+000 +1.2923e+001 +1.2011e+001 +1.3597e+001
9 +5.908997249e+002 +5.908997249e+002 +6.856797249e+002 +6.856797249e+002 +5.0709e+000 +6.7459e+000 +7.9340e+000 +8.0977e+000 +6.4564e+000 +1.0378e+001 +5.5885e+000 +1.2495e+001 +1.1268e+001 +7.2104e+000
294 +3.794903330e+002 +3.794903330e+002 +4.742703330e+002 +4.742703330e+002 +7.0080e+000 +6.0463e+000 +9.3192e+000 +7.0750e+000 +4.2025e+000 +6.2622e+000 +4.2457e+000 +3.6559e+000 +1.1285e+001 +1.2529e+000
699 +2.213219483e+002 +2.213219483e+002 +3.161019483e+002 +3.161019483e+002 +1.9920e+000 -1.9560e+000 +1.2421e+001 +4.1445e+000 +2.1718e+000 -7.2634e-001 +1.0238e+001 +5.1854e+000 +8.8138e+000 +3.1134e+000
881 +1.583788905e+002 +1.583788905e+002 +2.531588905e+002 +2.531588905e+002 +1.3964e+000 -3.5890e-001 +8.6534e+000 +3.3163e+000 +2.0939e+000 +3.6298e+000 +9.9097e+000 +5.1967e+000 +9.1952e-001 +6.4160e+000
1068 +6.267260940e+001 +6.267260940e+001 +1.574526094e+002 +1.574526094e+002 +2.5525e+000 -2.3152e+000 +8.1997e+000 +1.7586e+000 +3.8310e+000 +1.4685e+000 +2.8899e+000 +4.4312e+000 +2.3661e+000 +4.2987e+000
1309 +2.670746858e+001 +2.670746858e+001 +1.214874686e+002 +1.214874686e+002 +9.5418e-001 -2.5973e+000 +5.9962e+000 +3.7096e-001 +3.5377e+000 +1.2918e+000 +4.7991e+000 +2.8381e+000 +2.4309e+000 +2.0669e+000
1433 +2.445592476e+001 +2.445592476e+001 +1.192359248e+002 +1.192359248e+002 +1.2882e+000 -3.8606e+000 +5.8219e+000 +3.2396e-002 +2.6854e+000 +2.2428e+000 +4.0644e+000 +2.9138e+000 +2.7807e+000 +2.3172e+000
1561 +1.473927143e+001 +1.473927143e+001 +1.095192714e+002 +1.095192714e+002 +1.7810e+000 -2.7307e+000 +5.3572e+000 -5.9133e-001 +3.5790e+000 +1.0569e+000 +3.1158e+000 +1.5993e+000 +2.8985e+000 +2.5020e+000
1657 +5.723233980e+000 +5.723233980e+000 +1.005032340e+002 +1.005032340e+002 +2.2178e+000 -2.9717e+000 +4.2535e+000 -2.2816e+000 +3.4236e+000 +4.6402e-002 +3.6554e+000 +1.0464e+000 +2.6456e+000 +3.8530e+000
1747 +3.850127538e+000 +3.850127538e+000 +9.863012754e+001 +9.863012754e+001 +1.8288e+000 -3.3082e+000 +3.7120e+000 -2.5025e+000 +2.8069e+000 +4.2587e-001 +3.1643e+000 +8.0790e-001 +2.6811e+000 +3.0099e+000
1917 +2.304665344e+000 +2.304665344e+000 +9.708466534e+001 +9.708466534e+001 +1.7806e+000 -3.6104e+000 +4.2438e+000 -2.7487e+000 +2.5810e+000 +5.1065e-001 +3.1867e+000 +1.5778e+000 +3.2912e+000 +3.1772e+000
1996 +1.492827474e+000 +1.492827474e+000 +9.627282747e+001 +9.627282747e+001 +8.1861e-001 -3.1231e+000 +4.0660e+000 -3.2225e+000 +2.7094e+000 +1.0560e-001 +3.0091e+000 +1.6577e+000 +2.3954e+000 +2.5186e+000
2195 +8.251760475e-001 +8.251760475e-001 +9.560517605e+001 +9.560517605e+001 +1.1409e+000 -3.3520e+000 +3.7021e+000 -3.5085e+000 +2.5504e+000 +3.5350e-001 +3.1783e+000 +1.3930e+000 +2.9976e+000 +2.9192e+000
2332 +4.978919432e-001 +4.978919432e-001 +9.527789194e+001 +9.527789194e+001 +1.0850e+000 -3.4202e+000 +3.8985e+000 -3.7268e+000 +2.5868e+000 +3.0740e-001 +3.3149e+000 +1.8484e+000 +2.8518e+000 +3.0523e+000
2393 +2.792057268e-001 +2.792057268e-001 +9.505920573e+001 +9.505920573e+001 +1.1124e+000 -3.2981e+000 +3.9929e+000 -3.3551e+000 +2.6744e+000 -5.7535e-002 +3.4032e+000 +1.5418e+000 +3.1855e+000 +3.0189e+000
2411 +2.420461533e-001 +2.420461533e-001 +9.502204615e+001 +9.502204615e+001 +1.0055e+000 -3.3509e+000 +3.9412e+000 -3.5988e+000 +2.5460e+000 +1.9462e-001 +3.3979e+000 +1.8284e+000 +2.9427e+000 +3.0317e+000
2485 +1.342570837e-001 +1.342570837e-001 +9.491425708e+001 +9.491425708e+001 +9.5097e-001 -3.3069e+000 +3.9669e+000 -3.5138e+000 +2.5202e+000 +1.0376e-001 +3.4400e+000 +1.8093e+000 +3.0083e+000 +3.0138e+000
2565 +9.517538393e-002 +9.517538393e-002 +9.487517538e+001 +9.487517538e+001 +9.1604e-001 -3.2787e+000 +3.9833e+000 -3.4594e+000 +2.5037e+000 +4.5606e-002 +3.4669e+000 +1.7970e+000 +3.0503e+000 +3.0023e+000
2689 +6.059840225e-002 +6.059840225e-002 +9.484059840e+001 +9.484059840e+001 +8.7224e-001 -3.2063e+000 +3.8870e+000 -3.5634e+000 +2.4848e+000 -5.1737e-002 +3.5344e+000 +1.8518e+000 +3.0602e+000 +2.9174e+000
2901 +3.619904497e-002 +3.619904497e-002 +9.481619904e+001 +9.481619904e+001 +8.9385e-001 -3.2169e+000 +3.9678e+000 -3.5070e+000 +2.5583e+000 -1.0041e-001 +3.5663e+000 +1.8280e+000 +3.0428e+000 +3.0122e+000
3041 +2.157562212e-002 +2.157562212e-002 +9.480157562e+001 +9.480157562e+001 +8.7326e-001 -3.2156e+000 +3.9694e+000 -3.5100e+000 +2.4677e+000 -9.5517e-002 +3.5540e+000 +1.8590e+000 +3.0952e+000 +3.0611e+000
3217 +1.412337428e-002 +1.412337428e-002 +9.479412337e+001 +9.479412337e+001 +8.8255e-001 -3.1870e+000 +3.9494e+000 -3.4573e+000 +2.5062e+000 -1.4141e-001 +3.5668e+000 +1.8545e+000 +3.1025e+000 +3.0623e+000
3281 +9.525640382e-003 +9.525640382e-003 +9.478952564e+001 +9.478952564e+001 +9.2558e-001 -3.1699e+000 +3.9296e+000 -3.5079e+000 +2.5122e+000 -1.7359e-001 +3.5718e+000 +1.8897e+000 +3.0759e+000 +3.1140e+000
3538 +4.812341778e-003 +4.812341778e-003 +9.478481234e+001 +9.478481234e+001 +9.6541e-001 -3.1884e+000 +3.9082e+000 -3.5015e+000 +2.5126e+000 -1.7291e-001 +3.5771e+000 +1.9157e+000 +3.1596e+000 +3.0970e+000
3661 +3.977665448e-003 +3.977665448e-003 +9.478397767e+001 +9.478397767e+001 +9.2052e-001 -3.1613e+000 +3.9132e+000 -3.4694e+000 +2.5214e+000 -1.2825e-001 +3.5760e+000 +1.9151e+000 +3.1883e+000 +3.1233e+000
3710 +2.476442349e-003 +2.476442349e-003 +9.478247644e+001 +9.478247644e+001 +9.3715e-001 -3.1836e+000 +3.8937e+000 -3.5106e+000 +2.5114e+000 -1.3155e-001 +3.5803e+000 +1.9075e+000 +3.1160e+000 +3.0945e+000
3847 +1.287620961e-003 +1.287620961e-003 +9.478128762e+001 +9.478128762e+001 +9.2367e-001 -3.1487e+000 +3.9023e+000 -3.5108e+000 +2.5089e+000 -1.0918e-001 +3.5932e+000 +1.9114e+000 +3.1352e+000 +3.0835e+000
3888 +6.167197197e-004 +6.167197197e-004 +9.478061672e+001 +9.478061672e+001 +9.3991e-001 -3.1639e+000 +3.8936e+000 -3.5073e+000 +2.5151e+000 -1.3785e-001 +3.5846e+000 +1.9084e+000 +3.1457e+000 +3.0938e+000
% function evaluation | noise-free fitness - Fopt (2.339200000000e+002) | best noise-free fitness - Fopt | measured fitness | best measured fitness | x1 | x2...
1 +8.332132359e+002 +8.332132359e+002 +1.067133236e+003 +1.067133236e+003 +5.2904e+000 +1.1144e+001 +7.9207e+000 +6.2982e+000 +8.1316e+000 +1.3450e+001 +5.6210e+000 +5.4478e+000 +1.2705e+001 +1.0118e+001
75 +6.178402090e+002 +6.178402090e+002 +8.517602090e+002 +8.517602090e+002 +1.0195e+001 +6.9466e+000 +4.8071e+000 +4.9092e+000 +9.3081e+000 +8.7332e+000 +4.7127e+000 +6.8916e+000 +4.0508e+000 +1.0802e+001
549 +3.304423236e+002 +3.304423236e+002 +5.643623236e+002 +5.643623236e+002 +3.0211e+000 +4.1040e+000 +5.2778e+000 +6.3848e+000 +6.6917e+000 +1.0787e+001 +2.4774e+000 +4.4239e+000 -1.6753e+000 +2.1453e+000
731 +2.160412146e+002 +2.160412146e+002 +4.499612146e+002 +4.499612146e+002 +2.2155e+000 +6.1157e+000 -1.6182e+000 +3.8100e+000 +4.2197e+000 +7.0675e+000 +5.0565e+000 +7.8071e+000 +2.6141e+000 +7.5869e-001
885 +1.579798992e+002 +1.579798992e+002 +3.918998992e+002 +3.918998992e+002 +1.0255e+000 +5.5157e+000 -1.2561e+000 +2.2746e+000 +3.2892e+000 +7.8386e+000 +4.9549e+000 +5.8170e+000 +1.2050e-001 -1.7216e+000
1129 +9.812290920e+001 +9.812290920e+001 +3.320429092e+002 +3.320429092e+002 -9.5221e-001 +4.7680e+000 -1.9441e+000 +1.6577e+000 +1.7916e+000 +5.8796e+000 +3.5718e+000 +5.4077e+000 +4.9455e-001 -2.0679e+000
1258 +5.559508694e+001 +5.559508694e+001 +2.895150869e+002 +2.895150869e+002 -1.3406e+000 +3.6046e+000 -1.1565e+000 -7.4714e-002 -1.0573e+000 +6.8650e+000 +4.5062e+000 +1.8763e+000 -2.7511e+000 +2.3720e+000
1320 +2.958875502e+001 +2.958875502e+001 +2.635087550e+002 +2.635087550e+002 -4.4508e+000 +1.3046e+000 -4.7997e+000 -1.3549e+000 +1.7298e-001 +4.7387e+000 +2.7062e+000 +4.6412e+000 +1.4567e+000 +1.0222e+000
1406 +2.197958286e+001 +2.197958286e+001 +2.558995829e+002 +2.558995829e+002 -4.1456e+000 +1.7425e+000 -5.1002e+000 -1.6179e+000 -1.1709e+000 +4.4627e+000 +3.4824e+000 +3.3043e+000 +3.1476e-001 +8.3745e-001
1600 +9.742855715e+000 +9.742855715e+000 +2.436628557e+002 +2.436628557e+002 -3.9671e+000 +1.9683e+000 -2.5874e+000 -2.6074e+000 -1.5536e-001 +2.9873e+000 +3.8255e+000 +4.1377e-001 -5.7139e-001 +2.3659e+000
1822 +6.174976960e+000 +6.174976960e+000 +2.400949770e+002 +2.400949770e+002 -4.5765e+000 +8.2468e-001 -3.8057e+000 -2.5676e+000 -9.2291e-001 +2.6562e+000 +2.9988e+000 +7.2214e-001 +4.8288e-001 +1.7142e+000
1993 +2.656773790e+000 +2.656773790e+000 +2.365767738e+002 +2.365767738e+002 -3.3420e+000 +8.8058e-001 -2.8031e+000 -2.2469e+000 -2.7852e-001 +2.9180e+000 +2.4200e+000 +1.1071e+000 +5.4487e-001 +2.0150e+000
2074 +2.465933129e+000 +2.465933129e+000 +2.363859331e+002 +2.363859331e+002 -3.5869e+000 +8.0948e-001 -3.0515e+000 -1.9877e+000 -2.9839e-001 +2.9954e+000 +2.2214e+000 +5.1640e-001 +6.0797e-001 +2.0134e+000
2332 +1.489788595e+000 +1.489788595e+000 +2.354097886e+002 +2.354097886e+002 -3.6958e+000 -1.1298e-001 -3.4643e+000 -3.0261e+000 -7.3637e-001 +2.9049e+000 +1.3835e+000 +8.6637e-001 +1.3082e-001 +1.5266e+000
2364 +8.716542032e-001 +8.716542032e-001 +2.347916542e+002 +2.347916542e+002 -3.5170e+000 +5.9271e-001 -2.6664e+000 -2.8746e+000 -1.1061e+000 +3.0345e+000 +1.5293e+000 +7.8780e-001 +3.8596e-001 +1.6300e+000
2445 +5.151544408e-001 +5.151544408e-001 +2.344351544e+002 +2.344351544e+002 -3.3678e+000 +7.0846e-001 -2.7675e+000 -2.8928e+000 -6.4972e-001 +3.1236e+000 +1.6478e+000 +5.4162e-001 +3.9563e-001 +1.9957e+000
2514 +2.477178598e-001 +2.477178598e-001 +2.341677179e+002 +2.341677179e+002 -3.3313e+000 +6.3502e-001 -2.8797e+000 -2.9666e+000 -7.9872e-001 +3.2928e+000 +1.2690e+000 +5.7592e-001 +3.3217e-001 +1.7125e+000
2770 +1.528011443e-001 +1.528011443e-001 +2.340728011e+002 +2.340728011e+002 -3.3569e+000 +6.4294e-001 -2.7841e+000 -3.1580e+000 -6.3947e-001 +3.5256e+000 +1.3048e+000 +6.1481e-001 +2.4960e-001 +1.8643e+000
2836 +8.305314257e-002 +8.305314257e-002 +2.340030531e+002 +2.340030531e+002 -3.5201e+000 +4.4405e-001 -2.9662e+000 -3.0525e+000 -6.0014e-001 +3.4974e+000 +1.3025e+000 +6.7243e-001 +1.1507e-001 +1.7038e+000
2902 +3.889986968e-002 +3.889986968e-002 +2.339588999e+002 +2.339588999e+002 -3.3330e+000 +6.1793e-001 -2.8655e+000 -2.8980e+000 -6.2792e-001 +3.4861e+000 +1.2686e+000 +6.2259e-001 +2.8038e-002 +1.7782e+000
3280 +2.480620701e-002 +2.480620701e-002 +2.339448062e+002 +2.339448062e+002 -3.3589e+000 +6.2213e-001 -2.8975e+000 -3.0214e+000 -5.3827e-001 +3.5340e+000 +1.2772e+000 +5.9572e-001 +2.2508e-002 +1.7273e+000
3527 +1.453236057e-002 +1.453236057e-002 +2.339345324e+002 +2.339345324e+002 -3.3569e+000 +6.0283e-001 -2.8860e+000 -2.9334e+000 -5.1535e-001 +3.5347e+000 +1.2862e+000 +6.2545e-001 -1.9732e-003 +1.7559e+000
3563 +6.905664409e-003 +6.905664409e-003 +2.339269057e+002 +2.339269057e+002 -3.3546e+000 +6.0726e-001 -2.9042e+000 -2.9149e+000 -4.8083e-001 +3.5418e+000 +1.3460e+000 +6.5045e-001 +5.3406e-002 +1.7386e+000
3719 +4.613817373e-003 +4.613817373e-003 +2.339246138e+002 +2.339246138e+002 -3.4220e+000 +6.0726e-001 -2.8924e+000 -2.9149e+000 -4.8083e-001 +3.5637e+000 +1.3460e+000 +6.9275e-001 +5.3406e-002 +1.7386e+000
3755 +2.631742222e-003 +2.631742222e-003 +2.339226317e+002 +2.339226317e+002 -3.4248e+000 +6.3018e-001 -2.9264e+000 -2.9494e+000 -4.9300e-001 +3.5330e+000 +1.3094e+000 +6.4133e-001 +2.9242e-002 +1.7329e+000
3797 +1.457254899e-003 +1.457254899e-003 +2.339214573e+002 +2.339214573e+002 -3.4155e+000 +6.3639e-001 -2.9107e+000 -2.9274e+000 -5.0124e-001 +3.5472e+000 +1.3402e+000 +6.5057e-001 +3.2829e-002 +1.7261e+000
% function evaluation | noise-free fitness - Fopt (-6.092000000000e+001) | best noise-free fitness - Fopt | measured fitness | best measured fitness | x1 | x2...
1 +1.375901100e+003 +1.375901100e+003 +1.314981100e+003 +1.314981100e+003 +1.0560e+001 +9.9788e+000 +1.3957e+001 +8.4136e+000 +1.2508e+001 +1.3871e+001 +1.4296e+001 +9.7593e+000 +1.2722e+001 +1.0301e+001
3 +8.506750930e+002 +8.506750930e+002 +7.897550930e+002 +7.897550930e+002 +1.0409e+001 +1.3694e+001 +7.3793e+000 +1.0411e+001 +6.9614e+000 +7.9587e+000 +7.3482e+000 +1.0873e+001 +9.1889e+000 +6.5915e+000
129 +5.969701956e+002 +5.969701956e+002 +5.360501956e+002 +5.360501956e+002 +6.8484e+000 +1.2283e+001 +1.4136e+001 +8.3619e+000 +6.8479e+000 +6.0455e+000 +7.2110e+000 +5.8523e+000 +1.1418e+000 +5.9852e+000
347 +3.874387222e+002 +3.874387222e+002 +3.265187222e+002 +3.265187222e+002 +7.3751e+000 +5.6562e+000 +8.1298e+000 +5.2574e+000 +7.7975e+000 +3.3801e+000 +7.2110e+000 +5.8523e+000 +3.6748e+000 +4.8448e+000
557 +2.204776536e+002 +2.204776536e+002 +1.595576536e+002 +1.595576536e+002 +7.7101e-001 -1.9845e+000 +1.5260e+000 +5.4807e+000 +1.3902e+000 +7.3733e+000 +5.6649e+000 +2.1376e+000 +3.8164e+000 +4.0909e+000
804 +1.362857996e+002 +1.362857996e+002 +7.536579955e+001 +7.536579955e+001 +5.9421e+000 +4.3127e+000 +3.8038e+000 +3.1197e+000 +3.6612e+000 +3.5207e+000 +2.9044e+000 +2.0225e+000 -2.4324e+000 +3.4361e+000
960 +8.176227703e+001 +8.176227703e+001 +2.084227703e+001 +2.084227703e+001 -1.4413e+000 +1.8475e+000 +3.4004e+000 +2.6157e+000 +2.0218e+000 +7.7049e-001 +2.0276e+000 +1.3905e+000 -2.3731e-002 +2.6687e+000
1113 +6.256959131e+001 +6.256959131e+001 +1.649591306e+000 +1.649591306e+000 +1.4431e+000 -1.2388e-001 +1.4596e+000 +2.1689e+000 +1.0794e+000 +2.2455e+000 +2.3351e+000 -1.7005e+000 -3.8233e-001 +6.6090e-001
1189 +3.845454025e+001 +3.845454025e+001 -2.246545975e+001 -2.246545975e+001 +1.4028e+000 +6.1231e-001 +4.2689e+000 +1.2391e+000 +1.0381e+000 +3.8143e+000 +1.8546e+000 -5.6549e-001 -1.9059e+000 -4.6221e-001
1346 +2.308348728e+001 +2.308348728e+001 -3.783651272e+001 -3.783651272e+001 -9.1686e-002 +4.6084e-001 +3.0797e+000 -7.3702e-001 -1.2403e+000 +1.7078e+000 -1.4095e+000 -5.6574e-001 -1.0551e+000 -4.7799e-001
1433 +1.572411052e+001 +1.572411052e+001 -4.519588948e+001 -4.519588948e+001 -8.8798e-001 +1.7365e+000 +3.1084e+000 -2.1550e-002 -1.3593e+000 +2.5439e+000 +8.1608e-001 -1.3451e+000 -2.1696e+000 -1.2054e+000
1530 +7.987724350e+000 +7.987724350e+000 -5.293227565e+001 -5.293227565e+001 +3.3342e-001 +1.2294e+000 +3.6890e+000 -1.0981e+000 -2.3473e+000 +2.8520e+000 +5.9958e-001 -8.1043e-001 -1.3020e+000 -1.8024e+000
1736 +5.856674237e+000 +5.856674237e+000 -5.506332576e+001 -5.506332576e+001 +7.1752e-001 +1.4853e+000 +4.2503e+000 -1.1281e+000 -2.5869e+000 +3.3349e+000 +5.9419e-001 -3.5509e-001 -1.9307e+000 -2.2006e+000
1859 +3.005298833e+000 +3.005298833e+000 -5.791470117e+001 -5.791470117e+001 +3.9106e-001 +1.7615e+000 +3.6066e+000 -1.7193e+000 -3.2521e+000 +2.3961e+000 +5.8164e-001 +4.1015e-002 -1.6489e+000 -2.0480e+000
2010 +2.191590188e+000 +2.191590188e+000 -5.872840981e+001 -5.872840981e+001 +2.5704e-001 +2.9669e+000 +4.1551e+000 -1.1166e+000 -2.8889e+000 +1.9647e+000 +1.3774e+000 +2.1469e-001 -2.6670e+000 -2.3925e+000
2065 +1.531008935e+000 +1.531008935e+000 -5.938899107e+001 -5.938899107e+001 +6.7325e-001 +2.7706e+000 +3.9430e+000 -1.3619e+000 -3.0069e+000 +1.8442e+000 +3.1036e-001 +1.9533e-001 -2.3988e+000 -2.6034e+000
2233 +8.888881650e-001 +8.888881650e-001 -6.003111183e+001 -6.003111183e+001 +6.2593e-001 +2.3400e+000 +3.6205e+000 -1.7895e+000 -3.2330e+000 +1.7071e+000 +7.4868e-001 +8.2642e-001 -1.9080e+000 -2.6665e+000
2338 +5.184894193e-001 +5.184894193e-001 -6.040151058e+001 -6.040151058e+001 +6.8751e-001 +2.5418e+000 +3.2794e+000 -1.1197e+000 -3.3002e+000 +2.1149e+000 +9.4802e-001 +6.1766e-001 -2.5582e+000 -2.3031e+000
2432 +3.960766008e-001 +3.960766008e-001 -6.052392340e+001 -6.052392340e+001 +8.1790e-001 +2.6498e+000 +3.5055e+000 -1.5574e+000 -3.2756e+000 +2.2198e+000 +1.1806e+000 +1.1279e+000 -2.2211e+000 -2.4439e+000
2559 +2.365954869e-001 +2.365954869e-001 -6.068340451e+001 -6.068340451e+001 +7.0611e-001 +2.5590e+000 +3.7824e+000 -1.2524e+000 -3.1558e+000 +2.2017e+000 +1.0363e+000 +1.0327e+000 -2.2181e+000 -2.5964e+000
2560 +1.529333735e-001 +1.529333735e-001 -6.076706663e+001 -6.076706663e+001 +8.6654e-001 +2.6388e+000 +3.6437e+000 -1.3374e+000 -3.1433e+000 +2.1055e+000 +1.1735e+000 +9.1101e-001 -2.1133e+000 -2.6933e+000
2763 +9.665527961e-002 +9.665527961e-002 -6.082334472e+001 -6.082334472e+001 +8.9393e-001 +2.7278e+000 +3.3147e+000 -1.2577e+000 -3.0620e+000 +2.0533e+000 +1.1331e+000 +1.0603e+000 -2.2007e+000 -2.6739e+000
2795 +5.135531144e-002 +5.135531144e-002 -6.086864469e+001 -6.086864469e+001 +7.2611e-001 +2.5322e+000 +3.3755e+000 -1.1932e+000 -3.0920e+000 +2.0052e+000 +1.0173e+000 +9.7829e-001 -2.0854e+000 -2.5950e+000
2891 +3.295961520e-002 +3.295961520e-002 -6.088704038e+001 -6.088704038e+001 +8.4651e-001 +2.5666e+000 +3.3190e+000 -1.1504e+000 -3.0981e+000 +2.0273e+000 +1.0210e+000 +9.3585e-001 -2.0140e+000 -2.7045e+000
3152 +2.480817588e-002 +2.480817588e-002 -6.089519182e+001 -6.089519182e+001 +8.7289e-001 +2.5652e+000 +3.3364e+000 -1.1184e+000 -3.0831e+000 +1.9963e+000 +9.6147e-001 +1.0038e+000 -2.0658e+000 -2.7043e+000
3215 +1.462683017e-002 +1.462683017e-002 -6.090537317e+001 -6.090537317e+001 +8.7301e-001 +2.6082e+000 +3.3876e+000 -1.0832e+000 -3.0356e+000 +2.0485e+000 +9.6306e-001 +1.0012e+000 -2.0551e+000 -2.6598e+000
3500 +8.136405522e-003 +8.136405522e-003 -6.091186359e+001 -6.091186359e+001 +8.8651e-001 +2.5982e+000 +3.4243e+000 -1.0592e+000 -3.0729e+000 +2.0341e+000 +9.5522e-001 +9.7964e-001 -2.1300e+000 -2.6457e+000
3635 +6.254038726e-003 +6.254038726e-003 -6.091374596e+001 -6.091374596e+001 +8.8878e-001 +2.6194e+000 +3.4045e+000 -1.1005e+000 -3.0737e+000 +2.0346e+000 +9.5402e-001 +9.8590e-001 -2.0912e+000 -2.6323e+000
3712 +3.929399326e-003 +3.929399326e-003 -6.091607060e+001 -6.091607060e+001 +8.9012e-001 +2.6175e+000 +3.4245e+000 -1.1091e+000 -3.0797e+000 +2.0375e+000 +9.5274e-001 +9.7315e-001 -2.1051e+000 -2.6334e+000
% function evaluation | noise-free fitness - Fopt (-1.948000000000e+001) | best noise-free fitness - Fopt | measured fitness | best measured fitness | x1 | x2...
1 +8.478620662e+002 +8.478620662e+002 +8.283820662e+002 +8.283820662e+002 +7.0430e+000 +6.6678e+000 +7.2824e+000 +6.7630e+000 +1.1997e+001 +1.1740e+001 +1.1885e+001 +5.4062e+000 +8.1087e+000 +1.3026e+001
176 +5.851787224e+002 +5.851787224e+002 +5.656987224e+002 +5.656987224e+002 +7.5579e+000 +5.6420e+000 +2.9537e+000 +3.0603e+000 +1.0321e+001 +6.7779e+000 +1.0675e+001 +8.1620e+000 +1.0259e+001 +4.0855e+000
334 +3.791158208e+002 +3.791158208e+002 +3.596358208e+002 +3.596358208e+002 +4.4377e+000 +5.3749e+000 +3.1858e+000 +2.1264e+000 +1.0718e+001 +7.7717e+000 +2.9329e+000 +4.2804e+000 +1.2593e+001 +8.8634e-002
592 +2.329310793e+002 +2.329310793e+002 +2.134510793e+002 +2.134510793e+002 +5.0241e+000 +9.2250e-002 -2.7879e+000 +2.9460e+000 +8.5022e+000 +3.6778e+000 +5.4624e+000 +4.2431e-002 +4.0769e+000 +8.2150e+000
691 +1.480685841e+002 +1.480685841e+002 +1.285885841e+002 +1.285885841e+002 +7.8961e+000 +4.7840e+000 -1.5833e+000 +1.1650e+000 +5.1730e+000 +8.3961e-001 -1.9686e+000 -1.4756e-001 +7.9471e+000 +3.9801e+000
843 +8.633930058e+001 +8.633930058e+001 +6.685930058e+001 +6.685930058e+001 +7.7213e-001 +2.4121e+000 -2.4503e+000 -6.2261e-001 +6.5508e+000 +5.3677e+000 -1.2933e+000 -1.4191e+000 +2.1849e+000 +4.9199e+000
889 +6.248149672e+001 +6.248149672e+001 +4.300149672e+001 +4.300149672e+001 +3.9477e+000 +3.7127e+000 +1.5898e+000 +1.3619e+000 +2.2990e+000 -1.1757e+000 -5.8564e+000 +1.1694e+000 +4.6149e+000 +3.7049e+000
1114 +3.687628570e+001 +3.687628570e+001 +1.739628570e+001 +1.739628570e+001 +3.6309e-001 +1.9298e+000 +2.4462e+000 +2.1082e+000 +3.7299e+000 -1.9185e+000 +8.3251e-001 +9.3071e-001 +9.8715e-001 +2.7347e+000
1203 +2.385501932e+001 +2.385501932e+001 +4.375019320e+000 +4.375019320e+000 +1.5542e+000 +2.3746e+000 -1.6835e+000 +4.1671e-001 +5.0495e+000 +4.0489e-001 -4.2228e+000 -1.9665e+000 +9.0584e-001 +2.2600e+000
1396 +1.538524968e+001 +1.538524968e+001 -4.094750320e+000 -4.094750320e+000 -4.5210e-001 +1.0654e+000 -1.5219e+000 +9.6083e-001 +5.0433e+000 -5.4898e-001 -3.2671e+000 -1.3720e+000 +8.1693e-001 +2.1671e+000
1546 +9.589648678e+000 +9.589648678e+000 -9.890351322e+000 -9.890351322e+000 -6.8755e-001 +1.9414e+000 -9.6413e-001 +1.1587e+000 +4.1020e+000 -3.0509e-001 -4.1915e+000 -1.7087e+000 +7.5748e-001 +1.8456e+000
1690 +3.967897632e+000 +3.967897632e+000 -1.551210237e+001 -1.551210237e+001 -1.3143e+000 +2.0596e+000 -1.6082e-001 +1.1025e+000 +3.4532e+000 -5.5209e-001 -2.9275e+000 -2.3003e+000 +1.1030e+000 +2.6818e+000
1838 +2.261299770e+000 +2.261299770e+000 -1.721870023e+001 -1.721870023e+001 -1.0832e+000 +1.9466e+000 +7.2402e-001 +7.6853e-001 +2.8690e+000 -6.9530e-001 -3.2896e+000 -1.9287e+000 +1.2935e+000 +1.8839e+000
1913 +1.050323032e+000 +1.050323032e+000 -1.842967697e+001 -1.842967697e+001 -1.0264e+000 +1.8250e+000 +9.6258e-001 +1.6569e+000 +3.1275e+000 -5.6666e-001 -3.0401e+000 -2.0649e+000 +1.7083e+000 +2.0005e+000
2086 +9.989330331e-001 +9.989330331e-001 -1.848106697e+001 -1.848106697e+001 -1.1960e+000 +1.8929e+000 +1.1299e+000 +1.5243e+000 +2.9478e+000 -6.9520e-001 -2.7558e+000 -2.1744e+000 +1.7111e+000 +2.0769e+000
2162 +5.797820339e-001 +5.797820339e-001 -1.890021797e+001 -1.890021797e+001 -9.4034e-001 +1.8929e+000 +1.1299e+000 +1.4915e+000 +2.9478e+000 -6.9520e-001 -2.7558e+000 -2.5129e+000 +1.7111e+000 +1.3997e+000
2322 +3.978589725e-001 +3.978589725e-001 -1.908214103e+001 -1.908214103e+001 -9.4034e-001 +1.8929e+000 +1.1299e+000 +1.7258e+000 +3.1682e+000 -1.2807e+000 -2.7558e+000 -2.8444e+000 +1.9301e+000 +1.3997e+000
2526 +2.056364668e-001 +2.056364668e-001 -1.927436353e+001 -1.927436353e+001 -9.5056e-001 +1.9722e+000 +1.2472e+000 +1.4371e+000 +2.9083e+000 -1.0029e+000 -2.8636e+000 -2.7212e+000 +2.0082e+000 +1.6078e+000
2643 +1.115490338e-001 +1.115490338e-001 -1.936845097e+001 -1.936845097e+001 -1.0156e+000 +2.0258e+000 +1.0069e+000 +1.6877e+000 +2.9336e+000 -9.0903e-001 -3.0422e+000 -2.8231e+000 +2.0714e+000 +1.6463e+000
2737 +8.288026281e-002 +8.288026281e-002 -1.939711974e+001 -1.939711974e+001 -9.6346e-001 +2.0621e+000 +9.9926e-001 +1.6866e+000 +2.9961e+000 -9.4085e-001 -3.0860e+000 -2.8492e+000 +2.1059e+000 +1.6471e+000
2848 +5.498356868e-002 +5.498356868e-002 -1.942501643e+001 -1.942501643e+001 -9.3957e-001 +1.9960e+000 +1.1407e+000 +1.4735e+000 +3.1241e+000 -9.9374e-001 -2.9493e+000 -2.8105e+000 +2.0947e+000 +1.6041e+000
3086 +3.785729577e-002 +3.785729577e-002 -1.944214270e+001 -1.944214270e+001 -9.4560e-001 +2.0208e+000 +1.0614e+000 +1.5660e+000 +3.1003e+000 -9.7823e-001 -3.0067e+000 -2.8450e+000 +2.1344e+000 +1.6134e+000
3104 +2.382489701e-002 +2.382489701e-002 -1.945617510e+001 -1.945617510e+001 -9.1652e-001 +2.0363e+000 +9.2349e-001 +1.5187e+000 +3.1588e+000 -9.5091e-001 -2.9149e+000 -2.8411e+000 +2.0492e+000 +1.6868e+000
3108 +7.638738568e-003 +7.638738568e-003 -1.947236126e+001 -1.947236126e+001 -9.4186e-001 +2.0462e+000 +1.0186e+000 +1.4759e+000 +3.1093e+000 -9.5787e-001 -3.0614e+000 -2.7991e+000 +2.0753e+000 +1.7178e+000
3181 +5.605791276e-003 +5.605791276e-003 -1.947439421e+001 -1.947439421e+001 -9.4532e-001 +2.0708e+000 +9.4373e-001 +1.4909e+000 +3.1680e+000 -9.6304e-001 -3.0043e+000 -2.8484e+000 +2.0754e+000 +1.6822e+000
3364 +3.574547943e-003 +3.574547943e-003 -1.947642545e+001 -1.947642545e+001 -9.5968e-001 +2.0560e+000 +9.9030e-001 +1.4556e+000 +3.1512e+000 -9.7396e-001 -3.0230e+000 -2.8147e+000 +2.0854e+000 +1.6959e+000
3510 +2.296235626e-003 +2.296235626e-003 -1.947770376e+001 -1.947770376e+001 -9.6643e-001 +2.0669e+000 +9.6384e-001 +1.4674e+000 +3.1562e+000 -9.7309e-001 -3.0180e+000 -2.8368e+000 +2.0727e+000 +1.7026e+000
3798 +6.928807808e-004 +6.928807808e-004 -1.947930712e+001 -1.947930712e+001 -9.6261e-001 +2.0448e+000 +9.7995e-001 +1.4630e+000 +3.1626e+000 -9.6573e-001 -3.0477e+000 -2.8302e+000 +2.0566e+000 +1.7128e+000
3897 +4.329831020e-004 +4.329831020e-004 -1.947956702e+001 -1.947956702e+001 -9.5996e-001 +2.0536e+000 +9.7415e-001 +1.4686e+000 +3.1628e+000 -9.7680e-001 -3.0343e+000 -2.8336e+000 +2.0543e+000 +1.7109e+000
% function evaluation | noise-free fitness - Fopt (1.344700000000e+002) | best noise-free fitness - Fopt | measured fitness | best measured fitness | x1 | x2...
1 +1.400813731e+003 +1.400813731e+003 +1.535283731e+003 +1.535283731e+003 +1.4408e+001 +5.0335e+000 +8.6822e+000 +7.6810e+000 +1.2471e+001 +1.2212e+001 +6.5028e+000 +9.3586e+000 +1.4312e+001 +6.4491e+000
10 +9.908239301e+002 +9.908239301e+002 +1.125293930e+003 +1.125293930e+003 +1.0132e+001 +8.0875e+000 +5.0674e+000 +6.0416e+000 +7.2897e+000 +5.2155e+000 +7.3401e+000 +1.2414e+001 +1.3132e+001 +6.1634e+000
286 +6.075947254e+002 +6.075947254e+002 +7.420647254e+002 +7.420647254e+002 +7.8242e+000 +9.1510e+000 +5.1296e+000 -6.8467e-001 +4.7370e+000 +4.0888e+000 +6.5222e+000 +1.3877e+001 +6.1639e+000 +1.3260e+000
530 +3.633736590e+002 +3.633736590e+002 +4.978436590e+002 +4.978436590e+002 +4.3169e+000 +1.1393e+001 +1.6063e+000 -8.0741e-001 +7.9970e-001 +7.8434e+000 +1.1155e+001 -6.4332e-001 +3.7439e+000 +3.1912e+000
909 +2.323528494e+002 +2.323528494e+002 +3.668228494e+002 +3.668228494e+002 +1.1870e+000 +7.1833e+000 -5.4633e-001 +3.7672e+000 +1.3530e+000 +3.9957e+000 +5.9579e+000 +2.9552e-001 +4.9751e+000 +3.2815e+000
954 +1.217014827e+002 +1.217014827e+002 +2.561714827e+002 +2.561714827e+002 -7.7904e+000 +5.5579e+000 +7.7869e-001 +2.0616e+000 -1.6549e+000 +2.1689e+000 +4.5463e+000 -2.1108e-003 +4.1755e+000 -4.2964e-001
1118 +8.976318828e+001 +8.976318828e+001 +2.242331883e+002 +2.242331883e+002 -5.2295e+000 +4.1995e+000 -6.0998e-003 +2.1627e+000 -2.3264e+000 +3.3402e+000 +3.7248e+000 -7.4308e-001 +3.6734e+000 -2.0651e+000
1344 +6.173048480e+001 +6.173048480e+001 +1.962004848e+002 +1.962004848e+002 -2.9928e+000 +6.4529e+000 -2.3061e+000 -8.8128e-002 -5.6063e-001 +4.2836e+000 +4.3866e+000 +6.5541e-001 -6.7020e-001 -3.0245e+000
1539 +3.345912778e+001 +3.345912778e+001 +1.679291278e+002 +1.679291278e+002 -2.9568e+000 +2.6747e+000 -7.1062e-001 +3.7724e-001 -3.4317e+000 -6.9378e-001 +3.1073e+000 -3.3454e+000 +6.1253e-001 -3.5206e+000
1637 +1.889480823e+001 +1.889480823e+001 +1.533648082e+002 +1.533648082e+002 -5.6820e+000 +3.1517e+000 +1.0318e+000 -1.8700e-001 -4.0094e+000 +1.0902e+000 +2.1001e+000 -1.9448e+000 -1.4560e+000 -3.1130e+000
1711 +1.398307350e+001 +1.398307350e+001 +1.484530735e+002 +1.484530735e+002 -4.9859e+000 +2.6426e+000 +1.5393e+000 -4.4441e-001 -3.6784e+000 +6.7846e-001 +2.0233e+000 -1.8522e+000 -1.7074e+000 -2.8999e+000
1836 +9.892285001e+000 +9.892285001e+000 +1.443622850e+002 +1.443622850e+002 -3.4715e+000 +1.8615e+000 +7.1931e-001 -6.3912e-001 -4.1451e+000 -6.8518e-002 +1.9034e+000 -2.2518e+000 -2.6050e+000 -2.8778e+000
1932 +3.801490236e+000 +3.801490236e+000 +1.382714902e+002 +1.382714902e+002 -2.5985e+000 +2.3748e+000 +9.7940e-001 -1.8082e+000 -3.6839e+000 +4.2549e-001 +2.1399e+000 -1.4903e+000 -2.5263e+000 -2.2842e+000
2085 +1.785838516e+000 +1.785838516e+000 +1.362558385e+002 +1.362558385e+002 -2.6185e+000 +2.7615e+000 +3.8888e-001 -2.2140e+000 -3.8401e+000 +4.4018e-001 +2.3794e+000 -1.0371e+000 -3.2554e+000 -2.1612e+000
2142 +1.500899383e+000 +1.500899383e+000 +1.359708994e+002 +1.359708994e+002 -3.3386e+000 +2.4276e+000 +3.4190e-001 -2.3763e+000 -2.9894e+000 -9.2546e-002 +2.6072e+000 -9.5123e-001 -2.6110e+000 -2.2912e+000
2214 +8.517968361e-001 +8.517968361e-001 +1.353217968e+002 +1.353217968e+002 -2.9613e+000 +2.8533e+000 +1.9302e-001 -2.5975e+000 -3.2144e+000 +1.2421e-001 +2.5709e+000 -6.4441e-001 -3.1067e+000 -2.1288e+000
2318 +3.996044375e-001 +3.996044375e-001 +1.348696044e+002 +1.348696044e+002 -3.0119e+000 +2.9382e+000 +1.6025e-001 -2.6767e+000 -3.3606e+000 +3.8073e-001 +2.2180e+000 -1.0538e+000 -3.2067e+000 -2.4284e+000
2452 +3.913233198e-001 +3.913233198e-001 +1.348613233e+002 +1.348613233e+002 -3.0229e+000 +2.8910e+000 +3.1106e-001 -2.6291e+000 -3.4843e+000 +2.3460e-001 +2.3896e+000 -6.9617e-001 -3.2134e+000 -2.7816e+000
2628 +2.209892981e-001 +2.209892981e-001 +1.346909893e+002 +1.346909893e+002 -3.1897e+000 +3.0097e+000 +2.0030e-001 -2.9666e+000 -3.1875e+000 +4.2623e-001 +2.4140e+000 -7.4826e-001 -3.1846e+000 -2.5808e+000
2789 +1.406475766e-001 +1.406475766e-001 +1.346106476e+002 +1.346106476e+002 -3.1578e+000 +3.0638e+000 +3.1868e-001 -2.9210e+000 -3.1464e+000 +3.4543e-001 +2.3134e+000 -8.4781e-001 -3.2157e+000 -2.5982e+000
2922 +7.014795454e-002 +7.014795454e-002 +1.345401480e+002 +1.345401480e+002 -3.1436e+000 +3.1501e+000 +3.0383e-001 -2.6848e+000 -3.0996e+000 +3.3524e-001 +2.5022e+000 -9.8291e-001 -3.1263e+000 -2.7537e+000
3022 +4.828608987e-002 +4.828608987e-002 +1.345182861e+002 +1.345182861e+002 -3.1844e+000 +3.1114e+000 +3.0049e-001 -2.7986e+000 -3.1516e+000 +2.2235e-001 +2.3390e+000 -1.0190e+000 -3.1601e+000 -2.8227e+000
3068 +3.933031408e-002 +3.933031408e-002 +1.345093303e+002 +1.345093303e+002 -3.2637e+000 +3.1491e+000 +1.6219e-001 -2.8230e+000 -3.1938e+000 +2.4151e-001 +2.4376e+000 -9.8681e-001 -3.2088e+000 -2.7347e+000
3179 +2.379960662e-002 +2.379960662e-002 +1.344937996e+002 +1.344937996e+002 -3.2081e+000 +3.1834e+000 +2.2244e-001 -2.8039e+000 -3.2060e+000 +2.4524e-001 +2.4493e+000 -1.0307e+000 -3.2454e+000 -2.7602e+000
3423 +1.181996296e-002 +1.181996296e-002 +1.344818200e+002 +1.344818200e+002 -3.2486e+000 +3.1493e+000 +3.6590e-001 -2.8319e+000 -3.2038e+000 +3.1880e-001 +2.4541e+000 -1.0133e+000 -3.1621e+000 -2.7788e+000
3489 +4.481167408e-003 +4.481167408e-003 +1.344744812e+002 +1.344744812e+002 -3.2553e+000 +3.1936e+000 +3.6361e-001 -2.8404e+000 -3.2101e+000 +2.5390e-001 +2.5358e+000 -1.0235e+000 -3.1919e+000 -2.7708e+000
3596 +3.073111464e-003 +3.073111464e-003 +1.344730731e+002 +1.344730731e+002 -3.2394e+000 +3.1810e+000 +3.5329e-001 -2.8227e+000 -3.1864e+000 +2.4593e-001 +2.4920e+000 -1.0471e+000 -3.1771e+000 -2.7653e+000
% function evaluation | noise-free fitness - Fopt (4.453500000000e+002) | best noise-free fitness - Fopt | measured fitness | best measured fitness | x1 | x2...
1 +1.119412920e+003 +1.119412920e+003 +1.564762920e+003 +1.564762920e+003 +1.2974e+001 +1.4671e+001 +1.0444e+001 +8.0285e+000 +1.2929e+001 +7.0324e+000 +9.8296e+000 +1.4180e+001 +6.7543e+000 +6.2437e+000
4 +9.131301475e+002 +9.131301475e+002 +1.358480148e+003 +1.358480148e+003 +1.1315e+001 +8.1774e+000 +7.3850e+000 +7.9791e+000 +1.0337e+001 +7.5871e+000 +1.0568e+001 +1.1271e+001 +1.1458e+001 +7.4002e+000
140 +5.421417892e+002 +5.421417892e+002 +9.874917892e+002 +9.874917892e+002 +5.1638e+000 +1.0674e+001 +4.3646e+000 +7.3731e+000 +9.4061e+000 +8.1283e+000 +6.8548e+000 +8.6674e+000 +6.4997e+000 +7.7124e+000
429 +3.832558201e+002 +3.832558201e+002 +8.286058201e+002 +8.286058201e+002 +6.4234e+000 +5.7097e+000 +1.8083e+000 +9.3996e+000 +6.3700e+000 +1.0960e+001 +2.7845e+000 +7.5187e+000 +5.5262e+000 +3.8720e+000
770 +2.380681893e+002 +2.380681893e+002 +6.834181893e+002 +6.834181893e+002 +2.2101e+000 +8.8538e+000 +2.6374e+000 +3.5703e+000 +1.9339e+000 +8.7148e+000 +3.8971e+000 +2.5879e+000 +6.9342e+000 +4.0411e+000
926 +1.546325884e+002 +1.546325884e+002 +5.999825884e+002 +5.999825884e+002 +1.3554e+000 +7.4293e+000 +8.4199e-001 +4.0925e+000 +3.2479e+000 +3.4603e+000 +1.9308e+000 +6.5479e+000 +3.9494e+000 +4.0828e+000
1080 +9.385327276e+001 +9.385327276e+001 +5.392032728e+002 +5.392032728e+002 -1.8200e-001 +3.5847e+000 +1.5211e+000 +3.4006e+000 +9.5959e-001 +3.0251e+000 +1.4622e+000 +3.4659e+000 +4.0587e+000 +3.1904e+000
1241 +5.234364992e+001 +5.234364992e+001 +4.976936499e+002 +4.976936499e+002 -2.7616e+000 +3.3434e+000 -6.3835e-001 +3.2007e+000 +2.8720e+000 +2.3120e+000 -2.3117e+000 +4.0249e+000 +5.7865e+000 +2.0309e+000
1367 +3.368444809e+001 +3.368444809e+001 +4.790344481e+002 +4.790344481e+002 -2.6158e+000 +3.5153e+000 -6.8549e-001 -2.9810e-002 +2.5961e+000 +2.6497e+000 -2.7763e+000 +2.4095e+000 +1.8641e+000 +3.5429e+000
1558 +2.053997977e+001 +2.053997977e+001 +4.658899798e+002 +4.658899798e+002 -3.2349e+000 +3.8602e+000 -5.8643e-001 -5.9377e-001 +3.0784e+000 +2.4189e+000 -3.2431e+000 +2.7223e+000 +6.2029e-001 +2.0505e+000
1770 +1.391237910e+001 +1.391237910e+001 +4.592623791e+002 +4.592623791e+002 -2.9160e+000 +3.7461e+000 -2.9384e-001 -7.7493e-001 +3.0507e+000 +2.9236e+000 -3.5539e+000 +1.6075e+000 +8.9333e-001 +1.4592e+000
1910 +8.977507015e+000 +8.977507015e+000 +4.543275070e+002 +4.543275070e+002 -2.9677e+000 +3.3657e+000 -3.4037e-001 -1.9620e-002 +2.3292e+000 +2.6488e+000 -3.2314e+000 +1.9165e+000 +1.3629e+000 +6.4472e-001
2106 +6.115739011e+000 +6.115739011e+000 +4.514657390e+002 +4.514657390e+002 -3.2633e+000 +3.3386e+000 -4.9593e-001 +9.4948e-002 +2.8250e+000 +2.5373e+000 -3.7730e+000 +1.4075e+000 +8.0352e-001 +1.8418e-001
2315 +2.580004689e+000 +2.580004689e+000 +4.479300047e+002 +4.479300047e+002 -3.3439e+000 +3.0750e+000 -5.2857e-001 -7.0179e-003 +2.0881e+000 +3.1034e+000 -3.6817e+000 +1.5356e+000 +1.6069e+000 -1.0424e+000
2362 +2.435585103e+000 +2.435585103e+000 +4.477855851e+002 +4.477855851e+002 -3.1996e+000 +3.2033e+000 -3.6540e-001 +2.8561e-001 +2.9721e+000 +2.8430e+000 -3.5824e+000 +1.5208e+000 +1.1600e+000 -6.3485e-001
2431 +1.352146514e+000 +1.352146514e+000 +4.467021465e+002 +4.467021465e+002 -3.1983e+000 +3.4251e+000 -8.6166e-001 +3.2323e-001 +2.8598e+000 +2.9274e+000 -4.0460e+000 +1.2872e+000 +1.4125e+000 -1.0802e+000
2499 +9.416579951e-001 +9.416579951e-001 +4.462916580e+002 +4.462916580e+002 -3.1304e+000 +3.4779e+000 -2.7661e-001 +1.7934e-001 +2.9759e+000 +3.0225e+000 -3.8142e+000 +1.2522e+000 +1.3068e+000 -1.3335e+000
2583 +5.845724834e-001 +5.845724834e-001 +4.459345725e+002 +4.459345725e+002 -3.3757e+000 +3.3999e+000 -4.8987e-001 +4.9978e-001 +3.1540e+000 +3.0085e+000 -3.7852e+000 +1.4733e+000 +1.1196e+000 -1.5725e+000
2732 +3.918912037e-001 +3.918912037e-001 +4.457418912e+002 +4.457418912e+002 -3.4289e+000 +3.3957e+000 -5.0070e-001 +5.7446e-001 +3.0534e+000 +3.1504e+000 -3.8331e+000 +1.3549e+000 +1.2942e+000 -1.8178e+000
2833 +2.198247011e-001 +2.198247011e-001 +4.455698247e+002 +4.455698247e+002 -3.0187e+000 +3.1907e+000 -5.9181e-001 +2.1261e-001 +3.1641e+000 +3.1705e+000 -3.8771e+000 +1.3774e+000 +1.2971e+000 -1.9420e+000
2953 +1.367070306e-001 +1.367070306e-001 +4.454867070e+002 +4.454867070e+002 -3.1487e+000 +3.4667e+000 -5.6157e-001 +2.8739e-001 +3.1513e+000 +3.3052e+000 -3.9083e+000 +1.4149e+000 +1.2972e+000 -1.8938e+000
3036 +9.836303955e-002 +9.836303955e-002 +4.454483630e+002 +4.454483630e+002 -3.1670e+000 +3.4262e+000 -5.7446e-001 +3.2293e-001 +3.1301e+000 +3.3118e+000 -3.9250e+000 +1.4262e+000 +1.3712e+000 -1.9962e+000
3183 +4.601292385e-002 +4.601292385e-002 +4.453960129e+002 +4.453960129e+002 -3.1940e+000 +3.2305e+000 -5.7446e-001 +3.4566e-001 +3.1301e+000 +3.3199e+000 -3.8692e+000 +1.6124e+000 +1.4822e+000 -1.9962e+000
3242 +3.638861102e-002 +3.638861102e-002 +4.453863886e+002 +4.453863886e+002 -3.2727e+000 +3.2790e+000 -5.8347e-001 +3.2556e-001 +3.2261e+000 +3.3597e+000 -3.8844e+000 +1.5307e+000 +1.4789e+000 -2.0705e+000
3285 +2.082651688e-002 +2.082651688e-002 +4.453708265e+002 +4.453708265e+002 -3.1956e+000 +3.2573e+000 -5.5378e-001 +2.6406e-001 +3.2400e+000 +3.3795e+000 -3.8991e+000 +1.5430e+000 +1.4878e+000 -2.0017e+000
3363 +1.208071520e-002 +1.208071520e-002 +4.453620807e+002 +4.453620807e+002 -3.1576e+000 +3.2903e+000 -5.8935e-001 +2.9187e-001 +3.3175e+000 +3.3683e+000 -3.9437e+000 +1.5909e+000 +1.4845e+000 -1.9960e+000
3455 +8.485600575e-003 +8.485600575e-003 +4.453584856e+002 +4.453584856e+002 -3.1877e+000 +3.3212e+000 -5.9946e-001 +3.2927e-001 +3.3182e+000 +3.4103e+000 -3.9038e+000 +1.6080e+000 +1.5328e+000 -2.0187e+000
3797 +5.069494970e-003 +5.069494970e-003 +4.453550695e+002 +4.453550695e+002 -3.1579e+000 +3.3251e+000 -5.9234e-001 +3.0581e-001 +3.2964e+000 +3.4066e+000 -3.9185e+000 +1.6344e+000 +1.5308e+000 -1.9400e+000
