% function evaluation | noise-free fitness - Fopt (-9.210000000000e+000) | best noise-free fitness - Fopt | measured fitness | best measured fitness | x1 | x2...
1 +1.886191582e+002 +1.886191582e+002 +1.794091582e+002 +1.794091582e+002 -3.7993e+000 -2.6716e+000 -2.5451e+000 +2.5527e+000 -4.7149e+000 -1.4192e+000 +1.7056e+000 -2.2628e+000 +4.3608e+000 +1.4411e+000
12 +1.264916433e+002 +1.264916433e+002 +1.172816433e+002 +1.172816433e+002 -2.6872e+000 -2.8424e+000 +2.6335e+000 -1.6543e+000 -2.0467e+000 +4.2280e-001 -6.6067e-001 +1.5163e+000 +4.6807e+000 -3.3907e+000
67 +9.083078404e+001 +9.083078404e+001 +8.162078404e+001 +8.162078404e+001 -3.1959e+000 -2.3110e+000 +1.2184e+000 -3.3604e+000 -4.1194e+000 -9.2416e-001 +1.9298e+000 +3.1849e+000 +5.7347e+000 -5.9831e+000
138 +5.915031402e+001 +5.915031402e+001 +4.994031402e+001 +4.994031402e+001 -6.0874e+000 -3.7047e+000 +2.9429e+000 +4.8666e+000 -2.9457e+000 +2.8702e+000 +4.2512e+000 +4.7904e+000 +3.0628e+000 -9.7279e+000
223 +3.828058470e+001 +3.828058470e+001 +2.907058470e+001 +2.907058470e+001 -8.7652e+000 -2.3398e+000 +1.4896e+001 +6.3933e+000 -3.2617e+000 +2.1621e+000 +1.1371e+001 +8.5039e+000 +9.4940e+000 -1.2599e+001
246 +2.403625130e+001 +2.403625130e+001 +1.482625130e+001 +1.482625130e+001 -4.9676e+000 -5.0543e+000 +1.9247e+001 +1.0657e+001 -6.8002e+000 +4.6986e+000 +1.7518e+001 +1.1937e+001 +1.4186e+001 -2.5561e+001
258 +1.410274649e+001 +1.410274649e+001 +4.892746494e+000 +4.892746494e+000 +1.6790e+000 +2.0741e+000 +8.0199e-001 +6.1612e+000 -1.3334e+001 +1.2131e+001 +1.0771e+001 +7.3946e+000 +3.3028e+001 -3.2571e+001
314 +7.671327590e+000 +7.671327590e+000 -1.538672410e+000 -1.538672410e+000 +2.6091e+000 +9.1155e-001 +1.8453e+001 +8.8351e+000 -1.4817e+001 +8.9503e+000 +1.3600e+001 +1.6180e+001 +4.3766e+001 -3.6393e+001
336 -7.105427358e-015 -7.105427358e-015 -9.210000000e+000 -9.210000000e+000 +1.1735e+001 +6.5458e+000 +2.7476e+001 +1.6463e+001 -1.8438e+001 +1.3697e+001 +2.0342e+001 +1.2400e+001 +4.0696e+001 -6.4544e+001
% function evaluation | noise-free fitness - Fopt (6.559900000000e+002) | best noise-free fitness - Fopt | measured fitness | best measured fitness | x1 | x2...
1 +1.790858919e+002 +1.790858919e+002 +8.350758919e+002 +8.350758919e+002 +3.5793e+000 -6.1207e-001 -1.9486e+000 -1.5784e+000 +4.8947e+000 -1.7557e+000 +8.7533e-001 -1.0304e+000 -4.7402e+000 -1.8906e-001
11 +1.333468144e+002 +1.333468144e+002 +7.893368144e+002 +7.893368144e+002 -1.6239e+000 +2.7660e-001 +5.3505e-001 +4.4670e+000 -7.1466e-001 -4.3990e+000 -1.8229e+000 +1.5198e+000 -4.8585e+000 +8.7372e-001
66 +9.156041870e+001 +9.156041870e+001 +7.475504187e+002 +7.475504187e+002 +1.7735e+000 +1.3624e+000 -8.0072e+000 -5.5556e-001 +2.5076e+000 -6.6681e+000 -6.9826e+000 +2.2322e+000 -1.0395e+000 -9.3151e+000
91 +6.038518951e+001 +6.038518951e+001 +7.163751895e+002 +7.163751895e+002 +5.5342e-001 +1.5636e+000 -2.0935e+000 +6.6446e+000 -3.7059e+000 -3.2818e+000 -5.0570e+000 -9.8688e-002 -4.7067e+000 -5.5658e+000
109 +2.362537860e+001 +2.362537860e+001 +6.796153786e+002 +6.796153786e+002 +5.0818e+000 -8.6848e-001 -1.1073e+000 +6.8168e+000 -8.7363e+000 -8.2788e+000 -5.6087e+000 +3.0323e+000 -7.1892e+000 -5.2199e+000
140 +1.541635505e+001 +1.541635505e+001 +6.714063550e+002 +6.714063550e+002 +4.1360e+000 -2.9706e+000 -1.0532e+001 -5.1739e-001 -7.9969e+000 -1.4424e+001 -4.9904e+000 +7.7835e+000 -6.1394e+000 -6.5646e+000
154 +9.879310949e-001 +9.879310949e-001 +6.569779311e+002 +6.569779311e+002 +7.9935e+000 -6.4068e+000 -1.7795e+001 +4.5414e+000 -1.2638e+001 -2.2208e+001 -6.8457e+000 +1.6260e+001 -1.3370e+001 -1.0798e+001
161 +1.136868377e-013 +1.136868377e-013 +6.559900000e+002 +6.559900000e+002 +7.2456e+000 -7.5207e+000 -1.8368e+001 +5.0503e+000 -1.1280e+001 -2.6174e+001 -1.2216e+001 +1.9621e+001 -1.6622e+001 -1.2072e+001
% function evaluation | noise-free fitness - Fopt (6.671000000000e+001) | best noise-free fitness - Fopt | measured fitness | best measured fitness | x1 | x2...
1 +2.287974366e+002 +2.287974366e+002 +2.955074366e+002 +2.955074366e+002 +2.5803e+000 +1.8393e+000 -4.1331e+000 -4.5706e+000 -3.3255e+000 -2.5265e+000 +1.0374e+000 +4.6509e+000 -7.2442e-001 -2.1590e+000
35 +1.487418440e+002 +1.487418440e+002 +2.154518440e+002 +2.154518440e+002 +3.2463e-001 -2.0597e+000 +3.0048e+000 +2.3456e-001 +7.1184e-001 +1.0394e+000 -4.6024e+000 -4.9499e+000 +2.9098e-001 -2.7333e-001
62 +9.628082059e+001 +9.628082059e+001 +1.629908206e+002 +1.629908206e+002 -3.1510e+000 +9.5208e-001 -1.3244e+000 -1.3442e+000 +2.2696e-002 +8.5297e-001 -1.1546e+000 -4.4140e+000 +2.8427e+000 -5.2026e+000
92 +6.249301192e+001 +6.249301192e+001 +1.292030119e+002 +1.292030119e+002 -7.6940e+000 +2.5096e+000 -4.3010e-001 -4.1307e+000 -8.0079e-001 +2.2305e+000 -5.3674e+000 -1.0147e+001 +4.5012e+000 -1.6654e+001
209 +3.628856401e+001 +3.628856401e+001 +1.029985640e+002 +1.029985640e+002 -5.7038e+000 -5.1486e-001 -6.3961e-001 -5.4908e-001 -9.5082e-001 +6.6619e+000 -5.0601e+000 -6.5905e+000 +7.2396e+000 -8.2898e+000
213 +1.967986922e+001 +1.967986922e+001 +8.638986922e+001 +8.638986922e+001 -1.4921e+001 -4.4852e+000 -1.5480e+000 -1.1532e+000 -5.0127e+000 +1.1137e+001 -1.2334e+001 -1.3194e+001 +1.5131e+001 -1.7060e+001
277 +4.344948111e+000 +4.344948111e+000 +7.105494811e+001 +7.105494811e+001 -1.7827e+001 -1.0132e+001 -5.5143e+000 +2.9833e+000 -7.2722e+000 +1.8008e+001 -1.6617e+001 -1.7527e+001 +2.2000e+001 -2.2287e+001
288 +1.170282124e+000 +1.170282124e+000 +6.788028212e+001 +6.788028212e+001 -2.7630e+001 -1.1742e+001 -8.4217e+000 +4.4568e+000 -1.1708e+001 +2.0902e+001 -1.7267e+001 -1.8775e+001 +2.5542e+001 -2.3849e+001
298 +4.263256415e-014 +4.263256415e-014 +6.671000000e+001 +6.671000000e+001 -4.1096e+001 -1.4583e+001 -1.3496e+001 +7.9009e+000 -1.8710e+001 +2.9479e+001 -2.3019e+001 -2.8247e+001 +3.3286e+001 -3.3019e+001
% function evaluation | noise-free fitness - Fopt (9.416700000000e+002) | best noise-free fitness - Fopt | measured fitness | best measured fitness | x1 | x2...
1 +1.908125654e+002 +1.908125654e+002 +1.132482565e+003 +1.132482565e+003 -1.5213e+000 +3.5688e+000 -1.0128e+000 -4.2237e+000 -2.8820e+000 -2.0080e+000 -1.4765e+000 +2.0925e+000 +3.9762e+000 +1.2919e+000
12 +1.118837044e+002 +1.118837044e+002 +1.053553704e+003 +1.053553704e+003 +3.2828e+000 +5.7579e-001 +3.8665e+000 +1.8227e+000 -4.4035e+000 -3.8096e+000 +2.7129e+000 -1.9711e+000 +4.2447e+000 -2.8081e+000
53 +7.336554416e+001 +7.336554416e+001 +1.015035544e+003 +1.015035544e+003 +6.1385e+000 -1.0069e+000 -5.1768e+000 -7.2995e-001 +1.0234e+000 -6.1010e+000 -2.9363e+000 -4.7649e+000 +7.2791e+000 -6.0606e+000
78 +3.882428329e+001 +3.882428329e+001 +9.804942833e+002 +9.804942833e+002 -1.6044e-001 -6.3711e+000 -2.8843e+000 +4.7861e+000 -8.7774e-001 -9.8398e+000 -3.0822e+000 -8.5061e+000 +7.3208e+000 -1.1525e+001
131 +2.372473554e+001 +2.372473554e+001 +9.653947355e+002 +9.653947355e+002 -6.9958e-001 -5.3474e+000 -5.4464e+000 +5.1379e+000 -5.6221e+000 -1.4407e+001 -4.5694e+000 -1.3576e+001 +1.0653e+001 -1.4785e+001
221 +1.402706291e+001 +1.402706291e+001 +9.556970629e+002 +9.556970629e+002 -6.3046e+000 -6.3722e+000 -3.4090e+000 +1.3369e+001 -5.0101e+000 -6.7339e+000 -5.4903e+000 -1.0948e+001 +1.8546e+001 -3.1435e+001
299 +8.802441492e+000 +8.802441492e+000 +9.504724415e+002 +9.504724415e+002 -4.5489e+000 -8.6659e+000 -6.4701e-003 +1.5786e+001 -9.9469e+000 -1.3036e+001 -9.7125e+000 -1.9541e+001 +2.3132e+001 -3.7209e+001
316 +5.903631581e+000 +5.903631581e+000 +9.475736316e+002 +9.475736316e+002 -1.4372e+001 -1.8185e+001 +1.4609e+000 +2.8039e+001 -1.8167e+001 -1.8123e+001 -1.7830e+001 -2.8412e+001 +4.7752e+001 -8.2320e+001
325 +2.493795146e+000 +2.493795146e+000 +9.441637951e+002 +9.441637951e+002 -2.4312e+001 -2.1015e+001 +3.5050e+000 +3.9706e+001 -2.4474e+001 -1.7626e+001 -2.2227e+001 -3.3707e+001 +6.1933e+001 -1.1320e+002
349 +0.000000000e+000 +0.000000000e+000 +9.416700000e+002 +9.416700000e+002 -3.2387e+001 -2.6097e+001 +7.4543e+000 +5.1188e+001 -3.1324e+001 -1.5274e+001 -2.8376e+001 -3.7632e+001 +7.8481e+001 -1.4630e+002
% function evaluation | noise-free fitness - Fopt (-3.745000000000e+001) | best noise-free fitness - Fopt | measured fitness | best measured fitness | x1 | x2...
1 +1.848761693e+002 +1.848761693e+002 +1.474261693e+002 +1.474261693e+002 -1.0078e+000 -2.3356e+000 -2.8861e+000 -4.8167e+000 -1.8899e+000 -3.0764e+000 -3.8324e+000 +1.7881e-001 +6.7535e-001 +3.7362e+000
4 +1.389836964e+002 +1.389836964e+002 +1.015336964e+002 +1.015336964e+002 +3.0422e+000 -1.5399e+000 -4.3660e+000 -4.8803e+000 -1.4164e+000 +4.5998e+000 +1.6942e+000 +6.1635e-001 +4.6193e-001 +3.2862e+000
51 +9.153430228e+001 +9.153430228e+001 +5.408430228e+001 +5.408430228e+001 +3.0963e+000 +2.5848e+000 +1.8010e+000 -4.5040e+000 -2.3866e+000 -7.8875e-001 +3.8940e+000 -1.9637e+000 +2.7674e+000 +3.8591e+000
61 +5.454927688e+001 +5.454927688e+001 +1.709927688e+001 +1.709927688e+001 +8.8226e+000 +3.5187e+000 +1.1690e+000 -2.4122e+000 -1.0827e+000 +1.4581e+000 +7.8563e+000 -2.1573e+000 +6.0369e+000 +7.6662e+000
97 +3.426644453e+001 +3.426644453e+001 -3.183555467e+000 -3.183555467e+000 +1.5710e+001 +5.6311e+000 +1.3836e+000 +6.5742e-001 -5.1810e+000 +1.2928e+001 +8.8729e+000 -2.3235e+000 +7.9448e+000 +1.0875e+001
123 +1.646226480e+001 +1.646226480e+001 -2.098773520e+001 -2.098773520e+001 +1.7013e+001 +6.2519e+000 +2.9889e+000 +1.0840e+000 -5.4375e+000 +1.8452e+001 +9.8629e+000 -5.1699e+000 +7.9715e+000 +9.7095e+000
136 +1.203984770e+001 +1.203984770e+001 -2.541015230e+001 -2.541015230e+001 +2.5403e+001 +1.0681e+001 +1.6499e+000 -4.0966e+000 -3.3809e+000 +1.6292e+001 +1.1489e+001 -7.2679e+000 +1.2715e+001 +2.4102e+001
169 +8.841875054e+000 +8.841875054e+000 -2.860812495e+001 -2.860812495e+001 +3.4016e+001 +1.4185e+001 +9.9464e-001 -3.9972e+000 -6.9045e+000 +2.0161e+001 +1.4965e+001 -7.4741e+000 +1.9884e+001 +3.0312e+001
188 +4.531292946e+000 +4.531292946e+000 -3.291870705e+001 -3.291870705e+001 +4.3331e+001 +1.6438e+001 +2.2836e+000 -5.0031e+000 -9.4168e+000 +2.1906e+001 +1.6831e+001 -9.3249e+000 +2.2907e+001 +3.4586e+001
201 +1.007691103e+000 +1.007691103e+000 -3.644230890e+001 -3.644230890e+001 +5.6155e+001 +2.5050e+001 +4.3959e+000 -5.3817e+000 -1.1175e+001 +2.8361e+001 +1.8251e+001 -1.3502e+001 +2.9385e+001 +4.5487e+001
206 +1.421085472e-014 +1.421085472e-014 -3.745000000e+001 -3.745000000e+001 +7.7248e+001 +3.3739e+001 +8.3190e+000 -5.9687e+000 -1.5212e+001 +4.0161e+001 +2.4434e+001 -2.0186e+001 +3.8240e+001 +6.0120e+001
% function evaluation | noise-free fitness - Fopt (-4.450500000000e+002) | best noise-free fitness - Fopt | measured fitness | best measured fitness | x1 | x2...
1 +1.954887104e+002 +1.954887104e+002 -2.495612896e+002 -2.495612896e+002 +3.0719e+000 -1.4978e+000 +2.1057e+000 -9.2216e-001 +1.9633e+000 +1.0684e+000 -4.6008e+000 +1.3190e+000 -3.7356e+000 -2.4702e+000
3 +1.390623575e+002 +1.390623575e+002 -3.059876425e+002 -3.059876425e+002 -1.5246e+000 +1.5492e+000 +3.5263e+000 +2.5577e-001 -3.7087e+000 -2.0744e+000 -2.0850e+000 +1.3372e+000 -1.2960e+000 +2.6958e+000
74 +9.681551036e+001 +9.681551036e+001 -3.482344896e+002 -3.482344896e+002 +5.8261e+000 +2.5796e+000 -2.3314e+000 +7.6128e-001 -1.7852e+000 +2.7618e-001 -3.9531e+000 -2.6081e+000 -3.5643e+000 +7.9501e+000
103 +5.272273479e+001 +5.272273479e+001 -3.923272652e+002 -3.923272652e+002 +2.7386e-001 -3.4865e+000 +4.6187e+000 -3.6452e-001 -5.4389e+000 -4.3901e+000 -9.4845e+000 -2.2630e+000 -4.5984e+000 +4.5844e+000
148 +2.976354830e+001 +2.976354830e+001 -4.152864517e+002 -4.152864517e+002 +4.3148e+000 -9.1300e-001 +2.0430e+000 -1.3428e+000 -1.2711e+001 -5.5137e+000 -1.4816e+001 -5.7534e+000 -5.2522e+000 +1.4445e+001
150 +2.150117010e+001 +2.150117010e+001 -4.235488299e+002 -4.235488299e+002 +4.0677e+000 -2.9106e+000 +3.7594e+000 -5.1023e+000 -2.0999e+001 -8.0842e+000 -2.1745e+001 -1.1936e+001 -4.9810e+000 +1.9919e+001
225 +1.414932791e+001 +1.414932791e+001 -4.309006721e+002 -4.309006721e+002 -2.3404e-001 +3.0780e+000 +7.8399e+000 -6.0009e+000 -2.2205e+001 -5.3699e+000 -2.9627e+001 -9.6887e+000 -4.1087e+000 +3.3363e+001
228 +1.941071055e+000 +1.941071055e+000 -4.431089289e+002 -4.431089289e+002 -5.7670e+000 +3.4971e+000 +5.4627e+000 -5.8703e+000 -2.4850e+001 -7.9367e+000 -2.2402e+001 -1.1814e+001 -7.8056e+000 +1.4124e+001
255 +0.000000000e+000 +0.000000000e+000 -4.450500000e+002 -4.450500000e+002 -1.7455e+001 +6.9916e+000 +1.4252e+001 -9.1090e+000 -4.0470e+001 -1.1569e+001 -3.1430e+001 -2.0437e+001 -1.1604e+001 +2.2375e+001
% function evaluation | noise-free fitness - Fopt (9.513200000000e+002) | best noise-free fitness - Fopt | measured fitness | best measured fitness | x1 | x2...
1 +1.519106960e+002 +1.519106960e+002 +1.103230696e+003 +1.103230696e+003 +2.6562e+000 -3.7898e+000 +1.1448e+000 -2.1435e+000 -1.4581e+000 +2.9967e+000 +1.0480e+000 +4.7710e-001 -3.2229e+000 -4.4784e+000
34 +9.988998448e+001 +9.988998448e+001 +1.051209984e+003 +1.051209984e+003 +1.5836e+000 +4.4263e+000 +6.6413e-001 +4.3614e+000 +6.0172e-001 -2.3347e+000 -4.6411e+000 +8.9677e-001 -4.9098e+000 -2.6256e+000
145 +5.999725499e+001 +5.999725499e+001 +1.011317255e+003 +1.011317255e+003 -2.3094e+000 +5.6829e+000 +3.2544e+000 +1.5444e+001 +4.6473e+000 +3.2802e+000 -2.8760e+000 +7.6695e+000 -8.3326e+000 -1.2020e+001
187 +3.849822651e+001 +3.849822651e+001 +9.898182265e+002 +9.898182265e+002 -7.7766e-001 +4.2380e+000 +1.8019e+001 +1.2129e+001 +1.0365e+001 -1.0374e+001 -7.7612e+000 +1.2727e+000 -6.7669e+000 -1.6910e+001
220 +2.243879214e+001 +2.243879214e+001 +9.737587921e+002 +9.737587921e+002 +9.2216e-002 +8.4308e+000 +2.1528e+001 +1.6926e+001 +1.6660e+001 -1.9785e+001 -1.1331e+001 +6.5571e+000 -1.1082e+001 -2.7253e+001
254 +9.104487317e+000 +9.104487317e+000 +9.604244873e+002 +9.604244873e+002 -4.7132e+000 +1.8272e+000 +1.5154e+001 +1.8167e+001 +5.9895e+000 -5.7100e+000 -1.1635e+001 +5.2878e+000 -6.6033e+000 -1.8335e+001
256 +6.003840759e+000 +6.003840759e+000 +9.573238408e+002 +9.573238408e+002 -7.5148e+000 -3.5144e-001 +1.8646e+001 +2.6688e+001 +6.3605e+000 -8.2520e+000 -1.5272e+001 +8.0754e+000 -9.3270e+000 -2.7000e+001
276 +2.759214485e+000 +2.759214485e+000 +9.540792145e+002 +9.540792145e+002 -5.3857e+000 -2.8636e+000 +2.1003e+001 +3.0649e+001 +1.9751e+001 -1.1124e+001 -2.1517e+001 +1.6914e+001 -8.0495e+000 -2.2681e+001
303 +2.471636023e+000 +2.471636023e+000 +9.537916360e+002 +9.537916360e+002 -1.1242e+001 -3.0863e+000 +1.9356e+001 +1.7368e+001 +1.5197e+001 -8.7021e+000 -1.7801e+001 +8.9532e+000 -5.8900e+000 -2.1955e+001
330 +1.010934698e+000 +1.010934698e+000 +9.523309347e+002 +9.523309347e+002 -1.6405e+001 -4.2173e+000 +2.5358e+001 +3.4864e+001 +1.7412e+001 -1.0378e+001 -2.3294e+001 +1.4987e+001 -1.2241e+001 -2.7176e+001
334 +0.000000000e+000 +0.000000000e+000 +9.513200000e+002 +9.513200000e+002 -1.5022e+001 -9.1900e+000 +2.6064e+001 +4.2744e+001 +1.2934e+001 -7.7660e+000 -2.4644e+001 +1.5592e+001 -1.0975e+001 -3.9020e+001
% function evaluation | noise-free fitness - Fopt (-1.703300000000e+002) | best noise-free fitness - Fopt | measured fitness | best measured fitness | x1 | x2...
1 +2.226431795e+002 +2.226431795e+002 +5.231317952e+001 +5.231317952e+001 -4.8298e+000 -2.1997e+000 -1.0167e+000 -4.1363e+000 -3.0363e+000 +1.7171e+000 -3.9029e+000 -3.6198e+000 +2.1120e+000 -5.8274e-001
7 +1.260184656e+002 +1.260184656e+002 -4.431153439e+001 -4.431153439e+001 -3.5425e-001 -4.1402e+000 +1.1372e+000 +4.8234e+000 +4.7195e+000 +2.9744e+000 +1.5192e+000 +4.5869e+000 +4.9777e+000 -1.1070e+000
55 +9.901796528e+001 +9.901796528e+001 -7.131203472e+001 -7.131203472e+001 +4.1117e+000 -3.4392e+000 -1.5427e+000 -1.7882e+000 -5.8825e-001 +1.2171e+000 +3.2206e+000 +6.6080e+000 +4.8834e+000 -3.1429e+000
124 +5.296300125e+001 +5.296300125e+001 -1.173669988e+002 -1.173669988e+002 +3.0729e+000 -3.8079e+000 -7.8337e-001 +4.1254e+000 +1.3191e+000 -1.0388e+000 +1.1039e+001 +6.6482e+000 +6.0316e+000 -5.7268e+000
178 +3.663718334e+001 +3.663718334e+001 -1.336928167e+002 -1.336928167e+002 -1.0922e+001 -6.0843e+000 -3.0887e+000 +6.1976e+000 -5.6154e+000 +1.4401e+000 +1.0378e+001 +2.2228e+001 +1.1689e+001 -1.6271e+001
218 +2.357081312e+001 +2.357081312e+001 -1.467591869e+002 -1.467591869e+002 -1.2157e+001 -8.0588e+000 -3.1987e+000 +1.0316e+001 -7.2248e+000 -2.2468e+000 +1.9420e+001 +2.3388e+001 +1.5923e+001 -2.1351e+001
234 +1.393531653e+001 +1.393531653e+001 -1.563946835e+002 -1.563946835e+002 -2.2372e+001 -6.1260e+000 -2.8111e+000 +1.4872e+001 -4.6745e+000 -6.1654e+000 +2.6204e+001 +2.6728e+001 +2.5629e+001 -2.5079e+001
243 +8.086003368e+000 +8.086003368e+000 -1.622439966e+002 -1.622439966e+002 -1.9649e+001 -6.2461e+000 +2.0829e+000 +1.8977e+001 -1.2126e+001 -4.1040e+000 +2.2641e+001 +2.9350e+001 +2.3635e+001 -1.0137e+001
271 +1.149852273e-001 +1.149852273e-001 -1.702150148e+002 -1.702150148e+002 -1.8940e+001 -5.2520e+000 +4.9311e+000 +1.7559e+001 -2.0013e+001 -6.2468e+000 +2.3744e+001 +3.3368e+001 +2.2763e+001 -1.3222e+001
275 +0.000000000e+000 +0.000000000e+000 -1.703300000e+002 -1.703300000e+002 -2.7527e+001 -5.1392e+000 +6.5415e+000 +2.2109e+001 -2.2832e+001 -5.6610e+000 +2.8247e+001 +3.8520e+001 +2.7330e+001 -1.9815e+001
% function evaluation | noise-free fitness - Fopt (4.136000000000e+001) | best noise-free fitness - Fopt | measured fitness | best measured fitness | x1 | x2...
1 +2.185285846e+002 +2.185285846e+002 +2.598885846e+002 +2.598885846e+002 +6.8023e-001 -4.0228e+000 +3.2514e+000 -1.2492e+000 +1.1668e+000 +2.0768e+000 +4.9809e+000 +4.7810e+000 +4.8978e+000 +2.0119e+000
20 +1.480970036e+002 +1.480970036e+002 +1.894570036e+002 +1.894570036e+002 +4.0047e+000 +3.3084e+000 +1.5637e+000 +1.9790e+000 +9.0054e-001 -4.8902e-001 -4.0335e+000 -1.4778e+000 -3.2957e+000 +1.0190e+000
51 +9.853509575e+001 +9.853509575e+001 +1.398950957e+002 +1.398950957e+002 +3.3249e+000 +2.4202e+000 -3.1815e+000 +2.7000e-001 -1.3543e+000 +4.0051e+000 -6.2293e-001 -4.0672e-001 -4.9964e+000 +4.3709e+000
137 +6.053086425e+001 +6.053086425e+001 +1.018908643e+002 +1.018908643e+002 -9.8981e-001 +9.1439e+000 -4.5015e+000 -9.9771e-001 -3.5011e+000 +2.6639e+000 -9.3783e+000 +6.8737e+000 -6.4411e+000 +4.1262e+000
145 +3.978165577e+001 +3.978165577e+001 +8.114165577e+001 +8.114165577e+001 -1.5980e+000 +5.8832e+000 -8.1438e+000 +7.1988e+000 -4.3454e+000 +3.0022e+000 -1.2921e+001 +9.1431e+000 -7.5688e+000 +5.4748e+000
180 +2.154517058e+001 +2.154517058e+001 +6.290517058e+001 +6.290517058e+001 +2.1511e+000 +6.9428e+000 -1.3906e+001 +7.0400e+000 -1.7191e+000 +6.3647e+000 -1.5742e+001 +6.8324e+000 -1.2457e+001 +5.2707e+000
183 +1.045318679e+001 +1.045318679e+001 +5.181318679e+001 +5.181318679e+001 +5.9573e-001 +7.0005e+000 -1.3278e+001 +8.0113e+000 +2.8261e+000 +1.1088e+001 -1.7029e+001 +9.3127e+000 -1.6713e+001 +6.4623e+000
194 +5.926922097e+000 +5.926922097e+000 +4.728692210e+001 +4.728692210e+001 -9.2692e-001 +8.3797e+000 -1.6598e+001 +1.0147e+001 +5.2448e+000 +1.4031e+001 -2.3277e+001 +1.3686e+001 -2.0344e+001 +8.0410e+000
238 +3.102903124e+000 +3.102903124e+000 +4.446290312e+001 +4.446290312e+001 +1.8971e+000 +1.0202e+001 -3.0977e+001 +9.8689e+000 +6.2120e+000 +3.4561e+001 -3.1951e+001 +1.8428e+001 -3.0123e+001 +1.9322e+001
271 +1.569197040e+000 +1.569197040e+000 +4.292919704e+001 +4.292919704e+001 +3.4308e+000 +1.1676e+001 -3.5264e+001 +1.5555e+001 +7.4268e+000 +3.3805e+001 -3.7039e+001 +2.4153e+001 -3.2260e+001 +1.8113e+001
275 +4.948834766e-001 +4.948834766e-001 +4.185488348e+001 +4.185488348e+001 +4.5051e+000 +1.2613e+001 -4.6664e+001 +2.2188e+001 +1.3754e+001 +4.4716e+001 -4.8807e+001 +3.1751e+001 -4.3002e+001 +2.2220e+001
289 +3.126146984e-001 +3.126146984e-001 +4.167261470e+001 +4.167261470e+001 +4.6874e+000 +1.1378e+001 -4.6640e+001 +2.3309e+001 +9.9226e+000 +4.4987e+001 -4.3545e+001 +2.8154e+001 -4.3929e+001 +2.0313e+001
297 -1.421085472e-014 -1.421085472e-014 +4.136000000e+001 +4.136000000e+001 +6.3092e+000 +1.7532e+001 -5.6450e+001 +3.4678e+001 +1.3669e+001 +5.6173e+001 -5.2615e+001 +3.6851e+001 -6.2064e+001 +2.3862e+001
% function evaluation | noise-free fitness - Fopt (2.583700000000e+002) | best noise-free fitness - Fopt | measured fitness | best measured fitness | x1 | x2...
1 +1.852104607e+002 +1.852104607e+002 +4.435804607e+002 +4.435804607e+002 +5.0809e-001 -3.3828e-002 +6.4580e-001 -2.3315e+000 +4.2854e+000 +3.1093e+000 -7.4837e-001 -3.7156e+000 +4.6886e-001 -4.0210e+000
13 +1.565322915e+002 +1.565322915e+002 +4.149022915e+002 +4.149022915e+002 +3.8164e+000 +1.4133e+000 -4.7740e+000 +4.2657e-001 -3.6429e+000 -3.3846e+000 -5.4636e-001 -3.5396e+000 +3.9481e+000 -2.7011e+000
55 +7.311724849e+001 +7.311724849e+001 +3.314872485e+002 +3.314872485e+002 +5.0830e+000 -4.0398e+000 +9.0622e-002 +3.5536e+000 -1.5019e+000 -3.2624e+000 -5.7040e+000 +5.1879e+000 +6.1482e+000 -3.4585e+000
64 +4.968836795e+001 +4.968836795e+001 +3.080583680e+002 +3.080583680e+002 +8.3886e+000 -5.8414e+000 +3.6864e+000 +5.7315e+000 +2.1940e+000 -6.6238e+000 -7.3974e+000 +5.1065e+000 +6.3901e+000 -7.3359e+000
121 +3.608449025e+001 +3.608449025e+001 +2.944544902e+002 +2.944544902e+002 +3.1457e+000 +7.5092e+000 +8.4623e-001 -2.1006e+000 +3.9618e+000 -9.4546e+000 -1.2320e+001 +1.4189e+001 +5.8973e+000 -1.0944e+001
183 +2.465060647e+001 +2.465060647e+001 +2.830206065e+002 +2.830206065e+002 +1.1067e+001 +5.9059e+000 +1.4551e-001 +1.4981e+001 +5.6172e+000 -2.6946e+001 -2.5806e+001 +2.9313e+001 +7.2090e+000 -2.3445e+001
184 +1.566940440e+001 +1.566940440e+001 +2.740394044e+002 +2.740394044e+002 +8.5480e-001 +5.2484e+000 +8.8370e-001 +1.3771e+001 +5.7031e+000 -5.5673e+000 -9.2054e+000 +1.2247e+001 +5.8565e+000 -1.4057e+001
229 +8.715175071e+000 +8.715175071e+000 +2.670851751e+002 +2.670851751e+002 -6.5639e+000 +6.2394e+000 +2.2461e-001 +1.6285e+001 +8.3285e+000 -1.4504e+001 -1.2620e+001 +1.3451e+001 +6.6399e+000 -2.1012e+001
252 +5.535103367e+000 +5.535103367e+000 +2.639051034e+002 +2.639051034e+002 -1.1675e+001 +7.3253e+000 -1.6818e+000 +1.6810e+001 +5.6172e+000 -2.6946e+001 -2.5806e+001 +2.0491e+001 +7.2090e+000 -2.3445e+001
302 +1.487157191e+000 +1.487157191e+000 +2.598571572e+002 +2.598571572e+002 -1.7061e+001 +1.6002e+001 -4.1085e+000 +3.5688e+001 +1.5372e+001 -4.0964e+001 -3.6900e+001 +3.5959e+001 +1.3969e+001 -4.6980e+001
307 -5.684341886e-014 -5.684341886e-014 +2.583700000e+002 +2.583700000e+002 -5.3244e+000 +6.7698e+000 -5.5297e+000 +3.1384e+001 +1.7256e+001 -1.2196e+001 -2.8287e+001 +3.2043e+001 +1.2462e+001 -2.4262e+001
% function evaluation | noise-free fitness - Fopt (-7.520000000000e+000) | best noise-free fitness - Fopt | measured fitness | best measured fitness | x1 | x2...
1 +1.833786915e+002 +1.833786915e+002 +1.758586915e+002 +1.758586915e+002 +1.4397e+000 -1.4256e+000 +1.9605e+000 +3.3740e+000 +4.0960e+000 +1.3793e+000 +3.7773e+000 -9.3124e-001 -4.2687e+000 -3.7237e+000
7 +1.263917033e+002 +1.263917033e+002 +1.188717033e+002 +1.188717033e+002 +3.9853e+000 -2.3742e+000 -3.8085e-001 +3.9803e+000 +2.0131e+000 -1.3311e+000 +3.6464e+000 -3.9292e+000 -7.6869e-001 +2.9431e+000
65 +7.074314997e+001 +7.074314997e+001 +6.322314997e+001 +6.322314997e+001 +1.7339e+000 +4.8215e+000 -8.1362e-001 -5.7009e+000 -1.7513e+000 -1.0993e+000 +6.0174e+000 -1.8879e+000 -5.4931e+000 +4.3912e+000
93 +5.059425084e+001 +5.059425084e+001 +4.307425084e+001 +4.307425084e+001 +1.6552e-001 +1.6088e+000 +5.3818e-001 -1.1656e+001 +4.0417e+000 -4.2749e+000 +8.8248e+000 -3.3798e+000 -8.3177e+000 +3.1049e+000
104 +2.151120738e+001 +2.151120738e+001 +1.399120738e+001 +1.399120738e+001 -1.2550e+000 +2.7074e+000 -1.8761e+000 -1.5315e+001 +5.8065e+000 -4.9918e+000 +8.5067e+000 -5.5180e+000 -1.1094e+001 +4.9204e+000
183 +1.248120881e+001 +1.248120881e+001 +4.961208808e+000 +4.961208808e+000 +2.5978e+000 +8.5922e+000 -1.0422e+000 -3.2384e+001 +1.2363e+001 -1.1511e+001 +1.7230e+001 -1.2502e+001 -2.5667e+001 +1.2011e+001
235 +8.532477332e+000 +8.532477332e+000 +1.012477332e+000 +1.012477332e+000 +4.0334e+000 +2.4651e+000 +2.4271e+000 -3.4782e+001 +1.1978e+001 -1.2393e+001 +1.5280e+001 -1.1696e+001 -9.5261e+000 +6.4775e+000
238 +3.871491650e+000 +3.871491650e+000 -3.648508350e+000 -3.648508350e+000 +3.8167e+000 +4.3291e+000 +3.9079e+000 -4.4315e+001 +1.0530e+001 -1.4490e+001 +2.7357e+001 -1.5161e+001 -8.9563e+000 +6.1781e+000
251 +2.223544522e+000 +2.223544522e+000 -5.296455478e+000 -5.296455478e+000 +6.3314e+000 +8.7458e+000 +7.1623e+000 -2.1003e+001 +4.2009e+000 -6.2023e+000 +1.8552e+001 -9.5598e+000 -1.1480e+001 +5.0681e+000
266 -1.065814104e-014 -1.065814104e-014 -7.520000000e+000 -7.520000000e+000 +8.5026e+000 +1.3870e+001 +1.0311e+001 -3.3613e+001 +9.3894e+000 -9.8521e+000 +2.6736e+001 -1.5219e+001 -1.9141e+001 +6.9414e+000
% function evaluation | noise-free fitness - Fopt (2.477800000000e+002) | best noise-free fitness - Fopt | measured fitness | best measured fitness | x1 | x2...
1 +2.654089757e+002 +2.654089757e+002 +5.131889757e+002 +5.131889757e+002 +4.0422e+000 +2.7068e+000 +4.1000e+000 -9.8831e-001 +1.2507e+000 +1.2476e+000 -1.6342e+000 +1.2124e+000 +4.2706e+000 +2.2569e+000
3 +2.255010490e+002 +2.255010490e+002 +4.732810490e+002 +4.732810490e+002 +3.5889e+000 -2.4670e+000 -2.4990e+000 +1.9963e+000 -4.2917e+000 -2.3258e+000 -4.5188e+000 -9.1544e-001 +6.4553e-001 -1.0992e+000
17 +1.315523725e+002 +1.315523725e+002 +3.793323725e+002 +3.793323725e+002 +3.2404e+000 -2.3568e+000 +4.1056e+000 -8.8455e-001 -3.1180e+000 -4.7015e+000 -4.7136e+000 -4.7425e+000 -4.0069e+000 -4.0970e+000
86 +9.601640979e+001 +9.601640979e+001 +3.437964098e+002 +3.437964098e+002 -1.7271e+000 +6.0089e+000 -4.4315e+000 -5.6032e+000 +3.2718e+000 +1.7269e+000 +3.7087e+000 -4.5129e+000 -6.9688e-001 -5.0419e+000
158 +6.095832151e+001 +6.095832151e+001 +3.087383215e+002 +3.087383215e+002 -3.7844e+000 +1.1239e+001 -9.2430e+000 -1.1808e+001 +2.1818e+000 +6.1906e+000 +1.1081e+001 -1.1509e+001 -4.7072e+000 -3.6267e+000
217 +3.773372847e+001 +3.773372847e+001 +2.855137285e+002 +2.855137285e+002 -3.8382e+000 +5.4456e+000 -1.3298e+001 -1.8754e+001 -2.8264e+000 +8.2620e+000 +1.6575e+001 -1.5761e+001 -5.5478e+000 -1.0700e+001
286 +7.087732590e+000 +7.087732590e+000 +2.548677326e+002 +2.548677326e+002 -9.2080e+000 +2.7854e+001 +7.5102e-001 -3.2919e+001 -6.3009e+000 +1.7900e+001 +2.3584e+001 -9.1249e+000 -6.3403e+000 -1.2202e+001
309 +2.876001606e+000 +2.876001606e+000 +2.506560016e+002 +2.506560016e+002 -1.0363e+001 +3.2779e+001 +3.2759e+000 -3.6374e+001 -8.0759e+000 +2.1136e+001 +2.8681e+001 -8.7546e+000 -9.6236e+000 -1.3858e+001
315 +2.842170943e-014 +2.842170943e-014 +2.477800000e+002 +2.477800000e+002 -2.3293e+001 +4.8033e+001 +6.2747e+000 -4.5976e+001 -1.4600e+001 +2.6044e+001 +3.3467e+001 -2.3239e+001 -1.2786e+001 -1.6273e+001
% function evaluation | noise-free fitness - Fopt (-1.722000000000e+001) | best noise-free fitness - Fopt | measured fitness | best measured fitness | x1 | x2...
1 +1.777758343e+002 +1.777758343e+002 +1.605558343e+002 +1.605558343e+002 +2.2215e+000 +2.2317e+000 +2.4284e+000 -4.4838e+000 +1.9892e-001 +3.7207e+000 -1.0296e+000 +1.2131e+000 -1.3676e+000 +2.3555e+000
5 +1.456426109e+002 +1.456426109e+002 +1.284226109e+002 +1.284226109e+002 +1.7715e+000 -2.4791e+000 +3.1041e+000 -7.2853e-001 -2.2208e+000 -3.9059e+000 +9.4122e-001 +3.0772e+000 +3.4011e+000 +8.6607e-001
31 +8.124045924e+001 +8.124045924e+001 +6.402045924e+001 +6.402045924e+001 -3.7612e+000 +4.5432e+000 +6.1710e-001 -2.4968e+000 +2.5688e+000 -4.8688e+000 -1.8384e+000 +2.0545e+000 +1.8623e+000 +4.7155e+000
69 +5.074329747e+001 +5.074329747e+001 +3.352329747e+001 +3.352329747e+001 -3.1717e+000 +5.5170e+000 -1.7181e-001 -6.0699e+000 +4.6345e+000 -5.5030e+000 +3.7485e-001 +2.6108e+000 +5.0500e+000 +7.3061e+000
84 +3.569330467e+001 +3.569330467e+001 +1.847330467e+001 +1.847330467e+001 -4.3493e+000 +5.0199e+000 +1.7275e+000 -1.0211e+001 +3.9482e+000 -4.4362e+000 +3.0657e-001 +7.3345e+000 +7.9781e+000 +8.4751e+000
94 +1.535909418e+001 +1.535909418e+001 -1.860905821e+000 -1.860905821e+000 -1.5014e+000 +6.0152e+000 +4.6172e+000 -1.0886e+001 +6.7396e+000 -4.9374e+000 -2.6308e+000 +7.5816e+000 +5.4031e+000 +1.0090e+001
115 +4.482816572e+000 +4.482816572e+000 -1.273718343e+001 -1.273718343e+001 -1.0177e+000 +8.1899e+000 +5.9070e+000 -1.1019e+001 +9.6271e+000 -6.7287e+000 -4.8922e+000 +6.2120e+000 +8.3270e+000 +1.5992e+001
146 +3.373024558e+000 +3.373024558e+000 -1.384697544e+001 -1.384697544e+001 -1.6270e+000 +1.3116e+001 +8.0584e+000 -1.5222e+001 +1.1521e+001 -1.5055e+001 -6.8201e+000 +7.2993e+000 +9.4755e+000 +2.0454e+001
157 +0.000000000e+000 +0.000000000e+000 -1.722000000e+001 -1.722000000e+001 -6.4249e+000 +1.6869e+001 +1.3049e+001 -2.2617e+001 +1.5640e+001 -2.0077e+001 -7.7258e+000 +1.1146e+001 +1.1805e+001 +2.8768e+001
% function evaluation | noise-free fitness - Fopt (-6.010200000000e+002) | best noise-free fitness - Fopt | measured fitness | best measured fitness | x1 | x2...
1 +1.879995272e+002 +1.879995272e+002 -4.130204728e+002 -4.130204728e+002 -1.6432e-001 -4.5721e+000 +4.6497e+000 -4.9140e+000 +4.7837e+000 +3.2704e+000 -4.7129e+000 -2.5045e+000 +4.0442e+000 -6.4226e-001
4 +1.516324552e+002 +1.516324552e+002 -4.493875448e+002 -4.493875448e+002 -4.0648e+000 +2.5163e+000 +4.0039e+000 -2.8553e+000 -3.6649e+000 -4.8525e+000 +2.8321e+000 -2.7966e+000 +8.1889e-001 +1.0565e+000
44 +8.408184048e+001 +8.408184048e+001 -5.169381595e+002 -5.169381595e+002 -4.9240e+000 +4.2249e+000 +1.4812e+000 -1.8554e+000 +4.1580e+000 +3.9256e+000 +4.8618e+000 -4.7208e+000 +2.6515e+000 +4.9348e+000
137 +5.278918395e+001 +5.278918395e+001 -5.482308160e+002 -5.482308160e+002 -1.3993e+000 +7.4910e+000 -3.8872e+000 +2.2122e-001 +5.2005e+000 +4.2617e+000 +1.3211e+001 -6.4683e+000 +1.2561e+001 +7.1256e+000
178 +3.860486877e+001 +3.860486877e+001 -5.624151312e+002 -5.624151312e+002 +4.1189e+000 +4.7509e+000 -6.0642e+000 -9.8418e-002 +1.3742e+000 -3.2910e+000 +5.1245e+000 -3.3592e+000 +4.8999e+000 +6.5723e+000
225 +2.116726453e+001 +2.116726453e+001 -5.798527355e+002 -5.798527355e+002 -3.2440e+000 +1.6776e+001 -1.5380e+000 -1.5854e+001 +2.4310e+000 -6.0830e+000 +6.8283e+000 -1.0306e+001 +1.0195e+001 +1.3718e+001
252 +8.183586789e+000 +8.183586789e+000 -5.928364132e+002 -5.928364132e+002 +8.4999e+000 +5.8335e+000 -7.1819e+000 -8.3174e+000 +2.8541e+000 -5.8214e+000 +5.2611e+000 -4.6310e+000 +6.1506e+000 +1.1490e+001
284 +3.544182638e+000 +3.544182638e+000 -5.974758174e+002 -5.974758174e+002 +1.8044e+001 +1.1203e+001 -1.0424e+001 -1.4668e+001 +3.7263e+000 -1.1519e+001 +8.1291e+000 -7.6164e+000 +6.6569e+000 +1.9268e+001
296 +0.000000000e+000 +0.000000000e+000 -6.010200000e+002 -6.010200000e+002 +1.0636e+001 +1.4680e+001 -6.2582e+000 -2.6777e+001 +7.9734e+000 -7.1947e+000 +9.8360e+000 -9.7871e+000 +7.7063e+000 +1.9027e+001
% function evaluation | noise-free fitness - Fopt (-1.000000000000e+003) | best noise-free fitness - Fopt | measured fitness | best measured fitness | x1 | x2...
1 +2.088001373e+002 +2.088001373e+002 -7.911998627e+002 -7.911998627e+002 -5.9568e-001 -1.8604e-001 +2.0148e+000 +8.5580e-001 -4.5042e+000 -2.0527e-001 +2.3683e+000 +2.3083e+000 +1.5626e+000 -2.3632e+000
7 +1.156373687e+002 +1.156373687e+002 -8.843626313e+002 -8.843626313e+002 +3.8428e+000 -4.7390e+000 -2.0498e+000 +2.2177e+000 +4.6309e+000 -4.3621e-001 -5.2045e-001 +4.8941e+000 +4.3688e-001 -4.0414e+000
74 +9.087040285e+001 +9.087040285e+001 -9.091295972e+002 -9.091295972e+002 -2.3844e+000 -4.3498e+000 +5.4083e+000 +7.8377e+000 +4.9557e+000 +1.5249e+000 -5.4037e+000 +2.5409e+000 -4.6432e+000 -4.2490e+000
106 +6.233447380e+001 +6.233447380e+001 -9.376655262e+002 -9.376655262e+002 +4.9036e+000 -8.0416e+000 +1.6280e+000 +1.3933e+001 +7.9316e+000 +2.1085e+000 -5.3665e+000 +6.8754e+000 -1.2866e+001 -7.7291e+000
159 +3.641780915e+001 +3.641780915e+001 -9.635821908e+002 -9.635821908e+002 +3.1693e+000 -9.1885e+000 +3.4970e+000 +4.4750e+000 +6.0135e+000 +5.2354e+000 -9.4518e+000 +5.9368e+000 -2.0216e+001 -1.1518e+001
212 +2.268147120e+001 +2.268147120e+001 -9.773185288e+002 -9.773185288e+002 +2.0127e+000 -1.4500e+001 +2.5935e+000 -1.1432e+001 +3.5819e+000 +4.1425e+000 -1.0619e+001 +8.8095e+000 -1.9280e+001 -1.4196e+001
237 +1.251028453e+001 +1.251028453e+001 -9.874897155e+002 -9.874897155e+002 +8.2285e+000 -2.5605e+001 +1.8927e+000 -4.5300e+000 +7.3577e+000 +5.2270e+000 -1.6203e+001 +1.5910e+001 -3.9465e+001 -2.2695e+001
258 +1.343700610e+000 +1.343700610e+000 -9.986562994e+002 -9.986562994e+002 +1.6224e+001 -3.7014e+001 -4.1945e+000 -8.6958e+000 +1.5368e+001 +7.4622e+000 -2.3322e+001 +3.0468e+001 -6.5587e+001 -3.2994e+001
283 +1.136868377e-013 +1.136868377e-013 -1.000000000e+003 -1.000000000e+003 +2.0922e+001 -4.8361e+001 -5.2754e+000 -1.1024e+001 +1.9038e+001 +9.0528e+000 -3.3606e+001 +4.0861e+001 -7.8680e+001 -4.0156e+001
