% function evaluation | noise-free fitness - Fopt (6.870000000000e+000) | best noise-free fitness - Fopt | measured fitness | best measured fitness | x1 | x2...
1 +1.438853990e+001 +1.438853990e+001 +2.125853990e+001 +2.125853990e+001 -4.9754e+000 +1.6614e+000 +4.5067e+000 +3.6952e+000 -1.9920e+000 -2.1584e+000 +4.2124e+000 +3.4020e+000 +2.5571e+000 +2.6653e+000 -4.9399e+000 +4.6450e-001 +4.9238e+000 -4.7157e+000 +3.3026e-001 +2.6557e+000 -3.5362e+000 -3.8439e+000 -3.4015e+000 -4.6833e+000
6 +7.496677972e+000 +7.496677972e+000 +1.436667797e+001 +1.436667797e+001 +3.8578e+000 +2.1628e+000 +2.9915e+000 +8.9320e-002 +2.8775e+000 +1.1438e+000 +2.0927e-001 -3.8054e-001 +4.7878e+000 -4.4569e+000 +2.8647e+000 -1.9978e+000 +9.6575e-003 +3.8332e+000 +7.9956e-001 +4.1238e+000 +4.6129e-001 -2.0757e+000 +3.5201e+000 +4.0484e+000
39 +4.151785555e+000 +4.151785555e+000 +1.102178555e+001 +1.102178555e+001 +2.7979e+000 +3.0236e+000 -1.1559e+000 -3.3461e-001 +4.2241e+000 +1.8299e+000 +4.7309e+000 -1.8936e+000 -2.9652e+000 -2.3467e+000 -4.4340e-001 -3.3985e+000 -1.9496e+000 -2.9095e+000 -4.0295e+000 +2.7675e+000 +4.7402e+000 +4.7638e+000 -4.1025e+000 -1.8111e+000
1406 +3.681432573e+000 +3.681432573e+000 +1.055143257e+001 +1.055143257e+001 -3.3668e+000 +2.4259e+000 -3.1900e+000 +2.7151e+000 +2.8632e-001 -4.4845e-002 -1.8868e+000 +3.0624e+000 +1.5833e+000 -4.6088e+000 -3.2772e+000 +3.6799e+000 -3.7775e+000 +4.0907e+000 -1.6193e+000 +3.0098e+000 -1.2934e+000 +3.8627e+000 +1.0155e+000 +4.6780e+000
31845 +1.634111051e+000 +1.634111051e+000 +8.504111051e+000 +8.504111051e+000 +3.6454e+000 +2.2849e+000 -1.6895e+000 -2.3181e+000 +4.8152e-001 +2.9997e+000 -3.3382e+000 -3.2826e+000 -2.5355e+000 -2.7196e+000 -1.8990e+000 +1.0288e+000 -7.8530e-001 +1.5281e+000 +3.8794e+000 -2.5545e-001 +1.8160e+000 +3.9315e-001 -4.4720e+000 +4.1981e+000
2778886 +1.519435605e+000 +1.519435605e+000 +8.389435605e+000 +8.389435605e+000 -4.3721e+000 +8.3041e-001 +9.5388e-001 -5.8134e-001 +4.9184e-001 +3.7881e+000 -3.6584e-001 +3.2478e+000 +2.3389e+000 +4.7070e+000 +1.6139e+000 -5.3601e-001 +3.2974e+000 +9.2447e-002 +4.8229e+000 +2.7921e+000 +3.5555e+000 +2.0785e+000 +2.7489e+000 -2.7038e+000
% function evaluation | noise-free fitness - Fopt (1.000000000000e-002) | best noise-free fitness - Fopt | measured fitness | best measured fitness | x1 | x2...
1 +1.632156113e+001 +1.632156113e+001 +1.633156113e+001 +1.633156113e+001 +8.8330e-001 +7.8241e-001 +4.5029e+000 -1.2696e+000 -2.5148e+000 -4.5585e+000 +4.3718e-001 +1.1891e+000 +1.6982e+000 -1.4503e+000 -4.4768e+000 +4.5649e+000 -2.4461e+000 +3.0752e+000 +2.5457e+000 +1.5055e+000 -4.0748e+000 +2.2543e+000 -9.7362e-001 +1.7269e-001
5 +7.064021370e+000 +7.064021370e+000 +7.074021370e+000 +7.074021370e+000 +3.0696e-001 -1.6144e+000 +2.5303e+000 +6.7197e-001 -1.3383e+000 +2.2442e+000 +2.3295e+000 -3.9102e-001 -7.0734e-001 +3.8124e+000 +1.9816e+000 -6.7820e-001 +3.8025e+000 -2.4583e+000 -6.2266e-001 +1.3475e+000 -4.5210e+000 -4.6192e-001 +2.4802e+000 +2.5853e+000
58 +4.803471349e+000 +4.803471349e+000 +4.813471349e+000 +4.813471349e+000 -2.6891e+000 -1.6144e+000 +2.5303e+000 +6.7197e-001 -1.3383e+000 +2.2442e+000 +2.3295e+000 -3.9102e-001 -7.0734e-001 +3.8124e+000 +1.9816e+000 -6.7820e-001 +3.8025e+000 -1.7083e+000 -6.2266e-001 +4.4399e-002 -4.5210e+000 -4.6192e-001 +3.1195e+000 -2.3625e-001
917 +3.848405778e+000 +3.848405778e+000 +3.858405778e+000 +3.858405778e+000 -2.6045e+000 +3.2427e+000 +2.3645e+000 -1.9045e+000 +3.7821e+000 -3.6029e+000 -1.7548e+000 -1.7405e+000 +3.0780e-001 -4.1678e+000 +4.6366e+000 -4.3053e+000 -2.2288e+000 +2.1278e+000 -2.6610e+000 -4.3458e+000 -1.8204e+000 -1.5516e+000 +4.6861e+000 -4.5046e+000
78215 +2.238563061e+000 +2.238563061e+000 +2.248563061e+000 +2.248563061e+000 -3.8066e+000 +8.6340e-001 -3.3459e+000 -1.3463e+000 -4.8039e+000 +4.9394e+000 -2.0025e+000 -1.6471e+000 -2.7061e+000 -3.2927e+000 -4.1242e+000 -4.7294e+000 +9.5474e-001 +2.0063e+000 +3.0315e-001 -1.8216e+000 -1.5994e+000 +4.6521e+000 -3.4661e+000 -1.1175e-001
3631040 +1.377443891e+000 +1.377443891e+000 +1.387443891e+000 +1.387443891e+000 +7.4838e-001 -9.6180e-001 -2.1615e+000 +1.9665e+000 +3.6102e+000 +7.3953e-001 -9.4761e-002 +1.7784e+000 -3.2501e+000 +3.8823e+000 -2.9059e+000 -2.5360e+000 +4.3541e-001 -2.8641e+000 +3.1508e-001 -2.5369e-001 -2.2198e+000 -2.1537e+000 +3.8674e+000 +1.1171e+000
% function evaluation | noise-free fitness - Fopt (-1.306100000000e+002) | best noise-free fitness - Fopt | measured fitness | best measured fitness | x1 | x2...
1 +1.610170689e+001 +1.610170689e+001 -1.145082931e+002 -1.145082931e+002 -2.4022e+000 -1.0670e+000 +2.2635e+000 +1.4505e+000 -1.6760e+000 +2.6918e+000 -1.1564e+000 +2.5613e-002 -4.1112e+000 -1.2818e+000 -1.2764e+000 -3.4006e+000 +3.9300e+000 +1.3851e+000 -7.8151e-001 +4.9636e+000 +1.0762e+000 -4.0093e+000 -1.2298e+000 +1.6985e+000
3 +1.258942796e+001 +1.258942796e+001 -1.180205720e+002 -1.180205720e+002 +4.3707e+000 +3.1736e+000 +1.0392e+000 +3.6672e+000 +3.3406e+000 -1.7570e+000 +2.7037e+000 +1.5792e+000 +1.9165e+000 +9.6648e-001 +3.0111e+000 -4.0461e+000 +3.2075e+000 +3.1574e-001 -1.4721e+000 -4.0534e+000 +4.1679e+000 -3.3166e+000 +1.0936e+000 -3.0635e+000
15 +5.515485222e+000 +5.515485222e+000 -1.250945148e+002 -1.250945148e+002 -3.8687e+000 +1.0242e+000 -2.3561e+000 -3.9900e+000 +4.2483e+000 -3.3780e+000 -3.0948e+000 +2.9762e+000 +4.1485e+000 +8.3275e-001 -1.9176e+000 -4.4676e+000 +9.7709e-002 +2.8754e+000 +2.6700e-001 +2.7288e+000 -4.5574e+000 +1.6779e+000 +1.0291e+000 -3.2217e+000
1957 +3.731209904e+000 +3.731209904e+000 -1.268787901e+002 -1.268787901e+002 -1.0978e+000 -4.9254e+000 -4.5722e+000 -4.7189e+000 -2.0534e-001 +3.0670e+000 +9.0094e-001 -4.1367e+000 -3.3781e+000 +2.8626e+000 +4.4315e-002 +4.5291e-001 +1.2087e-001 +3.4622e+000 +1.2675e+000 -1.9511e+000 -4.1329e-001 +1.4061e+000 -4.2760e-001 -3.3824e+000
202040 +2.153017535e+000 +2.153017535e+000 -1.284569825e+002 -1.284569825e+002 -1.9970e+000 -5.8612e-001 +1.6474e+000 -3.5499e+000 -4.6898e-001 -3.2678e+000 +1.7648e+000 +1.4075e+000 +2.1281e+000 +8.9895e-001 +1.0360e-001 -1.9794e+000 -9.3008e-001 -4.6473e+000 +3.3104e+000 -4.5010e-001 -1.2376e-001 +2.6777e+000 -3.2871e+000 -4.0806e+000
% function evaluation | noise-free fitness - Fopt (-2.231200000000e+002) | best noise-free fitness - Fopt | measured fitness | best measured fitness | x1 | x2...
1 +1.219292835e+001 +1.219292835e+001 -2.109270716e+002 -2.109270716e+002 -3.1415e+000 -4.8790e+000 -1.0271e+000 -2.1840e+000 -2.6716e+000 -2.0685e+000 +1.7276e+000 -3.8243e+000 -1.4780e+000 +3.4384e+000 +2.4822e+000 -4.9664e+000 +3.0305e+000 +3.9609e+000 -1.7542e+000 -3.4780e-001 +3.7464e+000 -2.0723e+000 -9.4089e-001 +3.9382e+000
4 +7.307746431e+000 +7.307746431e+000 -2.158122536e+002 -2.158122536e+002 -2.5649e+000 +3.4714e+000 +9.5728e-001 +3.7760e+000 +4.2519e+000 +4.8214e+000 +2.0510e+000 +3.0503e+000 +3.6766e+000 -3.8063e+000 -9.4979e-001 -1.2337e+000 -5.0065e-001 +6.9405e-001 +8.0207e-001 +4.8413e+000 -9.3197e-001 +4.0514e+000 -4.9092e+000 -1.8381e+000
18 +6.270147780e+000 +6.270147780e+000 -2.168498522e+002 -2.168498522e+002 -1.8954e+000 +1.2788e+000 +3.2536e-001 +1.5391e+000 +1.4241e+000 -2.7175e+000 +4.6130e+000 -3.7063e+000 -2.9405e-001 +4.0566e-001 +3.7127e+000 +2.0149e-001 -3.1932e-001 +7.3954e-001 -1.3207e+000 -2.8632e+000 -3.3140e+000 +3.2468e-001 -2.5818e+000 -2.8019e+000
717 +2.903185149e+000 +2.903185149e+000 -2.202168149e+002 -2.202168149e+002 +2.9070e+000 -1.8568e+000 -1.5427e-001 +1.6091e+000 +2.3116e+000 +1.1531e-001 +2.0729e+000 -1.1892e+000 -2.4592e+000 +3.4655e+000 +5.3869e-002 +2.9209e+000 -1.9782e+000 -2.1318e+000 -2.2150e+000 +4.7472e+000 +2.3269e+000 -1.4489e+000 -3.6498e+000 +3.6976e+000
27840 +2.317776129e+000 +2.317776129e+000 -2.208022239e+002 -2.208022239e+002 -1.6479e+000 -3.8056e+000 +2.7916e+000 -9.8048e-001 -1.3396e-001 +4.0391e+000 -4.0102e+000 +3.2989e+000 -4.8508e+000 +3.7939e+000 +2.7403e+000 +1.8262e+000 -2.4305e+000 -9.7873e-001 -2.3867e+000 -2.3041e+000 +5.2898e-001 +1.0949e+000 +1.5209e+000 -7.5497e-001
% function evaluation | noise-free fitness - Fopt (-4.443000000000e+001) | best noise-free fitness - Fopt | measured fitness | best measured fitness | x1 | x2...
1 +1.267141951e+001 +1.267141951e+001 -3.175858049e+001 -3.175858049e+001 +2.6216e-001 +4.3462e+000 +2.0964e+000 +1.7749e+000 -9.3222e-001 -1.4947e+000 -2.9761e+000 +1.0790e+000 +3.8260e+000 +2.2533e+000 +4.4359e+000 +1.3305e+000 +3.5767e+000 +4.8437e+000 +3.9589e+000 +4.1334e+000 -6.8163e-001 -4.9800e+000 +5.3432e-001 -1.7250e+000
3 +6.113065059e+000 +6.113065059e+000 -3.831693494e+001 -3.831693494e+001 +4.3095e+000 -1.1698e-001 -3.8970e+000 -3.0733e+000 +2.1635e+000 -2.3675e+000 -6.0554e-001 +3.5398e+000 -1.0619e+000 -1.8251e-001 -4.9094e+000 -4.0013e+000 -1.0783e+000 +1.8352e+000 -1.9852e+000 -1.2644e+000 +2.0806e+000 +8.4360e-001 +4.9478e-001 -1.2760e+000
10140 +1.888432745e+000 +1.888432745e+000 -4.254156726e+001 -4.254156726e+001 -8.5196e-001 -7.0819e-002 -1.6164e+000 -1.7147e+000 -4.3690e+000 +4.5248e+000 -1.5912e+000 -2.4132e+000 -3.3014e+000 -1.5458e+000 +3.4622e+000 -1.2197e+000 -4.4868e+000 -6.4393e-001 -3.5213e+000 -4.7162e+000 +2.3025e+000 +2.8518e-001 -3.8212e+000 -1.1415e+000
3644707 +1.493877532e+000 +1.493877532e+000 -4.293612247e+001 -4.293612247e+001 -3.2468e+000 +2.4566e+000 +1.6891e+000 +8.9706e-001 +4.6635e+000 -1.2482e-001 +1.0623e+000 -2.0750e+000 -2.8193e+000 +1.1837e+000 -8.3446e-001 +8.0806e-001 -4.3829e+000 -6.0554e-001 +7.8235e-001 -1.6308e+000 +3.3961e+000 -4.1522e+000 +3.2907e+000 -1.2961e-001
% function evaluation | noise-free fitness - Fopt (1.994000000000e+001) | best noise-free fitness - Fopt | measured fitness | best measured fitness | x1 | x2...
1 +1.320846345e+001 +1.320846345e+001 +3.314846345e+001 +3.314846345e+001 +1.2582e+000 +2.8859e+000 +3.7130e+000 -1.4684e+000 +1.7946e+000 -3.0857e+000 +2.8418e-001 -2.8826e+000 +3.4197e-002 -2.4002e+000 -4.7721e+000 +2.4593e+000 -2.0894e+000 +1.6691e+000 +2.9054e+000 +4.1845e+000 -1.9626e+000 +4.2869e+000 -4.0122e+000 +2.0474e+000
19 +7.059987928e+000 +7.059987928e+000 +2.699998793e+001 +2.699998793e+001 -3.3832e+000 +2.7210e+000 +1.6609e+000 -4.0835e+000 -4.4638e+000 +1.3018e+000 +4.3473e+000 +2.3662e+000 -8.2660e-001 +1.6714e+000 +4.2525e+000 +3.4185e+000 +1.4638e+000 -1.5476e+000 -3.4089e+000 +2.1662e+000 +1.2405e-002 -4.3421e+000 -3.7459e+000 -1.4746e+000
466 +6.169799254e+000 +6.169799254e+000 +2.610979925e+001 +2.610979925e+001 +2.8169e-001 -1.2263e+000 -1.4379e+000 +9.1755e-001 +1.1439e+000 -2.1907e+000 +3.6282e+000 -4.7097e-002 -4.9491e-001 +1.2060e+000 -8.0298e-001 +8.3273e-001 +2.7514e+000 -4.9605e-001 +3.4624e+000 -1.6434e+000 +8.7994e-001 -1.1281e+000 -2.4547e+000 -4.5929e+000
679 +3.890286822e+000 +3.890286822e+000 +2.383028682e+001 +2.383028682e+001 +5.0921e+000 +4.7912e+000 -1.0515e+000 +1.1111e+000 +1.1731e+000 -2.7413e-001 +5.1376e-001 -9.9413e-001 -2.9964e+000 +1.9835e+000 +4.7773e+000 +1.0732e+000 +4.0208e+000 -2.1805e+000 +5.1602e+000 +1.6528e+000 -3.9704e-001 -3.0517e+000 +2.9784e+000 -4.0761e+000
61675 +1.993536405e+000 +1.993536405e+000 +2.193353640e+001 +2.193353640e+001 +1.8732e+000 -2.4400e+000 +2.0608e+000 +2.9737e+000 +8.0523e-001 +1.6541e+000 +1.8166e+000 +4.7934e+000 -2.3960e+000 -1.1430e+000 +3.0069e+000 -1.6904e+000 +4.1429e+000 +2.2802e+000 +3.9711e+000 +4.7193e+000 +3.5044e+000 +1.5418e+000 +1.6839e+000 +2.9074e+000
4149502 +1.541151732e+000 +1.541151732e+000 +2.148115173e+001 +2.148115173e+001 -4.4372e-001 +3.3787e+000 -4.6615e+000 -4.3229e+000 +1.1677e-001 +3.7971e+000 +1.0627e+000 -4.3101e+000 +1.0358e+000 -1.2383e+000 -3.8145e+000 +1.0233e+000 +1.1346e+000 +2.2255e+000 +2.0974e+000 +3.8137e+000 -1.6412e-001 +4.5132e+000 -1.5567e-001 -1.2581e+000
% function evaluation | noise-free fitness - Fopt (2.047400000000e+002) | best noise-free fitness - Fopt | measured fitness | best measured fitness | x1 | x2...
1 +9.396120046e+000 +9.396120046e+000 +2.141361200e+002 +2.141361200e+002 -4.9135e+000 +2.3586e+000 +4.0767e-001 +3.9327e+000 -3.3022e+000 +3.5839e+000 -2.5322e+000 -9.0686e-001 +7.6047e-001 +3.3788e+000 -6.6057e-001 +1.6533e+000 +8.5912e-001 +3.4111e+000 -3.8828e+000 -2.5266e+000 -4.1017e+000 +1.9467e-002 -9.0262e-001 +3.7675e+000
4 +6.263812738e+000 +6.263812738e+000 +2.110038127e+002 +2.110038127e+002 -1.7826e+000 -1.1366e+000 -7.0215e-001 -1.8142e+000 -3.0258e+000 -7.3563e-001 +4.0241e+000 -9.0822e-001 +1.4586e+000 -3.0443e+000 +5.0807e-001 -3.7287e+000 +6.1145e-001 +3.6744e+000 +2.6085e+000 -4.2329e+000 +3.0805e+000 +3.8911e+000 +5.0872e-001 -4.8402e+000
671 +3.788227464e+000 +3.788227464e+000 +2.085282275e+002 +2.085282275e+002 +5.3918e-001 +3.1374e+000 +2.2232e+000 -2.2195e-001 -1.8488e+000 +1.6637e+000 -4.5544e+000 +6.5189e-001 -2.4527e+000 -3.8004e+000 -1.5989e+000 +1.2332e+000 +3.4919e+000 -3.8093e+000 -3.3571e+000 +3.0131e+000 +4.4832e+000 -3.7137e+000 +4.0367e+000 -2.8718e-001
23748 +1.854149376e+000 +1.854149376e+000 +2.065941494e+002 +2.065941494e+002 +2.2301e-001 +4.4534e+000 +3.2480e+000 -1.6146e+000 +1.6316e+000 -4.2653e+000 -1.0026e+000 +1.5592e+000 -4.0595e+000 -1.9498e+000 -2.6731e-001 -4.8734e+000 -4.7736e-002 -1.8926e+000 +2.5667e+000 +4.9255e+000 +1.6437e+000 -3.8393e+000 +1.7290e+000 +2.4481e+000
539911 +1.547856266e+000 +1.547856266e+000 +2.062878563e+002 +2.062878563e+002 -4.4590e+000 -4.5349e-001 +3.6446e-001 -3.7791e+000 +3.7477e+000 +1.4142e+000 +2.6460e+000 +1.7733e+000 -2.0093e+000 +1.1227e-001 -1.2232e+000 +2.0483e+000 -2.3862e+000 -3.2374e-001 -2.5411e+000 -4.8590e+000 -7.5588e-002 -1.0051e+000 +1.5333e+000 +3.5202e+000
% function evaluation | noise-free fitness - Fopt (-3.887700000000e+002) | best noise-free fitness - Fopt | measured fitness | best measured fitness | x1 | x2...
1 +2.206451894e+001 +2.206451894e+001 -3.667054811e+002 -3.667054811e+002 -9.8837e-001 +1.1717e+000 +4.3381e+000 +2.3749e+000 -2.6839e+000 +2.3384e+000 +3.8517e+000 -3.9344e-001 +2.0796e-001 +2.7241e+000 +1.7817e+000 -1.4097e+000 -3.3784e+000 -3.3377e+000 -2.6011e+000 +1.3113e+000 -7.8868e-001 +4.4268e+000 -8.7706e-001 +2.9031e+000
5 +5.693584579e+000 +5.693584579e+000 -3.830764154e+002 -3.830764154e+002 +1.1036e+000 -3.7926e+000 -2.4834e+000 -2.8665e+000 -1.0736e+000 -2.3633e+000 -2.4189e+000 +8.6064e-001 +1.7119e+000 -1.8448e+000 +4.6124e+000 +3.0585e+000 -3.5462e+000 -1.3207e+000 -6.2806e-001 -2.7550e+000 +3.4769e+000 +8.2931e-001 -3.3577e+000 -4.3017e+000
673 +3.636635634e+000 +3.636635634e+000 -3.851333644e+002 -3.851333644e+002 -1.8857e+000 +1.0624e+000 -4.3700e+000 +4.8537e-001 +5.0351e+000 -1.2704e+000 +1.7194e+000 -2.4030e+000 +2.6389e+000 -1.4162e-001 -1.7636e+000 -2.3002e+000 +4.0791e+000 -1.2700e+000 +1.4422e+000 +3.2315e-001 +3.3158e+000 -4.7610e-001 -1.4172e+000 -3.4083e-001
29128 +2.455501089e+000 +2.455501089e+000 -3.863144989e+002 -3.863144989e+002 -8.0245e-001 +2.0003e+000 -4.5357e-001 -2.3400e-001 +3.5787e+000 -2.5711e+000 -9.3427e-001 -1.9556e+000 -6.9205e-001 -2.6459e+000 +2.8904e+000 +7.7960e-001 +4.2265e-001 -3.1863e-001 +3.9823e+000 +1.2062e+000 +1.4860e-001 -3.5508e-001 -1.0516e+000 -7.7273e-002
% function evaluation | noise-free fitness - Fopt (-1.918000000000e+001) | best noise-free fitness - Fopt | measured fitness | best measured fitness | x1 | x2...
1 +8.601398352e+000 +8.601398352e+000 -1.057860165e+001 -1.057860165e+001 -1.1094e+000 +3.7162e+000 +4.4563e-001 +4.4951e+000 -4.0858e+000 +2.1008e+000 -2.4267e+000 -3.7888e+000 -8.2696e-001 +2.7747e+000 +3.2457e+000 +2.4453e-001 +4.1031e+000 -6.8044e-001 -1.6525e+000 +1.8228e+000 -6.2141e-002 +2.9854e+000 +1.7013e+000 -3.7993e+000
11 +6.056281122e+000 +6.056281122e+000 -1.312371888e+001 -1.312371888e+001 +4.4581e+000 -3.7984e+000 +2.0036e+000 +3.0212e+000 -1.2405e+000 +3.1993e+000 -7.9160e-001 +2.6031e+000 -2.5527e+000 +3.2334e+000 -4.5169e-001 -3.0724e+000 -4.9322e+000 +2.4964e+000 +7.0075e-001 -4.6220e+000 -3.2425e+000 +2.4368e+000 +3.2404e+000 -2.9156e+000
4950 +3.936907815e+000 +3.936907815e+000 -1.524309219e+001 -1.524309219e+001 -1.5753e+000 -4.9529e-001 +4.7790e-001 -1.9840e+000 +4.9376e+000 +8.0865e-001 -6.0554e-001 +7.2691e-001 +1.7243e+000 -1.7786e+000 -1.6663e-001 +3.7052e+000 -9.8965e-001 +3.8356e+000 +1.8032e+000 -4.4290e+000 +8.8124e-001 -3.9266e+000 +3.4565e+000 -3.4206e+000
167466 +2.135445962e+000 +2.135445962e+000 -1.704455404e+001 -1.704455404e+001 -4.3414e-001 -8.7958e-001 -3.8519e+000 -3.7228e+000 +2.1926e+000 -3.6181e+000 -5.3101e-001 -1.2063e+000 +4.3146e+000 +3.4943e+000 -1.3569e+000 +2.6586e+000 -4.7809e+000 +4.3995e+000 -1.0666e+000 +4.1925e+000 -1.7196e+000 -1.2771e+000 +3.3959e+000 -1.5540e+000
1611605 +1.359898504e+000 +1.359898504e+000 -1.782010150e+001 -1.782010150e+001 +1.7955e+000 -2.9668e+000 -7.8778e-001 -8.3299e-001 -3.9556e+000 -1.0821e+000 -2.9817e-001 -1.1692e+000 -8.0960e-002 +5.0197e-001 +6.4379e-001 -1.5052e+000 +2.5421e-001 -3.0782e+000 +3.9406e+000 +1.7138e+000 -1.1089e+000 +3.5483e-001 +9.5522e-001 -1.8102e+000
% function evaluation | noise-free fitness - Fopt (-3.724500000000e+002) | best noise-free fitness - Fopt | measured fitness | best measured fitness | x1 | x2...
1 +2.056341574e+001 +2.056341574e+001 -3.518865843e+002 -3.518865843e+002 +4.2478e+000 -3.6806e+000 -4.0543e-001 +3.8684e+000 +2.7434e+000 +3.6302e+000 -1.9067e+000 -7.5134e-001 -3.7236e+000 +4.2362e+000 +4.9002e-001 -4.8206e+000 +3.7422e+000 -3.4608e-001 +3.1897e+000 -3.8366e-001 +2.6941e+000 -4.9639e+000 +2.0532e+000 +4.8537e+000
4 +1.158372353e+001 +1.158372353e+001 -3.608662765e+002 -3.608662765e+002 -3.5642e+000 -2.9099e+000 +1.0249e+000 -1.3044e+000 +7.3200e-001 +8.8203e-001 +3.5228e+000 -4.0981e+000 +3.4981e+000 -2.0919e+000 +4.3302e+000 -3.2722e+000 -1.7121e+000 -4.7608e+000 +2.9962e+000 +3.4447e+000 -1.5821e+000 -4.6393e+000 +4.3532e+000 -6.0529e-001
10 +6.043221389e+000 +6.043221389e+000 -3.664067786e+002 -3.664067786e+002 +1.2477e+000 -1.9570e+000 +8.7783e-001 -2.0230e+000 -1.0456e+000 +2.3051e+000 +2.9642e+000 +1.2982e+000 +3.9325e+000 -4.3465e+000 -3.1959e-001 -4.2181e+000 -1.7231e+000 -1.1260e-001 +2.2797e+000 -1.6617e+000 -3.6255e-001 +6.8408e-001 -4.8961e+000 +1.6746e+000
6472 +2.680849260e+000 +2.680849260e+000 -3.697691507e+002 -3.697691507e+002 -7.1393e-001 +9.7873e-001 -3.9607e+000 -3.1983e+000 +1.4670e+000 +1.1707e+000 +2.6765e+000 +3.0476e+000 -9.7988e-001 -3.3325e+000 -2.4165e-001 -4.2154e-001 -2.3275e+000 -1.6878e+000 +8.3672e-001 -3.3678e-001 -3.8614e+000 +5.5895e+000 +5.0588e+000 -4.1114e+000
55932 +1.470139614e+000 +1.470139614e+000 -3.709798604e+002 -3.709798604e+002 -1.2385e+000 -3.4607e+000 +4.6598e+000 +2.7883e+000 -2.5669e-001 -4.6437e+000 -4.4998e+000 -1.0663e+000 -3.6074e+000 -3.0330e+000 +6.5171e-001 +1.1717e+000 +2.7536e+000 +4.6769e+000 +1.3648e-001 +4.2622e+000 -1.4331e+000 +3.7790e+000 +9.2426e-001 -3.2685e+000
% function evaluation | noise-free fitness - Fopt (8.450000000000e+000) | best noise-free fitness - Fopt | measured fitness | best measured fitness | x1 | x2...
1 +2.316083356e+001 +2.316083356e+001 +3.161083356e+001 +3.161083356e+001 +1.4937e+000 -4.1570e+000 +2.6642e+000 +4.5519e+000 -3.2357e+000 -2.5216e+000 -1.0791e+000 -4.0537e+000 +4.6261e+000 +8.4704e-001 -7.4406e-001 -4.3405e+000 +8.1940e-001 -1.8905e+000 -4.3942e+000 -3.0359e+000 -3.9554e+000 -3.4328e+000 -9.2779e-001 +2.7423e+000
3 +1.406503617e+001 +1.406503617e+001 +2.251503617e+001 +2.251503617e+001 +3.7781e+000 -5.2086e-001 -1.8579e-001 +1.0196e+000 -6.4369e-001 +4.6571e+000 -2.0262e+000 +4.6511e+000 -2.0546e+000 -1.2288e+000 -2.6805e+000 -3.0921e+000 -1.2420e+000 -3.6348e+000 -1.6004e+000 -4.6675e+000 -2.1667e+000 +1.0010e+000 +2.7951e+000 +2.3010e+000
7 +5.379955639e+000 +5.379955639e+000 +1.382995564e+001 +1.382995564e+001 +4.1145e+000 +4.0923e+000 -1.7952e-002 +4.2764e-001 -3.9504e+000 +2.4867e-001 -2.3821e+000 -2.4792e+000 +2.0642e+000 -2.0970e+000 +2.8871e+000 -3.7832e+000 +2.2207e+000 -2.5619e+000 +2.2221e+000 +3.2729e+000 +3.0171e+000 +8.4778e-001 -1.8853e+000 +2.5936e+000
709 +2.626452613e+000 +2.626452613e+000 +1.107645261e+001 +1.107645261e+001 -3.5483e-001 +4.4461e+000 +4.3956e+000 +3.0803e+000 -8.9967e-001 -9.0528e-001 -4.7211e+000 +3.1325e+000 +1.2566e+000 -1.9812e+000 +4.3730e+000 -3.2997e+000 -2.6577e+000 -4.8174e+000 +1.7175e+000 +2.4883e-001 +4.6783e+000 -4.1236e+000 +3.5594e+000 +1.3330e+000
131247 +1.550452407e+000 +1.550452407e+000 +1.000045241e+001 +1.000045241e+001 -4.3246e+000 -4.8315e-001 +3.9676e+000 +1.0633e+000 -4.5107e+000 -1.8408e+000 +2.3281e-001 +2.1947e+000 -5.0511e+000 +1.9926e+000 +4.9503e+000 -2.1332e+000 -1.6752e+000 +4.9974e-002 -1.8726e-001 +4.9065e+000 -3.7570e+000 -2.4028e+000 +5.6256e-001 -3.5674e-001
% function evaluation | noise-free fitness - Fopt (1.184000000000e+001) | best noise-free fitness - Fopt | measured fitness | best measured fitness | x1 | x2...
1 +1.075152161e+001 +1.075152161e+001 +2.259152161e+001 +2.259152161e+001 -2.0187e+000 +1.2689e+000 +2.1333e-001 +1.0483e+000 -2.1295e+000 -3.4224e+000 -1.2776e+000 +4.6486e-001 -1.8054e-001 +3.3386e+000 -4.7547e+000 -1.5597e+000 -2.4791e+000 -3.9322e-001 -5.2355e-001 +4.3601e+000 -4.0439e+000 +1.2701e+000 -1.8003e+000 +1.7491e+000
10 +3.816773532e+000 +3.816773532e+000 +1.565677353e+001 +1.565677353e+001 +8.4137e-001 +5.4767e-001 +6.3335e-001 -2.0996e+000 -7.3889e-001 +3.1355e+000 -3.1436e+000 +1.9454e+000 +2.9661e+000 +2.5963e+000 +7.5275e-001 -4.2706e+000 -1.1088e+000 +3.8928e+000 +4.3741e+000 +2.4076e+000 -3.4606e+000 -1.5524e+000 -1.5225e+000 +4.3543e+000
150863 +2.267621918e+000 +2.267621918e+000 +1.410762192e+001 +1.410762192e+001 +4.4899e+000 -3.6117e-001 -4.6925e+000 -1.9432e+000 +1.8113e+000 +3.7336e+000 -3.8302e-001 +1.6106e-002 -3.5398e+000 +1.7314e-001 -3.4405e+000 -2.3974e+000 -4.4649e+000 -3.1504e+000 -3.6747e+000 +9.1236e-001 -4.3170e+000 -1.8550e+000 -1.4124e+000 -5.8138e-001
% function evaluation | noise-free fitness - Fopt (1.581200000000e+002) | best noise-free fitness - Fopt | measured fitness | best measured fitness | x1 | x2...
1 +1.750386930e+001 +1.750386930e+001 +1.756238693e+002 +1.756238693e+002 -1.2963e+000 -3.4809e+000 -4.4953e+000 +2.5370e+000 +2.6936e+000 +2.1044e+000 -1.0196e+000 -3.5498e-001 -4.9287e+000 -2.9336e+000 +3.3302e+000 -4.2892e+000 +2.2083e+000 -1.8187e+000 -3.6054e+000 -4.3755e+000 -4.6263e+000 +1.5942e+000 +2.5848e+000 +1.4331e-002
3 +1.249121397e+001 +1.249121397e+001 +1.706112140e+002 +1.706112140e+002 -2.9541e+000 +2.3823e+000 +7.2786e-001 -1.7127e-001 +3.4990e+000 -1.6007e+000 +2.9011e+000 -4.6124e+000 +2.9219e+000 +1.3501e+000 -1.5147e-001 +1.2538e-001 -4.0785e+000 +4.6187e+000 -2.7682e+000 -4.2703e+000 -4.0032e+000 +4.9550e+000 -2.8516e+000 -1.1678e+000
9 +8.788649494e+000 +8.788649494e+000 +1.669086495e+002 +1.669086495e+002 +4.3380e+000 +3.8192e+000 -4.4159e+000 +1.0973e-001 -4.8293e+000 +4.9706e+000 -1.8941e+000 -1.8532e+000 -2.9470e-001 +3.9480e+000 +7.7595e-001 +3.3642e+000 -9.6416e-001 +4.0061e+000 -3.5121e+000 -1.0321e+000 +1.2405e+000 -9.4707e-001 -4.4217e-001 +4.9214e+000
100 +5.777741797e+000 +5.777741797e+000 +1.638977418e+002 +1.638977418e+002 +3.4471e+000 +1.7339e+000 +2.6492e+000 +5.4345e+000 -2.6150e-002 +2.5348e+000 +4.0300e+000 -1.7523e+000 -4.1252e+000 +2.3148e+000 -4.3127e+000 +1.3743e+000 -1.4272e+000 +1.3289e+000 -1.3095e+000 -5.3701e+000 +3.6446e+000 -2.1001e+000 -4.8626e+000 -1.6076e+000
1937 +3.267281200e+000 +3.267281200e+000 +1.613872812e+002 +1.613872812e+002 +3.1367e+000 -4.2979e-002 +4.7969e+000 -2.4121e+000 -2.7235e+000 +1.5661e+000 +2.7061e+000 -1.6060e+000 -2.8024e+000 -3.8400e+000 -1.8674e+000 +4.2813e+000 -4.7918e+000 -4.4410e+000 -4.6256e+000 -4.4620e+000 -4.0006e+000 +1.6861e+000 -2.6675e+000 +4.6394e+000
125080 +2.230973414e+000 +2.230973414e+000 +1.603509734e+002 +1.603509734e+002 -2.7404e+000 +2.1667e+000 -3.9671e+000 +4.6908e+000 -4.6853e-001 -3.4053e+000 +1.6527e+000 -4.4822e+000 -3.6877e+000 -3.6698e+000 +1.0074e+000 -1.0617e+000 -4.3943e-001 -4.7774e+000 +2.0960e+000 -1.2919e+000 -4.1544e+000 -9.7224e-001 -1.5281e+000 +2.9346e+000
% function evaluation | noise-free fitness - Fopt (-1.021200000000e+002) | best noise-free fitness - Fopt | measured fitness | best measured fitness | x1 | x2...
1 +1.734390155e+001 +1.734390155e+001 -8.477609845e+001 -8.477609845e+001 +1.5558e+000 -2.5583e+000 +3.9109e+000 -2.5287e-001 +2.1111e+000 -4.9717e+000 -4.9383e+000 +1.0466e+000 +4.1779e-001 +4.7977e+000 -3.9062e+000 +3.3814e+000 -4.5571e-001 -4.8013e-001 -3.2365e+000 -8.7397e-001 +2.8256e+000 -2.7502e+000 +1.0604e+000 -2.1720e+000
3 +7.303708942e+000 +7.303708942e+000 -9.481629106e+001 -9.481629106e+001 +1.1013e-001 +3.9200e+000 -1.3789e+000 +3.3941e+000 +2.9222e+000 -1.5314e+000 +3.7123e-003 -1.2164e+000 +3.4140e+000 +4.2895e+000 +2.4396e+000 +2.3814e+000 -1.6715e+000 +9.0861e-004 +4.4200e+000 -4.2054e+000 +1.1375e+000 -4.1861e+000 +3.2098e+000 +7.9478e-001
30 +5.488243681e+000 +5.488243681e+000 -9.663175632e+001 -9.663175632e+001 +2.0984e+000 +3.7843e+000 +6.9503e-001 +1.6875e-001 -1.9247e+000 +4.2151e+000 +3.1357e-001 -1.7554e-001 +3.3974e+000 -2.4051e+000 +5.0747e-001 -2.0199e+000 -3.9056e+000 +3.7752e+000 -1.0116e+000 -4.5454e+000 +2.6561e+000 -2.5737e+000 +5.9281e-001 +3.2528e-001
1269 +3.345303555e+000 +3.345303555e+000 -9.877469645e+001 -9.877469645e+001 +1.3813e+000 +3.1947e+000 -6.7614e-001 +2.0537e+000 +5.2849e+000 +3.9021e+000 -8.0286e-001 +2.4917e+000 -2.8149e+000 -1.6804e+000 -5.3584e+000 +4.6382e+000 +5.0385e+000 -1.2173e+000 +3.6836e+000 -4.3211e+000 +4.1639e+000 +4.2789e+000 -2.5039e+000 +4.1842e-001
45451 +2.482270310e+000 +2.482270310e+000 -9.963772969e+001 -9.963772969e+001 +3.7585e-001 +1.2255e+000 -1.9510e-001 +2.8346e+000 +2.0779e+000 -1.5877e+000 +1.2057e+000 +4.7361e+000 +2.9816e+000 +1.6277e+000 +1.9135e+000 +5.5669e+000 -1.7781e+000 +3.4913e+000 +9.6167e-002 +2.8287e+000 +3.9278e+000 -1.8000e+000 +1.8649e-001 +3.4264e-002
2793226 +1.390144760e+000 +1.390144760e+000 -1.007298552e+002 -1.007298552e+002 -1.6688e+000 +4.8720e-001 -3.6923e+000 +3.0667e+000 -1.8106e+000 +4.6989e+000 -2.9962e+000 +2.8404e+000 -3.8222e+000 -3.6603e+000 -1.9468e+000 +2.4632e+000 -6.1329e-001 +1.9309e+000 +2.4118e+000 +1.5053e+000 +4.1583e-001 +3.4841e+000 -1.5847e+000 -2.3814e+000
% function evaluation | noise-free fitness - Fopt (-8.798000000000e+001) | best noise-free fitness - Fopt | measured fitness | best measured fitness | x1 | x2...
1 +1.072160210e+001 +1.072160210e+001 -7.725839790e+001 -7.725839790e+001 -1.3494e+000 +2.2844e+000 +2.6972e+000 -1.7516e+000 -1.5470e+000 -3.0520e+000 +4.1257e-001 -2.4658e+000 -2.4677e+000 +1.1084e+000 -2.2651e+000 -2.0361e+000 -4.8961e-001 +9.4373e-001 -4.8446e+000 +4.8287e+000 +5.9807e-001 -2.2414e+000 +3.6860e+000 -3.6225e+000
4 +7.362923301e+000 +7.362923301e+000 -8.061707670e+001 -8.061707670e+001 +2.4708e+000 -3.3059e+000 +4.5210e+000 -3.1927e+000 -4.1541e+000 -1.5224e+000 +2.1278e-001 +2.6623e+000 -4.2346e+000 +5.9553e-001 +5.3238e-001 -3.9400e+000 -2.3552e+000 +4.1950e+000 +3.1830e-001 +2.1536e+000 +1.1473e+000 +4.6369e+000 +4.1872e-001 +4.4151e+000
278 +5.345249290e+000 +5.345249290e+000 -8.263475071e+001 -8.263475071e+001 +3.7540e+000 -3.6287e+000 +4.3619e+000 -3.7000e+000 -4.4276e+000 +4.2886e-002 +2.0422e+000 +1.4878e+000 -5.0437e+000 -1.2860e+000 +2.2223e+000 -3.2221e+000 -2.6186e+000 +3.0403e+000 +1.9508e+000 +2.4349e+000 +2.2338e-001 +5.9042e+000 +1.8391e+000 +2.6428e+000
3648 +3.709649014e+000 +3.709649014e+000 -8.427035099e+001 -8.427035099e+001 +1.9791e+000 -1.4173e+000 +2.3764e+000 +5.0071e+000 +3.3135e+000 -1.5017e+000 +3.6212e+000 +1.8927e+000 +3.1395e+000 -1.7205e+000 -3.8135e+000 -4.0945e+000 +1.9339e+000 +2.1502e+000 +1.8109e+000 +1.5054e-001 -4.9877e+000 +4.8498e+000 +2.4116e+000 -2.6001e+000
294754 +2.346166555e+000 +2.346166555e+000 -8.563383344e+001 -8.563383344e+001 +4.4073e+000 -1.3121e-001 -2.6702e+000 +4.3673e+000 +3.1355e-001 +1.0012e+000 -3.2377e-001 +4.9124e+000 +3.9903e-001 +4.1510e+000 +9.7972e-001 -5.3282e-004 -3.5534e+000 -4.4847e+000 -3.1836e+000 -2.5172e+000 +1.8229e-001 -2.6909e-001 +4.1740e+000 -1.4375e-001
