% function evaluation | noise-free fitness - Fopt (-1.694000000000e+001) | best noise-free fitness - Fopt | measured fitness | best measured fitness | x1 | x2...
1 +4.141104456e+003 +4.141104456e+003 +4.124164456e+003 +4.124164456e+003 -4.3131e+000 +2.1888e+000 +4.9035e+000
3 +4.785296207e+001 +4.785296207e+001 +3.091296207e+001 +3.091296207e+001 +1.7060e+000 -3.7352e+000 -9.8831e-001
14 +3.129592502e+001 +3.129592502e+001 +1.435592502e+001 +1.435592502e+001 +2.4220e+000 +3.1076e+000 +1.1381e-001
122 +2.095456435e+001 +2.095456435e+001 +4.014564347e+000 +4.014564347e+000 +5.0028e+000 +2.7666e+000 -1.6677e+000
146 +1.165692625e+001 +1.165692625e+001 -5.283073753e+000 -5.283073753e+000 +2.4220e+000 +2.7237e+000 +1.1381e-001
225 +9.545162472e+000 +9.545162472e+000 -7.394837528e+000 -7.394837528e+000 +5.4496e+000 +4.7434e+000 -2.8305e+000
588 +3.645953414e+000 +3.645953414e+000 -1.329404659e+001 -1.329404659e+001 +4.6456e+000 +3.9481e+000 -2.4545e+000
804 +9.507259691e-001 +9.507259691e-001 -1.598927403e+001 -1.598927403e+001 +4.1852e+000 +3.1278e+000 -2.0512e+000
2873 +4.696829414e-001 +4.696829414e-001 -1.647031706e+001 -1.647031706e+001 +3.7009e+000 +2.6466e+000 -1.6028e+000
2911 +2.123965343e-001 +2.123965343e-001 -1.672760347e+001 -1.672760347e+001 +3.8476e+000 +2.7926e+000 -1.7156e+000
3265 +1.437015599e-001 +1.437015599e-001 -1.679629844e+001 -1.679629844e+001 +3.5882e+000 +2.4697e+000 -1.4743e+000
3542 +7.887844681e-002 +7.887844681e-002 -1.686112155e+001 -1.686112155e+001 +3.6516e+000 +2.5520e+000 -1.5364e+000
3718 +3.303689087e-002 +3.303689087e-002 -1.690696311e+001 -1.690696311e+001 +3.6681e+000 +2.5582e+000 -1.5407e+000
12961 +2.050144821e-002 +2.050144821e-002 -1.691949855e+001 -1.691949855e+001 +3.6497e+000 +2.5466e+000 -1.5243e+000
13443 +1.093140563e-002 +1.093140563e-002 -1.692906859e+001 -1.692906859e+001 +3.6574e+000 +2.5508e+000 -1.5311e+000
13710 +7.703123791e-003 +7.703123791e-003 -1.693229688e+001 -1.693229688e+001 +3.6587e+000 +2.5539e+000 -1.5322e+000
13837 +4.535248955e-003 +4.535248955e-003 -1.693546475e+001 -1.693546475e+001 +3.6574e+000 +2.5518e+000 -1.5310e+000
13905 +1.893413322e-003 +1.893413322e-003 -1.693810659e+001 -1.693810659e+001 +3.6554e+000 +2.5490e+000 -1.5290e+000
14112 +1.378993161e-003 +1.378993161e-003 -1.693862101e+001 -1.693862101e+001 +3.6555e+000 +2.5492e+000 -1.5291e+000
32571 +7.805398499e-004 +7.805398499e-004 -1.693921946e+001 -1.693921946e+001 +3.6558e+000 +2.5494e+000 -1.5295e+000
33049 +4.803433129e-004 +4.803433129e-004 -1.693951966e+001 -1.693951966e+001 +3.6560e+000 +2.5496e+000 -1.5296e+000
33241 +3.071798093e-004 +3.071798093e-004 -1.693969282e+001 -1.693969282e+001 +3.6559e+000 +2.5495e+000 -1.5295e+000
33851 +1.207381566e-004 +1.207381566e-004 -1.693987926e+001 -1.693987926e+001 +3.6560e+000 +2.5495e+000 -1.5296e+000
33931 +4.465951396e-005 +4.465951396e-005 -1.693995534e+001 -1.693995534e+001 +3.6560e+000 +2.5496e+000 -1.5296e+000
33934 +3.548056960e-005 +3.548056960e-005 -1.693996452e+001 -1.693996452e+001 +3.6560e+000 +2.5496e+000 -1.5296e+000
35368 +2.022160493e-005 +2.022160493e-005 -1.693997978e+001 -1.693997978e+001 +3.6560e+000 +2.5496e+000 -1.5296e+000
35616 +7.375831476e-006 +7.375831476e-006 -1.693999262e+001 -1.693999262e+001 +3.6560e+000 +2.5496e+000 -1.5296e+000
36054 +4.001066561e-006 +4.001066561e-006 -1.693999600e+001 -1.693999600e+001 +3.6560e+000 +2.5496e+000 -1.5296e+000
36201 +3.494095541e-006 +3.494095541e-006 -1.693999651e+001 -1.693999651e+001 +3.6560e+000 +2.5496e+000 -1.5296e+000
36331 +5.440468023e-007 +5.440468023e-007 -1.693999946e+001 -1.693999946e+001 +3.6560e+000 +2.5496e+000 -1.5296e+000
274635 +3.913520672e-007 +3.913520672e-007 -1.693999961e+001 -1.693999961e+001 +3.6560e+000 +2.5496e+000 -1.5296e+000
275569 +2.508336863e-007 +2.508336863e-007 -1.693999975e+001 -1.693999975e+001 +3.6560e+000 +2.5496e+000 -1.5296e+000
275916 +1.263427691e-007 +1.263427691e-007 -1.693999987e+001 -1.693999987e+001 +3.6560e+000 +2.5496e+000 -1.5296e+000
275961 +8.137332586e-008 +8.137332586e-008 -1.693999992e+001 -1.693999992e+001 +3.6560e+000 +2.5496e+000 -1.5296e+000
276424 +1.467915567e-008 +1.467915567e-008 -1.693999999e+001 -1.693999999e+001 +3.6560e+000 +2.5496e+000 -1.5296e+000
277017 +4.490399164e-009 +4.490399164e-009 -1.694000000e+001 -1.694000000e+001 +3.6560e+000 +2.5496e+000 -1.5296e+000
277080 +1.021724927e-009 +1.021724927e-009 -1.694000000e+001 -1.694000000e+001 +3.6560e+000 +2.5496e+000 -1.5296e+000
% function evaluation | noise-free fitness - Fopt (1.881000000000e+001) | best noise-free fitness - Fopt | measured fitness | best measured fitness | x1 | x2...
1 +2.222275302e+001 +2.222275302e+001 +4.103275302e+001 +4.103275302e+001 -1.0802e+000 +6.5338e-001 +1.2569e-001
31 +7.184031350e+000 +7.184031350e+000 +2.599403135e+001 +2.599403135e+001 -1.4794e+000 +1.2489e+000 -1.3923e-001
240 +4.975926923e+000 +4.975926923e+000 +2.378592692e+001 +2.378592692e+001 +4.1746e-001 +2.2357e+000 -1.0714e+000
261 +3.620269133e+000 +3.620269133e+000 +2.243026913e+001 +2.243026913e+001 -1.4794e+000 +1.2489e+000 +2.2937e-002
614 +1.560333377e+000 +1.560333377e+000 +2.037033338e+001 +2.037033338e+001 -8.4031e-001 +1.3204e+000 -3.8087e-001
796 +2.323065949e-001 +2.323065949e-001 +1.904230659e+001 +1.904230659e+001 -5.0691e-001 +1.6004e+000 -5.5992e-001
2865 +8.897065260e-002 +8.897065260e-002 +1.889897065e+001 +1.889897065e+001 -2.0298e-001 +1.7795e+000 -8.1077e-001
8989 +6.227050705e-002 +6.227050705e-002 +1.887227051e+001 +1.887227051e+001 -1.9652e-001 +1.7787e+000 -8.2009e-001
9086 +3.167869406e-002 +3.167869406e-002 +1.884167869e+001 +1.884167869e+001 -1.9652e-001 +1.7810e+000 -8.1897e-001
9245 +2.216723803e-002 +2.216723803e-002 +1.883216724e+001 +1.883216724e+001 -1.8359e-001 +1.7829e+000 -8.2685e-001
9877 +1.370068950e-002 +1.370068950e-002 +1.882370069e+001 +1.882370069e+001 -2.0337e-001 +1.7733e+000 -8.1256e-001
10043 +8.052839987e-003 +8.052839987e-003 +1.881805284e+001 +1.881805284e+001 -1.8990e-001 +1.7802e+000 -8.2349e-001
10193 +5.486077688e-003 +5.486077688e-003 +1.881548608e+001 +1.881548608e+001 -1.9746e-001 +1.7769e+000 -8.1782e-001
33868 +2.084203440e-003 +2.084203440e-003 +1.881208420e+001 +1.881208420e+001 -1.8896e-001 +1.7825e+000 -8.2369e-001
48392 +1.472242560e-003 +1.472242560e-003 +1.881147224e+001 +1.881147224e+001 -1.9062e-001 +1.7813e+000 -8.2276e-001
48623 +3.269717478e-004 +3.269717478e-004 +1.881032697e+001 +1.881032697e+001 -1.9142e-001 +1.7807e+000 -8.2226e-001
58373 +6.150917696e-005 +6.150917696e-005 +1.881006151e+001 +1.881006151e+001 -1.9117e-001 +1.7808e+000 -8.2242e-001
65940 +3.694468951e-005 +3.694468951e-005 +1.881003694e+001 +1.881003694e+001 -1.9120e-001 +1.7808e+000 -8.2240e-001
66927 +2.151605233e-005 +2.151605233e-005 +1.881002152e+001 +1.881002152e+001 -1.9122e-001 +1.7808e+000 -8.2239e-001
66972 +1.446424815e-005 +1.446424815e-005 +1.881001446e+001 +1.881001446e+001 -1.9121e-001 +1.7808e+000 -8.2239e-001
67935 +9.510934813e-006 +9.510934813e-006 +1.881000951e+001 +1.881000951e+001 -1.9122e-001 +1.7808e+000 -8.2239e-001
105365 +2.213539698e-006 +2.213539698e-006 +1.881000221e+001 +1.881000221e+001 -1.9120e-001 +1.7808e+000 -8.2240e-001
105387 +1.578503298e-006 +1.578503298e-006 +1.881000158e+001 +1.881000158e+001 -1.9120e-001 +1.7808e+000 -8.2240e-001
239291 +9.352180506e-007 +9.352180506e-007 +1.881000094e+001 +1.881000094e+001 -1.9120e-001 +1.7808e+000 -8.2240e-001
239505 +5.872396187e-007 +5.872396187e-007 +1.881000059e+001 +1.881000059e+001 -1.9120e-001 +1.7808e+000 -8.2240e-001
239984 +2.853665748e-007 +2.853665748e-007 +1.881000029e+001 +1.881000029e+001 -1.9120e-001 +1.7808e+000 -8.2240e-001
240465 +2.388613858e-007 +2.388613858e-007 +1.881000024e+001 +1.881000024e+001 -1.9120e-001 +1.7808e+000 -8.2240e-001
240637 +1.488721111e-007 +1.488721111e-007 +1.881000015e+001 +1.881000015e+001 -1.9120e-001 +1.7808e+000 -8.2240e-001
241013 +8.728451562e-008 +8.728451562e-008 +1.881000009e+001 +1.881000009e+001 -1.9120e-001 +1.7808e+000 -8.2240e-001
241235 +3.956261452e-008 +3.956261452e-008 +1.881000004e+001 +1.881000004e+001 -1.9120e-001 +1.7808e+000 -8.2240e-001
241536 +2.453082004e-008 +2.453082004e-008 +1.881000002e+001 +1.881000002e+001 -1.9120e-001 +1.7808e+000 -8.2240e-001
241876 +1.097307489e-008 +1.097307489e-008 +1.881000001e+001 +1.881000001e+001 -1.9120e-001 +1.7808e+000 -8.2240e-001
241973 +4.746940618e-009 +4.746940618e-009 +1.881000000e+001 +1.881000000e+001 -1.9120e-001 +1.7808e+000 -8.2240e-001
% function evaluation | noise-free fitness - Fopt (2.731500000000e+002) | best noise-free fitness - Fopt | measured fitness | best measured fitness | x1 | x2...
1 +5.902939171e+002 +5.902939171e+002 +8.634439171e+002 +8.634439171e+002 -5.6543e-001 -1.4367e+000 +3.7100e+000
4 +2.866181375e+002 +2.866181375e+002 +5.597681375e+002 +5.597681375e+002 +2.5013e+000 +2.0659e+000 +3.6064e+000
7 +1.281851458e+002 +1.281851458e+002 +4.013351458e+002 +4.013351458e+002 -4.9849e+000 +4.8973e+000 -3.5605e+000
8 +1.637788298e+001 +1.637788298e+001 +2.895278830e+002 +2.895278830e+002 -3.5790e+000 +4.5210e+000 +4.5162e-001
33 +1.510682841e+001 +1.510682841e+001 +2.882568284e+002 +2.882568284e+002 -4.0969e+000 +4.4600e+000 -5.5893e-001
98 +9.046559252e+000 +9.046559252e+000 +2.821965593e+002 +2.821965593e+002 -4.2342e+000 +2.8857e+000 -1.0666e+000
195 +4.795730087e+000 +4.795730087e+000 +2.779457301e+002 +2.779457301e+002 -4.2229e+000 +2.8605e+000 -4.1101e-001
228 +2.573773277e+000 +2.573773277e+000 +2.757237733e+002 +2.757237733e+002 -4.7112e+000 +1.7340e+000 -8.6718e-001
701 +2.327155925e+000 +2.327155925e+000 +2.754771559e+002 +2.754771559e+002 -3.5475e+000 +3.6077e+000 -7.4912e-001
1000 +1.021158922e+000 +1.021158922e+000 +2.741711589e+002 +2.741711589e+002 -3.3658e+000 +3.9747e+000 -5.2146e-001
1381 +6.019826968e-001 +6.019826968e-001 +2.737519827e+002 +2.737519827e+002 -3.4077e+000 +4.0718e+000 -4.3351e-001
1848 +3.243445823e-001 +3.243445823e-001 +2.734743446e+002 +2.734743446e+002 -3.6455e+000 +3.6233e+000 -4.6605e-001
1999 +7.025938965e-002 +7.025938965e-002 +2.732202594e+002 +2.732202594e+002 -3.5683e+000 +3.7604e+000 -4.8167e-001
4955 +4.941219728e-002 +4.941219728e-002 +2.731994122e+002 +2.731994122e+002 -3.5878e+000 +3.7442e+000 -4.7875e-001
5224 +3.561892561e-002 +3.561892561e-002 +2.731856189e+002 +2.731856189e+002 -3.5932e+000 +3.7295e+000 -4.8021e-001
5236 +2.151145138e-002 +2.151145138e-002 +2.731715115e+002 +2.731715115e+002 -3.5951e+000 +3.7253e+000 -4.8017e-001
17449 +1.447361350e-002 +1.447361350e-002 +2.731644736e+002 +2.731644736e+002 -3.5799e+000 +3.7535e+000 -4.7756e-001
17854 +7.755391804e-003 +7.755391804e-003 +2.731577554e+002 +2.731577554e+002 -3.5750e+000 +3.7600e+000 -4.7762e-001
17919 +5.633819264e-003 +5.633819264e-003 +2.731556338e+002 +2.731556338e+002 -3.5796e+000 +3.7530e+000 -4.7820e-001
18102 +1.863760787e-003 +1.863760787e-003 +2.731518638e+002 +2.731518638e+002 -3.5806e+000 +3.7510e+000 -4.7880e-001
23348 +1.362974578e-003 +1.362974578e-003 +2.731513630e+002 +2.731513630e+002 -3.5794e+000 +3.7530e+000 -4.7864e-001
23975 +9.966940422e-004 +9.966940422e-004 +2.731509967e+002 +2.731509967e+002 -3.5788e+000 +3.7541e+000 -4.7845e-001
24107 +5.932303045e-004 +5.932303045e-004 +2.731505932e+002 +2.731505932e+002 -3.5791e+000 +3.7538e+000 -4.7841e-001
24432 +3.112351041e-004 +3.112351041e-004 +2.731503112e+002 +2.731503112e+002 -3.5792e+000 +3.7537e+000 -4.7838e-001
24736 +1.551567314e-004 +1.551567314e-004 +2.731501552e+002 +2.731501552e+002 -3.5792e+000 +3.7536e+000 -4.7839e-001
59069 +8.410026038e-005 +8.410026038e-005 +2.731500841e+002 +2.731500841e+002 -3.5792e+000 +3.7536e+000 -4.7840e-001
59557 +1.988710466e-005 +1.988710466e-005 +2.731500199e+002 +2.731500199e+002 -3.5792e+000 +3.7536e+000 -4.7840e-001
59838 +1.564858894e-005 +1.564858894e-005 +2.731500156e+002 +2.731500156e+002 -3.5792e+000 +3.7536e+000 -4.7840e-001
60362 +9.257291197e-006 +9.257291197e-006 +2.731500093e+002 +2.731500093e+002 -3.5792e+000 +3.7536e+000 -4.7840e-001
109352 +1.215726286e-006 +1.215726286e-006 +2.731500012e+002 +2.731500012e+002 -3.5792e+000 +3.7536e+000 -4.7840e-001
109898 +8.981594419e-007 +8.981594419e-007 +2.731500009e+002 +2.731500009e+002 -3.5792e+000 +3.7536e+000 -4.7840e-001
110061 +3.515979188e-007 +3.515979188e-007 +2.731500004e+002 +2.731500004e+002 -3.5792e+000 +3.7536e+000 -4.7840e-001
110887 +1.522416824e-007 +1.522416824e-007 +2.731500002e+002 +2.731500002e+002 -3.5792e+000 +3.7536e+000 -4.7840e-001
360837 +9.262817002e-008 +9.262817002e-008 +2.731500001e+002 +2.731500001e+002 -3.5792e+000 +3.7536e+000 -4.7840e-001
361007 +4.421247013e-008 +4.421247013e-008 +2.731500000e+002 +2.731500000e+002 -3.5792e+000 +3.7536e+000 -4.7840e-001
361271 +2.261481313e-008 +2.261481313e-008 +2.731500000e+002 +2.731500000e+002 -3.5792e+000 +3.7536e+000 -4.7840e-001
361852 +1.570850827e-008 +1.570850827e-008 +2.731500000e+002 +2.731500000e+002 -3.5792e+000 +3.7536e+000 -4.7840e-001
362145 +9.561119896e-009 +9.561119896e-009 +2.731500000e+002 +2.731500000e+002 -3.5792e+000 +3.7536e+000 -4.7840e-001
% function evaluation | noise-free fitness - Fopt (3.718000000000e+001) | best noise-free fitness - Fopt | measured fitness | best measured fitness | x1 | x2...
1 +1.066620173e+002 +1.066620173e+002 +1.438420173e+002 +1.438420173e+002 -1.3493e+000 -4.1516e+000 +2.9856e+000
4 +8.780053442e+001 +8.780053442e+001 +1.249805344e+002 +1.249805344e+002 +3.3818e+000 -1.5037e+000 +3.6281e+000
7 +3.388883160e+001 +3.388883160e+001 +7.106883160e+001 +7.106883160e+001 -3.2763e+000 +1.1829e+000 +4.7674e-001
121 +2.488399322e+001 +2.488399322e+001 +6.206399322e+001 +6.206399322e+001 +3.1324e+000 +1.9350e+000 -4.0825e-001
219 +5.500802741e+000 +5.500802741e+000 +4.268080274e+001 +4.268080274e+001 -2.8583e+000 +2.5875e+000 +2.0725e+000
522 +3.594654026e+000 +3.594654026e+000 +4.077465403e+001 +4.077465403e+001 -4.7625e+000 +1.7857e+000 +2.0626e+000
674 +2.219909263e+000 +2.219909263e+000 +3.939990926e+001 +3.939990926e+001 -2.3921e+000 +2.3809e+000 +1.9176e+000
1128 +1.040301128e+000 +1.040301128e+000 +3.822030113e+001 +3.822030113e+001 -3.1590e+000 +2.3264e+000 +2.1384e+000
1248 +9.662291161e-001 +9.662291161e-001 +3.814622912e+001 +3.814622912e+001 -3.3500e+000 +2.1681e+000 +1.9853e+000
1337 +5.805942113e-001 +5.805942113e-001 +3.776059421e+001 +3.776059421e+001 -3.8400e+000 +2.1291e+000 +2.0502e+000
1451 +1.437479830e-001 +1.437479830e-001 +3.732374798e+001 +3.732374798e+001 -3.6606e+000 +2.1487e+000 +2.0639e+000
2500 +8.658675746e-002 +8.658675746e-002 +3.726658676e+001 +3.726658676e+001 -3.8697e+000 +2.0749e+000 +2.0392e+000
2727 +6.064499232e-002 +6.064499232e-002 +3.724064499e+001 +3.724064499e+001 -3.8475e+000 +2.0787e+000 +2.0490e+000
3195 +1.651175933e-002 +1.651175933e-002 +3.719651176e+001 +3.719651176e+001 -3.9166e+000 +2.0560e+000 +2.0391e+000
3687 +1.047843893e-002 +1.047843893e-002 +3.719047844e+001 +3.719047844e+001 -3.9025e+000 +2.0592e+000 +2.0401e+000
3733 +7.912235413e-003 +7.912235413e-003 +3.718791224e+001 +3.718791224e+001 -3.9014e+000 +2.0602e+000 +2.0411e+000
3888 +3.848643594e-003 +3.848643594e-003 +3.718384864e+001 +3.718384864e+001 -3.9065e+000 +2.0584e+000 +2.0398e+000
49432 +2.396424972e-003 +2.396424972e-003 +3.718239642e+001 +3.718239642e+001 -3.8991e+000 +2.0600e+000 +2.0402e+000
49815 +2.803750582e-004 +2.803750582e-004 +3.718028038e+001 +3.718028038e+001 -3.8995e+000 +2.0599e+000 +2.0400e+000
65312 +1.814852594e-004 +1.814852594e-004 +3.718018149e+001 +3.718018149e+001 -3.8994e+000 +2.0600e+000 +2.0400e+000
65784 +1.526905124e-004 +1.526905124e-004 +3.718015269e+001 +3.718015269e+001 -3.8994e+000 +2.0600e+000 +2.0400e+000
132939 +5.906724491e-005 +5.906724491e-005 +3.718005907e+001 +3.718005907e+001 -3.8992e+000 +2.0600e+000 +2.0400e+000
133285 +1.516644415e-005 +1.516644415e-005 +3.718001517e+001 +3.718001517e+001 -3.8992e+000 +2.0600e+000 +2.0400e+000
144521 +7.958640538e-006 +7.958640538e-006 +3.718000796e+001 +3.718000796e+001 -3.8992e+000 +2.0600e+000 +2.0400e+000
144726 +3.785391947e-006 +3.785391947e-006 +3.718000379e+001 +3.718000379e+001 -3.8992e+000 +2.0600e+000 +2.0400e+000
144747 +2.392936317e-006 +2.392936317e-006 +3.718000239e+001 +3.718000239e+001 -3.8992e+000 +2.0600e+000 +2.0400e+000
145360 +9.832905974e-007 +9.832905974e-007 +3.718000098e+001 +3.718000098e+001 -3.8992e+000 +2.0600e+000 +2.0400e+000
145464 +5.607346623e-007 +5.607346623e-007 +3.718000056e+001 +3.718000056e+001 -3.8992e+000 +2.0600e+000 +2.0400e+000
145966 +3.478017518e-007 +3.478017518e-007 +3.718000035e+001 +3.718000035e+001 -3.8992e+000 +2.0600e+000 +2.0400e+000
191727 +2.459937889e-007 +2.459937889e-007 +3.718000025e+001 +3.718000025e+001 -3.8992e+000 +2.0600e+000 +2.0400e+000
192005 +1.565502146e-007 +1.565502146e-007 +3.718000016e+001 +3.718000016e+001 -3.8992e+000 +2.0600e+000 +2.0400e+000
192339 +8.661242390e-008 +8.661242390e-008 +3.718000009e+001 +3.718000009e+001 -3.8992e+000 +2.0600e+000 +2.0400e+000
192441 +5.310579354e-008 +5.310579354e-008 +3.718000005e+001 +3.718000005e+001 -3.8992e+000 +2.0600e+000 +2.0400e+000
192534 +2.200061999e-008 +2.200061999e-008 +3.718000002e+001 +3.718000002e+001 -3.8992e+000 +2.0600e+000 +2.0400e+000
192907 +1.563250152e-008 +1.563250152e-008 +3.718000002e+001 +3.718000002e+001 -3.8992e+000 +2.0600e+000 +2.0400e+000
193077 +8.654417627e-009 +8.654417627e-009 +3.718000001e+001 +3.718000001e+001 -3.8992e+000 +2.0600e+000 +2.0400e+000
% function evaluation | noise-free fitness - Fopt (-1.479000000000e+002) | best noise-free fitness - Fopt | measured fitness | best measured fitness | x1 | x2...
1 +7.734874790e+001 +7.734874790e+001 -7.055125210e+001 -7.055125210e+001 +3.2362e+000 +1.7519e+000 -3.1522e+000
4 +4.838709693e+001 +4.838709693e+001 -9.951290307e+001 -9.951290307e+001 -4.0625e+000 -7.5769e-001 +1.7105e+000
8 +7.702952716e+000 +7.702952716e+000 -1.401970473e+002 -1.401970473e+002 -1.7018e+000 +9.5578e-001 +2.5162e+000
321 +4.983749246e+000 +4.983749246e+000 -1.429162508e+002 -1.429162508e+002 -2.2916e+000 +2.4367e-001 +1.3513e+000
595 +3.329662282e+000 +3.329662282e+000 -1.445703377e+002 -1.445703377e+002 -1.7652e+000 +2.5636e-001 +1.4770e+000
633 +2.164281296e+000 +2.164281296e+000 -1.457357187e+002 -1.457357187e+002 -1.6245e+000 +2.7762e-001 +1.2463e+000
658 +1.550795224e+000 +1.550795224e+000 -1.463492048e+002 -1.463492048e+002 -1.7114e+000 -1.0257e+000 -9.5285e-001
756 +7.517277936e-001 +7.517277936e-001 -1.471482722e+002 -1.471482722e+002 -1.5980e+000 +2.9681e-001 +1.4028e+000
1314 +5.663915871e-001 +5.663915871e-001 -1.473336084e+002 -1.473336084e+002 -1.6335e+000 +8.4637e-002 +1.0588e+000
1536 +3.365720749e-001 +3.365720749e-001 -1.475634279e+002 -1.475634279e+002 -1.6931e+000 +3.2161e-002 +8.9778e-001
1884 +2.323180043e-001 +2.323180043e-001 -1.476676820e+002 -1.476676820e+002 -1.7001e+000 +7.8645e-002 +1.0248e+000
2055 +1.021921326e-001 +1.021921326e-001 -1.477978079e+002 -1.477978079e+002 -1.6612e+000 +1.2719e-001 +1.1209e+000
2525 +7.679868794e-002 +7.679868794e-002 -1.478232013e+002 -1.478232013e+002 -1.6596e+000 +1.3901e-001 +1.1450e+000
2595 +5.009078833e-002 +5.009078833e-002 -1.478499092e+002 -1.478499092e+002 -1.6678e+000 +1.3212e-001 +1.1283e+000
2805 +3.408848309e-002 +3.408848309e-002 -1.478659115e+002 -1.478659115e+002 -1.6704e+000 +1.5380e-001 +1.1681e+000
2933 +2.320346125e-002 +2.320346125e-002 -1.478767965e+002 -1.478767965e+002 -1.6734e+000 +1.1928e-001 +1.1052e+000
3610 +1.553449325e-002 +1.553449325e-002 -1.478844655e+002 -1.478844655e+002 -1.6713e+000 +1.3129e-001 +1.1291e+000
3871 +9.655425791e-003 +9.655425791e-003 -1.478903446e+002 -1.478903446e+002 -1.6709e+000 +1.3580e-001 +1.1377e+000
4178 +3.202301844e-003 +3.202301844e-003 -1.478967977e+002 -1.478967977e+002 -1.6704e+000 +1.3668e-001 +1.1395e+000
4633 +2.220806970e-003 +2.220806970e-003 -1.478977792e+002 -1.478977792e+002 -1.6705e+000 +1.3591e-001 +1.1380e+000
4716 +1.448463590e-003 +1.448463590e-003 -1.478985515e+002 -1.478985515e+002 -1.6706e+000 +1.3484e-001 +1.1362e+000
5292 +8.999085173e-004 +8.999085173e-004 -1.478991001e+002 -1.478991001e+002 -1.6704e+000 +1.3531e-001 +1.1371e+000
5620 +4.176805215e-004 +4.176805215e-004 -1.478995823e+002 -1.478995823e+002 -1.6704e+000 +1.3526e-001 +1.1369e+000
5836 +3.319205087e-004 +3.319205087e-004 -1.478996681e+002 -1.478996681e+002 -1.6704e+000 +1.3521e-001 +1.1368e+000
5948 +1.443265628e-004 +1.443265628e-004 -1.478998557e+002 -1.478998557e+002 -1.6704e+000 +1.3521e-001 +1.1368e+000
6430 +9.797748694e-005 +9.797748694e-005 -1.478999020e+002 -1.478999020e+002 -1.6704e+000 +1.3523e-001 +1.1369e+000
6873 +4.067728037e-005 +4.067728037e-005 -1.478999593e+002 -1.478999593e+002 -1.6704e+000 +1.3523e-001 +1.1369e+000
7035 +3.757548646e-005 +3.757548646e-005 -1.478999624e+002 -1.478999624e+002 -1.6704e+000 +1.3522e-001 +1.1368e+000
7335 +2.400664891e-005 +2.400664891e-005 -1.478999760e+002 -1.478999760e+002 -1.6704e+000 +1.3522e-001 +1.1368e+000
31838 +1.511256895e-005 +1.511256895e-005 -1.478999849e+002 -1.478999849e+002 -1.6704e+000 +1.3520e-001 +1.1368e+000
32079 +4.290319424e-006 +4.290319424e-006 -1.478999957e+002 -1.478999957e+002 -1.6704e+000 +1.3520e-001 +1.1368e+000
32258 +2.452968261e-006 +2.452968261e-006 -1.478999975e+002 -1.478999975e+002 -1.6704e+000 +1.3520e-001 +1.1368e+000
32924 +1.014344747e-006 +1.014344747e-006 -1.478999990e+002 -1.478999990e+002 -1.6704e+000 +1.3520e-001 +1.1368e+000
33197 +8.020213045e-007 +8.020213045e-007 -1.478999992e+002 -1.478999992e+002 -1.6704e+000 +1.3520e-001 +1.1368e+000
33203 +5.125108089e-007 +5.125108089e-007 -1.478999995e+002 -1.478999995e+002 -1.6704e+000 +1.3520e-001 +1.1368e+000
33741 +3.521357428e-007 +3.521357428e-007 -1.478999996e+002 -1.478999996e+002 -1.6704e+000 +1.3520e-001 +1.1368e+000
34467 +2.299234154e-007 +2.299234154e-007 -1.478999998e+002 -1.478999998e+002 -1.6704e+000 +1.3520e-001 +1.1368e+000
34559 +1.187590328e-007 +1.187590328e-007 -1.478999999e+002 -1.478999999e+002 -1.6704e+000 +1.3520e-001 +1.1368e+000
34831 +9.314149452e-008 +9.314149452e-008 -1.478999999e+002 -1.478999999e+002 -1.6704e+000 +1.3520e-001 +1.1368e+000
34924 +2.493277407e-008 +2.493277407e-008 -1.479000000e+002 -1.479000000e+002 -1.6704e+000 +1.3520e-001 +1.1368e+000
35391 +1.358594659e-008 +1.358594659e-008 -1.479000000e+002 -1.479000000e+002 -1.6704e+000 +1.3520e-001 +1.1368e+000
35526 +7.030195093e-009 +7.030195093e-009 -1.479000000e+002 -1.479000000e+002 -1.6704e+000 +1.3520e-001 +1.1368e+000
% function evaluation | noise-free fitness - Fopt (1.162600000000e+002) | best noise-free fitness - Fopt | measured fitness | best measured fitness | x1 | x2...
1 +5.868247419e+001 +5.868247419e+001 +1.749424742e+002 +1.749424742e+002 -3.5195e+000 -2.9366e+000 -4.1078e+000
32 +2.607766206e+001 +2.607766206e+001 +1.423376621e+002 +1.423376621e+002 -1.6246e+000 -4.5938e+000 -2.6426e+000
33 +1.724938757e+001 +1.724938757e+001 +1.335093876e+002 +1.335093876e+002 -1.4030e+000 -3.1134e+000 -3.0463e+000
55 +1.042673957e+001 +1.042673957e+001 +1.266867396e+002 +1.266867396e+002 -2.7016e+000 -2.8821e+000 -3.3182e+000
195 +8.958926200e+000 +8.958926200e+000 +1.252189262e+002 +1.252189262e+002 -5.2471e+000 -2.1504e+000 -1.9619e+000
389 +3.678485709e+000 +3.678485709e+000 +1.199384857e+002 +1.199384857e+002 +1.6706e+000 -3.5161e+000 -5.0936e+000
566 +2.123338453e+000 +2.123338453e+000 +1.183833385e+002 +1.183833385e+002 -3.6355e+000 -3.3157e+000 -2.3626e+000
724 +1.385344876e+000 +1.385344876e+000 +1.176453449e+002 +1.176453449e+002 -3.7111e+000 -3.1247e+000 -2.5206e+000
4610 +5.943200505e-001 +5.943200505e-001 +1.168543201e+002 +1.168543201e+002 -2.7478e+000 -3.3076e+000 -2.8363e+000
4726 +2.817723957e-001 +2.817723957e-001 +1.165417724e+002 +1.165417724e+002 -2.4237e+000 -3.3573e+000 -2.9972e+000
5195 +1.987396785e-001 +1.987396785e-001 +1.164587397e+002 +1.164587397e+002 -2.3968e+000 -3.3450e+000 -3.0153e+000
8785 +1.548446752e-001 +1.548446752e-001 +1.164148447e+002 +1.164148447e+002 -2.6732e+000 -3.3040e+000 -2.8889e+000
9030 +7.225537463e-002 +7.225537463e-002 +1.163322554e+002 +1.163322554e+002 -2.7910e+000 -3.3229e+000 -2.8353e+000
9262 +4.204965123e-002 +4.204965123e-002 +1.163020497e+002 +1.163020497e+002 -2.7151e+000 -3.3180e+000 -2.8654e+000
9557 +3.793848151e-002 +3.793848151e-002 +1.162979385e+002 +1.162979385e+002 -2.7025e+000 -3.3152e+000 -2.8728e+000
9734 +2.472342057e-002 +2.472342057e-002 +1.162847234e+002 +1.162847234e+002 -2.7297e+000 -3.3103e+000 -2.8618e+000
10137 +1.334817886e-002 +1.334817886e-002 +1.162733482e+002 +1.162733482e+002 -2.7518e+000 -3.3136e+000 -2.8509e+000
10483 +8.001191752e-003 +8.001191752e-003 +1.162680012e+002 +1.162680012e+002 -2.7312e+000 -3.3134e+000 -2.8594e+000
11242 +5.519991286e-003 +5.519991286e-003 +1.162655200e+002 +1.162655200e+002 -2.7415e+000 -3.3121e+000 -2.8553e+000
11553 +3.573971528e-003 +3.573971528e-003 +1.162635740e+002 +1.162635740e+002 -2.7375e+000 -3.3119e+000 -2.8570e+000
11863 +1.452338891e-003 +1.452338891e-003 +1.162614523e+002 +1.162614523e+002 -2.7353e+000 -3.3120e+000 -2.8580e+000
12031 +9.946092666e-004 +9.946092666e-004 +1.162609946e+002 +1.162609946e+002 -2.7351e+000 -3.3120e+000 -2.8580e+000
12219 +2.759019113e-004 +2.759019113e-004 +1.162602759e+002 +1.162602759e+002 -2.7342e+000 -3.3120e+000 -2.8585e+000
67642 +1.180902396e-004 +1.180902396e-004 +1.162601181e+002 +1.162601181e+002 -2.7346e+000 -3.3120e+000 -2.8583e+000
93592 +9.652189651e-005 +9.652189651e-005 +1.162600965e+002 +1.162600965e+002 -2.7343e+000 -3.3120e+000 -2.8584e+000
93971 +2.970678352e-005 +2.970678352e-005 +1.162600297e+002 +1.162600297e+002 -2.7344e+000 -3.3120e+000 -2.8584e+000
94620 +2.373482160e-005 +2.373482160e-005 +1.162600237e+002 +1.162600237e+002 -2.7344e+000 -3.3120e+000 -2.8584e+000
94971 +1.429323370e-005 +1.429323370e-005 +1.162600143e+002 +1.162600143e+002 -2.7344e+000 -3.3120e+000 -2.8584e+000
95318 +5.635774272e-006 +5.635774272e-006 +1.162600056e+002 +1.162600056e+002 -2.7344e+000 -3.3120e+000 -2.8584e+000
95773 +9.705079691e-007 +9.705079691e-007 +1.162600010e+002 +1.162600010e+002 -2.7344e+000 -3.3120e+000 -2.8584e+000
% function evaluation | noise-free fitness - Fopt (-1.000000000000e+003) | best noise-free fitness - Fopt | measured fitness | best measured fitness | x1 | x2...
1 +1.724221835e+002 +1.724221835e+002 -8.275778165e+002 -8.275778165e+002 -1.3358e+000 +2.4023e+000 +4.7275e+000
4 +1.546836412e+002 +1.546836412e+002 -8.453163588e+002 -8.453163588e+002 -3.2862e+000 -2.5167e+000 +4.5063e+000
6 +7.274345489e+001 +7.274345489e+001 -9.272565451e+002 -9.272565451e+002 -2.4588e+000 -6.9253e-002 +1.1698e+000
9 +3.401739875e+001 +3.401739875e+001 -9.659826012e+002 -9.659826012e+002 -2.9961e+000 +2.5137e+000 -6.3115e-001
111 +5.087197659e+000 +5.087197659e+000 -9.949128023e+002 -9.949128023e+002 -3.1884e+000 +3.7113e-001 -2.4526e+000
399 +3.393230451e+000 +3.393230451e+000 -9.966067695e+002 -9.966067695e+002 -3.5114e+000 +6.5846e-001 -2.4020e+000
588 +1.946466093e+000 +1.946466093e+000 -9.980535339e+002 -9.980535339e+002 -3.2423e+000 +1.6524e+000 -2.8627e+000
724 +1.512754852e+000 +1.512754852e+000 -9.984872451e+002 -9.984872451e+002 -3.7514e+000 +5.5199e-002 -2.2710e+000
895 +9.103508855e-001 +9.103508855e-001 -9.990896491e+002 -9.990896491e+002 -3.3075e+000 +1.2212e+000 -2.8226e+000
1276 +5.315283927e-001 +5.315283927e-001 -9.994684716e+002 -9.994684716e+002 -3.6147e+000 +5.5506e-001 -2.4659e+000
1884 +2.811679520e-001 +2.811679520e-001 -9.997188320e+002 -9.997188320e+002 -3.6458e+000 +3.6402e-001 -2.3997e+000
2276 +2.179805663e-001 +2.179805663e-001 -9.997820194e+002 -9.997820194e+002 -3.6448e+000 +3.6391e-001 -2.3775e+000
2689 +1.244997912e-001 +1.244997912e-001 -9.998755002e+002 -9.998755002e+002 -3.6808e+000 +2.3802e-001 -2.3252e+000
2733 +7.331376917e-002 +7.331376917e-002 -9.999266862e+002 -9.999266862e+002 -3.6569e+000 +3.6428e-001 -2.3627e+000
3144 +6.083097968e-002 +6.083097968e-002 -9.999391690e+002 -9.999391690e+002 -3.6561e+000 +3.7106e-001 -2.3627e+000
3170 +3.138290627e-002 +3.138290627e-002 -9.999686171e+002 -9.999686171e+002 -3.6361e+000 +4.2359e-001 -2.3896e+000
9769 +1.129951659e-002 +1.129951659e-002 -9.999887005e+002 -9.999887005e+002 -3.6455e+000 +3.9782e-001 -2.3793e+000
15791 +7.407726152e-003 +7.407726152e-003 -9.999925923e+002 -9.999925923e+002 -3.6450e+000 +3.9690e-001 -2.3795e+000
16134 +5.960623189e-003 +5.960623189e-003 -9.999940394e+002 -9.999940394e+002 -3.6461e+000 +3.9410e-001 -2.3786e+000
16264 +3.506586629e-003 +3.506586629e-003 -9.999964934e+002 -9.999964934e+002 -3.6465e+000 +3.9321e-001 -2.3782e+000
16456 +1.462884046e-003 +1.462884046e-003 -9.999985371e+002 -9.999985371e+002 -3.6455e+000 +3.9597e-001 -2.3793e+000
17320 +6.757886691e-004 +6.757886691e-004 -9.999993242e+002 -9.999993242e+002 -3.6453e+000 +3.9698e-001 -2.3795e+000
17399 +4.139744059e-004 +4.139744059e-004 -9.999995860e+002 -9.999995860e+002 -3.6455e+000 +3.9630e-001 -2.3793e+000
17419 +3.728839209e-004 +3.728839209e-004 -9.999996271e+002 -9.999996271e+002 -3.6456e+000 +3.9610e-001 -2.3793e+000
17704 +2.462109294e-004 +2.462109294e-004 -9.999997538e+002 -9.999997538e+002 -3.6457e+000 +3.9580e-001 -2.3792e+000
18847 +1.227685714e-004 +1.227685714e-004 -9.999998772e+002 -9.999998772e+002 -3.6456e+000 +3.9603e-001 -2.3792e+000
18946 +3.307872089e-005 +3.307872089e-005 -9.999999669e+002 -9.999999669e+002 -3.6456e+000 +3.9599e-001 -2.3792e+000
20016 +3.152849672e-006 +3.152849672e-006 -9.999999968e+002 -9.999999968e+002 -3.6456e+000 +3.9600e-001 -2.3792e+000
300802 +2.401656843e-006 +2.401656843e-006 -9.999999976e+002 -9.999999976e+002 -3.6456e+000 +3.9600e-001 -2.3792e+000
300943 +9.900238638e-007 +9.900238638e-007 -9.999999990e+002 -9.999999990e+002 -3.6456e+000 +3.9600e-001 -2.3792e+000
301620 +6.128192354e-007 +6.128192354e-007 -9.999999994e+002 -9.999999994e+002 -3.6456e+000 +3.9600e-001 -2.3792e+000
302076 +3.893964049e-007 +3.893964049e-007 -9.999999996e+002 -9.999999996e+002 -3.6456e+000 +3.9600e-001 -2.3792e+000
302637 +1.637453124e-007 +1.637453124e-007 -9.999999998e+002 -9.999999998e+002 -3.6456e+000 +3.9600e-001 -2.3792e+000
302859 +1.447092473e-007 +1.447092473e-007 -9.999999999e+002 -9.999999999e+002 -3.6456e+000 +3.9600e-001 -2.3792e+000
303102 +6.556433618e-008 +6.556433618e-008 -9.999999999e+002 -9.999999999e+002 -3.6456e+000 +3.9600e-001 -2.3792e+000
303517 +5.105164291e-008 +5.105164291e-008 -9.999999999e+002 -9.999999999e+002 -3.6456e+000 +3.9600e-001 -2.3792e+000
303762 +2.600768312e-008 +2.600768312e-008 -1.000000000e+003 -1.000000000e+003 -3.6456e+000 +3.9600e-001 -2.3792e+000
303765 +2.204581051e-008 +2.204581051e-008 -1.000000000e+003 -1.000000000e+003 -3.6456e+000 +3.9600e-001 -2.3792e+000
304086 +1.179944320e-008 +1.179944320e-008 -1.000000000e+003 -1.000000000e+003 -3.6456e+000 +3.9600e-001 -2.3792e+000
304095 +9.479208529e-009 +9.479208529e-009 -1.000000000e+003 -1.000000000e+003 -3.6456e+000 +3.9600e-001 -2.3792e+000
% function evaluation | noise-free fitness - Fopt (-9.193000000000e+001) | best noise-free fitness - Fopt | measured fitness | best measured fitness | x1 | x2...
1 +1.892077648e+002 +1.892077648e+002 +9.727776485e+001 +9.727776485e+001 +4.8688e+000 -1.8120e-001 -2.5491e+000
3 +1.107377086e+002 +1.107377086e+002 +1.880770857e+001 +1.880770857e+001 +4.6060e+000 -3.2915e+000 -1.3700e+000
4 +9.748028728e+001 +9.748028728e+001 +5.550287281e+000 +5.550287281e+000 +3.3261e+000 -4.4221e-001 +2.3194e+000
26 +1.426478271e+001 +1.426478271e+001 -7.766521729e+001 -7.766521729e+001 -3.5874e+000 +2.5139e+000 +3.0331e+000
61 +7.334921555e+000 +7.334921555e+000 -8.459507844e+001 -8.459507844e+001 -1.4038e+000 -3.1905e-001 +6.9958e-001
369 +6.282622524e+000 +6.282622524e+000 -8.564737748e+001 -8.564737748e+001 -1.3674e+000 -2.0344e-001 +3.8028e-001
783 +3.244555113e+000 +3.244555113e+000 -8.868544489e+001 -8.868544489e+001 +1.3752e+000 -4.4875e+000 -1.4629e+000
809 +2.026290888e+000 +2.026290888e+000 -8.990370911e+001 -8.990370911e+001 +8.5321e-001 -3.8360e+000 -1.1644e+000
968 +1.409659825e+000 +1.409659825e+000 -9.052034017e+001 -9.052034017e+001 +1.6257e+000 -4.9760e+000 -1.4373e+000
1502 +8.958357459e-001 +8.958357459e-001 -9.103416425e+001 -9.103416425e+001 -3.4352e-001 -1.5517e+000 -4.2536e-001
4791 +5.186573456e-001 +5.186573456e-001 -9.141134265e+001 -9.141134265e+001 +5.4817e-001 -2.9958e+000 -9.5302e-001
5092 +3.251742978e-001 +3.251742978e-001 -9.160482570e+001 -9.160482570e+001 +4.1681e-001 -2.7483e+000 -9.4456e-001
5903 +2.010902862e-001 +2.010902862e-001 -9.172890971e+001 -9.172890971e+001 +9.3156e-001 -3.8082e+000 -1.1778e+000
6294 +1.341557150e-001 +1.341557150e-001 -9.179584429e+001 -9.179584429e+001 +7.8094e-001 -3.4925e+000 -1.0615e+000
6456 +6.271976752e-002 +6.271976752e-002 -9.186728023e+001 -9.186728023e+001 +7.5185e-001 -3.4549e+000 -1.0426e+000
6948 +2.945125813e-002 +2.945125813e-002 -9.190054874e+001 -9.190054874e+001 +7.6710e-001 -3.4814e+000 -1.0581e+000
7134 +1.785645253e-002 +1.785645253e-002 -9.191214355e+001 -9.191214355e+001 +7.6710e-001 -3.4805e+000 -1.0581e+000
7231 +1.232539370e-002 +1.232539370e-002 -9.191767461e+001 -9.191767461e+001 +7.5370e-001 -3.4535e+000 -1.0545e+000
26432 +9.812295433e-003 +9.812295433e-003 -9.192018770e+001 -9.192018770e+001 +7.6208e-001 -3.4718e+000 -1.0565e+000
26890 +6.166577385e-003 +6.166577385e-003 -9.192383342e+001 -9.192383342e+001 +7.6568e-001 -3.4782e+000 -1.0595e+000
26948 +3.883669867e-003 +3.883669867e-003 -9.192611633e+001 -9.192611633e+001 +7.6207e-001 -3.4713e+000 -1.0577e+000
26973 +1.614955038e-003 +1.614955038e-003 -9.192838504e+001 -9.192838504e+001 +7.6190e-001 -3.4709e+000 -1.0571e+000
27289 +1.107174803e-003 +1.107174803e-003 -9.192889283e+001 -9.192889283e+001 +7.6136e-001 -3.4699e+000 -1.0568e+000
27972 +9.058850191e-004 +9.058850191e-004 -9.192909411e+001 -9.192909411e+001 +7.6137e-001 -3.4700e+000 -1.0567e+000
28018 +3.636175857e-004 +3.636175857e-004 -9.192963638e+001 -9.192963638e+001 +7.6172e-001 -3.4706e+000 -1.0569e+000
28441 +1.627499258e-004 +1.627499258e-004 -9.192983725e+001 -9.192983725e+001 +7.6170e-001 -3.4706e+000 -1.0569e+000
28466 +1.218497583e-004 +1.218497583e-004 -9.192987815e+001 -9.192987815e+001 +7.6163e-001 -3.4705e+000 -1.0568e+000
28720 +6.907702527e-005 +6.907702527e-005 -9.192993092e+001 -9.192993092e+001 +7.6157e-001 -3.4704e+000 -1.0568e+000
28945 +5.615889600e-005 +5.615889600e-005 -9.192994384e+001 -9.192994384e+001 +7.6158e-001 -3.4704e+000 -1.0568e+000
29049 +3.399004282e-005 +3.399004282e-005 -9.192996601e+001 -9.192996601e+001 +7.6160e-001 -3.4704e+000 -1.0568e+000
29352 +2.096162372e-005 +2.096162372e-005 -9.192997904e+001 -9.192997904e+001 +7.6160e-001 -3.4704e+000 -1.0568e+000
29849 +1.231222095e-005 +1.231222095e-005 -9.192998769e+001 -9.192998769e+001 +7.6160e-001 -3.4704e+000 -1.0568e+000
30350 +1.203932626e-006 +1.203932626e-006 -9.192999880e+001 -9.192999880e+001 +7.6160e-001 -3.4704e+000 -1.0568e+000
30859 +7.461090377e-007 +7.461090377e-007 -9.192999925e+001 -9.192999925e+001 +7.6160e-001 -3.4704e+000 -1.0568e+000
31266 +2.081852557e-007 +2.081852557e-007 -9.192999979e+001 -9.192999979e+001 +7.6160e-001 -3.4704e+000 -1.0568e+000
316868 +1.104968135e-007 +1.104968135e-007 -9.192999989e+001 -9.192999989e+001 +7.6160e-001 -3.4704e+000 -1.0568e+000
317076 +9.362116771e-008 +9.362116771e-008 -9.192999991e+001 -9.192999991e+001 +7.6160e-001 -3.4704e+000 -1.0568e+000
317309 +5.808887238e-008 +5.808887238e-008 -9.192999994e+001 -9.192999994e+001 +7.6160e-001 -3.4704e+000 -1.0568e+000
317563 +2.919526310e-008 +2.919526310e-008 -9.192999997e+001 -9.192999997e+001 +7.6160e-001 -3.4704e+000 -1.0568e+000
317766 +2.391887222e-008 +2.391887222e-008 -9.192999998e+001 -9.192999998e+001 +7.6160e-001 -3.4704e+000 -1.0568e+000
317855 +1.352502466e-008 +1.352502466e-008 -9.192999999e+001 -9.192999999e+001 +7.6160e-001 -3.4704e+000 -1.0568e+000
318078 +3.819820904e-009 +3.819820904e-009 -9.193000000e+001 -9.193000000e+001 +7.6160e-001 -3.4704e+000 -1.0568e+000
% function evaluation | noise-free fitness - Fopt (1.487500000000e+002) | best noise-free fitness - Fopt | measured fitness | best measured fitness | x1 | x2...
1 +1.383507668e+002 +1.383507668e+002 +2.871007668e+002 +2.871007668e+002 +4.6983e+000 +1.7116e+000 -1.2531e+000
4 +9.608440376e+001 +9.608440376e+001 +2.448344038e+002 +2.448344038e+002 -3.9791e+000 +1.8242e-001 -2.4881e+000
6 +6.267381472e+001 +6.267381472e+001 +2.114238147e+002 +2.114238147e+002 -3.1938e+000 -2.8160e+000 +2.8642e+000
19 +3.273958419e+001 +3.273958419e+001 +1.814895842e+002 +1.814895842e+002 -2.4630e+000 -5.7913e-001 +2.4742e+000
43 +8.257864446e+000 +8.257864446e+000 +1.570078644e+002 +1.570078644e+002 +1.8181e+000 -1.7721e+000 -2.7286e-002
131 +4.440192667e+000 +4.440192667e+000 +1.531901927e+002 +1.531901927e+002 +1.0145e+000 -2.8478e+000 +1.6449e-001
724 +3.662254106e+000 +3.662254106e+000 +1.524122541e+002 +1.524122541e+002 +2.0514e+000 -2.8837e+000 -1.4017e-001
800 +2.323639720e+000 +2.323639720e+000 +1.510736397e+002 +1.510736397e+002 +2.3388e+000 -3.3146e+000 -4.2907e-001
823 +1.563912939e+000 +1.563912939e+000 +1.503139129e+002 +1.503139129e+002 +2.6278e+000 -3.5199e+000 -3.9558e-001
952 +9.831747149e-001 +9.831747149e-001 +1.497331747e+002 +1.497331747e+002 +2.5875e+000 -3.5583e+000 -4.2990e-001
1140 +4.382265714e-001 +4.382265714e-001 +1.491882266e+002 +1.491882266e+002 +2.7303e+000 -3.5937e+000 -5.0658e-001
3008 +1.636359139e-001 +1.636359139e-001 +1.489136359e+002 +1.489136359e+002 +2.3670e+000 -3.3780e+000 -2.9538e-001
5778 +1.415005185e-001 +1.415005185e-001 +1.488915005e+002 +1.488915005e+002 +2.2796e+000 -3.2903e+000 -2.5181e-001
9025 +8.446236021e-002 +8.446236021e-002 +1.488344624e+002 +1.488344624e+002 +2.3027e+000 -3.3363e+000 -2.6212e-001
9278 +2.019260869e-002 +2.019260869e-002 +1.487701926e+002 +1.487701926e+002 +2.2413e+000 -3.2834e+000 -2.2428e-001
9392 +5.635538100e-003 +5.635538100e-003 +1.487556355e+002 +1.487556355e+002 +2.2378e+000 -3.2849e+000 -2.2201e-001
13902 +3.734894260e-003 +3.734894260e-003 +1.487537349e+002 +1.487537349e+002 +2.2295e+000 -3.2800e+000 -2.1765e-001
14306 +1.949476065e-003 +1.949476065e-003 +1.487519495e+002 +1.487519495e+002 +2.2287e+000 -3.2793e+000 -2.1735e-001
28560 +1.149608727e-003 +1.149608727e-003 +1.487511496e+002 +1.487511496e+002 +2.2307e+000 -3.2804e+000 -2.1821e-001
29475 +9.884234840e-004 +9.884234840e-004 +1.487509884e+002 +1.487509884e+002 +2.2313e+000 -3.2811e+000 -2.1844e-001
29623 +3.811417864e-004 +3.811417864e-004 +1.487503811e+002 +1.487503811e+002 +2.2312e+000 -3.2807e+000 -2.1839e-001
30202 +1.966799932e-004 +1.966799932e-004 +1.487501967e+002 +1.487501967e+002 +2.2312e+000 -3.2808e+000 -2.1838e-001
30420 +1.182923435e-004 +1.182923435e-004 +1.487501183e+002 +1.487501183e+002 +2.2312e+000 -3.2808e+000 -2.1839e-001
30722 +3.165112702e-005 +3.165112702e-005 +1.487500317e+002 +1.487500317e+002 +2.2312e+000 -3.2808e+000 -2.1840e-001
31363 +2.475148506e-005 +2.475148506e-005 +1.487500248e+002 +1.487500248e+002 +2.2312e+000 -3.2808e+000 -2.1840e-001
31764 +1.242904668e-005 +1.242904668e-005 +1.487500124e+002 +1.487500124e+002 +2.2312e+000 -3.2808e+000 -2.1840e-001
380332 +8.437933445e-007 +8.437933445e-007 +1.487500008e+002 +1.487500008e+002 +2.2312e+000 -3.2808e+000 -2.1840e-001
% function evaluation | noise-free fitness - Fopt (-1.483000000000e+002) | best noise-free fitness - Fopt | measured fitness | best measured fitness | x1 | x2...
1 +1.133173001e+002 +1.133173001e+002 -3.498269987e+001 -3.498269987e+001 +2.0961e-001 +3.0801e+000 +2.8772e+000
3 +4.479375800e+001 +4.479375800e+001 -1.035062420e+002 -1.035062420e+002 +4.4585e+000 -4.7850e+000 +2.5093e+000
5 +2.330878737e+001 +2.330878737e+001 -1.249912126e+002 -1.249912126e+002 +4.1802e+000 -1.2004e+000 +1.8113e+000
185 +1.295645237e+001 +1.295645237e+001 -1.353435476e+002 -1.353435476e+002 +1.9043e+000 -1.8056e+000 -3.5670e+000
234 +2.140486594e+000 +2.140486594e+000 -1.461595134e+002 -1.461595134e+002 +2.2486e+000 +1.0930e+000 -2.8127e+000
567 +9.093486976e-001 +9.093486976e-001 -1.473906513e+002 -1.473906513e+002 +2.2010e+000 +1.3477e+000 -2.9292e+000
1449 +4.457594637e-001 +4.457594637e-001 -1.478542405e+002 -1.478542405e+002 +2.3572e+000 +8.9100e-001 -2.7115e+000
1486 +3.145613285e-001 +3.145613285e-001 -1.479854387e+002 -1.479854387e+002 +2.3032e+000 +1.2433e+000 -2.8455e+000
7471 +9.993896056e-002 +9.993896056e-002 -1.482000610e+002 -1.482000610e+002 +2.3164e+000 +1.0159e+000 -2.7905e+000
10208 +5.407010633e-002 +5.407010633e-002 -1.482459299e+002 -1.482459299e+002 +2.2825e+000 +1.1561e+000 -2.8536e+000
10553 +3.461136404e-002 +3.461136404e-002 -1.482653886e+002 -1.482653886e+002 +2.2879e+000 +1.1420e+000 -2.8493e+000
17873 +2.220801408e-002 +2.220801408e-002 -1.482777920e+002 -1.482777920e+002 +2.2812e+000 +1.1716e+000 -2.8619e+000
18249 +1.383966592e-002 +1.383966592e-002 -1.482861603e+002 -1.482861603e+002 +2.2824e+000 +1.1734e+000 -2.8606e+000
18572 +8.675059131e-003 +8.675059131e-003 -1.482913249e+002 -1.482913249e+002 +2.2858e+000 +1.1593e+000 -2.8552e+000
19091 +3.496095518e-003 +3.496095518e-003 -1.482965039e+002 -1.482965039e+002 +2.2854e+000 +1.1590e+000 -2.8550e+000
19252 +1.807561976e-003 +1.807561976e-003 -1.482981924e+002 -1.482981924e+002 +2.2856e+000 +1.1572e+000 -2.8545e+000
19514 +8.974716413e-004 +8.974716413e-004 -1.482991025e+002 -1.482991025e+002 +2.2854e+000 +1.1577e+000 -2.8547e+000
20043 +6.004666726e-004 +6.004666726e-004 -1.482993995e+002 -1.482993995e+002 +2.2857e+000 +1.1565e+000 -2.8543e+000
20265 +2.553107343e-004 +2.553107343e-004 -1.482997447e+002 -1.482997447e+002 +2.2856e+000 +1.1570e+000 -2.8545e+000
20278 +2.299179991e-004 +2.299179991e-004 -1.482997701e+002 -1.482997701e+002 +2.2856e+000 +1.1568e+000 -2.8544e+000
20504 +1.513555270e-004 +1.513555270e-004 -1.482998486e+002 -1.482998486e+002 +2.2856e+000 +1.1569e+000 -2.8544e+000
20945 +8.357056612e-005 +8.357056612e-005 -1.482999164e+002 -1.482999164e+002 +2.2856e+000 +1.1568e+000 -2.8544e+000
20978 +1.033011816e-005 +1.033011816e-005 -1.482999897e+002 -1.482999897e+002 +2.2856e+000 +1.1568e+000 -2.8544e+000
51160 +9.817057816e-006 +9.817057816e-006 -1.482999902e+002 -1.482999902e+002 +2.2856e+000 +1.1568e+000 -2.8544e+000
51625 +1.295478228e-006 +1.295478228e-006 -1.482999987e+002 -1.482999987e+002 +2.2856e+000 +1.1568e+000 -2.8544e+000
51791 +9.202314857e-007 +9.202314857e-007 -1.482999991e+002 -1.482999991e+002 +2.2856e+000 +1.1568e+000 -2.8544e+000
52277 +4.837162351e-007 +4.837162351e-007 -1.482999995e+002 -1.482999995e+002 +2.2856e+000 +1.1568e+000 -2.8544e+000
52888 +3.763495329e-007 +3.763495329e-007 -1.482999996e+002 -1.482999996e+002 +2.2856e+000 +1.1568e+000 -2.8544e+000
53207 +2.201447842e-007 +2.201447842e-007 -1.482999998e+002 -1.482999998e+002 +2.2856e+000 +1.1568e+000 -2.8544e+000
53396 +2.548841849e-008 +2.548841849e-008 -1.483000000e+002 -1.483000000e+002 +2.2856e+000 +1.1568e+000 -2.8544e+000
438512 +1.653296522e-008 +1.653296522e-008 -1.483000000e+002 -1.483000000e+002 +2.2856e+000 +1.1568e+000 -2.8544e+000
438904 +1.553391371e-008 +1.553391371e-008 -1.483000000e+002 -1.483000000e+002 +2.2856e+000 +1.1568e+000 -2.8544e+000
438944 +5.252474011e-009 +5.252474011e-009 -1.483000000e+002 -1.483000000e+002 +2.2856e+000 +1.1568e+000 -2.8544e+000
% function evaluation | noise-free fitness - Fopt (1.702000000000e+001) | best noise-free fitness - Fopt | measured fitness | best measured fitness | x1 | x2...
1 +2.853040671e+001 +2.853040671e+001 +4.555040671e+001 +4.555040671e+001 +4.9983e+000 -1.0879e+000 -5.4221e-002
5 +1.853982015e+001 +1.853982015e+001 +3.555982015e+001 +3.555982015e+001 +1.8433e+000 -1.1360e+000 +3.5739e+000
126 +1.071636274e+001 +1.071636274e+001 +2.773636274e+001 +2.773636274e+001 +3.9402e+000 -1.5720e+000 -2.2096e+000
223 +9.260989436e+000 +9.260989436e+000 +2.628098944e+001 +2.628098944e+001 +4.6320e+000 -1.0212e+000 -2.7769e-001
322 +2.289801443e+000 +2.289801443e+000 +1.930980144e+001 +1.930980144e+001 +3.3967e+000 -9.5090e-001 +1.6203e+000
806 +1.218552067e+000 +1.218552067e+000 +1.823855207e+001 +1.823855207e+001 +2.7720e+000 -1.1383e+000 +3.8125e+000
849 +7.318004504e-001 +7.318004504e-001 +1.775180045e+001 +1.775180045e+001 +3.1441e+000 -1.1378e+000 +2.2637e+000
1054 +5.816791477e-001 +5.816791477e-001 +1.760167915e+001 +1.760167915e+001 +3.2901e+000 -1.0710e+000 +1.5044e+000
1545 +1.837359134e-001 +1.837359134e-001 +1.720373591e+001 +1.720373591e+001 +3.1348e+000 -1.1080e+000 +2.2883e+000
1558 +1.287578590e-001 +1.287578590e-001 +1.714875786e+001 +1.714875786e+001 +3.1441e+000 -1.1066e+000 +2.2637e+000
5882 +8.306853870e-002 +8.306853870e-002 +1.710306854e+001 +1.710306854e+001 +3.1691e+000 -1.1108e+000 +2.1746e+000
6323 +5.905520559e-002 +5.905520559e-002 +1.707905521e+001 +1.707905521e+001 +3.1624e+000 -1.1102e+000 +2.1777e+000
6437 +3.953112576e-002 +3.953112576e-002 +1.705953113e+001 +1.705953113e+001 +3.1542e+000 -1.1106e+000 +2.2157e+000
6609 +1.184223413e-002 +1.184223413e-002 +1.703184223e+001 +1.703184223e+001 +3.1658e+000 -1.1086e+000 +2.1752e+000
15325 +7.784787965e-003 +7.784787965e-003 +1.702778479e+001 +1.702778479e+001 +3.1582e+000 -1.1101e+000 +2.2066e+000
15357 +3.723930351e-003 +3.723930351e-003 +1.702372393e+001 +1.702372393e+001 +3.1577e+000 -1.1104e+000 +2.2099e+000
15639 +1.161196054e-003 +1.161196054e-003 +1.702116120e+001 +1.702116120e+001 +3.1577e+000 -1.1104e+000 +2.2081e+000
26096 +7.829870939e-004 +7.829870939e-004 +1.702078299e+001 +1.702078299e+001 +3.1573e+000 -1.1104e+000 +2.2097e+000
37013 +5.863523144e-004 +5.863523144e-004 +1.702058635e+001 +1.702058635e+001 +3.1579e+000 -1.1104e+000 +2.2078e+000
37178 +2.797324847e-004 +2.797324847e-004 +1.702027973e+001 +1.702027973e+001 +3.1576e+000 -1.1104e+000 +2.2087e+000
37199 +1.369485232e-004 +1.369485232e-004 +1.702013695e+001 +1.702013695e+001 +3.1576e+000 -1.1104e+000 +2.2088e+000
128014 +8.396295924e-005 +8.396295924e-005 +1.702008396e+001 +1.702008396e+001 +3.1576e+000 -1.1104e+000 +2.2087e+000
128124 +4.490898086e-005 +4.490898086e-005 +1.702004491e+001 +1.702004491e+001 +3.1576e+000 -1.1104e+000 +2.2088e+000
128226 +3.190062210e-005 +3.190062210e-005 +1.702003190e+001 +1.702003190e+001 +3.1576e+000 -1.1104e+000 +2.2088e+000
190994 +1.876137089e-005 +1.876137089e-005 +1.702001876e+001 +1.702001876e+001 +3.1576e+000 -1.1104e+000 +2.2088e+000
191043 +1.554805334e-005 +1.554805334e-005 +1.702001555e+001 +1.702001555e+001 +3.1576e+000 -1.1104e+000 +2.2088e+000
191396 +6.871950202e-006 +6.871950202e-006 +1.702000687e+001 +1.702000687e+001 +3.1576e+000 -1.1104e+000 +2.2088e+000
191707 +1.760231719e-006 +1.760231719e-006 +1.702000176e+001 +1.702000176e+001 +3.1576e+000 -1.1104e+000 +2.2088e+000
191894 +1.140544402e-006 +1.140544402e-006 +1.702000114e+001 +1.702000114e+001 +3.1576e+000 -1.1104e+000 +2.2088e+000
191944 +7.217127340e-007 +7.217127340e-007 +1.702000072e+001 +1.702000072e+001 +3.1576e+000 -1.1104e+000 +2.2088e+000
192171 +3.734862801e-007 +3.734862801e-007 +1.702000037e+001 +1.702000037e+001 +3.1576e+000 -1.1104e+000 +2.2088e+000
% function evaluation | noise-free fitness - Fopt (-2.202000000000e+002) | best noise-free fitness - Fopt | measured fitness | best measured fitness | x1 | x2...
1 +5.054371731e+002 +5.054371731e+002 +2.852371731e+002 +2.852371731e+002 +1.3487e+000 -3.7443e+000 +1.8290e+000
3 +5.582255421e+001 +5.582255421e+001 -1.643774458e+002 -1.643774458e+002 -2.7125e+000 -2.6497e+000 +1.3846e+000
9 +3.060315751e+001 +3.060315751e+001 -1.895968425e+002 -1.895968425e+002 -1.0007e+000 -3.1303e+000 +4.5276e+000
56 +2.274335846e+001 +2.274335846e+001 -1.974566415e+002 -1.974566415e+002 -2.2288e+000 -8.3431e-001 +9.3536e-001
76 +1.013108607e+001 +1.013108607e+001 -2.100689139e+002 -2.100689139e+002 -5.0765e+000 -4.3760e-001 -2.5462e+000
135 +9.970014056e+000 +9.970014056e+000 -2.102299859e+002 -2.102299859e+002 -5.4051e+000 -3.3768e-001 -1.2391e+000
270 +5.443568480e+000 +5.443568480e+000 -2.147564315e+002 -2.147564315e+002 -4.2374e+000 -1.1062e+000 -2.6718e+000
513 +3.220862759e+000 +3.220862759e+000 -2.169791372e+002 -2.169791372e+002 -3.8905e+000 -8.2038e-001 +6.9932e-001
693 +1.183283705e+000 +1.183283705e+000 -2.190167163e+002 -2.190167163e+002 -4.0281e+000 -7.6363e-001 -6.8870e-001
1029 +4.237138716e-001 +4.237138716e-001 -2.197762861e+002 -2.197762861e+002 -3.6668e+000 -9.2590e-001 -1.2251e-001
3368 +3.762748890e-001 +3.762748890e-001 -2.198237251e+002 -2.198237251e+002 -4.1131e+000 -7.6113e-001 -8.8013e-001
3895 +2.106855575e-001 +2.106855575e-001 -2.199893144e+002 -2.199893144e+002 -3.8930e+000 -8.4903e-001 -4.2616e-001
3991 +9.441814506e-002 +9.441814506e-002 -2.201055819e+002 -2.201055819e+002 -3.8407e+000 -8.7453e-001 -3.5364e-001
4475 +2.515653796e-002 +2.515653796e-002 -2.201748435e+002 -2.201748435e+002 -3.7722e+000 -9.1205e-001 -1.9345e-001
8239 +2.433021125e-002 +2.433021125e-002 -2.201756698e+002 -2.201756698e+002 -3.7717e+000 -9.1202e-001 -2.0135e-001
8528 +1.293626102e-002 +1.293626102e-002 -2.201870637e+002 -2.201870637e+002 -3.7651e+000 -9.1436e-001 -1.8625e-001
8534 +7.776665681e-003 +7.776665681e-003 -2.201922233e+002 -2.201922233e+002 -3.7677e+000 -9.1325e-001 -1.9423e-001
9013 +5.608306216e-003 +5.608306216e-003 -2.201943917e+002 -2.201943917e+002 -3.7693e+000 -9.1262e-001 -1.9380e-001
9060 +3.580212086e-003 +3.580212086e-003 -2.201964198e+002 -2.201964198e+002 -3.7673e+000 -9.1312e-001 -1.9114e-001
9104 +2.067452593e-003 +2.067452593e-003 -2.201979325e+002 -2.201979325e+002 -3.7688e+000 -9.1293e-001 -1.9386e-001
9302 +1.103936793e-003 +1.103936793e-003 -2.201988961e+002 -2.201988961e+002 -3.7690e+000 -9.1272e-001 -1.9432e-001
10027 +8.340943160e-004 +8.340943160e-004 -2.201991659e+002 -2.201991659e+002 -3.7686e+000 -9.1286e-001 -1.9333e-001
10061 +4.000985290e-004 +4.000985290e-004 -2.201995999e+002 -2.201995999e+002 -3.7688e+000 -9.1283e-001 -1.9360e-001
93795 +2.534134356e-004 +2.534134356e-004 -2.201997466e+002 -2.201997466e+002 -3.7687e+000 -9.1283e-001 -1.9346e-001
94255 +1.903385035e-004 +1.903385035e-004 -2.201998097e+002 -2.201998097e+002 -3.7687e+000 -9.1284e-001 -1.9339e-001
94500 +1.076686074e-004 +1.076686074e-004 -2.201998923e+002 -2.201998923e+002 -3.7687e+000 -9.1283e-001 -1.9340e-001
94970 +4.037723778e-005 +4.037723778e-005 -2.201999596e+002 -2.201999596e+002 -3.7688e+000 -9.1280e-001 -1.9364e-001
95007 +3.611147054e-005 +3.611147054e-005 -2.201999639e+002 -2.201999639e+002 -3.7688e+000 -9.1281e-001 -1.9358e-001
136136 +2.035901485e-005 +2.035901485e-005 -2.201999796e+002 -2.201999796e+002 -3.7688e+000 -9.1280e-001 -1.9360e-001
136397 +1.423666629e-005 +1.423666629e-005 -2.201999858e+002 -2.201999858e+002 -3.7688e+000 -9.1280e-001 -1.9360e-001
136615 +9.520559587e-006 +9.520559587e-006 -2.201999905e+002 -2.201999905e+002 -3.7688e+000 -9.1280e-001 -1.9360e-001
136768 +4.554257146e-006 +4.554257146e-006 -2.201999954e+002 -2.201999954e+002 -3.7688e+000 -9.1280e-001 -1.9360e-001
137206 +2.580329010e-006 +2.580329010e-006 -2.201999974e+002 -2.201999974e+002 -3.7688e+000 -9.1280e-001 -1.9360e-001
137283 +9.333883213e-007 +9.333883213e-007 -2.201999991e+002 -2.201999991e+002 -3.7688e+000 -9.1280e-001 -1.9360e-001
137874 +5.960905582e-007 +5.960905582e-007 -2.201999994e+002 -2.201999994e+002 -3.7688e+000 -9.1280e-001 -1.9360e-001
138312 +3.125854562e-007 +3.125854562e-007 -2.201999997e+002 -2.201999997e+002 -3.7688e+000 -9.1280e-001 -1.9360e-001
138762 +2.018384748e-007 +2.018384748e-007 -2.201999998e+002 -2.201999998e+002 -3.7688e+000 -9.1280e-001 -1.9360e-001
139335 +6.970375921e-008 +6.970375921e-008 -2.201999999e+002 -2.201999999e+002 -3.7688e+000 -9.1280e-001 -1.9360e-001
139366 +2.989150971e-008 +2.989150971e-008 -2.202000000e+002 -2.202000000e+002 -3.7688e+000 -9.1280e-001 -1.9360e-001
139443 +2.050887815e-008 +2.050887815e-008 -2.202000000e+002 -2.202000000e+002 -3.7688e+000 -9.1280e-001 -1.9360e-001
139778 +1.379953574e-008 +1.379953574e-008 -2.202000000e+002 -2.202000000e+002 -3.7688e+000 -9.1280e-001 -1.9360e-001
140181 +8.323610245e-009 +8.323610245e-009 -2.202000000e+002 -2.202000000e+002 -3.7688e+000 -9.1280e-001 -1.9360e-001
% function evaluation | noise-free fitness - Fopt (-2.041000000000e+001) | best noise-free fitness - Fopt | measured fitness | best measured fitness | x1 | x2...
1 +1.151256315e+002 +1.151256315e+002 +9.471563148e+001 +9.471563148e+001 +3.0503e-002 +1.2028e-001 -1.8344e+000
3 +4.115108798e+001 +4.115108798e+001 +2.074108798e+001 +2.074108798e+001 -3.2621e+000 +2.4061e+000 -4.0907e+000
22 +8.083602765e+000 +8.083602765e+000 -1.232639723e+001 -1.232639723e+001 -3.7502e+000 -4.4658e+000 -3.0298e+000
207 +5.082107026e+000 +5.082107026e+000 -1.532789297e+001 -1.532789297e+001 -3.2218e+000 -3.7553e+000 -3.0509e+000
433 +3.579200653e+000 +3.579200653e+000 -1.683079935e+001 -1.683079935e+001 -3.0486e+000 -8.4943e-001 -4.4276e+000
513 +1.626360317e+000 +1.626360317e+000 -1.878363968e+001 -1.878363968e+001 -3.2310e+000 -4.1173e+000 -2.9862e+000
1937 +3.758598625e-001 +3.758598625e-001 -2.003414014e+001 -2.003414014e+001 -3.2234e+000 -1.5671e+000 -4.0024e+000
5496 +1.117409380e-001 +1.117409380e-001 -2.029825906e+001 -2.029825906e+001 -3.2120e+000 -1.8773e+000 -3.8597e+000
6150 +4.551101288e-002 +4.551101288e-002 -2.036448899e+001 -2.036448899e+001 -3.2204e+000 -1.8947e+000 -3.8556e+000
6502 +1.332477169e-002 +1.332477169e-002 -2.039667523e+001 -2.039667523e+001 -3.2169e+000 -1.8619e+000 -3.8682e+000
6615 +5.515409037e-003 +5.515409037e-003 -2.040448459e+001 -2.040448459e+001 -3.2185e+000 -1.8571e+000 -3.8705e+000
12264 +3.413514117e-003 +3.413514117e-003 -2.040658649e+001 -2.040658649e+001 -3.2184e+000 -1.8576e+000 -3.8701e+000
12348 +2.103411482e-003 +2.103411482e-003 -2.040789659e+001 -2.040789659e+001 -3.2183e+000 -1.8575e+000 -3.8702e+000
25547 +6.574116550e-004 +6.574116550e-004 -2.040934259e+001 -2.040934259e+001 -3.2184e+000 -1.8599e+000 -3.8692e+000
25957 +6.294079831e-004 +6.294079831e-004 -2.040937059e+001 -2.040937059e+001 -3.2184e+000 -1.8597e+000 -3.8693e+000
26244 +2.666866405e-004 +2.666866405e-004 -2.040973331e+001 -2.040973331e+001 -3.2184e+000 -1.8606e+000 -3.8689e+000
26518 +2.175685604e-004 +2.175685604e-004 -2.040978243e+001 -2.040978243e+001 -3.2184e+000 -1.8608e+000 -3.8688e+000
26836 +1.112607482e-004 +1.112607482e-004 -2.040988874e+001 -2.040988874e+001 -3.2184e+000 -1.8608e+000 -3.8688e+000
27543 +3.895792308e-005 +3.895792308e-005 -2.040996104e+001 -2.040996104e+001 -3.2184e+000 -1.8608e+000 -3.8688e+000
28230 +1.331622815e-005 +1.331622815e-005 -2.040998668e+001 -2.040998668e+001 -3.2184e+000 -1.8608e+000 -3.8688e+000
87104 +9.198830483e-006 +9.198830483e-006 -2.040999080e+001 -2.040999080e+001 -3.2184e+000 -1.8608e+000 -3.8688e+000
87135 +5.164546085e-006 +5.164546085e-006 -2.040999484e+001 -2.040999484e+001 -3.2184e+000 -1.8608e+000 -3.8688e+000
87239 +2.303357036e-006 +2.303357036e-006 -2.040999770e+001 -2.040999770e+001 -3.2184e+000 -1.8608e+000 -3.8688e+000
87447 +6.556231682e-007 +6.556231682e-007 -2.040999934e+001 -2.040999934e+001 -3.2184e+000 -1.8608e+000 -3.8688e+000
87717 +6.300575919e-007 +6.300575919e-007 -2.040999937e+001 -2.040999937e+001 -3.2184e+000 -1.8608e+000 -3.8688e+000
87991 +3.181479187e-007 +3.181479187e-007 -2.040999968e+001 -2.040999968e+001 -3.2184e+000 -1.8608e+000 -3.8688e+000
88441 +1.984614464e-007 +1.984614464e-007 -2.040999980e+001 -2.040999980e+001 -3.2184e+000 -1.8608e+000 -3.8688e+000
88766 +1.002277195e-007 +1.002277195e-007 -2.040999990e+001 -2.040999990e+001 -3.2184e+000 -1.8608e+000 -3.8688e+000
89136 +7.024480908e-008 +7.024480908e-008 -2.040999993e+001 -2.040999993e+001 -3.2184e+000 -1.8608e+000 -3.8688e+000
89284 +3.451424391e-008 +3.451424391e-008 -2.040999997e+001 -2.040999997e+001 -3.2184e+000 -1.8608e+000 -3.8688e+000
89635 +1.885267409e-008 +1.885267409e-008 -2.040999998e+001 -2.040999998e+001 -3.2184e+000 -1.8608e+000 -3.8688e+000
89722 +7.317702000e-009 +7.317702000e-009 -2.040999999e+001 -2.040999999e+001 -3.2184e+000 -1.8608e+000 -3.8688e+000
% function evaluation | noise-free fitness - Fopt (6.081000000000e+001) | best noise-free fitness - Fopt | measured fitness | best measured fitness | x1 | x2...
1 +7.433914929e+002 +7.433914929e+002 +8.042014929e+002 +8.042014929e+002 +3.7744e+000 -4.9740e-001 -4.8461e+000
5 +3.082271793e+002 +3.082271793e+002 +3.690371793e+002 +3.690371793e+002 -4.8236e+000 -3.4433e+000 -3.4674e+000
6 +6.022098878e+001 +6.022098878e+001 +1.210309888e+002 +1.210309888e+002 +3.2421e+000 +3.5558e+000 -1.4616e-001
16 +3.783253421e+001 +3.783253421e+001 +9.864253421e+001 +9.864253421e+001 -3.6772e+000 -1.6891e+000 +2.6618e+000
44 +1.399888343e+001 +1.399888343e+001 +7.480888343e+001 +7.480888343e+001 -4.8528e+000 -4.0077e+000 +1.4771e+000
88 +9.817552353e+000 +9.817552353e+000 +7.062755235e+001 +7.062755235e+001 +1.7358e+000 +3.9502e+000 +3.6781e+000
185 +4.983106924e+000 +4.983106924e+000 +6.579310692e+001 +6.579310692e+001 +1.7190e+000 +3.1888e+000 +3.7949e+000
577 +3.067030686e+000 +3.067030686e+000 +6.387703069e+001 +6.387703069e+001 +2.4467e+000 +4.2629e+000 +3.9664e+000
669 +1.298401518e+000 +1.298401518e+000 +6.210840152e+001 +6.210840152e+001 +1.0193e+000 +2.6100e+000 +3.4878e+000
920 +9.773328328e-001 +9.773328328e-001 +6.178733283e+001 +6.178733283e+001 +1.4257e+000 +3.0096e+000 +3.6649e+000
1368 +3.284625970e-001 +3.284625970e-001 +6.113846260e+001 +6.113846260e+001 +1.0152e+000 +2.5511e+000 +3.2996e+000
1537 +2.069351473e-001 +2.069351473e-001 +6.101693515e+001 +6.101693515e+001 +9.4835e-001 +2.4927e+000 +3.2691e+000
1934 +1.522375638e-001 +1.522375638e-001 +6.096223756e+001 +6.096223756e+001 +9.4686e-001 +2.4913e+000 +3.2868e+000
1938 +4.856674238e-002 +4.856674238e-002 +6.085856674e+001 +6.085856674e+001 +1.1037e+000 +2.6729e+000 +3.3730e+000
9529 +3.305126450e-002 +3.305126450e-002 +6.084305126e+001 +6.084305126e+001 +1.0773e+000 +2.6410e+000 +3.3667e+000
9868 +7.450404476e-003 +7.450404476e-003 +6.081745040e+001 +6.081745040e+001 +1.0991e+000 +2.6669e+000 +3.3769e+000
10379 +3.344913263e-003 +3.344913263e-003 +6.081334491e+001 +6.081334491e+001 +1.0941e+000 +2.6614e+000 +3.3740e+000
10935 +2.192502728e-003 +2.192502728e-003 +6.081219250e+001 +6.081219250e+001 +1.0940e+000 +2.6611e+000 +3.3743e+000
10967 +1.525827760e-003 +1.525827760e-003 +6.081152583e+001 +6.081152583e+001 +1.0950e+000 +2.6623e+000 +3.3748e+000
11255 +8.006191488e-004 +8.006191488e-004 +6.081080062e+001 +6.081080062e+001 +1.0951e+000 +2.6624e+000 +3.3748e+000
11826 +6.140900619e-004 +6.140900619e-004 +6.081061409e+001 +6.081061409e+001 +1.0945e+000 +2.6617e+000 +3.3745e+000
11896 +2.682458623e-004 +2.682458623e-004 +6.081026825e+001 +6.081026825e+001 +1.0945e+000 +2.6617e+000 +3.3745e+000
75592 +2.502465999e-004 +2.502465999e-004 +6.081025025e+001 +6.081025025e+001 +1.0944e+000 +2.6616e+000 +3.3744e+000
75890 +1.359232643e-004 +1.359232643e-004 +6.081013592e+001 +6.081013592e+001 +1.0944e+000 +2.6616e+000 +3.3744e+000
76297 +4.439644093e-005 +4.439644093e-005 +6.081004440e+001 +6.081004440e+001 +1.0944e+000 +2.6616e+000 +3.3744e+000
76442 +3.326273381e-005 +3.326273381e-005 +6.081003326e+001 +6.081003326e+001 +1.0944e+000 +2.6616e+000 +3.3744e+000
76738 +2.209784392e-005 +2.209784392e-005 +6.081002210e+001 +6.081002210e+001 +1.0944e+000 +2.6616e+000 +3.3744e+000
194651 +1.157170777e-005 +1.157170777e-005 +6.081001157e+001 +6.081001157e+001 +1.0944e+000 +2.6616e+000 +3.3744e+000
264511 +6.040765612e-006 +6.040765612e-006 +6.081000604e+001 +6.081000604e+001 +1.0944e+000 +2.6616e+000 +3.3744e+000
264586 +3.614227765e-006 +3.614227765e-006 +6.081000361e+001 +6.081000361e+001 +1.0944e+000 +2.6616e+000 +3.3744e+000
265037 +1.745758816e-006 +1.745758816e-006 +6.081000175e+001 +6.081000175e+001 +1.0944e+000 +2.6616e+000 +3.3744e+000
265114 +1.007236214e-006 +1.007236214e-006 +6.081000101e+001 +6.081000101e+001 +1.0944e+000 +2.6616e+000 +3.3744e+000
265405 +7.913757401e-007 +7.913757401e-007 +6.081000079e+001 +6.081000079e+001 +1.0944e+000 +2.6616e+000 +3.3744e+000
265940 +5.962399072e-007 +5.962399072e-007 +6.081000060e+001 +6.081000060e+001 +1.0944e+000 +2.6616e+000 +3.3744e+000
266134 +2.332106277e-007 +2.332106277e-007 +6.081000023e+001 +6.081000023e+001 +1.0944e+000 +2.6616e+000 +3.3744e+000
468523 +9.579544269e-008 +9.579544269e-008 +6.081000010e+001 +6.081000010e+001 +1.0944e+000 +2.6616e+000 +3.3744e+000
468755 +3.634239931e-008 +3.634239931e-008 +6.081000004e+001 +6.081000004e+001 +1.0944e+000 +2.6616e+000 +3.3744e+000
469246 +1.758009205e-008 +1.758009205e-008 +6.081000002e+001 +6.081000002e+001 +1.0944e+000 +2.6616e+000 +3.3744e+000
469513 +7.746727704e-009 +7.746727704e-009 +6.081000001e+001 +6.081000001e+001 +1.0944e+000 +2.6616e+000 +3.3744e+000
% function evaluation | noise-free fitness - Fopt (-6.176300000000e+002) | best noise-free fitness - Fopt | measured fitness | best measured fitness | x1 | x2...
1 +1.874501133e+002 +1.874501133e+002 -4.301798867e+002 -4.301798867e+002 -1.0873e+000 +3.5153e+000 +2.8550e+000
4 +9.248416081e+001 +9.248416081e+001 -5.251458392e+002 -5.251458392e+002 -1.4004e+000 -1.7895e+000 +2.2565e+000
14 +2.951293958e+001 +2.951293958e+001 -5.881170604e+002 -5.881170604e+002 -2.5226e+000 -4.2315e+000 -1.3847e+000
15 +1.495778117e+001 +1.495778117e+001 -6.026722188e+002 -6.026722188e+002 +1.1781e+000 -4.1228e+000 -3.9687e+000
82 +9.064485768e+000 +9.064485768e+000 -6.085655142e+002 -6.085655142e+002 -8.1755e-001 -1.9218e+000 -3.2826e+000
276 +4.630066711e+000 +4.630066711e+000 -6.129999333e+002 -6.129999333e+002 -1.8385e+000 -2.2672e+000 -3.1970e+000
511 +2.013375063e+000 +2.013375063e+000 -6.156166249e+002 -6.156166249e+002 -1.8248e+000 -1.9509e+000 -3.5262e+000
829 +8.015828974e-001 +8.015828974e-001 -6.168284171e+002 -6.168284171e+002 -1.7145e+000 -1.9090e+000 -3.5754e+000
1058 +4.534251318e-001 +4.534251318e-001 -6.171765749e+002 -6.171765749e+002 -1.7639e+000 -1.9779e+000 -3.5283e+000
4510 +2.024108943e-001 +2.024108943e-001 -6.174275891e+002 -6.174275891e+002 -1.8077e+000 -1.8791e+000 -3.5612e+000
9306 +6.639713167e-002 +6.639713167e-002 -6.175636029e+002 -6.175636029e+002 -1.3149e+000 -2.2819e+000 -3.4830e+000
12114 +2.610296949e-002 +2.610296949e-002 -6.176038970e+002 -6.176038970e+002 -1.3213e+000 -2.2659e+000 -3.4903e+000
22150 +2.229207059e-002 +2.229207059e-002 -6.176077079e+002 -6.176077079e+002 -1.3651e+000 -2.2313e+000 -3.4962e+000
22390 +1.005562322e-002 +1.005562322e-002 -6.176199444e+002 -6.176199444e+002 -1.3452e+000 -2.2472e+000 -3.4930e+000
22611 +7.500079249e-003 +7.500079249e-003 -6.176224999e+002 -6.176224999e+002 -1.3353e+000 -2.2551e+000 -3.4915e+000
22992 +6.266063778e-003 +6.266063778e-003 -6.176237339e+002 -6.176237339e+002 -1.3300e+000 -2.2593e+000 -3.4907e+000
23062 +3.674453219e-003 +3.674453219e-003 -6.176263255e+002 -6.176263255e+002 -1.3254e+000 -2.2626e+000 -3.4901e+000
23372 +1.394488860e-003 +1.394488860e-003 -6.176286055e+002 -6.176286055e+002 -1.3279e+000 -2.2610e+000 -3.4904e+000
23547 +9.922944166e-004 +9.922944166e-004 -6.176290077e+002 -6.176290077e+002 -1.3273e+000 -2.2612e+000 -3.4903e+000
24480 +2.456432707e-004 +2.456432707e-004 -6.176297544e+002 -6.176297544e+002 -1.3279e+000 -2.2609e+000 -3.4904e+000
24553 +1.137059193e-004 +1.137059193e-004 -6.176298863e+002 -6.176298863e+002 -1.3280e+000 -2.2608e+000 -3.4904e+000
64758 +6.516660153e-005 +6.516660153e-005 -6.176299348e+002 -6.176299348e+002 -1.3280e+000 -2.2608e+000 -3.4904e+000
75067 +3.842651051e-005 +3.842651051e-005 -6.176299616e+002 -6.176299616e+002 -1.3280e+000 -2.2608e+000 -3.4904e+000
75559 +2.417291262e-005 +2.417291262e-005 -6.176299758e+002 -6.176299758e+002 -1.3280e+000 -2.2608e+000 -3.4904e+000
76030 +9.613610814e-006 +9.613610814e-006 -6.176299904e+002 -6.176299904e+002 -1.3280e+000 -2.2608e+000 -3.4904e+000
76423 +4.430133572e-006 +4.430133572e-006 -6.176299956e+002 -6.176299956e+002 -1.3280e+000 -2.2608e+000 -3.4904e+000
218342 +3.880181794e-006 +3.880181794e-006 -6.176299961e+002 -6.176299961e+002 -1.3280e+000 -2.2608e+000 -3.4904e+000
219113 +1.546261387e-006 +1.546261387e-006 -6.176299985e+002 -6.176299985e+002 -1.3280e+000 -2.2608e+000 -3.4904e+000
219309 +9.543389297e-007 +9.543389297e-007 -6.176299990e+002 -6.176299990e+002 -1.3280e+000 -2.2608e+000 -3.4904e+000
219407 +5.955315601e-007 +5.955315601e-007 -6.176299994e+002 -6.176299994e+002 -1.3280e+000 -2.2608e+000 -3.4904e+000
219980 +3.894566589e-007 +3.894566589e-007 -6.176299996e+002 -6.176299996e+002 -1.3280e+000 -2.2608e+000 -3.4904e+000
220057 +2.493795819e-007 +2.493795819e-007 -6.176299998e+002 -6.176299998e+002 -1.3280e+000 -2.2608e+000 -3.4904e+000
307838 +5.346578291e-008 +5.346578291e-008 -6.176299999e+002 -6.176299999e+002 -1.3280e+000 -2.2608e+000 -3.4904e+000
383501 +2.430772383e-008 +2.430772383e-008 -6.176300000e+002 -6.176300000e+002 -1.3280e+000 -2.2608e+000 -3.4904e+000
383740 +1.087028068e-008 +1.087028068e-008 -6.176300000e+002 -6.176300000e+002 -1.3280e+000 -2.2608e+000 -3.4904e+000
383999 +6.488335202e-009 +6.488335202e-009 -6.176300000e+002 -6.176300000e+002 -1.3280e+000 -2.2608e+000 -3.4904e+000
