% function evaluation | noise-free fitness - Fopt (7.135000000000e+001) | best noise-free fitness - Fopt | measured fitness | best measured fitness | x1 | x2...
1 +1.089983099e+002 +1.089983099e+002 +1.803483099e+002 +1.803483099e+002 -4.8846e+000 -3.0748e+000 -1.3490e+000 -1.6369e+000 -9.9463e-001 +2.7237e+000 -3.3963e+000 -4.7354e+000 +5.0167e-001 -4.5391e+000
3 +3.538145009e+001 +3.538145009e+001 +1.067314501e+002 +1.067314501e+002 +8.4161e-001 +2.7137e+000 +1.6647e+000 +3.7632e+000 -1.4238e+000 +3.1010e+000 -3.9561e+000 +4.3415e+000 +3.6417e+000 -2.8930e+000
110 +2.079794094e+001 +2.079794094e+001 +9.214794094e+001 +9.214794094e+001 -1.3920e+000 +2.9916e+000 +4.5777e-001 +6.1034e+000 +5.4768e+000 +1.6303e+000 -2.6133e+000 +3.5920e+000 +4.3527e+000 -5.6200e-001
625 +1.548568623e+001 +1.548568623e+001 +8.683568623e+001 +8.683568623e+001 -2.0611e+000 +3.3109e+000 +4.3241e+000 +8.5600e-001 +4.9385e+000 +3.3259e+000 -2.9293e+000 +1.0320e+000 -4.3679e+000 -4.5978e+000
7492 +8.649903226e+000 +8.649903226e+000 +7.999990323e+001 +7.999990323e+001 +2.5391e+000 +2.1933e+000 +4.7174e+000 +1.5121e+000 -3.7931e+000 -4.7300e+000 +4.8664e+000 -6.6794e-001 +5.3328e-001 +9.2526e-001
28514 +6.060961444e+000 +6.060961444e+000 +7.741096144e+001 +7.741096144e+001 -2.7876e+000 +1.7515e+000 -2.0475e+000 -4.7932e-001 -2.2277e-001 -4.1983e+000 -1.9299e+000 +4.9913e+000 -3.3989e+000 -4.0953e+000
124570 +3.973372378e+000 +3.973372378e+000 +7.532337238e+001 +7.532337238e+001 -5.8824e+000 -5.2206e+000 +2.6341e-001 -2.0226e+000 -2.2830e+000 -1.1962e+000 +4.9696e-001 +1.7169e+000 -1.2775e+000 +3.3866e+000
327818 +2.320276500e+000 +2.320276500e+000 +7.367027650e+001 +7.367027650e+001 -2.2931e+000 +3.8430e+000 +5.8822e+000 -3.5993e+000 -2.5972e+000 +1.6473e+000 -2.2629e+000 +1.2765e+000 -9.7883e-001 -1.3208e+000
943523 +1.419731998e+000 +1.419731998e+000 +7.276973200e+001 +7.276973200e+001 +2.8414e+000 -1.2201e+000 -3.2737e+000 +4.7300e+000 -2.9657e+000 -2.8420e+000 +2.9806e+000 +6.1007e-001 -4.3595e+000 -7.8909e-001
944703 +9.354217145e-001 +9.354217145e-001 +7.228542171e+001 +7.228542171e+001 +2.6911e+000 -1.1220e+000 -3.2726e+000 +4.5992e+000 -2.7724e+000 -2.8855e+000 +2.7245e+000 +6.2877e-001 -4.3709e+000 -8.7902e-001
945553 +5.992591950e-001 +5.992591950e-001 +7.194925920e+001 +7.194925920e+001 +2.6751e+000 -1.1234e+000 -3.2349e+000 +4.5988e+000 -2.9238e+000 -2.9086e+000 +2.7367e+000 +5.9586e-001 -4.3801e+000 -8.7039e-001
945701 +3.620812704e-001 +3.620812704e-001 +7.171208127e+001 +7.171208127e+001 +2.6611e+000 -1.0885e+000 -3.2589e+000 +4.5615e+000 -2.9441e+000 -2.8642e+000 +2.7118e+000 +6.0658e-001 -4.3512e+000 -8.6597e-001
1599576 +2.284050462e-001 +2.284050462e-001 +7.157840505e+001 +7.157840505e+001 +2.1684e+000 -4.0636e+000 +5.4250e-001 -1.6307e+000 -5.0388e+000 -6.2723e-001 -4.9897e+000 +9.6530e-001 -4.7298e-001 -2.3529e+000
1600997 +1.561135306e-001 +1.561135306e-001 +7.150611353e+001 +7.150611353e+001 +2.1715e+000 -4.0607e+000 +5.4261e-001 -1.6251e+000 -4.9890e+000 -6.3607e-001 -4.9830e+000 +9.7443e-001 -4.6828e-001 -2.3692e+000
1602176 +9.804201528e-002 +9.804201528e-002 +7.144804202e+001 +7.144804202e+001 +2.1704e+000 -4.0625e+000 +5.4865e-001 -1.6198e+000 -4.9746e+000 -6.4294e-001 -4.9793e+000 +9.8341e-001 -4.6831e-001 -2.3761e+000
% function evaluation | noise-free fitness - Fopt (-3.552200000000e+002) | best noise-free fitness - Fopt | measured fitness | best measured fitness | x1 | x2...
1 +8.185575143e+001 +8.185575143e+001 -2.733642486e+002 -2.733642486e+002 -4.0086e+000 -3.1334e+000 -1.8077e-001 +1.1143e+000 -5.6667e-001 +3.0410e-001 -2.0488e+000 +6.8782e-001 +2.4820e-001 -4.7304e+000
3 +5.213075021e+001 +5.213075021e+001 -3.030892498e+002 -3.030892498e+002 -4.2311e+000 -4.0043e+000 +4.4879e+000 -4.8202e+000 +2.4687e+000 +4.3090e+000 +4.1624e+000 +4.0031e+000 +4.7314e+000 +2.0075e+000
44 +3.156608412e+001 +3.156608412e+001 -3.236539159e+002 -3.236539159e+002 +1.3680e+000 +3.8198e+000 -1.3029e+000 -3.2401e+000 +4.4727e+000 +1.1778e-001 +2.8772e+000 +1.2208e-001 -2.1728e+000 +2.6308e+000
172 +2.279599802e+001 +2.279599802e+001 -3.324240020e+002 -3.324240020e+002 +3.6749e+000 +1.3323e+000 -3.5490e-002 -1.1098e-001 +1.2897e+000 -1.8787e+000 +4.9601e+000 -2.7812e-001 +7.1398e-001 +3.2726e+000
2933 +1.374755135e+001 +1.374755135e+001 -3.414724487e+002 -3.414724487e+002 -1.7432e+000 +4.3222e+000 +2.4415e+000 -3.1173e+000 +1.5434e+000 -1.1420e+000 +4.5724e+000 +2.5297e+000 -3.3448e+000 +2.7661e+000
6122 +8.499015964e+000 +8.499015964e+000 -3.467209840e+002 -3.467209840e+002 +1.0997e+000 -3.9200e+000 -2.6778e+000 -3.0408e+000 +4.8718e+000 -2.3969e+000 +6.7101e-001 -1.3934e+000 +2.7345e+000 +4.5869e+000
6628 +6.234107443e+000 +6.234107443e+000 -3.489858926e+002 -3.489858926e+002 +8.9311e-001 -3.8331e+000 -2.7432e+000 -3.0117e+000 +4.8292e+000 -2.3824e+000 +5.8686e-001 -1.3962e+000 +2.6450e+000 +4.5563e+000
288771 +3.816486716e+000 +3.816486716e+000 -3.514035133e+002 -3.514035133e+002 -2.5185e+000 +4.6302e-001 +2.2039e+000 -4.6619e+000 -8.4580e-001 -3.5324e+000 +9.4915e-001 +2.7637e+000 +6.2436e-002 +1.1118e+000
289532 +2.443951867e+000 +2.443951867e+000 -3.527760481e+002 -3.527760481e+002 -2.6893e+000 +4.3371e-001 +2.5233e+000 -4.5067e+000 -1.2616e+000 -3.5418e+000 +1.2925e+000 +2.8220e+000 -2.0930e-001 +1.1245e+000
1162646 +1.495875476e+000 +1.495875476e+000 -3.537241245e+002 -3.537241245e+002 +5.0734e-001 -2.1579e+000 -3.0249e+000 +3.8893e+000 -1.5546e+000 +2.9465e+000 -4.5417e+000 -2.7355e+000 +5.3718e-001 +1.3047e+000
1846421 +8.806514194e-001 +8.806514194e-001 -3.543393486e+002 -3.543393486e+002 -2.3182e+000 -2.1036e+000 +1.2386e+000 -1.9636e+000 -1.5951e+000 -3.5952e+000 +2.5600e+000 +2.0900e+000 +2.0796e+000 +1.5614e+000
1846626 +5.803758411e-001 +5.803758411e-001 -3.546396242e+002 -3.546396242e+002 -2.3285e+000 -2.1174e+000 +1.2145e+000 -2.0157e+000 -1.5562e+000 -3.5453e+000 +2.5684e+000 +2.0939e+000 +2.1242e+000 +1.5999e+000
1847701 +3.959631872e-001 +3.959631872e-001 -3.548240368e+002 -3.548240368e+002 -2.3338e+000 -2.1325e+000 +1.2267e+000 -2.0066e+000 -1.5583e+000 -3.5543e+000 +2.5763e+000 +2.1053e+000 +2.1371e+000 +1.5935e+000
% function evaluation | noise-free fitness - Fopt (9.917000000000e+001) | best noise-free fitness - Fopt | measured fitness | best measured fitness | x1 | x2...
1 +7.406562919e+001 +7.406562919e+001 +1.732356292e+002 +1.732356292e+002 -3.1385e+000 -1.4583e+000 -4.1444e-001 +3.3635e+000 -2.5701e+000 +4.1630e-001 -4.6900e+000 +7.5603e-001 -4.5804e+000 +1.5810e-001
6 +5.323710806e+001 +5.323710806e+001 +1.524071081e+002 +1.524071081e+002 +2.6061e+000 +4.9406e-001 +1.5625e+000 -8.6597e-001 +3.2921e-001 -1.9749e+000 -8.2334e-001 +4.1432e-001 +6.8309e-001 -2.3290e+000
39 +3.515537648e+001 +3.515537648e+001 +1.343253765e+002 +1.343253765e+002 -4.4335e+000 +6.2033e-001 -2.6051e+000 -3.5849e+000 +1.7622e+000 +2.6104e+000 +2.9120e+000 -1.9307e+000 +2.5395e+000 -2.1710e+000
526 +1.483426817e+001 +1.483426817e+001 +1.140042682e+002 +1.140042682e+002 -7.9769e-001 +2.9574e+000 -1.2062e+000 +4.6854e-001 +4.1700e+000 +4.2827e+000 -1.7143e+000 +5.3214e+000 -1.4105e+000 -8.0947e-001
29135 +7.748395651e+000 +7.748395651e+000 +1.069183957e+002 +1.069183957e+002 -4.2488e+000 -3.9639e+000 +6.0415e-001 +3.2425e+000 +1.4042e-001 +4.8115e+000 -3.1502e+000 -1.9762e+000 -4.0680e+000 +2.8789e+000
50413 +6.023260363e+000 +6.023260363e+000 +1.051932604e+002 +1.051932604e+002 -1.3073e+000 -2.3790e+000 -4.7132e+000 -3.6862e+000 -7.0164e-001 -3.9479e+000 +3.0455e+000 -9.8069e-002 +6.7027e-001 -2.0094e+000
86203 +3.319912773e+000 +3.319912773e+000 +1.024899128e+002 +1.024899128e+002 +6.1056e-001 +8.1855e-001 -3.0714e+000 +3.4693e+000 +4.2413e+000 -3.6977e+000 -3.6046e+000 +4.0319e+000 -3.7415e+000 -1.6193e+000
240459 +2.290131905e+000 +2.290131905e+000 +1.014601319e+002 +1.014601319e+002 -5.5223e+000 +3.1035e+000 -3.2462e+000 +1.9331e-001 +3.0404e+000 -3.9909e+000 +3.7022e+000 +3.8464e+000 -2.4411e-001 +3.9197e+000
786290 +1.540752571e+000 +1.540752571e+000 +1.007107526e+002 +1.007107526e+002 -1.7633e+000 +2.0099e+000 +1.6209e+000 -6.7552e-001 -2.8838e+000 -1.8621e+000 -2.5486e+000 +7.0650e-001 +2.0054e+000 -3.8560e+000
% function evaluation | noise-free fitness - Fopt (-5.179100000000e+002) | best noise-free fitness - Fopt | measured fitness | best measured fitness | x1 | x2...
1 +9.198548677e+001 +9.198548677e+001 -4.259245132e+002 -4.259245132e+002 +3.7992e+000 +4.4113e+000 +2.4671e+000 -4.2146e+000 -1.5445e+000 -2.0372e+000 +4.3924e+000 +1.3989e+000 +4.7595e+000 -2.9917e+000
4 +5.328623599e+001 +5.328623599e+001 -4.646237640e+002 -4.646237640e+002 +7.7399e-001 +3.2328e-001 +3.2768e+000 +3.4499e-001 +3.2727e-001 -8.7707e-001 -7.7706e-001 +4.2847e+000 +3.2781e+000 +4.6002e+000
22 +3.520407363e+001 +3.520407363e+001 -4.827059264e+002 -4.827059264e+002 -4.5946e+000 -2.2509e+000 -1.5533e+000 -1.2026e+000 -3.6999e+000 +4.3956e-001 +3.4141e+000 -1.0816e-001 +8.9589e-001 -1.8895e+000
86 +1.499492959e+001 +1.499492959e+001 -5.029150704e+002 -5.029150704e+002 +8.5699e-001 +3.4045e-001 +6.0882e+000 -1.9324e+000 +3.3437e+000 -3.2795e+000 -1.6503e+000 +8.7704e-001 +2.9821e+000 -2.3493e+000
9186 +9.474171493e+000 +9.474171493e+000 -5.084358285e+002 -5.084358285e+002 -4.3882e-001 -3.2030e+000 +1.5102e+000 -5.9579e+000 +4.5616e-001 -3.4608e+000 +3.0956e-002 +3.3631e+000 +4.8405e-001 -5.1568e-001
46075 +6.200610042e+000 +6.200610042e+000 -5.117093900e+002 -5.117093900e+002 -1.2325e-001 -3.7330e+000 +1.5817e-002 -1.8117e+000 +1.0553e+000 +1.2595e+000 -5.2375e-001 -3.6297e+000 +6.2037e-001 +3.6415e+000
46357 +3.049727510e+000 +3.049727510e+000 -5.148602725e+002 -5.148602725e+002 -1.3275e-001 -3.7772e+000 -7.8519e-003 -1.7572e+000 +1.0756e+000 +1.1726e+000 -5.2482e-001 -3.5710e+000 +6.5154e-001 +3.6465e+000
46728 +1.960896467e+000 +1.960896467e+000 -5.159491035e+002 -5.159491035e+002 -1.6323e-001 -3.7279e+000 -8.3108e-003 -1.6769e+000 +1.1354e+000 +1.1275e+000 -5.2175e-001 -3.4663e+000 +6.1499e-001 +3.7003e+000
405535 +1.541257586e+000 +1.541257586e+000 -5.163687424e+002 -5.163687424e+002 -1.9024e+000 -3.9765e+000 -1.9397e+000 -3.2582e+000 -1.0052e+000 -6.3701e-001 -1.6345e+000 -2.0185e+000 -9.2029e-001 +3.9244e+000
1115893 +9.394458176e-001 +9.394458176e-001 -5.169705542e+002 -5.169705542e+002 +2.0127e+000 -2.3222e+000 -3.2000e+000 +4.7808e+000 -2.6884e+000 -1.9969e-001 -3.5575e+000 +1.8852e+000 +1.7500e+000 +5.5474e-001
% function evaluation | noise-free fitness - Fopt (-5.721000000000e+001) | best noise-free fitness - Fopt | measured fitness | best measured fitness | x1 | x2...
1 +9.164203750e+001 +9.164203750e+001 +3.443203750e+001 +3.443203750e+001 -2.2174e+000 +2.1814e+000 +4.5251e+000 +4.4420e+000 +7.8826e-001 +2.6511e+000 -4.4748e+000 -4.5406e+000 +2.4987e+000 -6.8913e-001
4 +5.179459682e+001 +5.179459682e+001 -5.415403178e+000 -5.415403178e+000 +3.5073e+000 +2.1737e+000 -4.9122e+000 -1.0307e+000 +2.4966e-002 -1.6092e-001 -1.2242e+000 +2.1390e+000 -4.6776e+000 -1.4874e-001
9 +3.467857372e+001 +3.467857372e+001 -2.253142628e+001 -2.253142628e+001 -2.5713e+000 +8.4893e-001 +4.0695e+000 +3.7335e+000 -3.0292e+000 +1.8900e+000 +1.4878e-002 +4.4290e+000 -3.4391e+000 -8.1973e-001
132 +1.911713342e+001 +1.911713342e+001 -3.809286658e+001 -3.809286658e+001 +3.5073e+000 -2.7611e+000 +1.1039e+000 +3.4042e+000 +2.4966e-002 +4.4284e+000 -1.2242e+000 +2.1390e+000 -4.6776e+000 -1.4874e-001
4135 +1.496737251e+001 +1.496737251e+001 -4.224262749e+001 -4.224262749e+001 +2.2321e+000 +4.8429e+000 -1.0420e+000 +1.8057e+000 -3.6499e+000 +5.7084e+000 -6.0458e+000 -6.2235e+000 -2.7890e+000 +3.6035e+000
34247 +9.269594137e+000 +9.269594137e+000 -4.794040586e+001 -4.794040586e+001 +1.9478e+000 -4.4998e+000 -3.9811e+000 -2.2664e+000 -2.6962e+000 +7.1691e-001 +2.6901e+000 -3.5961e+000 +1.7498e+000 -4.0809e+000
125203 +6.252156241e+000 +6.252156241e+000 -5.095784376e+001 -5.095784376e+001 +7.4977e-001 +6.5339e-001 -9.9301e-001 +3.4563e+000 -3.5816e-001 -4.3899e+000 +1.4548e+000 -4.4272e+000 +6.4024e-001 +1.9077e+000
462701 +3.376991783e+000 +3.376991783e+000 -5.383300822e+001 -5.383300822e+001 +1.1041e+000 -4.6955e+000 +5.2791e+000 +8.9605e-001 +1.1372e+000 -3.9014e+000 +2.5124e+000 +1.4841e+000 -1.7242e+000 -9.8009e-001
463377 +2.206051142e+000 +2.206051142e+000 -5.500394886e+001 -5.500394886e+001 +1.1307e+000 -4.6437e+000 +5.3599e+000 +9.4613e-001 +1.0786e+000 -3.8487e+000 +2.5978e+000 +1.5017e+000 -1.5688e+000 -8.0694e-001
890742 +1.500695147e+000 +1.500695147e+000 -5.570930485e+001 -5.570930485e+001 -3.0105e+000 -2.6376e+000 -2.4361e-001 -1.5585e-003 -4.0003e+000 -4.9761e-001 +4.7470e+000 -3.0929e+000 -7.2034e-001 +1.8578e+000
891256 +9.137502806e-001 +9.137502806e-001 -5.629624972e+001 -5.629624972e+001 -3.0486e+000 -2.6687e+000 -2.6632e-001 +7.7023e-003 -4.1265e+000 -4.9754e-001 +4.8297e+000 -2.9996e+000 -6.7656e-001 +1.8445e+000
892675 +5.894366945e-001 +5.894366945e-001 -5.662056331e+001 -5.662056331e+001 -3.0801e+000 -2.6829e+000 -2.9671e-001 +2.6292e-002 -4.1817e+000 -4.9514e-001 +4.8726e+000 -2.9996e+000 -6.5183e-001 +1.8330e+000
895051 +3.977057691e-001 +3.977057691e-001 -5.681229423e+001 -5.681229423e+001 -3.0755e+000 -2.6815e+000 -3.1319e-001 +1.9843e-002 -4.1760e+000 -4.9689e-001 +4.8744e+000 -3.0087e+000 -6.4765e-001 +1.8343e+000
% function evaluation | noise-free fitness - Fopt (6.770000000000e+000) | best noise-free fitness - Fopt | measured fitness | best measured fitness | x1 | x2...
1 +3.393144383e+001 +3.393144383e+001 +4.070144383e+001 +4.070144383e+001 -3.3726e+000 -8.0207e-001 -3.2538e+000 +2.0632e+000 +2.1262e+000 +4.0976e+000 -3.6904e+000 -3.8682e+000 -7.1242e-001 +1.6116e+000
201 +1.539771561e+001 +1.539771561e+001 +2.216771561e+001 +2.216771561e+001 +2.0945e+000 +3.2686e-001 +1.2807e+000 -3.3430e+000 +7.0350e-001 +4.9346e-001 -4.3785e+000 +4.1122e+000 -3.8029e+000 -5.2715e+000
60918 +8.848233269e+000 +8.848233269e+000 +1.561823327e+001 +1.561823327e+001 -5.3661e+000 +3.3952e+000 +3.2614e+000 +2.8639e+000 -4.8655e+000 -4.3232e-002 -3.7482e+000 -4.6676e+000 +2.8090e+000 -5.3926e+000
72690 +6.090096705e+000 +6.090096705e+000 +1.286009671e+001 +1.286009671e+001 -3.0976e+000 -4.9062e-001 -3.1385e+000 +4.4921e+000 -7.1814e-001 +8.4195e-001 -5.0876e+000 -3.4687e+000 +3.7584e+000 -6.1543e+000
74406 +3.953089155e+000 +3.953089155e+000 +1.072308915e+001 +1.072308915e+001 -3.0525e+000 -4.9797e-001 -3.1486e+000 +4.4772e+000 -6.6471e-001 +8.1540e-001 -5.1429e+000 -3.5167e+000 +3.8992e+000 -6.0602e+000
105177 +2.180709626e+000 +2.180709626e+000 +8.950709626e+000 +8.950709626e+000 +3.2231e-001 +2.4762e+000 -1.8473e+000 +1.8499e+000 +2.6520e+000 -4.7429e+000 +1.0946e-002 -8.6586e-001 -1.0189e-002 -1.4268e+000
962775 +1.275644427e+000 +1.275644427e+000 +8.045644427e+000 +8.045644427e+000 +2.8772e+000 -1.3822e-001 -2.4080e+000 +1.6665e+000 -2.8777e-001 +4.3209e+000 -4.3302e+000 +3.3104e+000 -2.9943e+000 +2.0215e+000
% function evaluation | noise-free fitness - Fopt (-1.078000000000e+001) | best noise-free fitness - Fopt | measured fitness | best measured fitness | x1 | x2...
1 +5.970678356e+001 +5.970678356e+001 +4.892678356e+001 +4.892678356e+001 -4.9392e+000 -2.6993e+000 +1.6809e-001 -2.0965e+000 +1.1471e-001 +4.8579e+000 +1.1795e+000 -1.7394e+000 +2.6206e+000 -3.7795e+000
17 +1.998963470e+001 +1.998963470e+001 +9.209634698e+000 +9.209634698e+000 -1.8327e-001 +7.5190e-001 -2.8262e+000 +3.0189e+000 +2.3304e+000 +3.8911e+000 +4.5438e+000 -4.6730e+000 +2.4276e+000 +1.4282e+000
1557 +1.386067496e+001 +1.386067496e+001 +3.080674956e+000 +3.080674956e+000 +2.8601e-001 +3.5913e+000 +7.4501e-001 +2.6011e+000 -5.3955e+000 -1.8166e+000 +2.4320e+000 -2.3192e+000 -5.5792e+000 -4.1280e+000
21608 +7.552666403e+000 +7.552666403e+000 -3.227333597e+000 -3.227333597e+000 +1.1839e+000 +3.1248e+000 -3.7517e+000 -2.0849e+000 -1.1760e+000 +3.1453e+000 +5.9762e+000 -3.2210e+000 -3.7107e+000 +1.5817e+000
22036 +4.772540287e+000 +4.772540287e+000 -6.007459713e+000 -6.007459713e+000 +1.3014e+000 +3.1665e+000 -3.8397e+000 -2.0278e+000 -1.1452e+000 +3.1517e+000 +5.8707e+000 -3.1612e+000 -3.8207e+000 +1.7649e+000
371521 +3.934312836e+000 +3.934312836e+000 -6.845687164e+000 -6.845687164e+000 -2.8491e+000 +5.3120e-001 +1.3105e+000 +9.1038e-002 -5.1128e+000 +4.1621e+000 -2.6451e+000 -2.8364e+000 +1.9394e+000 +1.1877e+000
975233 +2.129593454e+000 +2.129593454e+000 -8.650406546e+000 -8.650406546e+000 -8.8276e-001 -4.7014e+000 +2.3897e+000 -1.2195e+000 -5.4268e+000 -1.5443e+000 +3.2582e+000 +9.2782e-001 -2.7853e-001 +2.6198e+000
1303161 +1.523556358e+000 +1.523556358e+000 -9.256443642e+000 -9.256443642e+000 -2.2785e+000 +1.1071e-001 -1.3218e+000 +4.4421e-001 -5.8790e+000 +4.2730e+000 -6.6532e-001 -2.4833e-001 -8.3130e-001 +1.0010e+000
% function evaluation | noise-free fitness - Fopt (-1.645900000000e+002) | best noise-free fitness - Fopt | measured fitness | best measured fitness | x1 | x2...
1 +9.044585486e+001 +9.044585486e+001 -7.414414514e+001 -7.414414514e+001 +2.0359e+000 -1.9379e+000 +1.0416e+000 +4.6727e+000 -2.1245e+000 -2.7130e+000 +3.6723e-001 -3.1922e+000 -2.9405e+000 -1.9541e+000
6 +3.814108823e+001 +3.814108823e+001 -1.264489118e+002 -1.264489118e+002 -2.4232e+000 +1.8881e+000 +2.2806e+000 +1.1852e+000 -3.3737e+000 -2.0747e+000 +1.7978e+000 -1.3420e+000 +5.5970e-001 +2.2324e+000
12 +2.399815979e+001 +2.399815979e+001 -1.405918402e+002 -1.405918402e+002 -4.7497e+000 +4.2400e+000 -1.6543e+000 +2.5032e+000 -4.7793e+000 -3.5959e-001 -1.9902e+000 +2.3237e+000 +3.5766e+000 +9.4247e-001
2083 +1.499267527e+001 +1.499267527e+001 -1.495973247e+002 -1.495973247e+002 -2.9868e+000 -3.6683e-001 +3.7561e+000 +9.4762e-001 +6.6472e-001 +4.2176e+000 +2.8551e+000 -1.6309e+000 -2.6887e+000 -3.2950e+000
33011 +6.778980612e+000 +6.778980612e+000 -1.578110194e+002 -1.578110194e+002 +2.0532e+000 -4.6670e+000 +3.3933e+000 -2.3886e+000 +2.5346e+000 -3.5592e+000 +2.2471e-002 +1.9585e+000 -2.2104e+000 +6.7460e-001
43595 +5.834295814e+000 +5.834295814e+000 -1.587557042e+002 -1.587557042e+002 -9.4827e-001 -1.4175e+000 -6.6072e-001 -5.2260e+000 +1.7079e+000 +2.3982e+000 +1.3562e+000 -9.8197e-001 -2.4882e+000 +1.1047e-001
89704 +3.894418710e+000 +3.894418710e+000 -1.606955813e+002 -1.606955813e+002 -1.2807e+000 +6.0485e+000 +2.1418e+000 -2.3192e+000 +5.0114e+000 +3.9864e+000 +2.0231e+000 +1.2883e-001 -2.3314e-002 +5.4491e+000
1290977 +2.402831962e+000 +2.402831962e+000 -1.621871680e+002 -1.621871680e+002 +1.1823e+000 +1.9028e-001 +3.1628e+000 -1.4350e+000 -2.8598e+000 -1.4139e+000 +3.6811e+000 -5.0156e+000 -3.0258e+000 +9.3945e-001
1291707 +1.510756300e+000 +1.510756300e+000 -1.630792437e+002 -1.630792437e+002 +1.1976e+000 +1.5229e-001 +3.2396e+000 -1.4890e+000 -2.8821e+000 -1.4034e+000 +3.6799e+000 -4.8703e+000 -3.1147e+000 +8.9023e-001
1292657 +8.884035641e-001 +8.884035641e-001 -1.637015964e+002 -1.637015964e+002 +1.2175e+000 +1.9262e-001 +3.2799e+000 -1.5063e+000 -2.9147e+000 -1.4208e+000 +3.6785e+000 -4.8512e+000 -3.1543e+000 +8.4653e-001
% function evaluation | noise-free fitness - Fopt (-1.429800000000e+002) | best noise-free fitness - Fopt | measured fitness | best measured fitness | x1 | x2...
1 +1.130653232e+002 +1.130653232e+002 -2.991467675e+001 -2.991467675e+001 -6.1800e-001 +9.7870e-001 +2.0255e+000 +7.1873e-001 -1.3771e+000 +3.6969e+000 -4.2337e+000 -3.9788e+000 +2.8276e+000 -3.5156e+000
3 +7.609245688e+001 +7.609245688e+001 -6.688754312e+001 -6.688754312e+001 -4.7013e+000 -1.3759e+000 -1.3860e+000 +3.7208e+000 -3.7744e+000 +2.9426e+000 -3.3900e+000 +2.3309e+000 +4.2628e+000 -1.9116e+000
4 +2.575087282e+001 +2.575087282e+001 -1.172291272e+002 -1.172291272e+002 +3.6496e+000 -8.4097e-001 -1.9958e+000 -1.0776e+000 -1.8908e+000 +1.9157e+000 -6.8846e-001 -2.5219e+000 +3.0728e+000 -9.2688e-001
60 +2.483039440e+001 +2.483039440e+001 -1.181496056e+002 -1.181496056e+002 +4.5606e+000 +4.1147e-001 -1.3608e+000 +5.8625e-001 -1.0040e+000 -1.3314e+000 +4.1089e+000 -4.6704e+000 -1.0521e+000 -2.7689e+000
726 +1.369152072e+001 +1.369152072e+001 -1.292884793e+002 -1.292884793e+002 +4.2575e+000 -2.0653e+000 -1.8432e+000 -2.0122e+000 +5.1841e+000 -3.9222e+000 +3.0752e+000 +3.3946e+000 -5.8035e+000 -2.6523e+000
34286 +8.847008238e+000 +8.847008238e+000 -1.341329918e+002 -1.341329918e+002 +4.0712e-001 -1.8749e+000 -5.6066e-001 +3.9005e+000 -2.6556e+000 -1.3484e+000 -2.3930e+000 +5.6333e-001 -4.3269e-002 +3.7078e+000
74995 +3.123598855e+000 +3.123598855e+000 -1.398564011e+002 -1.398564011e+002 +2.8419e+000 +4.6298e+000 -2.2099e+000 -3.0811e+000 -1.5831e+000 +1.2729e+000 +2.7122e+000 +2.7425e+000 +4.4235e+000 +3.3222e+000
453675 +1.929291196e+000 +1.929291196e+000 -1.410507088e+002 -1.410507088e+002 +2.5015e+000 +1.1461e+000 +5.0542e+000 -9.9928e-001 -2.8227e+000 +1.2605e+000 -4.4272e-001 -2.6733e+000 +3.2708e+000 -3.1763e+000
454961 +1.527333165e+000 +1.527333165e+000 -1.414526668e+002 -1.414526668e+002 +2.5050e+000 +1.1362e+000 +5.0724e+000 -1.0107e+000 -2.8297e+000 +1.3457e+000 -4.5287e-001 -2.6888e+000 +3.2764e+000 -3.1628e+000
457244 +9.825390116e-001 +9.825390116e-001 -1.419974610e+002 -1.419974610e+002 +2.5459e+000 +1.0969e+000 +5.0456e+000 -1.0122e+000 -2.8025e+000 +1.3315e+000 -4.4044e-001 -2.6855e+000 +3.2832e+000 -3.1553e+000
% function evaluation | noise-free fitness - Fopt (2.468600000000e+002) | best noise-free fitness - Fopt | measured fitness | best measured fitness | x1 | x2...
1 +1.498812140e+002 +1.498812140e+002 +3.967412140e+002 +3.967412140e+002 -1.2264e+000 -4.6111e+000 +9.3558e-001 -2.6517e+000 +3.8245e+000 +2.5247e+000 +3.4745e+000 +3.4043e+000 +3.6167e+000 +4.0786e+000
3 +7.408393227e+001 +7.408393227e+001 +3.209439323e+002 +3.209439323e+002 +3.1269e-001 +1.5581e+000 +4.2177e+000 +6.6351e-001 +1.0574e+000 +2.6722e+000 -4.7952e+000 -3.7226e+000 +2.7474e+000 -2.8752e+000
6 +5.214232712e+001 +5.214232712e+001 +2.990023271e+002 +2.990023271e+002 +3.1865e+000 +2.5136e+000 +3.3082e+000 +3.9800e+000 +4.2392e+000 -4.5882e-001 -2.2057e+000 -1.9963e+000 -2.5232e+000 +1.9467e+000
25 +2.962444247e+001 +2.962444247e+001 +2.764844425e+002 +2.764844425e+002 +1.4841e+000 +1.6478e+000 -7.2743e-001 +2.0744e+000 +1.6015e+000 +6.3616e-001 -1.2576e+000 -7.6801e-001 -5.6796e-001 +3.2945e+000
93 +2.429068339e+001 +2.429068339e+001 +2.711506834e+002 +2.711506834e+002 +3.6138e-001 +1.5411e+000 -2.7677e+000 +1.7243e+000 -2.6515e+000 +7.7652e-001 +4.6253e-001 +3.2206e+000 +3.4747e-001 +4.2238e+000
923 +1.115661372e+001 +1.115661372e+001 +2.580166137e+002 +2.580166137e+002 -6.4169e-001 +1.4602e+000 -6.1611e+000 +4.2053e+000 -3.7155e+000 +6.6840e+000 +4.3941e+000 +4.0833e+000 -3.4904e+000 +2.3364e+000
10880 +9.985046162e+000 +9.985046162e+000 +2.568450462e+002 +2.568450462e+002 +4.8658e+000 +4.3403e+000 +4.7117e+000 -4.0805e+000 -1.9608e+000 +2.1699e+000 -4.5895e+000 +1.5465e+000 +2.1329e+000 -3.0054e+000
14149 +6.292632119e+000 +6.292632119e+000 +2.531526321e+002 +2.531526321e+002 +4.8297e+000 +4.2393e+000 +4.6087e+000 -3.9621e+000 -1.9596e+000 +2.1974e+000 -4.5244e+000 +1.4026e+000 +2.2371e+000 -2.9414e+000
16546 +3.773748760e+000 +3.773748760e+000 +2.506337488e+002 +2.506337488e+002 +4.7822e+000 +4.1464e+000 +4.3642e+000 -3.9373e+000 -2.0442e+000 +2.2081e+000 -4.6612e+000 +1.6293e+000 +2.2349e+000 -3.0206e+000
18857 +2.484904716e+000 +2.484904716e+000 +2.493449047e+002 +2.493449047e+002 +4.7608e+000 +4.1564e+000 +4.3647e+000 -3.9091e+000 -2.0071e+000 +2.2255e+000 -4.6551e+000 +1.6140e+000 +2.2170e+000 -3.0340e+000
26271 +1.536272255e+000 +1.536272255e+000 +2.483962723e+002 +2.483962723e+002 -1.0802e+000 -9.2749e-001 -1.1340e+000 +1.5001e+000 +3.2968e+000 -2.5445e+000 +1.9456e+000 -3.0998e+000 -3.7390e+000 +1.0479e+000
26738 +9.173475111e-001 +9.173475111e-001 +2.477773475e+002 +2.477773475e+002 -1.0795e+000 -9.0953e-001 -1.1305e+000 +1.4846e+000 +3.3025e+000 -2.5537e+000 +1.9414e+000 -3.0892e+000 -3.7451e+000 +1.0518e+000
28290 +6.204835991e-001 +6.204835991e-001 +2.474804836e+002 +2.474804836e+002 -1.0626e+000 -8.7210e-001 -1.0862e+000 +1.4763e+000 +3.3045e+000 -2.5392e+000 +1.9299e+000 -3.1306e+000 -3.6778e+000 +1.0785e+000
161073 +3.599720421e-001 +3.599720421e-001 +2.472199720e+002 +2.472199720e+002 +6.2021e-002 -5.7420e-001 +2.9172e-001 -2.4041e+000 +6.9662e-001 +5.0545e+000 +3.0030e+000 -3.0197e+000 +1.3781e+000 -2.5530e+000
% function evaluation | noise-free fitness - Fopt (1.392300000000e+002) | best noise-free fitness - Fopt | measured fitness | best measured fitness | x1 | x2...
1 +4.420843662e+001 +4.420843662e+001 +1.834384366e+002 +1.834384366e+002 -6.3717e-001 -1.2964e+000 -3.1179e+000 -2.1068e-001 +3.6726e-001 -1.9176e+000 -1.9740e+000 +3.8338e+000 +4.6464e+000 +2.9520e+000
20 +2.280244530e+001 +2.280244530e+001 +1.620324453e+002 +1.620324453e+002 -4.3266e+000 -2.1000e+000 +3.9498e+000 +2.3882e+000 -1.2884e+000 +2.0329e+000 +4.0525e-001 -4.1969e+000 +2.1224e+000 -1.9367e+000
2373 +1.286322033e+001 +1.286322033e+001 +1.520932203e+002 +1.520932203e+002 +4.0733e+000 +3.9241e+000 +1.0132e+000 +3.0080e-001 +3.1755e+000 -1.8690e+000 -9.7336e-001 +4.5746e-001 -2.0193e+000 -4.0687e+000
63522 +9.038145279e+000 +9.038145279e+000 +1.482681453e+002 +1.482681453e+002 -1.6010e+000 +3.4446e-001 +1.7451e-001 +3.2363e+000 +3.4624e+000 -8.8778e-001 -9.5413e-001 -4.3917e-001 -3.7672e+000 +4.1972e+000
71219 +6.152082323e+000 +6.152082323e+000 +1.453820823e+002 +1.453820823e+002 -4.3906e+000 +2.7027e+000 +1.2641e+000 -3.0057e+000 -3.6902e+000 +4.0409e-001 -4.5726e+000 -1.6569e+000 -3.4843e+000 +2.7684e+000
72291 +3.170466427e+000 +3.170466427e+000 +1.424004664e+002 +1.424004664e+002 -4.4229e+000 +2.6824e+000 +1.3012e+000 -2.9985e+000 -3.5594e+000 +5.2361e-001 -4.7833e+000 -1.6886e+000 -3.6728e+000 +2.9635e+000
566105 +2.401852541e+000 +2.401852541e+000 +1.416318525e+002 +1.416318525e+002 +5.8459e-001 -2.0597e+000 -6.6766e-001 +1.5807e+000 +3.4876e+000 +4.5514e-001 -2.3696e-001 +9.8827e-001 -3.3282e+000 -5.5493e-001
569411 +1.582730799e+000 +1.582730799e+000 +1.408127308e+002 +1.408127308e+002 +6.0001e-001 -2.0624e+000 -6.6616e-001 +1.5629e+000 +3.4932e+000 +4.8500e-001 -2.1987e-001 +1.0120e+000 -3.3304e+000 -5.6600e-001
686439 +9.831367299e-001 +9.831367299e-001 +1.402131367e+002 +1.402131367e+002 -4.1353e+000 -3.3026e+000 +2.9482e+000 +2.3291e+000 -7.8524e-001 -5.3890e+000 +2.7285e+000 -5.1587e+000 +3.1441e+000 +3.1781e-001
688134 +6.281408913e-001 +6.281408913e-001 +1.398581409e+002 +1.398581409e+002 -4.1570e+000 -3.3538e+000 +2.9604e+000 +2.3347e+000 -7.8054e-001 -5.3867e+000 +2.7308e+000 -5.2072e+000 +3.1720e+000 +3.1332e-001
% function evaluation | noise-free fitness - Fopt (-1.838000000000e+001) | best noise-free fitness - Fopt | measured fitness | best measured fitness | x1 | x2...
1 +8.565016090e+001 +8.565016090e+001 +6.727016090e+001 +6.727016090e+001 +2.1523e+000 +1.6182e+000 +2.2983e+000 -1.9305e+000 +1.2347e+000 -2.6719e+000 +7.5320e-001 +1.5287e+000 -2.9828e-001 -1.8249e+000
4 +3.107180370e+001 +3.107180370e+001 +1.269180370e+001 +1.269180370e+001 +4.2911e+000 +2.8565e-001 -1.5382e+000 +2.1942e-001 -5.1225e-001 +2.8014e+000 +1.2229e+000 -2.5670e+000 -3.9577e+000 +2.6806e-001
87 +2.272468910e+001 +2.272468910e+001 +4.344689103e+000 +4.344689103e+000 -3.5007e+000 +2.0024e+000 +4.7571e+000 +4.9902e+000 +1.0829e+000 -1.0949e+000 -1.9731e+000 -1.7102e+000 +1.4200e+000 -9.1970e-001
5410 +1.580096082e+001 +1.580096082e+001 -2.579039179e+000 -2.579039179e+000 +3.1834e+000 -5.7598e+000 +3.8945e+000 -2.0655e+000 -3.5037e+000 +3.0662e+000 +4.0020e+000 -4.2398e-002 +4.5546e+000 +3.7405e+000
55341 +8.588368296e+000 +8.588368296e+000 -9.791631704e+000 -9.791631704e+000 +1.7036e-002 +2.6892e+000 +5.7344e-001 -2.0720e+000 +5.9896e+000 -4.4261e+000 -3.4549e+000 +1.2200e-002 +2.5473e+000 -3.9694e+000
105115 +6.167677792e+000 +6.167677792e+000 -1.221232221e+001 -1.221232221e+001 +1.8122e+000 +4.0506e+000 -5.4075e-001 -3.3928e+000 +2.9771e+000 +5.0461e-001 -6.3116e+000 +2.1734e+000 +1.0265e+000 +4.1079e+000
106335 +3.827226775e+000 +3.827226775e+000 -1.455277322e+001 -1.455277322e+001 +1.6754e+000 +4.0034e+000 -4.6362e-001 -3.2439e+000 +2.8879e+000 +3.8282e-001 -6.3514e+000 +2.2688e+000 +1.1224e+000 +4.1013e+000
107913 +2.331123496e+000 +2.331123496e+000 -1.604887650e+001 -1.604887650e+001 +1.7083e+000 +3.9452e+000 -7.9144e-001 -3.2522e+000 +2.9556e+000 +4.4807e-001 -6.2735e+000 +2.4117e+000 +1.1158e+000 +4.1765e+000
382962 +1.362807153e+000 +1.362807153e+000 -1.701719285e+001 -1.701719285e+001 -9.0786e-001 +1.9262e+000 +2.6078e+000 +1.3544e+000 -1.1844e+000 +1.7916e+000 -2.0565e+000 -1.3663e+000 +3.8791e+000 +4.5526e+000
383344 +9.205636173e-001 +9.205636173e-001 -1.745943638e+001 -1.745943638e+001 -9.1009e-001 +1.9119e+000 +2.5919e+000 +1.3334e+000 -1.1770e+000 +1.8078e+000 -2.0503e+000 -1.3484e+000 +3.8785e+000 +4.5496e+000
1347562 +4.403135192e-001 +4.403135192e-001 -1.793968648e+001 -1.793968648e+001 -2.1614e+000 -3.0105e+000 +2.6818e-001 +1.3518e+000 -3.8980e+000 -3.3622e+000 -1.2716e+000 -1.0423e-001 +6.0756e-001 +9.4188e-001
1347637 +3.810864666e-001 +3.810864666e-001 -1.799891353e+001 -1.799891353e+001 -2.1583e+000 -3.0270e+000 +3.0144e-001 +1.3491e+000 -3.9071e+000 -3.3453e+000 -1.2577e+000 -1.0688e-001 +6.1502e-001 +9.1848e-001
1348603 +2.074292536e-001 +2.074292536e-001 -1.817257075e+001 -1.817257075e+001 -2.1923e+000 -3.0815e+000 +3.2758e-001 +1.4693e+000 -3.9104e+000 -3.3336e+000 -1.2373e+000 -2.2028e-002 +6.0415e-001 +9.2459e-001
1349187 +1.463038162e-001 +1.463038162e-001 -1.823369618e+001 -1.823369618e+001 -2.1931e+000 -3.1141e+000 +3.1827e-001 +1.4063e+000 -3.9175e+000 -3.3562e+000 -1.2502e+000 +3.2272e-003 +5.9059e-001 +9.2282e-001
1349332 +8.909422434e-002 +8.909422434e-002 -1.829090578e+001 -1.829090578e+001 -2.1970e+000 -3.1036e+000 +3.0388e-001 +1.3717e+000 -3.9204e+000 -3.3718e+000 -1.2556e+000 +2.8569e-002 +6.0120e-001 +9.2184e-001
% function evaluation | noise-free fitness - Fopt (-3.928400000000e+002) | best noise-free fitness - Fopt | measured fitness | best measured fitness | x1 | x2...
1 +9.833753984e+001 +9.833753984e+001 -2.945024602e+002 -2.945024602e+002 -1.7734e+000 -4.6395e-001 +1.3706e+000 +4.3244e+000 -1.4791e-001 +4.8612e+000 +4.2224e+000 -2.8335e+000 -4.5316e+000 -2.0357e+000
3 +4.696809242e+001 +4.696809242e+001 -3.458719076e+002 -3.458719076e+002 -2.5877e+000 +4.7331e+000 +4.8588e+000 +3.6337e+000 +2.0979e+000 -1.2933e+000 +4.7181e+000 +1.4687e+000 -6.4209e-001 -1.2046e+000
12 +3.950266976e+001 +3.950266976e+001 -3.533373302e+002 -3.533373302e+002 +1.0707e+000 +4.7502e+000 -3.7712e+000 +3.6837e+000 +4.2192e+000 +1.8029e+000 +4.0567e+000 -2.5460e+000 -3.6141e+000 +2.2158e+000
62 +2.013640234e+001 +2.013640234e+001 -3.727035977e+002 -3.727035977e+002 +3.4367e-001 +4.0498e+000 -1.6727e+000 -8.3072e-001 +6.0108e+000 -2.5796e+000 +5.1731e+000 -2.8836e+000 -2.6077e+000 -4.8133e-001
2762 +1.484237759e+001 +1.484237759e+001 -3.779976224e+002 -3.779976224e+002 +2.5854e+000 +1.8658e+000 -4.3371e+000 +6.7260e-001 +2.7072e+000 -4.4728e+000 +9.9122e-001 -3.7235e+000 -3.2460e+000 +2.9148e+000
60588 +8.776481213e+000 +8.776481213e+000 -3.840635188e+002 -3.840635188e+002 -1.2982e+000 -2.7693e+000 -2.2186e+000 +5.3886e+000 -1.7365e+000 +4.3153e+000 +1.3417e+000 +1.5340e+000 -2.4727e+000 +1.7915e+000
338561 +5.706142374e+000 +5.706142374e+000 -3.871338576e+002 -3.871338576e+002 +4.9670e+000 -6.1822e-001 -4.6896e+000 -1.5609e+000 +5.3673e+000 +3.1669e+000 +2.7160e+000 +6.5976e-001 +1.5251e-001 +1.7762e+000
346390 +3.923011660e+000 +3.923011660e+000 -3.889169883e+002 -3.889169883e+002 -8.7162e-001 +3.5152e-001 +1.2142e-002 +3.8513e-001 -5.8602e+000 -2.8250e+000 -4.2155e+000 -3.7618e+000 -1.8985e-001 +1.4318e+000
1892406 +1.461711718e+000 +1.461711718e+000 -3.913782883e+002 -3.913782883e+002 +3.9921e+000 -6.6778e-001 -6.2216e-001 +3.2495e+000 -2.8617e+000 -3.4661e+000 +8.3597e-001 -3.0595e+000 +1.3605e-001 +1.4923e+000
% function evaluation | noise-free fitness - Fopt (2.292200000000e+002) | best noise-free fitness - Fopt | measured fitness | best measured fitness | x1 | x2...
1 +1.084668143e+002 +1.084668143e+002 +3.376868143e+002 +3.376868143e+002 -4.4004e+000 -3.6018e+000 +3.1920e+000 +9.8638e-001 +1.3765e-001 +1.3894e+000 +4.7470e+000 -1.2458e+000 +2.2902e+000 +6.3677e-001
4 +6.366005526e+001 +6.366005526e+001 +2.928800553e+002 +2.928800553e+002 -2.2605e+000 -2.1294e+000 +1.7443e+000 -1.3126e+000 -1.5481e+000 +1.2825e+000 -3.5575e+000 -1.6523e+000 +6.3540e-002 +4.3963e+000
10 +5.446465786e+001 +5.446465786e+001 +2.836846579e+002 +2.836846579e+002 +1.7472e+000 +6.9461e-001 +7.6046e-001 -3.7978e+000 -2.5532e+000 -2.0983e+000 -3.5763e+000 +6.9845e-001 -2.8731e+000 -1.5226e+000
36 +3.146195143e+001 +3.146195143e+001 +2.606819514e+002 +2.606819514e+002 -3.7251e+000 -4.5992e+000 -4.6470e+000 +2.1101e+000 -6.4473e-001 -4.4205e-001 +5.6530e-001 +4.4784e+000 +4.6539e+000 -4.4593e+000
155 +2.065402699e+001 +2.065402699e+001 +2.498740270e+002 +2.498740270e+002 +9.2099e-001 -6.7611e+000 +2.9098e+000 +1.6718e+000 +8.9631e-001 +3.0747e+000 -1.4225e+000 -2.2987e+000 +1.1773e+000 +3.0291e+000
6807 +1.470489665e+001 +1.470489665e+001 +2.439248967e+002 +2.439248967e+002 +5.2557e+000 -2.3293e+000 +1.4317e+000 +1.5985e+000 +3.7230e+000 -3.3855e-001 -5.3857e-001 -4.7044e-002 -5.3866e-001 +2.5738e+000
39775 +9.762947946e+000 +9.762947946e+000 +2.389829479e+002 +2.389829479e+002 +2.2921e+000 -1.6142e+000 -2.9172e+000 +3.3495e+000 +4.0465e-001 +7.1284e-001 +3.7754e-001 -3.0432e+000 -3.0842e+000 +3.7223e+000
113118 +5.922204744e+000 +5.922204744e+000 +2.351422047e+002 +2.351422047e+002 -3.0223e+000 +4.9631e+000 +5.8070e+000 +3.8425e+000 -2.6455e+000 +3.3110e+000 -4.9597e-001 -3.5027e+000 -4.7530e+000 -5.1161e-001
295606 +3.374422274e+000 +3.374422274e+000 +2.325944223e+002 +2.325944223e+002 -1.0200e+000 -6.0673e+000 -3.4798e+000 +1.8664e-001 +2.3093e-001 -3.5597e+000 +9.8475e-001 +1.8099e+000 +1.1521e+000 +3.4209e+000
451399 +2.373787022e+000 +2.373787022e+000 +2.315937870e+002 +2.315937870e+002 -5.4427e-001 +2.9314e+000 -4.1382e+000 +3.6423e+000 +2.3475e-001 -2.3842e+000 -1.9570e+000 +2.5056e+000 +5.5834e-002 +2.0688e+000
451914 +1.385065061e+000 +1.385065061e+000 +2.306050651e+002 +2.306050651e+002 -5.3922e-001 +2.9451e+000 -4.1447e+000 +3.6315e+000 +2.4841e-001 -2.3418e+000 -1.9005e+000 +2.5463e+000 +1.2491e-001 +2.0134e+000
834451 +9.706804076e-001 +9.706804076e-001 +2.301906804e+002 +2.301906804e+002 -3.7343e-001 -6.7485e-001 +3.4180e+000 -2.9124e+000 +1.7135e+000 -2.6455e+000 +3.0257e+000 -3.9757e-001 -1.6009e+000 -8.3186e-001
834909 +6.051293965e-001 +6.051293965e-001 +2.298251294e+002 +2.298251294e+002 -3.9529e-001 -6.5435e-001 +3.4813e+000 -2.9578e+000 +1.7640e+000 -2.6877e+000 +2.9928e+000 -4.2238e-001 -1.6849e+000 -7.9793e-001
836688 +3.703657508e-001 +3.703657508e-001 +2.295903658e+002 +2.295903658e+002 -4.3556e-001 -6.4041e-001 +3.4114e+000 -2.9389e+000 +1.7160e+000 -2.6412e+000 +2.9729e+000 -4.3911e-001 -1.6610e+000 -8.1921e-001
841529 +2.510749416e-001 +2.510749416e-001 +2.294710749e+002 +2.294710749e+002 -4.4014e-001 -6.3634e-001 +3.4055e+000 -2.9507e+000 +1.7161e+000 -2.6404e+000 +2.9699e+000 -4.4057e-001 -1.6604e+000 -8.2910e-001
% function evaluation | noise-free fitness - Fopt (-2.444600000000e+002) | best noise-free fitness - Fopt | measured fitness | best measured fitness | x1 | x2...
1 +7.607651478e+001 +7.607651478e+001 -1.683834852e+002 -1.683834852e+002 +1.6060e+000 -2.8408e+000 -1.2223e+000 +4.0353e+000 -2.4729e+000 -3.2235e+000 -3.5452e+000 +2.2937e+000 +3.3642e+000 +4.2556e+000
5 +5.021336604e+001 +5.021336604e+001 -1.942466340e+002 -1.942466340e+002 +9.0915e-001 +3.5252e+000 +3.7289e+000 -4.4809e+000 +3.8334e+000 +9.5948e-001 -2.9191e+000 -4.7422e-001 +4.6693e+000 +3.6049e+000
25 +3.269546056e+001 +3.269546056e+001 -2.117645394e+002 -2.117645394e+002 +4.8254e-001 +1.8448e-001 -3.0190e+000 +3.8123e+000 -1.9418e+000 +9.5725e-002 +3.5565e+000 -1.1350e+000 +3.9979e+000 -4.1588e+000
194 +2.244239415e+001 +2.244239415e+001 -2.220176059e+002 -2.220176059e+002 -3.4473e+000 -2.0317e+000 +2.4904e+000 -1.0390e+000 -2.1921e+000 -4.1207e+000 +2.5127e+000 -2.8251e-001 -1.7277e+000 +5.5121e-001
1460 +1.512975278e+001 +1.512975278e+001 -2.293302472e+002 -2.293302472e+002 +4.2441e+000 -2.7019e-001 -6.1423e+000 -3.6014e+000 -2.8063e+000 -1.9091e+000 -2.7842e+000 -9.7928e-001 -1.8254e+000 -2.6411e+000
11905 +5.314010000e+000 +5.314010000e+000 -2.391459900e+002 -2.391459900e+002 -1.3936e+000 +1.5230e+000 -2.2448e-002 +1.0970e+000 -3.8079e-001 +4.9160e+000 +1.9232e-001 +3.4068e+000 -1.7504e+000 -1.2843e+000
652207 +3.712863473e+000 +3.712863473e+000 -2.407471365e+002 -2.407471365e+002 +2.7939e+000 +4.4937e+000 -2.3629e+000 -2.2174e+000 -2.3776e+000 -3.5617e+000 -3.2134e+000 +1.4495e-001 +2.4285e+000 -1.1630e+000
695003 +2.498965825e+000 +2.498965825e+000 -2.419610342e+002 -2.419610342e+002 +4.1864e+000 -3.8526e+000 -2.5081e+000 -1.2133e+000 -1.3245e+000 +2.7430e+000 -1.6636e+000 -2.8571e+000 +5.0514e-001 -3.7296e-001
1056319 +1.419771921e+000 +1.419771921e+000 -2.430402281e+002 -2.430402281e+002 +2.5061e+000 +4.7241e+000 +2.0437e+000 -2.9926e+000 -3.8008e+000 -3.7098e+000 -2.1693e+000 -4.4982e+000 +1.7864e-001 +9.9449e-001
1056528 +9.786572610e-001 +9.786572610e-001 -2.434813427e+002 -2.434813427e+002 +2.4629e+000 +4.7864e+000 +2.0660e+000 -2.9175e+000 -3.7902e+000 -3.7053e+000 -2.1872e+000 -4.4809e+000 +1.5296e-001 +1.0041e+000
