% function evaluation | noise-free fitness - Fopt (-4.620900000000e+002) | best noise-free fitness - Fopt | measured fitness | best measured fitness | x1 | x2...
1 +2.295878064e+002 +2.295878064e+002 -2.325021936e+002 -2.325021936e+002 +1.9280e+000 -1.2857e+000 -2.2549e+000 +3.2144e+000 +3.4955e+000
10 +1.382396837e+002 +1.382396837e+002 -3.238503163e+002 -3.238503163e+002 -4.1078e+000 +2.3991e+000 +4.7581e+000 +2.0041e+000 +6.0301e-001
25 +7.865749036e+001 +7.865749036e+001 -3.834325096e+002 -3.834325096e+002 -3.4672e+000 +2.4599e+000 +4.9272e-001 +5.6149e-001 +1.4415e+000
88 +5.872327842e+001 +5.872327842e+001 -4.033667216e+002 -4.033667216e+002 -3.8066e+000 +1.7390e+000 +2.3203e+000 +1.1475e-001 +2.6454e+000
253 +2.779491010e+001 +2.779491010e+001 -4.342950899e+002 -4.342950899e+002 -5.5258e-001 +3.1561e+000 +2.1704e+000 +2.4109e-001 +1.9699e+000
610 +2.508841303e+001 +2.508841303e+001 -4.370015870e+002 -4.370015870e+002 -4.0357e-001 +3.2220e+000 +1.0969e+000 +1.2207e+000 +1.6532e+000
1529 +1.537397154e+001 +1.537397154e+001 -4.467160285e+002 -4.467160285e+002 -3.2646e-001 +3.6258e+000 +2.2548e+000 -1.5932e-001 +1.9910e+000
4441 +8.932856937e+000 +8.932856937e+000 -4.531571431e+002 -4.531571431e+002 -3.2914e+000 +3.1288e+000 +2.1696e+000 +6.6398e-001 +1.9849e+000
5568 +5.778067945e+000 +5.778067945e+000 -4.563119321e+002 -4.563119321e+002 -1.2969e+000 +2.2595e+000 +1.6035e+000 +3.3864e-001 +2.3113e+000
6070 +3.865127114e+000 +3.865127114e+000 -4.582248729e+002 -4.582248729e+002 -1.3213e+000 +2.2661e+000 +1.6076e+000 +3.2673e-001 +2.2960e+000
6724 +2.415901707e+000 +2.415901707e+000 -4.596740983e+002 -4.596740983e+002 -2.3661e+000 +2.2965e+000 +1.6350e+000 +3.3226e-001 +2.2929e+000
118381 +1.138591011e+000 +1.138591011e+000 -4.609514090e+002 -4.609514090e+002 -2.3550e+000 +2.2984e+000 +2.2196e+000 +7.2912e-001 +2.6484e+000
806869 +4.224024925e-001 +4.224024925e-001 -4.616675975e+002 -4.616675975e+002 -2.3407e+000 +2.3174e+000 +2.1910e+000 +7.2619e-001 +2.2965e+000
806926 +2.510722359e-001 +2.510722359e-001 -4.618389278e+002 -4.618389278e+002 -2.3425e+000 +2.3144e+000 +2.2266e+000 +7.2403e-001 +2.2939e+000
806942 +5.620169172e-002 +5.620169172e-002 -4.620337983e+002 -4.620337983e+002 -2.3392e+000 +2.3114e+000 +2.2103e+000 +7.2794e-001 +2.2977e+000
807617 +2.943825693e-002 +2.943825693e-002 -4.620605617e+002 -4.620605617e+002 -2.3358e+000 +2.3057e+000 +2.2180e+000 +7.2848e-001 +2.3000e+000
808202 +2.169303743e-002 +2.169303743e-002 -4.620683070e+002 -4.620683070e+002 -2.3352e+000 +2.3065e+000 +2.2139e+000 +7.2960e-001 +2.2997e+000
808523 +5.705434621e-003 +5.705434621e-003 -4.620842946e+002 -4.620842946e+002 -2.3417e+000 +2.3009e+000 +2.2137e+000 +7.2575e-001 +2.2995e+000
808905 +2.425625587e-003 +2.425625587e-003 -4.620875744e+002 -4.620875744e+002 -2.3416e+000 +2.2982e+000 +2.2123e+000 +7.2783e-001 +2.2991e+000
808957 +1.252526054e-003 +1.252526054e-003 -4.620887475e+002 -4.620887475e+002 -2.3400e+000 +2.3017e+000 +2.2139e+000 +7.2838e-001 +2.2994e+000
808990 +9.754488630e-004 +9.754488630e-004 -4.620890246e+002 -4.620890246e+002 -2.3405e+000 +2.3006e+000 +2.2140e+000 +7.2762e-001 +2.2997e+000
809032 +4.738527144e-004 +4.738527144e-004 -4.620895261e+002 -4.620895261e+002 -2.3400e+000 +2.3004e+000 +2.2139e+000 +7.2838e-001 +2.2994e+000
809470 +2.359190556e-004 +2.359190556e-004 -4.620897641e+002 -4.620897641e+002 -2.3400e+000 +2.2996e+000 +2.2138e+000 +7.2790e-001 +2.2993e+000
809556 +1.386983889e-004 +1.386983889e-004 -4.620898613e+002 -4.620898613e+002 -2.3403e+000 +2.2997e+000 +2.2137e+000 +7.2815e-001 +2.2993e+000
809831 +7.548104946e-005 +7.548104946e-005 -4.620899245e+002 -4.620899245e+002 -2.3406e+000 +2.3004e+000 +2.2136e+000 +7.2805e-001 +2.2992e+000
809878 +5.502544889e-005 +5.502544889e-005 -4.620899450e+002 -4.620899450e+002 -2.3406e+000 +2.3001e+000 +2.2136e+000 +7.2816e-001 +2.2992e+000
809879 +3.219364584e-005 +3.219364584e-005 -4.620899678e+002 -4.620899678e+002 -2.3408e+000 +2.3001e+000 +2.2136e+000 +7.2784e-001 +2.2992e+000
810232 +1.427777869e-005 +1.427777869e-005 -4.620899857e+002 -4.620899857e+002 -2.3409e+000 +2.3001e+000 +2.2135e+000 +7.2801e-001 +2.2992e+000
810599 +6.154846346e-006 +6.154846346e-006 -4.620899938e+002 -4.620899938e+002 -2.3408e+000 +2.3000e+000 +2.2136e+000 +7.2793e-001 +2.2992e+000
810615 +3.615220351e-006 +3.615220351e-006 -4.620899964e+002 -4.620899964e+002 -2.3408e+000 +2.3000e+000 +2.2136e+000 +7.2805e-001 +2.2992e+000
810786 +2.144095788e-006 +2.144095788e-006 -4.620899979e+002 -4.620899979e+002 -2.3408e+000 +2.3000e+000 +2.2136e+000 +7.2801e-001 +2.2992e+000
811056 +1.577312162e-006 +1.577312162e-006 -4.620899984e+002 -4.620899984e+002 -2.3408e+000 +2.3000e+000 +2.2136e+000 +7.2799e-001 +2.2992e+000
811107 +5.027774250e-007 +5.027774250e-007 -4.620899995e+002 -4.620899995e+002 -2.3408e+000 +2.3000e+000 +2.2136e+000 +7.2801e-001 +2.2992e+000
811271 +2.683666480e-007 +2.683666480e-007 -4.620899997e+002 -4.620899997e+002 -2.3408e+000 +2.3000e+000 +2.2136e+000 +7.2799e-001 +2.2992e+000
811401 +1.712449489e-007 +1.712449489e-007 -4.620899998e+002 -4.620899998e+002 -2.3408e+000 +2.3000e+000 +2.2136e+000 +7.2801e-001 +2.2992e+000
811629 +1.447839963e-007 +1.447839963e-007 -4.620899999e+002 -4.620899999e+002 -2.3408e+000 +2.3000e+000 +2.2136e+000 +7.2800e-001 +2.2992e+000
811831 +1.512682957e-008 +1.512682957e-008 -4.620900000e+002 -4.620900000e+002 -2.3408e+000 +2.3000e+000 +2.2136e+000 +7.2800e-001 +2.2992e+000
812247 +2.946535460e-009 +2.946535460e-009 -4.620900000e+002 -4.620900000e+002 -2.3408e+000 +2.3000e+000 +2.2136e+000 +7.2800e-001 +2.2992e+000
% function evaluation | noise-free fitness - Fopt (7.766000000000e+001) | best noise-free fitness - Fopt | measured fitness | best measured fitness | x1 | x2...
1 +3.232486504e+002 +3.232486504e+002 +4.009086504e+002 +4.009086504e+002 +4.8746e+000 +4.3799e+000 -7.1509e-001 -2.9310e+000 -2.3045e+000
7 +1.007102746e+002 +1.007102746e+002 +1.783702746e+002 +1.783702746e+002 +2.0524e-001 -4.4241e+000 -1.2090e+000 +8.3430e-001 -2.6956e+000
67 +9.356997638e+001 +9.356997638e+001 +1.712299764e+002 +1.712299764e+002 +9.1808e-001 -4.2586e-001 +4.3926e-001 +2.3170e+000 -3.2632e+000
73 +6.288886465e+001 +6.288886465e+001 +1.405488647e+002 +1.405488647e+002 -2.7287e-001 -7.8157e-001 -2.1588e+000 +2.4337e+000 -1.6825e+000
403 +2.734375362e+001 +2.734375362e+001 +1.050037536e+002 +1.050037536e+002 -5.8342e-001 -1.0525e+000 -1.3018e+000 +4.2492e+000 -2.1229e+000
777 +1.695009393e+001 +1.695009393e+001 +9.461009393e+001 +9.461009393e+001 +2.4347e+000 -1.5153e+000 -1.8712e+000 +2.4609e+000 -1.8368e+000
1070 +1.368238361e+001 +1.368238361e+001 +9.134238361e+001 +9.134238361e+001 +2.5470e+000 -1.6803e+000 -1.2481e+000 +3.7950e+000 -3.0973e+000
8804 +5.914330380e+000 +5.914330380e+000 +8.357433038e+001 +8.357433038e+001 +1.3161e+000 -8.5368e-001 -1.8358e+000 +3.3496e+000 -2.4656e+000
39357 +3.950707391e+000 +3.950707391e+000 +8.161070739e+001 +8.161070739e+001 +2.4247e+000 -8.1390e-001 -1.2292e+000 +3.2912e+000 -2.1073e+000
39791 +2.132813594e+000 +2.132813594e+000 +7.979281359e+001 +7.979281359e+001 +2.4621e+000 -8.2828e-001 -1.2601e+000 +3.3178e+000 -2.0981e+000
61322 +1.329941779e+000 +1.329941779e+000 +7.898994178e+001 +7.898994178e+001 +2.3718e+000 -8.2169e-001 -1.2534e+000 +3.3484e+000 -2.4657e+000
61937 +4.164854986e-001 +4.164854986e-001 +7.807648550e+001 +7.807648550e+001 +2.4109e+000 -8.3131e-001 -1.2818e+000 +3.3296e+000 -2.4577e+000
62126 +3.511513156e-001 +3.511513156e-001 +7.801115132e+001 +7.801115132e+001 +2.3917e+000 -8.3308e-001 -1.2818e+000 +3.3296e+000 -2.4577e+000
62384 +2.074049343e-001 +2.074049343e-001 +7.786740493e+001 +7.786740493e+001 +2.3972e+000 -8.6407e-001 -1.2690e+000 +3.3125e+000 -2.4575e+000
136039 +9.403474362e-002 +9.403474362e-002 +7.775403474e+001 +7.775403474e+001 +2.3855e+000 -8.4669e-001 -1.2669e+000 +3.3259e+000 -2.4662e+000
136602 +4.655788739e-002 +4.655788739e-002 +7.770655789e+001 +7.770655789e+001 +2.4096e+000 -8.6360e-001 -1.2737e+000 +3.3217e+000 -2.4643e+000
136793 +3.709761034e-002 +3.709761034e-002 +7.769709761e+001 +7.769709761e+001 +2.3893e+000 -8.6360e-001 -1.2740e+000 +3.3243e+000 -2.4649e+000
136977 +1.934156632e-002 +1.934156632e-002 +7.767934157e+001 +7.767934157e+001 +2.3957e+000 -8.5200e-001 -1.2757e+000 +3.3243e+000 -2.4637e+000
136996 +1.409254702e-002 +1.409254702e-002 +7.767409255e+001 +7.767409255e+001 +2.4050e+000 -8.5716e-001 -1.2737e+000 +3.3213e+000 -2.4643e+000
137160 +2.008256020e-003 +2.008256020e-003 +7.766200826e+001 +7.766200826e+001 +2.3978e+000 -8.5774e-001 -1.2732e+000 +3.3233e+000 -2.4639e+000
137465 +1.259311325e-003 +1.259311325e-003 +7.766125931e+001 +7.766125931e+001 +2.3978e+000 -8.5694e-001 -1.2732e+000 +3.3233e+000 -2.4639e+000
137533 +9.377298732e-004 +9.377298732e-004 +7.766093773e+001 +7.766093773e+001 +2.3991e+000 -8.5660e-001 -1.2730e+000 +3.3233e+000 -2.4637e+000
137877 +6.058460574e-004 +6.058460574e-004 +7.766060585e+001 +7.766060585e+001 +2.3996e+000 -8.5604e-001 -1.2715e+000 +3.3229e+000 -2.4640e+000
137905 +3.764969063e-004 +3.764969063e-004 +7.766037650e+001 +7.766037650e+001 +2.3985e+000 -8.5638e-001 -1.2725e+000 +3.3233e+000 -2.4642e+000
138106 +1.397951880e-004 +1.397951880e-004 +7.766013980e+001 +7.766013980e+001 +2.3989e+000 -8.5596e-001 -1.2723e+000 +3.3234e+000 -2.4640e+000
138132 +8.401506027e-005 +8.401506027e-005 +7.766008402e+001 +7.766008402e+001 +2.3982e+000 -8.5573e-001 -1.2722e+000 +3.3231e+000 -2.4641e+000
138420 +2.834558680e-005 +2.834558680e-005 +7.766002835e+001 +7.766002835e+001 +2.3983e+000 -8.5590e-001 -1.2721e+000 +3.3231e+000 -2.4641e+000
138704 +1.245215762e-005 +1.245215762e-005 +7.766001245e+001 +7.766001245e+001 +2.3983e+000 -8.5600e-001 -1.2720e+000 +3.3232e+000 -2.4641e+000
138782 +7.444559174e-006 +7.444559174e-006 +7.766000744e+001 +7.766000744e+001 +2.3983e+000 -8.5606e-001 -1.2720e+000 +3.3232e+000 -2.4640e+000
138911 +4.184049686e-006 +4.184049686e-006 +7.766000418e+001 +7.766000418e+001 +2.3983e+000 -8.5607e-001 -1.2720e+000 +3.3232e+000 -2.4640e+000
139088 +1.740047864e-006 +1.740047864e-006 +7.766000174e+001 +7.766000174e+001 +2.3983e+000 -8.5597e-001 -1.2720e+000 +3.3232e+000 -2.4640e+000
139237 +1.502039311e-006 +1.502039311e-006 +7.766000150e+001 +7.766000150e+001 +2.3983e+000 -8.5602e-001 -1.2720e+000 +3.3232e+000 -2.4640e+000
139538 +9.631622362e-007 +9.631622362e-007 +7.766000096e+001 +7.766000096e+001 +2.3984e+000 -8.5596e-001 -1.2720e+000 +3.3232e+000 -2.4640e+000
139551 +4.569987198e-007 +4.569987198e-007 +7.766000046e+001 +7.766000046e+001 +2.3984e+000 -8.5602e-001 -1.2720e+000 +3.3232e+000 -2.4640e+000
139624 +3.125068559e-007 +3.125068559e-007 +7.766000031e+001 +7.766000031e+001 +2.3984e+000 -8.5598e-001 -1.2720e+000 +3.3232e+000 -2.4640e+000
139765 +8.783675298e-008 +8.783675298e-008 +7.766000009e+001 +7.766000009e+001 +2.3984e+000 -8.5599e-001 -1.2720e+000 +3.3232e+000 -2.4640e+000
139845 +3.140557681e-008 +3.140557681e-008 +7.766000003e+001 +7.766000003e+001 +2.3984e+000 -8.5600e-001 -1.2720e+000 +3.3232e+000 -2.4640e+000
% function evaluation | noise-free fitness - Fopt (1.156800000000e+002) | best noise-free fitness - Fopt | measured fitness | best measured fitness | x1 | x2...
1 +1.757436399e+003 +1.757436399e+003 +1.873116399e+003 +1.873116399e+003 -2.1550e+000 -7.8020e-001 +4.6192e+000 -8.7742e-001 +1.9340e+000
4 +5.920041259e+002 +5.920041259e+002 +7.076841259e+002 +7.076841259e+002 +9.4524e-001 -1.0847e+000 +3.0400e+000 -8.5092e-001 +2.9252e-001
5 +1.253697337e+002 +1.253697337e+002 +2.410497337e+002 +2.410497337e+002 +2.8362e+000 -4.8260e+000 +2.3563e+000 +3.8448e+000 -2.5049e+000
48 +7.906342189e+001 +7.906342189e+001 +1.947434219e+002 +1.947434219e+002 -2.2530e+000 -3.0368e-001 -2.4442e+000 +1.6764e+000 -2.6281e+000
156 +6.083121456e+001 +6.083121456e+001 +1.765112146e+002 +1.765112146e+002 -5.3503e-001 -1.5549e-001 -1.3277e+000 +3.0308e+000 -5.0519e+000
207 +2.977115483e+001 +2.977115483e+001 +1.454511548e+002 +1.454511548e+002 +7.7582e-001 -8.5381e-001 +8.1010e-001 +3.0552e+000 -4.3665e+000
931 +2.489955362e+001 +2.489955362e+001 +1.405795536e+002 +1.405795536e+002 -1.4532e+000 -1.0245e+000 -3.5423e-001 +3.5800e+000 -4.2335e+000
1298 +1.526158620e+001 +1.526158620e+001 +1.309415862e+002 +1.309415862e+002 -1.2525e+000 -1.8769e+000 +2.0598e-001 +3.5090e+000 -3.9186e+000
1738 +7.202993516e+000 +7.202993516e+000 +1.228829935e+002 +1.228829935e+002 -2.2018e+000 -1.7012e+000 -3.5320e-001 +3.5449e+000 -3.9204e+000
12195 +6.085271267e+000 +6.085271267e+000 +1.217652713e+002 +1.217652713e+002 -1.2036e+000 -2.5843e-001 +2.1669e-001 +2.6600e+000 -3.2434e+000
16188 +2.829492656e+000 +2.829492656e+000 +1.185094927e+002 +1.185094927e+002 -2.2096e+000 -1.8863e-001 +2.4469e-001 +2.6951e+000 -3.5931e+000
171986 +2.452103994e+000 +2.452103994e+000 +1.181321040e+002 +1.181321040e+002 -2.1716e+000 -9.6111e-001 -3.3507e-001 +3.1150e+000 -3.6200e+000
260399 +1.579855510e+000 +1.579855510e+000 +1.172598555e+002 +1.172598555e+002 -2.1858e+000 -1.6175e-001 +2.6658e-001 +3.0790e+000 -3.5942e+000
261414 +6.976354505e-001 +6.976354505e-001 +1.163776355e+002 +1.163776355e+002 -2.1690e+000 -1.0132e+000 +2.5698e-001 +3.0978e+000 -3.5944e+000
261558 +5.839358626e-001 +5.839358626e-001 +1.162639359e+002 +1.162639359e+002 -2.1620e+000 -9.4915e-001 +2.5423e-001 +3.0995e+000 -3.5996e+000
261582 +2.371257431e-001 +2.371257431e-001 +1.159171257e+002 +1.159171257e+002 -2.1809e+000 -9.8014e-001 +2.4126e-001 +3.1001e+000 -3.5971e+000
261924 +1.184699885e-001 +1.184699885e-001 +1.157984700e+002 +1.157984700e+002 -2.1801e+000 -9.9761e-001 +2.4724e-001 +3.0870e+000 -3.6086e+000
262027 +8.278539016e-002 +8.278539016e-002 +1.157627854e+002 +1.157627854e+002 -2.1799e+000 -9.9698e-001 +2.4080e-001 +3.0880e+000 -3.6053e+000
262182 +2.697946731e-002 +2.697946731e-002 +1.157069795e+002 +1.157069795e+002 -2.1725e+000 -9.8732e-001 +2.4377e-001 +3.0916e+000 -3.6030e+000
262454 +4.963756678e-003 +4.963756678e-003 +1.156849638e+002 +1.156849638e+002 -2.1801e+000 -9.8330e-001 +2.4681e-001 +3.0881e+000 -3.6040e+000
721706 +3.304648253e-003 +3.304648253e-003 +1.156833046e+002 +1.156833046e+002 -2.1790e+000 -9.8226e-001 +2.4525e-001 +3.0903e+000 -3.6041e+000
721925 +2.253878804e-003 +2.253878804e-003 +1.156822539e+002 +1.156822539e+002 -2.1765e+000 -9.8290e-001 +2.4390e-001 +3.0886e+000 -3.6040e+000
722062 +1.102298299e-003 +1.102298299e-003 +1.156811023e+002 +1.156811023e+002 -2.1784e+000 -9.8193e-001 +2.4435e-001 +3.0889e+000 -3.6043e+000
722066 +9.732350312e-004 +9.732350312e-004 +1.156809732e+002 +1.156809732e+002 -2.1790e+000 -9.8400e-001 +2.4414e-001 +3.0886e+000 -3.6044e+000
722384 +6.057355955e-004 +6.057355955e-004 +1.156806057e+002 +1.156806057e+002 -2.1784e+000 -9.8390e-001 +2.4481e-001 +3.0882e+000 -3.6049e+000
722484 +3.965865612e-004 +3.965865612e-004 +1.156803966e+002 +1.156803966e+002 -2.1791e+000 -9.8255e-001 +2.4440e-001 +3.0890e+000 -3.6048e+000
722897 +2.131810106e-004 +2.131810106e-004 +1.156802132e+002 +1.156802132e+002 -2.1787e+000 -9.8308e-001 +2.4448e-001 +3.0889e+000 -3.6051e+000
723062 +2.005741685e-005 +2.005741685e-005 +1.156800201e+002 +1.156800201e+002 -2.1784e+000 -9.8312e-001 +2.4466e-001 +3.0888e+000 -3.6048e+000
723694 +1.576988538e-005 +1.576988538e-005 +1.156800158e+002 +1.156800158e+002 -2.1782e+000 -9.8307e-001 +2.4486e-001 +3.0888e+000 -3.6048e+000
723733 +7.732311630e-006 +7.732311630e-006 +1.156800077e+002 +1.156800077e+002 -2.1783e+000 -9.8309e-001 +2.4477e-001 +3.0888e+000 -3.6048e+000
723919 +3.825325280e-006 +3.825325280e-006 +1.156800038e+002 +1.156800038e+002 -2.1783e+000 -9.8312e-001 +2.4477e-001 +3.0888e+000 -3.6048e+000
723976 +6.830709935e-007 +6.830709935e-007 +1.156800007e+002 +1.156800007e+002 -2.1784e+000 -9.8319e-001 +2.4477e-001 +3.0888e+000 -3.6048e+000
723997 +5.529946634e-007 +5.529946634e-007 +1.156800006e+002 +1.156800006e+002 -2.1784e+000 -9.8318e-001 +2.4479e-001 +3.0888e+000 -3.6048e+000
724433 +3.922448997e-007 +3.922448997e-007 +1.156800004e+002 +1.156800004e+002 -2.1784e+000 -9.8319e-001 +2.4480e-001 +3.0888e+000 -3.6048e+000
724721 +2.110749477e-007 +2.110749477e-007 +1.156800002e+002 +1.156800002e+002 -2.1784e+000 -9.8322e-001 +2.4479e-001 +3.0888e+000 -3.6048e+000
724800 +7.886713149e-008 +7.886713149e-008 +1.156800001e+002 +1.156800001e+002 -2.1784e+000 -9.8321e-001 +2.4479e-001 +3.0888e+000 -3.6048e+000
725112 +4.764184780e-008 +4.764184780e-008 +1.156800000e+002 +1.156800000e+002 -2.1784e+000 -9.8321e-001 +2.4480e-001 +3.0888e+000 -3.6048e+000
725217 +1.640806602e-008 +1.640806602e-008 +1.156800000e+002 +1.156800000e+002 -2.1784e+000 -9.8320e-001 +2.4480e-001 +3.0888e+000 -3.6048e+000
725373 +6.629832683e-009 +6.629832683e-009 +1.156800000e+002 +1.156800000e+002 -2.1784e+000 -9.8320e-001 +2.4480e-001 +3.0888e+000 -3.6048e+000
% function evaluation | noise-free fitness - Fopt (-3.710000000000e+000) | best noise-free fitness - Fopt | measured fitness | best measured fitness | x1 | x2...
1 +2.177598882e+002 +2.177598882e+002 +2.140498882e+002 +2.140498882e+002 +2.1684e+000 +1.1137e+000 -4.5907e+000 +4.5671e+000 +1.4180e+000
3 +8.356017072e+001 +8.356017072e+001 +7.985017072e+001 +7.985017072e+001 +2.6069e+000 +5.1130e-001 +9.4648e-001 +2.8159e+000 +3.5679e+000
62 +3.885172338e+001 +3.885172338e+001 +3.514172338e+001 +3.514172338e+001 +2.9711e+000 -3.7598e+000 +2.3617e+000 +4.1445e+000 +3.7781e+000
499 +2.250172984e+001 +2.250172984e+001 +1.879172984e+001 +1.879172984e+001 +2.8589e+000 -3.0393e+000 +1.2261e+000 +4.3951e+000 +3.7400e+000
893 +1.482921821e+001 +1.482921821e+001 +1.111921821e+001 +1.111921821e+001 +1.2703e+000 -1.5222e+000 +1.1263e+000 +3.9133e+000 +3.2265e+000
1427 +9.290905909e+000 +9.290905909e+000 +5.580905909e+000 +5.580905909e+000 +3.0069e+000 -2.2169e+000 +1.1563e+000 +3.4638e+000 +2.8566e+000
11355 +5.764908831e+000 +5.764908831e+000 +2.054908831e+000 +2.054908831e+000 +2.1678e+000 -1.4681e+000 +1.8418e+000 +3.9008e+000 +3.5211e+000
66210 +3.155029926e+000 +3.155029926e+000 -5.549700743e-001 -5.549700743e-001 +3.1798e+000 -2.2515e+000 +1.1474e+000 +3.9085e+000 +3.1408e+000
269947 +2.020603108e+000 +2.020603108e+000 -1.689396892e+000 -1.689396892e+000 +3.0376e+000 -2.2952e+000 +1.8127e+000 +3.9121e+000 +3.1383e+000
560356 +1.579221039e+000 +1.579221039e+000 -2.130778961e+000 -2.130778961e+000 +3.0766e+000 -1.4706e+000 +1.7749e+000 +3.9210e+000 +3.1547e+000
560630 +3.165747717e-001 +3.165747717e-001 -3.393425228e+000 -3.393425228e+000 +3.1018e+000 -2.2715e+000 +1.7789e+000 +3.9149e+000 +3.1518e+000
774481 +2.218412679e-001 +2.218412679e-001 -3.488158732e+000 -3.488158732e+000 +3.1027e+000 -2.2867e+000 +1.7919e+000 +3.9062e+000 +3.1473e+000
774821 +1.573654756e-001 +1.573654756e-001 -3.552634524e+000 -3.552634524e+000 +3.1027e+000 -2.2986e+000 +1.7919e+000 +3.9104e+000 +3.1580e+000
774958 +9.737339788e-002 +9.737339788e-002 -3.612626602e+000 -3.612626602e+000 +3.1262e+000 -2.2877e+000 +1.7729e+000 +3.9139e+000 +3.1527e+000
775204 +2.243227247e-002 +2.243227247e-002 -3.687567728e+000 -3.687567728e+000 +3.1235e+000 -2.2934e+000 +1.7789e+000 +3.9087e+000 +3.1519e+000
775475 +6.551698790e-003 +6.551698790e-003 -3.703448301e+000 -3.703448301e+000 +3.1169e+000 -2.2940e+000 +1.7837e+000 +3.9091e+000 +3.1538e+000
% function evaluation | noise-free fitness - Fopt (1.321800000000e+002) | best noise-free fitness - Fopt | measured fitness | best measured fitness | x1 | x2...
1 +1.875758184e+003 +1.875758184e+003 +2.007938184e+003 +2.007938184e+003 +4.5449e+000 +1.0761e-001 +6.9986e-001 +3.5748e+000 +2.7246e+000
3 +3.632131213e+002 +3.632131213e+002 +4.953931213e+002 +4.953931213e+002 +3.8130e+000 -4.7086e+000 -3.8898e+000 -5.2581e-001 -9.2371e-001
6 +1.394946291e+002 +1.394946291e+002 +2.716746291e+002 +2.716746291e+002 -3.5725e-001 -1.1305e+000 +3.6745e+000 -3.6208e-001 -7.6946e-001
49 +9.824364335e+001 +9.824364335e+001 +2.304236433e+002 +2.304236433e+002 -4.8500e-001 +1.3007e+000 +4.8399e+000 -3.5793e+000 -9.1479e-001
233 +6.161227046e+001 +6.161227046e+001 +1.937922705e+002 +1.937922705e+002 -3.8538e+000 +1.5936e+000 +4.3040e+000 -2.3651e+000 -4.3564e+000
324 +3.956651389e+001 +3.956651389e+001 +1.717465139e+002 +1.717465139e+002 -5.8869e+000 +6.3200e-001 +3.5837e+000 -3.0521e+000 -2.5204e+000
717 +2.464294032e+001 +2.464294032e+001 +1.568229403e+002 +1.568229403e+002 -4.8302e+000 +1.7069e+000 +2.8230e+000 -2.3656e+000 -2.2044e+000
1253 +1.031360040e+001 +1.031360040e+001 +1.424936004e+002 +1.424936004e+002 -3.8924e+000 +2.3460e+000 +3.4373e+000 -2.8549e+000 -2.1138e+000
1479 +8.560308032e+000 +8.560308032e+000 +1.407403080e+002 +1.407403080e+002 -4.7308e+000 +2.3377e+000 +2.9390e+000 -2.3704e+000 -2.0831e+000
1527 +6.173713934e+000 +6.173713934e+000 +1.383537139e+002 +1.383537139e+002 -3.8573e+000 +2.3268e+000 +2.8230e+000 -1.9622e+000 -2.4525e+000
121554 +2.990221454e+000 +2.990221454e+000 +1.351702215e+002 +1.351702215e+002 -3.8227e+000 +1.5062e+000 +3.4407e+000 -1.4953e+000 -2.4692e+000
128692 +2.411644406e+000 +2.411644406e+000 +1.345916444e+002 +1.345916444e+002 -3.7696e+000 +1.5226e+000 +3.4646e+000 -2.3685e+000 -2.5137e+000
129062 +9.530377685e-001 +9.530377685e-001 +1.331330378e+002 +1.331330378e+002 -3.7532e+000 +1.4775e+000 +3.5015e+000 -1.9770e+000 -2.4924e+000
129376 +3.534057010e-001 +3.534057010e-001 +1.325334057e+002 +1.325334057e+002 -3.7302e+000 +1.4787e+000 +3.4579e+000 -1.9637e+000 -2.4830e+000
893009 +2.126148181e-001 +2.126148181e-001 +1.323926148e+002 +1.323926148e+002 -3.7692e+000 +1.4982e+000 +3.4484e+000 -1.9668e+000 -2.4892e+000
893079 +7.794025464e-002 +7.794025464e-002 +1.322579403e+002 +1.322579403e+002 -3.7573e+000 +1.4768e+000 +3.4600e+000 -1.9582e+000 -2.4910e+000
893541 +4.491308614e-002 +4.491308614e-002 +1.322249131e+002 +1.322249131e+002 -3.7518e+000 +1.4783e+000 +3.4640e+000 -1.9636e+000 -2.4920e+000
893630 +2.341870020e-002 +2.341870020e-002 +1.322034187e+002 +1.322034187e+002 -3.7536e+000 +1.4825e+000 +3.4619e+000 -1.9649e+000 -2.4911e+000
893724 +1.235425379e-002 +1.235425379e-002 +1.321923543e+002 +1.321923543e+002 -3.7593e+000 +1.4791e+000 +3.4624e+000 -1.9651e+000 -2.4932e+000
893886 +8.992076445e-003 +8.992076445e-003 +1.321889921e+002 +1.321889921e+002 -3.7610e+000 +1.4831e+000 +3.4622e+000 -1.9679e+000 -2.4930e+000
% function evaluation | noise-free fitness - Fopt (-4.174000000000e+001) | best noise-free fitness - Fopt | measured fitness | best measured fitness | x1 | x2...
1 +1.037807289e+002 +1.037807289e+002 +6.204072889e+001 +6.204072889e+001 +4.5309e+000 -1.8450e+000 +4.8961e-001 +2.7038e+000 -6.9821e-001
23 +8.978688752e+001 +8.978688752e+001 +4.804688752e+001 +4.804688752e+001 +1.3225e+000 +1.4523e-001 +1.1164e+000 +3.9088e+000 +1.6389e+000
98 +6.273380800e+001 +6.273380800e+001 +2.099380800e+001 +2.099380800e+001 +3.3689e+000 +6.6353e-003 -9.2453e-001 +3.2511e+000 +2.4278e+000
342 +3.098476526e+001 +3.098476526e+001 -1.075523474e+001 -1.075523474e+001 +2.0588e+000 -4.3094e-001 +1.6510e+000 +4.2196e+000 +1.5158e+000
377 +2.442109193e+001 +2.442109193e+001 -1.731890807e+001 -1.731890807e+001 +3.1614e+000 -4.1700e+000 +1.5547e+000 +2.8324e+000 +1.8459e+000
1245 +1.064392719e+001 +1.064392719e+001 -3.109607281e+001 -3.109607281e+001 +4.2386e+000 -1.8350e+000 -8.2011e-002 +3.7034e+000 +1.4559e+000
3133 +9.241282033e+000 +9.241282033e+000 -3.249871797e+001 -3.249871797e+001 +3.0428e+000 -9.8493e-001 -1.7517e-001 +4.1379e+000 +1.7927e+000
4559 +4.092872161e+000 +4.092872161e+000 -3.764712784e+001 -3.764712784e+001 +3.0496e+000 -1.8119e+000 -6.9562e-001 +3.6991e+000 +1.5027e+000
8041 +2.074281944e+000 +2.074281944e+000 -3.966571806e+001 -3.966571806e+001 +3.1379e+000 -1.8323e+000 -7.3424e-001 +3.7141e+000 +1.8255e+000
158022 +1.567612345e+000 +1.567612345e+000 -4.017238765e+001 -4.017238765e+001 +3.1594e+000 -1.8306e+000 -7.0386e-001 +3.7181e+000 +1.4797e+000
159113 +9.982747577e-001 +9.982747577e-001 -4.074172524e+001 -4.074172524e+001 +3.1307e+000 -1.8315e+000 -7.3456e-001 +3.7095e+000 +1.4737e+000
489770 +5.130864221e-001 +5.130864221e-001 -4.122691358e+001 -4.122691358e+001 +3.1633e+000 -1.8230e+000 -1.2323e-001 +3.7145e+000 +1.4825e+000
489945 +3.302648009e-001 +3.302648009e-001 -4.140973520e+001 -4.140973520e+001 +3.1293e+000 -1.8230e+000 -1.2323e-001 +3.7145e+000 +1.4825e+000
489947 +2.143788139e-001 +2.143788139e-001 -4.152562119e+001 -4.152562119e+001 +3.1116e+000 -1.8335e+000 -1.3859e-001 +3.7185e+000 +1.4693e+000
% function evaluation | noise-free fitness - Fopt (-4.948600000000e+002) | best noise-free fitness - Fopt | measured fitness | best measured fitness | x1 | x2...
1 +1.270563532e+003 +1.270563532e+003 +7.757035319e+002 +7.757035319e+002 -6.7890e-001 +1.2409e+000 -1.6727e+000 +3.5906e-001 +2.0797e+000
4 +1.746023980e+002 +1.746023980e+002 -3.202576020e+002 -3.202576020e+002 +1.3122e+000 -6.3423e-001 -5.2654e-001 +1.8067e+000 -4.6070e+000
6 +1.056205705e+002 +1.056205705e+002 -3.892394295e+002 -3.892394295e+002 -1.4025e+000 -4.1167e+000 +4.9984e+000 +9.5835e-001 -3.8736e+000
26 +4.557785614e+001 +4.557785614e+001 -4.492821439e+002 -4.492821439e+002 -8.7883e-001 +5.4693e-001 +2.9610e+000 -1.0222e-001 -3.0684e+000
307 +3.019826948e+001 +3.019826948e+001 -4.646617305e+002 -4.646617305e+002 -1.7155e+000 +1.2915e-001 +3.3462e+000 +2.4185e-001 -3.8174e+000
622 +2.183300234e+001 +2.183300234e+001 -4.730269977e+002 -4.730269977e+002 -3.6680e+000 -1.9257e-001 +3.3064e+000 +1.1538e+000 -3.7338e+000
3117 +1.379324301e+001 +1.379324301e+001 -4.810667570e+002 -4.810667570e+002 -4.9278e+000 -1.8921e+000 +3.8296e+000 -2.3758e-001 -3.0259e+000
3620 +9.857966289e+000 +9.857966289e+000 -4.850020337e+002 -4.850020337e+002 -4.6553e+000 -3.0222e-001 +3.2229e+000 -2.0995e-001 -3.0130e+000
7770 +4.874328294e+000 +4.874328294e+000 -4.899856717e+002 -4.899856717e+002 -2.8059e+000 -1.2020e+000 +3.2770e+000 +2.2103e-001 -2.6696e+000
81378 +3.620626942e+000 +3.620626942e+000 -4.912393731e+002 -4.912393731e+002 -2.8452e+000 -1.1294e+000 +3.2166e+000 +2.4336e-001 -2.7149e+000
126296 +2.380974686e+000 +2.380974686e+000 -4.924790253e+002 -4.924790253e+002 -2.7851e+000 -1.1295e+000 +4.3658e+000 +2.1029e-001 -2.6807e+000
364929 +1.327695656e+000 +1.327695656e+000 -4.935323043e+002 -4.935323043e+002 -2.7928e+000 -1.1330e+000 +3.8098e+000 +2.1894e-001 -2.6988e+000
380974 +9.483505995e-001 +9.483505995e-001 -4.939116494e+002 -4.939116494e+002 -2.8105e+000 -1.1607e+000 +3.8298e+000 +2.2659e-001 -3.0417e+000
381905 +5.332274909e-001 +5.332274909e-001 -4.943267725e+002 -4.943267725e+002 -2.8018e+000 -1.1424e+000 +3.8309e+000 +2.2629e-001 -3.0367e+000
382159 +3.552194272e-001 +3.552194272e-001 -4.945047806e+002 -4.945047806e+002 -2.7973e+000 -1.1330e+000 +3.8166e+000 +2.2122e-001 -3.0379e+000
382452 +2.265881396e-001 +2.265881396e-001 -4.946334119e+002 -4.946334119e+002 -2.7867e+000 -1.1254e+000 +3.8183e+000 +2.2167e-001 -3.0385e+000
382911 +1.496822523e-001 +1.496822523e-001 -4.947103177e+002 -4.947103177e+002 -2.7667e+000 -1.1171e+000 +3.8258e+000 +2.2219e-001 -3.0405e+000
383087 +9.356529232e-002 +9.356529232e-002 -4.947664347e+002 -4.947664347e+002 -2.7748e+000 -1.1199e+000 +3.8274e+000 +2.2216e-001 -3.0422e+000
383194 +5.753764343e-002 +5.753764343e-002 -4.948024624e+002 -4.948024624e+002 -2.7801e+000 -1.1251e+000 +3.8278e+000 +2.2333e-001 -3.0444e+000
383434 +3.747548097e-002 +3.747548097e-002 -4.948225245e+002 -4.948225245e+002 -2.7746e+000 -1.1299e+000 +3.8281e+000 +2.2475e-001 -3.0468e+000
383516 +2.279757898e-002 +2.279757898e-002 -4.948372024e+002 -4.948372024e+002 -2.7715e+000 -1.1270e+000 +3.8269e+000 +2.2541e-001 -3.0473e+000
383599 +1.539792136e-002 +1.539792136e-002 -4.948446021e+002 -4.948446021e+002 -2.7695e+000 -1.1250e+000 +3.8261e+000 +2.2583e-001 -3.0477e+000
383884 +9.083203858e-003 +9.083203858e-003 -4.948509168e+002 -4.948509168e+002 -2.7684e+000 -1.1208e+000 +3.8217e+000 +2.2667e-001 -3.0484e+000
383905 +6.104831047e-003 +6.104831047e-003 -4.948538952e+002 -4.948538952e+002 -2.7705e+000 -1.1227e+000 +3.8212e+000 +2.2739e-001 -3.0474e+000
384251 +3.642857139e-003 +3.642857139e-003 -4.948563571e+002 -4.948563571e+002 -2.7754e+000 -1.1223e+000 +3.8229e+000 +2.2601e-001 -3.0492e+000
384269 +1.763370660e-003 +1.763370660e-003 -4.948582366e+002 -4.948582366e+002 -2.7722e+000 -1.1220e+000 +3.8225e+000 +2.2665e-001 -3.0479e+000
384303 +1.053479677e-003 +1.053479677e-003 -4.948589465e+002 -4.948589465e+002 -2.7732e+000 -1.1243e+000 +3.8219e+000 +2.2631e-001 -3.0477e+000
384355 +9.810194363e-004 +9.810194363e-004 -4.948590190e+002 -4.948590190e+002 -2.7752e+000 -1.1226e+000 +3.8224e+000 +2.2578e-001 -3.0476e+000
384441 +3.456470947e-004 +3.456470947e-004 -4.948596544e+002 -4.948596544e+002 -2.7745e+000 -1.1224e+000 +3.8221e+000 +2.2611e-001 -3.0479e+000
384779 +2.443069589e-004 +2.443069589e-004 -4.948597557e+002 -4.948597557e+002 -2.7744e+000 -1.1240e+000 +3.8225e+000 +2.2644e-001 -3.0479e+000
384781 +1.032289131e-004 +1.032289131e-004 -4.948598968e+002 -4.948598968e+002 -2.7747e+000 -1.1229e+000 +3.8222e+000 +2.2629e-001 -3.0479e+000
384939 +5.376744053e-005 +5.376744053e-005 -4.948599462e+002 -4.948599462e+002 -2.7746e+000 -1.1232e+000 +3.8222e+000 +2.2644e-001 -3.0479e+000
385105 +3.949681894e-005 +3.949681894e-005 -4.948599605e+002 -4.948599605e+002 -2.7747e+000 -1.1233e+000 +3.8224e+000 +2.2637e-001 -3.0479e+000
385423 +2.014099340e-005 +2.014099340e-005 -4.948599799e+002 -4.948599799e+002 -2.7746e+000 -1.1233e+000 +3.8224e+000 +2.2636e-001 -3.0479e+000
385512 +1.283336979e-005 +1.283336979e-005 -4.948599872e+002 -4.948599872e+002 -2.7746e+000 -1.1233e+000 +3.8225e+000 +2.2644e-001 -3.0480e+000
385648 +4.238679082e-006 +4.238679082e-006 -4.948599958e+002 -4.948599958e+002 -2.7745e+000 -1.1232e+000 +3.8224e+000 +2.2644e-001 -3.0480e+000
385962 +3.799002741e-006 +3.799002741e-006 -4.948599962e+002 -4.948599962e+002 -2.7745e+000 -1.1232e+000 +3.8224e+000 +2.2644e-001 -3.0480e+000
386067 +1.286589850e-006 +1.286589850e-006 -4.948599987e+002 -4.948599987e+002 -2.7744e+000 -1.1232e+000 +3.8224e+000 +2.2642e-001 -3.0480e+000
386199 +2.994818828e-007 +2.994818828e-007 -4.948599997e+002 -4.948599997e+002 -2.7744e+000 -1.1232e+000 +3.8224e+000 +2.2641e-001 -3.0480e+000
386270 +2.271969493e-007 +2.271969493e-007 -4.948599998e+002 -4.948599998e+002 -2.7744e+000 -1.1232e+000 +3.8224e+000 +2.2640e-001 -3.0480e+000
386732 +1.273444923e-007 +1.273444923e-007 -4.948599999e+002 -4.948599999e+002 -2.7744e+000 -1.1232e+000 +3.8224e+000 +2.2641e-001 -3.0480e+000
386842 +6.121183560e-008 +6.121183560e-008 -4.948599999e+002 -4.948599999e+002 -2.7744e+000 -1.1232e+000 +3.8224e+000 +2.2640e-001 -3.0480e+000
387044 +2.487109896e-008 +2.487109896e-008 -4.948600000e+002 -4.948600000e+002 -2.7744e+000 -1.1232e+000 +3.8224e+000 +2.2640e-001 -3.0480e+000
387063 +1.489513579e-008 +1.489513579e-008 -4.948600000e+002 -4.948600000e+002 -2.7744e+000 -1.1232e+000 +3.8224e+000 +2.2640e-001 -3.0480e+000
387358 +9.738698736e-009 +9.738698736e-009 -4.948600000e+002 -4.948600000e+002 -2.7744e+000 -1.1232e+000 +3.8224e+000 +2.2640e-001 -3.0480e+000
387380 +4.833907497e-009 +4.833907497e-009 -4.948600000e+002 -4.948600000e+002 -2.7744e+000 -1.1232e+000 +3.8224e+000 +2.2640e-001 -3.0480e+000
% function evaluation | noise-free fitness - Fopt (3.484000000000e+002) | best noise-free fitness - Fopt | measured fitness | best measured fitness | x1 | x2...
1 +1.649816888e+003 +1.649816888e+003 +1.998216888e+003 +1.998216888e+003 -1.6399e+000 -2.3291e+000 -3.9098e+000 +2.7448e+000 +6.7928e-001
3 +9.669471666e+001 +9.669471666e+001 +4.450947167e+002 +4.450947167e+002 -1.8124e+000 +1.3889e+000 -4.5455e+000 -4.9936e+000 -3.7228e+000
177 +5.090076564e+001 +5.090076564e+001 +3.993007656e+002 +3.993007656e+002 -9.6882e-001 +1.1725e+000 -3.1796e+000 -2.5638e+000 -3.8793e+000
523 +3.971514867e+001 +3.971514867e+001 +3.881151487e+002 +3.881151487e+002 +6.8324e-002 -1.7672e-001 -2.4941e+000 -3.8336e+000 -3.3646e+000
848 +2.190321900e+001 +2.190321900e+001 +3.703032190e+002 +3.703032190e+002 -2.0211e+000 +1.5074e+000 -2.4634e+000 -3.9872e+000 -4.2160e+000
911 +1.225156565e+001 +1.225156565e+001 +3.606515656e+002 +3.606515656e+002 -9.6882e-001 -2.7663e-001 -2.0291e+000 -3.9612e+000 -3.8892e+000
9453 +9.692381821e+000 +9.692381821e+000 +3.580923818e+002 +3.580923818e+002 -5.4733e-002 -1.9168e-001 -2.0053e+000 -3.4967e+000 -3.2784e+000
45633 +6.180638799e+000 +6.180638799e+000 +3.545806388e+002 +3.545806388e+002 -2.0624e+000 +1.4530e+000 -1.3639e+000 -3.5591e+000 -3.1968e+000
48511 +3.902367960e+000 +3.902367960e+000 +3.523023680e+002 +3.523023680e+002 -2.0400e+000 -1.7855e-001 -2.0015e+000 -3.5344e+000 -3.2677e+000
53500 +2.302914096e+000 +2.302914096e+000 +3.507029141e+002 +3.507029141e+002 -1.9990e+000 +6.1263e-001 -1.4103e+000 -3.4945e+000 -3.2450e+000
205063 +1.464226280e+000 +1.464226280e+000 +3.498642263e+002 +3.498642263e+002 -1.9825e+000 +5.9354e-001 -1.4066e+000 -3.9299e+000 -3.6053e+000
205329 +9.911469903e-001 +9.911469903e-001 +3.493911470e+002 +3.493911470e+002 -2.0100e+000 +5.7384e-001 -1.3989e+000 -3.5528e+000 -3.6086e+000
205353 +1.938042345e-001 +1.938042345e-001 +3.485938042e+002 +3.485938042e+002 -2.0044e+000 +5.8330e-001 -1.3979e+000 -3.5305e+000 -3.6052e+000
483229 +1.457807858e-001 +1.457807858e-001 +3.485457808e+002 +3.485457808e+002 -2.0021e+000 +5.9471e-001 -1.3926e+000 -3.5341e+000 -3.6148e+000
483347 +7.669670433e-002 +7.669670433e-002 +3.484766967e+002 +3.484766967e+002 -2.0197e+000 +5.9831e-001 -1.3943e+000 -3.5269e+000 -3.6135e+000
483850 +5.483396663e-002 +5.483396663e-002 +3.484548340e+002 +3.484548340e+002 -2.0177e+000 +5.9021e-001 -1.3892e+000 -3.5213e+000 -3.6097e+000
483921 +1.346854872e-002 +1.346854872e-002 +3.484134685e+002 +3.484134685e+002 -2.0089e+000 +5.9501e-001 -1.3875e+000 -3.5294e+000 -3.6114e+000
483936 +3.576368250e-003 +3.576368250e-003 +3.484035764e+002 +3.484035764e+002 -2.0131e+000 +5.9495e-001 -1.3880e+000 -3.5281e+000 -3.6090e+000
704289 +2.337532941e-003 +2.337532941e-003 +3.484023375e+002 +3.484023375e+002 -2.0081e+000 +5.9776e-001 -1.3876e+000 -3.5276e+000 -3.6098e+000
704629 +1.372287736e-003 +1.372287736e-003 +3.484013723e+002 +3.484013723e+002 -2.0103e+000 +5.9711e-001 -1.3873e+000 -3.5262e+000 -3.6097e+000
704633 +2.825226505e-004 +2.825226505e-004 +3.484002825e+002 +3.484002825e+002 -2.0103e+000 +5.9740e-001 -1.3873e+000 -3.5272e+000 -3.6096e+000
704933 +1.841148949e-004 +1.841148949e-004 +3.484001841e+002 +3.484001841e+002 -2.0108e+000 +5.9717e-001 -1.3872e+000 -3.5273e+000 -3.6098e+000
704944 +3.430842429e-005 +3.430842429e-005 +3.484000343e+002 +3.484000343e+002 -2.0109e+000 +5.9655e-001 -1.3872e+000 -3.5272e+000 -3.6096e+000
705665 +1.996611849e-005 +1.996611849e-005 +3.484000200e+002 +3.484000200e+002 -2.0113e+000 +5.9659e-001 -1.3872e+000 -3.5272e+000 -3.6096e+000
705743 +6.887740710e-006 +6.887740710e-006 +3.484000069e+002 +3.484000069e+002 -2.0113e+000 +5.9678e-001 -1.3872e+000 -3.5272e+000 -3.6096e+000
705757 +4.539904296e-006 +4.539904296e-006 +3.484000045e+002 +3.484000045e+002 -2.0113e+000 +5.9682e-001 -1.3871e+000 -3.5272e+000 -3.6096e+000
705942 +3.764521580e-006 +3.764521580e-006 +3.484000038e+002 +3.484000038e+002 -2.0111e+000 +5.9671e-001 -1.3872e+000 -3.5272e+000 -3.6096e+000
705989 +2.366655451e-006 +2.366655451e-006 +3.484000024e+002 +3.484000024e+002 -2.0113e+000 +5.9680e-001 -1.3872e+000 -3.5272e+000 -3.6096e+000
706306 +1.339417054e-006 +1.339417054e-006 +3.484000013e+002 +3.484000013e+002 -2.0112e+000 +5.9683e-001 -1.3872e+000 -3.5272e+000 -3.6096e+000
706443 +6.333694387e-007 +6.333694387e-007 +3.484000006e+002 +3.484000006e+002 -2.0112e+000 +5.9681e-001 -1.3872e+000 -3.5272e+000 -3.6096e+000
706489 +5.325645134e-007 +5.325645134e-007 +3.484000005e+002 +3.484000005e+002 -2.0112e+000 +5.9682e-001 -1.3872e+000 -3.5272e+000 -3.6096e+000
706540 +3.064262160e-007 +3.064262160e-007 +3.484000003e+002 +3.484000003e+002 -2.0112e+000 +5.9681e-001 -1.3872e+000 -3.5272e+000 -3.6096e+000
706756 +2.358004281e-007 +2.358004281e-007 +3.484000002e+002 +3.484000002e+002 -2.0112e+000 +5.9680e-001 -1.3872e+000 -3.5272e+000 -3.6096e+000
706893 +6.786137874e-008 +6.786137874e-008 +3.484000001e+002 +3.484000001e+002 -2.0112e+000 +5.9680e-001 -1.3872e+000 -3.5272e+000 -3.6096e+000
706973 +4.665207598e-008 +4.665207598e-008 +3.484000000e+002 +3.484000000e+002 -2.0112e+000 +5.9679e-001 -1.3872e+000 -3.5272e+000 -3.6096e+000
707129 +3.707799578e-008 +3.707799578e-008 +3.484000000e+002 +3.484000000e+002 -2.0112e+000 +5.9680e-001 -1.3872e+000 -3.5272e+000 -3.6096e+000
707219 +1.973626240e-008 +1.973626240e-008 +3.484000000e+002 +3.484000000e+002 -2.0112e+000 +5.9680e-001 -1.3872e+000 -3.5272e+000 -3.6096e+000
707220 +1.050500487e-008 +1.050500487e-008 +3.484000000e+002 +3.484000000e+002 -2.0112e+000 +5.9680e-001 -1.3872e+000 -3.5272e+000 -3.6096e+000
707346 +3.417198968e-009 +3.417198968e-009 +3.484000000e+002 +3.484000000e+002 -2.0112e+000 +5.9680e-001 -1.3872e+000 -3.5272e+000 -3.6096e+000
% function evaluation | noise-free fitness - Fopt (3.770000000000e+000) | best noise-free fitness - Fopt | measured fitness | best measured fitness | x1 | x2...
1 +3.172513826e+003 +3.172513826e+003 +3.176283826e+003 +3.176283826e+003 -4.2229e+000 -1.5352e+000 +2.2129e+000 -4.9620e+000 +2.7928e+000
3 +3.839373434e+002 +3.839373434e+002 +3.877073434e+002 +3.877073434e+002 +2.2926e+000 +4.8363e+000 -2.0699e+000 -2.0970e+000 -1.8030e+000
7 +1.186049993e+002 +1.186049993e+002 +1.223749993e+002 +1.223749993e+002 +4.2173e+000 +9.6942e-001 -1.0155e+000 +1.9421e+000 -2.9116e+000
40 +8.686663305e+001 +8.686663305e+001 +9.063663305e+001 +9.063663305e+001 +3.5803e+000 -1.3461e+000 -1.2143e+000 +2.5496e+000 -1.9540e+000
159 +3.705656926e+001 +3.705656926e+001 +4.082656926e+001 +4.082656926e+001 +4.8637e+000 -2.5741e+000 -3.1219e+000 +3.6423e+000 -3.7321e+000
490 +2.281171194e+001 +2.281171194e+001 +2.658171194e+001 +2.658171194e+001 +2.0805e+000 -2.0122e+000 -3.6990e+000 +1.9720e+000 -2.9761e+000
1599 +1.497486115e+001 +1.497486115e+001 +1.874486115e+001 +1.874486115e+001 +1.9530e+000 -2.6328e+000 -2.6140e+000 +3.2744e+000 -3.7250e+000
3622 +8.093888287e+000 +8.093888287e+000 +1.186388829e+001 +1.186388829e+001 +1.9528e+000 -2.1407e+000 -3.2366e+000 +2.8026e+000 -3.0715e+000
5754 +6.224863704e+000 +6.224863704e+000 +9.994863704e+000 +9.994863704e+000 +3.0051e+000 -2.0254e+000 -2.6269e+000 +2.3468e+000 -3.0623e+000
37410 +3.292085860e+000 +3.292085860e+000 +7.062085860e+000 +7.062085860e+000 +2.9805e+000 -2.0991e+000 -3.1650e+000 +2.4033e+000 -3.4333e+000
86067 +2.116660649e+000 +2.116660649e+000 +5.886660649e+000 +5.886660649e+000 +2.9542e+000 -2.0151e+000 -3.1959e+000 +2.8143e+000 -3.3871e+000
162690 +1.166240167e+000 +1.166240167e+000 +4.936240167e+000 +4.936240167e+000 +2.9579e+000 -1.2055e+000 -3.1766e+000 +2.8056e+000 -3.4151e+000
420850 +2.984368734e-001 +2.984368734e-001 +4.068436873e+000 +4.068436873e+000 +2.9650e+000 -2.0286e+000 -3.1533e+000 +2.8133e+000 -3.4088e+000
421268 +2.006439149e-001 +2.006439149e-001 +3.970643915e+000 +3.970643915e+000 +2.9717e+000 -2.0465e+000 -3.1664e+000 +2.8048e+000 -3.4132e+000
421566 +1.334053149e-001 +1.334053149e-001 +3.903405315e+000 +3.903405315e+000 +2.9583e+000 -2.0396e+000 -3.1544e+000 +2.8012e+000 -3.4129e+000
421972 +6.633689187e-002 +6.633689187e-002 +3.836336892e+000 +3.836336892e+000 +2.9515e+000 -2.0302e+000 -3.1644e+000 +2.8031e+000 -3.4093e+000
422025 +6.198473153e-002 +6.198473153e-002 +3.831984732e+000 +3.831984732e+000 +2.9524e+000 -2.0424e+000 -3.1573e+000 +2.8076e+000 -3.4138e+000
422363 +8.647681513e-003 +8.647681513e-003 +3.778647682e+000 +3.778647682e+000 +2.9436e+000 -2.0370e+000 -3.1650e+000 +2.8034e+000 -3.4123e+000
422866 +5.676635811e-003 +5.676635811e-003 +3.775676636e+000 +3.775676636e+000 +2.9455e+000 -2.0405e+000 -3.1645e+000 +2.8044e+000 -3.4117e+000
422988 +2.469478221e-003 +2.469478221e-003 +3.772469478e+000 +3.772469478e+000 +2.9430e+000 -2.0398e+000 -3.1640e+000 +2.8043e+000 -3.4121e+000
423150 +7.341056437e-004 +7.341056437e-004 +3.770734106e+000 +3.770734106e+000 +2.9406e+000 -2.0400e+000 -3.1637e+000 +2.8056e+000 -3.4124e+000
423471 +6.219364225e-004 +6.219364225e-004 +3.770621936e+000 +3.770621936e+000 +2.9418e+000 -2.0401e+000 -3.1646e+000 +2.8057e+000 -3.4123e+000
423671 +3.907958306e-004 +3.907958306e-004 +3.770390796e+000 +3.770390796e+000 +2.9405e+000 -2.0393e+000 -3.1640e+000 +2.8057e+000 -3.4117e+000
423841 +4.686801120e-005 +4.686801120e-005 +3.770046868e+000 +3.770046868e+000 +2.9420e+000 -2.0391e+000 -3.1641e+000 +2.8056e+000 -3.4120e+000
424189 +1.855724232e-005 +1.855724232e-005 +3.770018557e+000 +3.770018557e+000 +2.9419e+000 -2.0391e+000 -3.1640e+000 +2.8056e+000 -3.4120e+000
424313 +1.563443293e-005 +1.563443293e-005 +3.770015634e+000 +3.770015634e+000 +2.9416e+000 -2.0391e+000 -3.1640e+000 +2.8057e+000 -3.4119e+000
424661 +7.667234981e-006 +7.667234981e-006 +3.770007667e+000 +3.770007667e+000 +2.9416e+000 -2.0393e+000 -3.1640e+000 +2.8056e+000 -3.4120e+000
424758 +5.636514264e-006 +5.636514264e-006 +3.770005637e+000 +3.770005637e+000 +2.9415e+000 -2.0393e+000 -3.1640e+000 +2.8056e+000 -3.4120e+000
424909 +3.730332259e-006 +3.730332259e-006 +3.770003730e+000 +3.770003730e+000 +2.9417e+000 -2.0391e+000 -3.1640e+000 +2.8056e+000 -3.4120e+000
424913 +9.257214955e-007 +9.257214955e-007 +3.770000926e+000 +3.770000926e+000 +2.9416e+000 -2.0392e+000 -3.1640e+000 +2.8056e+000 -3.4120e+000
425499 +3.648570148e-007 +3.648570148e-007 +3.770000365e+000 +3.770000365e+000 +2.9416e+000 -2.0392e+000 -3.1640e+000 +2.8056e+000 -3.4120e+000
425766 +1.862805337e-007 +1.862805337e-007 +3.770000186e+000 +3.770000186e+000 +2.9416e+000 -2.0392e+000 -3.1640e+000 +2.8056e+000 -3.4120e+000
425837 +1.568405938e-007 +1.568405938e-007 +3.770000157e+000 +3.770000157e+000 +2.9416e+000 -2.0392e+000 -3.1640e+000 +2.8056e+000 -3.4120e+000
425851 +8.899256798e-008 +8.899256798e-008 +3.770000089e+000 +3.770000089e+000 +2.9416e+000 -2.0392e+000 -3.1640e+000 +2.8056e+000 -3.4120e+000
425910 +4.455808389e-008 +4.455808389e-008 +3.770000045e+000 +3.770000045e+000 +2.9416e+000 -2.0392e+000 -3.1640e+000 +2.8056e+000 -3.4120e+000
426007 +3.894894185e-008 +3.894894185e-008 +3.770000039e+000 +3.770000039e+000 +2.9416e+000 -2.0392e+000 -3.1640e+000 +2.8056e+000 -3.4120e+000
426072 +2.062404825e-008 +2.062404825e-008 +3.770000021e+000 +3.770000021e+000 +2.9416e+000 -2.0392e+000 -3.1640e+000 +2.8056e+000 -3.4120e+000
426245 +9.006692281e-009 +9.006692281e-009 +3.770000009e+000 +3.770000009e+000 +2.9416e+000 -2.0392e+000 -3.1640e+000 +2.8056e+000 -3.4120e+000
% function evaluation | noise-free fitness - Fopt (3.770000000000e+001) | best noise-free fitness - Fopt | measured fitness | best measured fitness | x1 | x2...
1 +2.150497511e+002 +2.150497511e+002 +2.527497511e+002 +2.527497511e+002 -2.5329e+000 -1.3493e+000 -4.0940e+000 -4.7372e+000 -1.2486e+000
11 +1.483398749e+002 +1.483398749e+002 +1.860398749e+002 +1.860398749e+002 +1.0535e+000 +1.9381e+000 -3.2215e+000 -4.9671e+000 +4.0565e-002
14 +8.182525813e+001 +8.182525813e+001 +1.195252581e+002 +1.195252581e+002 +2.6889e-001 -2.5505e+000 -1.4325e+000 -1.9671e+000 +2.4895e+000
269 +6.038671326e+001 +6.038671326e+001 +9.808671326e+001 +9.808671326e+001 -5.4621e+000 -2.4981e+000 -2.5724e+000 -4.4614e+000 +2.7420e+000
453 +3.152987849e+001 +3.152987849e+001 +6.922987849e+001 +6.922987849e+001 -1.0251e+000 -1.6779e+000 -2.5945e+000 -4.0065e+000 +2.1926e+000
791 +2.389636004e+001 +2.389636004e+001 +6.159636004e+001 +6.159636004e+001 +2.1545e+000 -1.7575e+000 -3.6497e+000 -3.9269e+000 +3.1109e+000
862 +1.573179443e+001 +1.573179443e+001 +5.343179443e+001 +5.343179443e+001 +1.9193e-001 -1.5068e+000 -4.1073e+000 -3.5487e+000 +2.0524e+000
1590 +6.636721425e+000 +6.636721425e+000 +4.433672143e+001 +4.433672143e+001 +1.9193e-001 -1.5068e+000 -3.1744e+000 -3.5487e+000 +2.0524e+000
9567 +5.317922886e+000 +5.317922886e+000 +4.301792289e+001 +4.301792289e+001 +1.0754e+000 -3.0832e+000 -2.6273e+000 -3.9415e+000 +2.7200e+000
19934 +3.621637934e+000 +3.621637934e+000 +4.132163793e+001 +4.132163793e+001 +1.0913e+000 -3.1614e+000 -2.6073e+000 -3.9675e+000 +2.7568e+000
68318 +2.471158186e+000 +2.471158186e+000 +4.017115819e+001 +4.017115819e+001 +1.1488e+000 -2.3518e+000 -2.5745e+000 -3.5722e+000 +2.7277e+000
82323 +1.515845251e+000 +1.515845251e+000 +3.921584525e+001 +3.921584525e+001 +1.1356e+000 -2.3206e+000 -2.5955e+000 -3.5401e+000 +2.7240e+000
83138 +8.778278826e-001 +8.778278826e-001 +3.857782788e+001 +3.857782788e+001 +1.1139e+000 -2.3192e+000 -2.6160e+000 -3.5545e+000 +2.3937e+000
83166 +4.519561491e-001 +4.519561491e-001 +3.815195615e+001 +3.815195615e+001 +1.1325e+000 -2.3339e+000 -2.6186e+000 -3.5352e+000 +2.3820e+000
83309 +3.516318310e-001 +3.516318310e-001 +3.805163183e+001 +3.805163183e+001 +1.1221e+000 -2.3597e+000 -2.6243e+000 -3.5488e+000 +2.3645e+000
621539 +1.890225166e-001 +1.890225166e-001 +3.788902252e+001 +3.788902252e+001 +1.0966e+000 -2.3549e+000 -2.6184e+000 -3.5442e+000 +2.3745e+000
621672 +8.065304235e-002 +8.065304235e-002 +3.778065304e+001 +3.778065304e+001 +1.1042e+000 -2.3383e+000 -2.6224e+000 -3.5498e+000 +2.3719e+000
% function evaluation | noise-free fitness - Fopt (6.956900000000e+002) | best noise-free fitness - Fopt | measured fitness | best measured fitness | x1 | x2...
1 +4.047564012e+002 +4.047564012e+002 +1.100446401e+003 +1.100446401e+003 -2.1347e+000 +3.3490e+000 -1.5705e+000 +4.6867e-003 -3.2770e+000
3 +2.819237523e+002 +2.819237523e+002 +9.776137523e+002 +9.776137523e+002 -1.0847e+000 -2.1999e+000 -2.9204e+000 -1.6666e+000 -2.1750e+000
10 +2.436621053e+002 +2.436621053e+002 +9.393521053e+002 +9.393521053e+002 +4.7216e+000 -3.5945e+000 -3.4196e+000 -7.9156e-001 +1.7373e+000
28 +1.369257007e+002 +1.369257007e+002 +8.326157007e+002 +8.326157007e+002 -3.7915e+000 -1.8903e+000 -3.5087e+000 +2.4232e-002 +3.9104e-002
81 +7.392629689e+001 +7.392629689e+001 +7.696162969e+002 +7.696162969e+002 -1.8392e+000 -4.5350e+000 -3.5294e+000 +2.6471e+000 -7.1074e-001
351 +5.847616795e+001 +5.847616795e+001 +7.541661680e+002 +7.541661680e+002 -5.3188e+000 -1.6613e+000 -5.5518e+000 +2.7138e+000 +1.8257e+000
479 +3.164460113e+001 +3.164460113e+001 +7.273346011e+002 +7.273346011e+002 -3.2481e+000 -4.5588e+000 -3.9073e+000 +4.1747e+000 +1.0197e+000
832 +2.048941126e+001 +2.048941126e+001 +7.161794113e+002 +7.161794113e+002 -5.0527e+000 -3.1532e+000 -3.3208e+000 +3.1635e+000 +3.5651e-001
1376 +1.267281294e+001 +1.267281294e+001 +7.083628129e+002 +7.083628129e+002 -4.2949e+000 -2.6026e+000 -3.9489e+000 +3.6230e+000 -3.3740e-001
2303 +9.852271485e+000 +9.852271485e+000 +7.055422715e+002 +7.055422715e+002 -4.1957e+000 -2.4904e+000 -3.3887e+000 +3.6237e+000 +1.8011e-002
7622 +5.140413568e+000 +5.140413568e+000 +7.008304136e+002 +7.008304136e+002 -4.2945e+000 -3.2588e+000 -3.4055e+000 +3.1793e+000 +6.5912e-001
70863 +2.880875257e+000 +2.880875257e+000 +6.985708753e+002 +6.985708753e+002 -4.2566e+000 -3.2939e+000 -3.3535e+000 +3.6142e+000 +2.6630e-001
268311 +2.366588013e+000 +2.366588013e+000 +6.980565880e+002 +6.980565880e+002 -3.2548e+000 -3.2736e+000 -3.9486e+000 +3.6254e+000 -1.7551e-002
268874 +1.335980549e+000 +1.335980549e+000 +6.970259805e+002 +6.970259805e+002 -3.2696e+000 -3.2627e+000 -3.9776e+000 +3.6214e+000 +3.0072e-001
704829 +8.055414764e-001 +8.055414764e-001 +6.964955415e+002 +6.964955415e+002 -3.2967e+000 -3.2167e+000 -3.3775e+000 +3.6193e+000 +2.8055e-001
807175 +5.348485580e-001 +5.348485580e-001 +6.962248486e+002 +6.962248486e+002 -3.2576e+000 -3.2669e+000 -3.3729e+000 +3.6183e+000 +3.0353e-001
807694 +3.761241291e-001 +3.761241291e-001 +6.960661241e+002 +6.960661241e+002 -3.2581e+000 -3.2731e+000 -3.3726e+000 +3.6183e+000 +2.9750e-001
807991 +1.865945451e-001 +1.865945451e-001 +6.958765945e+002 +6.958765945e+002 -3.2621e+000 -3.2466e+000 -3.3725e+000 +3.6178e+000 +2.9026e-001
808162 +1.292836462e-001 +1.292836462e-001 +6.958192836e+002 +6.958192836e+002 -3.2679e+000 -3.2466e+000 -3.3725e+000 +3.6199e+000 +2.9026e-001
808433 +4.280853194e-002 +4.280853194e-002 +6.957328085e+002 +6.957328085e+002 -3.2756e+000 -3.2550e+000 -3.3713e+000 +3.6191e+000 +2.8969e-001
808665 +3.676360424e-002 +3.676360424e-002 +6.957267636e+002 +6.957267636e+002 -3.2784e+000 -3.2586e+000 -3.3728e+000 +3.6189e+000 +2.9016e-001
808673 +5.269814722e-003 +5.269814722e-003 +6.956952698e+002 +6.956952698e+002 -3.2855e+000 -3.2550e+000 -3.3643e+000 +3.6191e+000 +2.8993e-001
808987 +2.410409298e-003 +2.410409298e-003 +6.956924104e+002 +6.956924104e+002 -3.2845e+000 -3.2574e+000 -3.3647e+000 +3.6192e+000 +2.8891e-001
809066 +1.285867041e-003 +1.285867041e-003 +6.956912859e+002 +6.956912859e+002 -3.2845e+000 -3.2581e+000 -3.3647e+000 +3.6176e+000 +2.8954e-001
809555 +9.876662322e-004 +9.876662322e-004 +6.956909877e+002 +6.956909877e+002 -3.2846e+000 -3.2577e+000 -3.3663e+000 +3.6189e+000 +2.8927e-001
809970 +3.209988377e-004 +3.209988377e-004 +6.956903210e+002 +6.956903210e+002 -3.2853e+000 -3.2577e+000 -3.3655e+000 +3.6187e+000 +2.8965e-001
810322 +1.353241041e-004 +1.353241041e-004 +6.956901353e+002 +6.956901353e+002 -3.2848e+000 -3.2588e+000 -3.3655e+000 +3.6185e+000 +2.8946e-001
810358 +6.781342893e-005 +6.781342893e-005 +6.956900678e+002 +6.956900678e+002 -3.2849e+000 -3.2582e+000 -3.3656e+000 +3.6186e+000 +2.8954e-001
810444 +6.218404064e-005 +6.218404064e-005 +6.956900622e+002 +6.956900622e+002 -3.2847e+000 -3.2586e+000 -3.3656e+000 +3.6185e+000 +2.8947e-001
810716 +4.580124710e-006 +4.580124710e-006 +6.956900046e+002 +6.956900046e+002 -3.2847e+000 -3.2584e+000 -3.3656e+000 +3.6184e+000 +2.8957e-001
810863 +2.693797114e-006 +2.693797114e-006 +6.956900027e+002 +6.956900027e+002 -3.2848e+000 -3.2584e+000 -3.3655e+000 +3.6184e+000 +2.8960e-001
% function evaluation | noise-free fitness - Fopt (-1.180300000000e+002) | best noise-free fitness - Fopt | measured fitness | best measured fitness | x1 | x2...
1 +4.468381642e+002 +4.468381642e+002 +3.288081642e+002 +3.288081642e+002 -1.8591e-001 -4.1958e+000 +1.4688e+000 +1.3921e+000 -3.0534e+000
5 +2.752972464e+002 +2.752972464e+002 +1.572672464e+002 +1.572672464e+002 -1.2018e-001 -3.6714e+000 -4.8899e+000 -2.1841e+000 -1.5577e+000
11 +1.704861240e+002 +1.704861240e+002 +5.245612401e+001 +5.245612401e+001 -3.7975e+000 +1.3182e+000 -1.0371e+000 -5.0946e-003 -4.6882e+000
51 +7.411802438e+001 +7.411802438e+001 -4.391197562e+001 -4.391197562e+001 +3.0677e+000 +4.2388e+000 +1.3363e+000 -3.8678e+000 -4.0231e+000
149 +5.984274967e+001 +5.984274967e+001 -5.818725033e+001 -5.818725033e+001 +2.8693e+000 +6.2447e+000 -9.5365e-001 -1.9564e+000 -4.1368e+000
492 +3.679431229e+001 +3.679431229e+001 -8.123568771e+001 -8.123568771e+001 -3.0836e+000 +6.1504e+000 -1.9105e-001 -2.7452e+000 -4.5214e+000
743 +2.484013015e+001 +2.484013015e+001 -9.318986985e+001 -9.318986985e+001 -3.0836e+000 +4.4705e+000 -1.0313e+000 -3.5803e+000 -4.5214e+000
1204 +1.561359683e+001 +1.561359683e+001 -1.024164032e+002 -1.024164032e+002 -8.5799e-001 +4.3609e+000 -8.2090e-001 -3.1687e+000 -3.1772e+000
4121 +5.753961426e+000 +5.753961426e+000 -1.122760386e+002 -1.122760386e+002 -1.0345e+000 +3.5976e+000 +2.9452e-001 -3.5936e+000 -3.4396e+000
35097 +3.314254198e+000 +3.314254198e+000 -1.147157458e+002 -1.147157458e+002 -2.0967e+000 +3.5721e+000 -8.5714e-001 -3.1583e+000 -3.7780e+000
273822 +1.955200540e+000 +1.955200540e+000 -1.160747995e+002 -1.160747995e+002 -1.0529e+000 +3.6099e+000 +2.6477e-001 -3.1526e+000 -3.8089e+000
290538 +1.143868627e+000 +1.143868627e+000 -1.168861314e+002 -1.168861314e+002 -1.0914e+000 +3.5553e+000 -8.6106e-001 -3.1470e+000 -3.8040e+000
668685 +5.196979971e-001 +5.196979971e-001 -1.175103020e+002 -1.175103020e+002 -1.0852e+000 +3.5318e+000 -2.7928e-001 -3.1518e+000 -3.8071e+000
668865 +3.712446751e-001 +3.712446751e-001 -1.176587553e+002 -1.176587553e+002 -1.0852e+000 +3.5956e+000 -2.7928e-001 -3.1519e+000 -3.8071e+000
669394 +1.743019347e-001 +1.743019347e-001 -1.178556981e+002 -1.178556981e+002 -1.0606e+000 +3.5680e+000 -2.6813e-001 -3.1566e+000 -3.8028e+000
669485 +1.410614554e-001 +1.410614554e-001 -1.178889385e+002 -1.178889385e+002 -1.0760e+000 +3.5754e+000 -2.7676e-001 -3.1535e+000 -3.7942e+000
669558 +7.965804990e-002 +7.965804990e-002 -1.179503420e+002 -1.179503420e+002 -1.0621e+000 +3.5698e+000 -2.7854e-001 -3.1533e+000 -3.8043e+000
669937 +4.562084712e-002 +4.562084712e-002 -1.179843792e+002 -1.179843792e+002 -1.0742e+000 +3.5741e+000 -2.8245e-001 -3.1508e+000 -3.7996e+000
669943 +3.302475388e-002 +3.302475388e-002 -1.179969752e+002 -1.179969752e+002 -1.0779e+000 +3.5607e+000 -2.7366e-001 -3.1496e+000 -3.8034e+000
670119 +2.100355973e-002 +2.100355973e-002 -1.180089964e+002 -1.180089964e+002 -1.0730e+000 +3.5678e+000 -2.7951e-001 -3.1537e+000 -3.8013e+000
670343 +9.190590104e-003 +9.190590104e-003 -1.180208094e+002 -1.180208094e+002 -1.0766e+000 +3.5637e+000 -2.7681e-001 -3.1510e+000 -3.8029e+000
670487 +5.101834149e-003 +5.101834149e-003 -1.180248982e+002 -1.180248982e+002 -1.0805e+000 +3.5671e+000 -2.7762e-001 -3.1488e+000 -3.8017e+000
670591 +2.858120230e-003 +2.858120230e-003 -1.180271419e+002 -1.180271419e+002 -1.0784e+000 +3.5663e+000 -2.8050e-001 -3.1510e+000 -3.8024e+000
892320 +1.833500471e-003 +1.833500471e-003 -1.180281665e+002 -1.180281665e+002 -1.0812e+000 +3.5654e+000 -2.7960e-001 -3.1507e+000 -3.8016e+000
892383 +1.426680325e-003 +1.426680325e-003 -1.180285733e+002 -1.180285733e+002 -1.0799e+000 +3.5660e+000 -2.8029e-001 -3.1502e+000 -3.8013e+000
892584 +8.367832853e-004 +8.367832853e-004 -1.180291632e+002 -1.180291632e+002 -1.0792e+000 +3.5648e+000 -2.7832e-001 -3.1502e+000 -3.8015e+000
892633 +3.751487924e-004 +3.751487924e-004 -1.180296249e+002 -1.180296249e+002 -1.0792e+000 +3.5654e+000 -2.7960e-001 -3.1507e+000 -3.8016e+000
892789 +2.125464405e-004 +2.125464405e-004 -1.180297875e+002 -1.180297875e+002 -1.0787e+000 +3.5654e+000 -2.7927e-001 -3.1501e+000 -3.8014e+000
893008 +1.179206767e-004 +1.179206767e-004 -1.180298821e+002 -1.180298821e+002 -1.0778e+000 +3.5659e+000 -2.7934e-001 -3.1503e+000 -3.8016e+000
893347 +9.780996864e-005 +9.780996864e-005 -1.180299022e+002 -1.180299022e+002 -1.0784e+000 +3.5661e+000 -2.7919e-001 -3.1503e+000 -3.8016e+000
893436 +5.211203168e-005 +5.211203168e-005 -1.180299479e+002 -1.180299479e+002 -1.0784e+000 +3.5659e+000 -2.7919e-001 -3.1503e+000 -3.8015e+000
893493 +3.567352063e-005 +3.567352063e-005 -1.180299643e+002 -1.180299643e+002 -1.0783e+000 +3.5655e+000 -2.7936e-001 -3.1505e+000 -3.8016e+000
% function evaluation | noise-free fitness - Fopt (4.816000000000e+001) | best noise-free fitness - Fopt | measured fitness | best measured fitness | x1 | x2...
1 +1.105416426e+003 +1.105416426e+003 +1.153576426e+003 +1.153576426e+003 -4.1198e+000 -4.2881e+000 +3.1526e+000 +3.3631e+000 +4.8695e+000
3 +6.138840453e+002 +6.138840453e+002 +6.620440453e+002 +6.620440453e+002 -4.6687e+000 -2.2283e+000 +2.8426e-001 +3.5726e+000 +3.2524e+000
5 +2.928213968e+002 +2.928213968e+002 +3.409813968e+002 +3.409813968e+002 -3.9197e+000 +9.5369e-001 +7.9748e-001 +3.0462e-001 -1.4156e+000
6 +1.826488150e+002 +1.826488150e+002 +2.308088150e+002 +2.308088150e+002 +6.8585e-001 +4.9113e+000 -4.9146e+000 -1.3124e+000 +3.1208e+000
16 +1.009994630e+002 +1.009994630e+002 +1.491594630e+002 +1.491594630e+002 -4.9695e+000 -2.9423e+000 -4.9272e+000 -1.5641e+000 +3.5974e+000
29 +9.420640454e+001 +9.420640454e+001 +1.423664045e+002 +1.423664045e+002 -1.7506e+000 +2.7428e+000 -3.4501e+000 -1.5729e+000 -4.8801e-001
220 +3.765406731e+001 +3.765406731e+001 +8.581406731e+001 +8.581406731e+001 +3.6707e-001 -6.8051e-001 -1.8588e+000 -2.7940e+000 +1.0923e+000
488 +2.501016254e+001 +2.501016254e+001 +7.317016254e+001 +7.317016254e+001 +3.3770e+000 -4.9212e-001 -4.0764e+000 -1.9648e+000 +1.8501e+000
1251 +1.304453957e+001 +1.304453957e+001 +6.120453957e+001 +6.120453957e+001 +1.3517e+000 -2.0433e+000 -2.9662e+000 -1.1401e+000 +2.1669e+000
1617 +5.337073824e+000 +5.337073824e+000 +5.349707382e+001 +5.349707382e+001 +1.3036e+000 -1.5387e+000 -3.4688e+000 -1.5665e+000 +2.1418e+000
40159 +3.011945805e+000 +3.011945805e+000 +5.117194581e+001 +5.117194581e+001 +1.2796e+000 +7.9676e-002 -3.5175e+000 -1.5791e+000 +1.5123e+000
160332 +2.414252523e+000 +2.414252523e+000 +5.057425252e+001 +5.057425252e+001 +1.3011e+000 +9.5845e-002 -3.5097e+000 -1.5833e+000 +1.8117e+000
329042 +1.553538872e+000 +1.553538872e+000 +4.971353887e+001 +4.971353887e+001 +1.3365e+000 -7.2787e-001 -4.0749e+000 -1.5891e+000 +1.8422e+000
520059 +6.164866548e-001 +6.164866548e-001 +4.877648665e+001 +4.877648665e+001 +1.2907e+000 -7.2442e-001 -3.5109e+000 -1.5865e+000 +1.8308e+000
520125 +1.690756633e-001 +1.690756633e-001 +4.832907566e+001 +4.832907566e+001 +1.2988e+000 -7.3434e-001 -3.5006e+000 -1.5842e+000 +1.8397e+000
520286 +1.173351390e-001 +1.173351390e-001 +4.827733514e+001 +4.827733514e+001 +1.2956e+000 -7.6435e-001 -3.4992e+000 -1.5824e+000 +1.8375e+000
520409 +7.980721642e-002 +7.980721642e-002 +4.823980722e+001 +4.823980722e+001 +1.3122e+000 -7.4515e-001 -3.4980e+000 -1.5844e+000 +1.8349e+000
520597 +4.266601514e-002 +4.266601514e-002 +4.820266602e+001 +4.820266602e+001 +1.3071e+000 -7.5473e-001 -3.4961e+000 -1.5790e+000 +1.8341e+000
520793 +3.553443721e-002 +3.553443721e-002 +4.819553444e+001 +4.819553444e+001 +1.2980e+000 -7.5327e-001 -3.4981e+000 -1.5789e+000 +1.8362e+000
521001 +1.597768571e-002 +1.597768571e-002 +4.817597769e+001 +4.817597769e+001 +1.2985e+000 -7.5693e-001 -3.4900e+000 -1.5809e+000 +1.8359e+000
521041 +1.270401208e-002 +1.270401208e-002 +4.817270401e+001 +4.817270401e+001 +1.2944e+000 -7.5186e-001 -3.4932e+000 -1.5796e+000 +1.8356e+000
521129 +9.968971021e-003 +9.968971021e-003 +4.816996897e+001 +4.816996897e+001 +1.2997e+000 -7.4818e-001 -3.4910e+000 -1.5782e+000 +1.8353e+000
521265 +3.250716105e-003 +3.250716105e-003 +4.816325072e+001 +4.816325072e+001 +1.3020e+000 -7.5165e-001 -3.4927e+000 -1.5799e+000 +1.8360e+000
521553 +1.509471072e-003 +1.509471072e-003 +4.816150947e+001 +4.816150947e+001 +1.3016e+000 -7.5026e-001 -3.4918e+000 -1.5811e+000 +1.8368e+000
521672 +6.281583285e-004 +6.281583285e-004 +4.816062816e+001 +4.816062816e+001 +1.2992e+000 -7.5014e-001 -3.4913e+000 -1.5809e+000 +1.8362e+000
521964 +1.916090620e-004 +1.916090620e-004 +4.816019161e+001 +4.816019161e+001 +1.3009e+000 -7.5044e-001 -3.4908e+000 -1.5810e+000 +1.8359e+000
% function evaluation | noise-free fitness - Fopt (8.384000000000e+001) | best noise-free fitness - Fopt | measured fitness | best measured fitness | x1 | x2...
1 +1.817717351e+002 +1.817717351e+002 +2.656117351e+002 +2.656117351e+002 +4.5213e+000 +4.0483e+000 +1.5366e+000 -2.2493e+000 -2.4372e-001
3 +1.163751070e+002 +1.163751070e+002 +2.002151070e+002 +2.002151070e+002 -3.4046e+000 +2.7699e+000 +1.2456e+000 -1.8144e+000 -4.0433e-001
5 +9.586140394e+001 +9.586140394e+001 +1.797014039e+002 +1.797014039e+002 -3.1109e+000 +4.2458e+000 -1.1109e+000 -2.7387e+000 -7.2238e-001
162 +4.968601864e+001 +4.968601864e+001 +1.335260186e+002 +1.335260186e+002 -4.9094e+000 +4.4576e+000 -2.4185e+000 -3.4479e-001 -1.4710e+000
292 +2.180583920e+001 +2.180583920e+001 +1.056458392e+002 +1.056458392e+002 -2.7685e+000 +4.1351e+000 -2.0443e+000 -1.0906e-001 -2.1096e+000
753 +1.535390893e+001 +1.535390893e+001 +9.919390893e+001 +9.919390893e+001 -1.5849e+000 +4.4482e+000 -2.0112e+000 -1.1467e-001 -1.4611e+000
13953 +5.306075069e+000 +5.306075069e+000 +8.914607507e+001 +8.914607507e+001 -6.7077e-001 +4.3878e+000 -2.0221e+000 -4.7008e-002 -1.4568e+000
20492 +3.635980069e+000 +3.635980069e+000 +8.747598007e+001 +8.747598007e+001 -1.6465e+000 +3.5393e+000 -1.3913e+000 -4.7293e-002 -1.1675e+000
137136 +2.417672835e+000 +2.417672835e+000 +8.625767283e+001 +8.625767283e+001 -1.6167e+000 +3.5438e+000 -1.4483e+000 -2.3401e-002 -1.4957e+000
251332 +1.533952328e+000 +1.533952328e+000 +8.537395233e+001 +8.537395233e+001 -1.6724e+000 +3.4968e+000 -1.3902e+000 -5.0027e-002 -1.7886e+000
317834 +3.137748925e-001 +3.137748925e-001 +8.415377489e+001 +8.415377489e+001 -1.6271e+000 +3.5102e+000 -1.4245e+000 -4.2400e-002 -1.4854e+000
318104 +2.095901018e-001 +2.095901018e-001 +8.404959010e+001 +8.404959010e+001 -1.6504e+000 +3.5092e+000 -1.4305e+000 -4.4677e-002 -1.4788e+000
% function evaluation | noise-free fitness - Fopt (1.536000000000e+001) | best noise-free fitness - Fopt | measured fitness | best measured fitness | x1 | x2...
1 +4.721391445e+003 +4.721391445e+003 +4.736751445e+003 +4.736751445e+003 -1.6822e+000 -9.0225e-001 +4.6553e+000 +4.9387e+000 +3.1688e+000
3 +5.594962651e+002 +5.594962651e+002 +5.748562651e+002 +5.748562651e+002 +4.8822e+000 +8.4838e-001 +3.7834e+000 -4.9477e-001 -1.7794e+000
5 +1.350754457e+002 +1.350754457e+002 +1.504354457e+002 +1.504354457e+002 -1.6365e+000 +4.7019e+000 -6.7437e-001 -2.2818e+000 -3.3869e+000
103 +9.353602403e+001 +9.353602403e+001 +1.088960240e+002 +1.088960240e+002 +4.0398e+000 -2.4561e-001 -3.6696e+000 -1.8637e+000 -1.9359e+000
310 +5.579446477e+001 +5.579446477e+001 +7.115446477e+001 +7.115446477e+001 +4.1545e+000 +3.1124e+000 -4.7234e+000 -3.4053e+000 -2.7190e+000
684 +2.419763772e+001 +2.419763772e+001 +3.955763772e+001 +3.955763772e+001 -1.4395e-001 +4.2026e-001 -2.0255e+000 -2.5755e+000 -2.3992e+000
821 +1.561878016e+001 +1.561878016e+001 +3.097878016e+001 +3.097878016e+001 +1.7356e+000 +2.5250e+000 -4.1342e+000 -2.8669e+000 -2.7941e+000
1182 +9.555583563e+000 +9.555583563e+000 +2.491558356e+001 +2.491558356e+001 +7.9839e-001 +3.0315e+000 -2.5160e+000 -2.9619e+000 -3.1182e+000
5862 +5.549393366e+000 +5.549393366e+000 +2.090939337e+001 +2.090939337e+001 +7.7928e-001 +1.5674e+000 -2.5196e+000 -2.5202e+000 -2.7696e+000
5948 +2.648979873e+000 +2.648979873e+000 +1.800897987e+001 +1.800897987e+001 +2.7716e+000 +1.6588e+000 -3.0727e+000 -2.0716e+000 -2.7773e+000
45987 +2.338512180e+000 +2.338512180e+000 +1.769851218e+001 +1.769851218e+001 +1.8360e+000 +1.6706e+000 -3.0500e+000 -2.5517e+000 -2.4256e+000
46621 +1.451518983e+000 +1.451518983e+000 +1.681151898e+001 +1.681151898e+001 +1.7907e+000 +1.6706e+000 -3.0719e+000 -2.5517e+000 -2.4256e+000
46707 +5.396236277e-001 +5.396236277e-001 +1.589962363e+001 +1.589962363e+001 +1.7666e+000 +1.6273e+000 -3.0642e+000 -2.5307e+000 -2.7846e+000
47673 +1.593714598e-001 +1.593714598e-001 +1.551937146e+001 +1.551937146e+001 +1.7870e+000 +1.6422e+000 -3.0772e+000 -2.5497e+000 -2.8009e+000
47696 +1.069565976e-001 +1.069565976e-001 +1.546695660e+001 +1.546695660e+001 +1.7766e+000 +1.6373e+000 -3.0673e+000 -2.5397e+000 -2.7904e+000
47787 +6.105990400e-002 +6.105990400e-002 +1.542105990e+001 +1.542105990e+001 +1.7812e+000 +1.6458e+000 -3.0719e+000 -2.5416e+000 -2.7933e+000
48176 +2.222053853e-002 +2.222053853e-002 +1.538222054e+001 +1.538222054e+001 +1.7703e+000 +1.6433e+000 -3.0719e+000 -2.5451e+000 -2.7991e+000
48384 +1.358034352e-002 +1.358034352e-002 +1.537358034e+001 +1.537358034e+001 +1.7713e+000 +1.6406e+000 -3.0686e+000 -2.5482e+000 -2.7970e+000
48694 +6.321914508e-003 +6.321914508e-003 +1.536632191e+001 +1.536632191e+001 +1.7674e+000 +1.6432e+000 -3.0681e+000 -2.5468e+000 -2.7958e+000
48844 +3.340246264e-003 +3.340246264e-003 +1.536334025e+001 +1.536334025e+001 +1.7674e+000 +1.6444e+000 -3.0708e+000 -2.5468e+000 -2.7958e+000
48993 +2.049261358e-003 +2.049261358e-003 +1.536204926e+001 +1.536204926e+001 +1.7706e+000 +1.6417e+000 -3.0700e+000 -2.5457e+000 -2.7967e+000
49159 +1.398190256e-003 +1.398190256e-003 +1.536139819e+001 +1.536139819e+001 +1.7690e+000 +1.6422e+000 -3.0715e+000 -2.5451e+000 -2.7962e+000
49320 +8.057750838e-004 +8.057750838e-004 +1.536080578e+001 +1.536080578e+001 +1.7689e+000 +1.6435e+000 -3.0696e+000 -2.5451e+000 -2.7962e+000
49409 +5.239162367e-004 +5.239162367e-004 +1.536052392e+001 +1.536052392e+001 +1.7696e+000 +1.6440e+000 -3.0699e+000 -2.5453e+000 -2.7961e+000
49465 +3.307824834e-004 +3.307824834e-004 +1.536033078e+001 +1.536033078e+001 +1.7694e+000 +1.6427e+000 -3.0700e+000 -2.5453e+000 -2.7959e+000
49856 +2.358570279e-004 +2.358570279e-004 +1.536023586e+001 +1.536023586e+001 +1.7693e+000 +1.6425e+000 -3.0704e+000 -2.5454e+000 -2.7959e+000
50127 +1.244161651e-004 +1.244161651e-004 +1.536012442e+001 +1.536012442e+001 +1.7697e+000 +1.6429e+000 -3.0704e+000 -2.5458e+000 -2.7961e+000
50208 +4.413733874e-005 +4.413733874e-005 +1.536004414e+001 +1.536004414e+001 +1.7695e+000 +1.6431e+000 -3.0702e+000 -2.5456e+000 -2.7961e+000
50414 +2.940035570e-005 +2.940035570e-005 +1.536002940e+001 +1.536002940e+001 +1.7697e+000 +1.6435e+000 -3.0704e+000 -2.5457e+000 -2.7960e+000
50506 +1.219507553e-005 +1.219507553e-005 +1.536001220e+001 +1.536001220e+001 +1.7696e+000 +1.6431e+000 -3.0703e+000 -2.5456e+000 -2.7960e+000
50682 +7.394734169e-006 +7.394734169e-006 +1.536000739e+001 +1.536000739e+001 +1.7695e+000 +1.6431e+000 -3.0705e+000 -2.5456e+000 -2.7960e+000
50785 +5.260180963e-006 +5.260180963e-006 +1.536000526e+001 +1.536000526e+001 +1.7697e+000 +1.6431e+000 -3.0704e+000 -2.5456e+000 -2.7960e+000
50881 +4.815138173e-007 +4.815138173e-007 +1.536000048e+001 +1.536000048e+001 +1.7696e+000 +1.6432e+000 -3.0704e+000 -2.5456e+000 -2.7960e+000
51247 +3.878633805e-007 +3.878633805e-007 +1.536000039e+001 +1.536000039e+001 +1.7696e+000 +1.6432e+000 -3.0704e+000 -2.5456e+000 -2.7960e+000
51438 +2.446997733e-007 +2.446997733e-007 +1.536000024e+001 +1.536000024e+001 +1.7696e+000 +1.6432e+000 -3.0704e+000 -2.5456e+000 -2.7960e+000
51487 +1.553993734e-007 +1.553993734e-007 +1.536000016e+001 +1.536000016e+001 +1.7696e+000 +1.6432e+000 -3.0704e+000 -2.5456e+000 -2.7960e+000
51720 +6.990322987e-008 +6.990322987e-008 +1.536000007e+001 +1.536000007e+001 +1.7696e+000 +1.6432e+000 -3.0704e+000 -2.5456e+000 -2.7960e+000
51812 +1.779914172e-008 +1.779914172e-008 +1.536000002e+001 +1.536000002e+001 +1.7696e+000 +1.6432e+000 -3.0704e+000 -2.5456e+000 -2.7960e+000
51959 +1.239329883e-008 +1.239329883e-008 +1.536000001e+001 +1.536000001e+001 +1.7696e+000 +1.6432e+000 -3.0704e+000 -2.5456e+000 -2.7960e+000
52150 +9.569257386e-009 +9.569257386e-009 +1.536000001e+001 +1.536000001e+001 +1.7696e+000 +1.6432e+000 -3.0704e+000 -2.5456e+000 -2.7960e+000
