% function evaluation | noise-free fitness - Fopt (-1.694000000000e+001) | best noise-free fitness - Fopt | measured fitness | best measured fitness | x1 | x2...
1 +7.494973411e+001 +7.494973411e+001 +5.800973411e+001 +5.800973411e+001 -2.9602e+000 +3.4279e+000 -2.1569e+000 -3.4452e+000 -2.1990e+000 +2.1270e+000 +1.2544e+000 -3.1486e-001 -4.6333e+000 +2.2044e+000
3 +2.708865145e+001 +2.708865145e+001 +1.014865145e+001 +1.014865145e+001 +2.6638e+000 +1.8046e+000 +4.0423e+000 -4.4140e+000 -3.1909e+000 -1.6392e+000 -3.2739e-001 -3.2845e+000 +2.7866e+000 -3.0839e+000
14 +2.199014563e+001 +2.199014563e+001 +5.050145629e+000 +5.050145629e+000 +2.4326e+000 +2.0332e+000 -3.1359e+000 -5.5390e-001 -1.6361e+000 +8.6365e-001 -2.2642e-001 -3.9460e+000 +2.4077e+000 -8.7126e-001
21 +1.537629981e+001 +1.537629981e+001 -1.563700191e+000 -1.563700191e+000 +3.1142e+000 +1.8504e+000 +4.2138e+000 +2.1912e-001 +1.0660e+000 -4.1259e+000 +2.8669e+000 -2.5267e+000 +1.5592e+000 +7.7723e-001
172 +6.989497931e+000 +6.989497931e+000 -9.950502069e+000 -9.950502069e+000 +2.3981e+000 +2.3851e+000 +1.2796e+000 +3.0240e-001 +8.0664e-001 -4.1360e+000 +3.4674e+000 -4.0789e+000 +2.0496e+000 -2.8125e+000
198 +5.997957638e+000 +5.997957638e+000 -1.094204236e+001 -1.094204236e+001 +4.5825e+000 +3.4756e+000 +3.4484e+000 +1.2508e+000 -1.1657e-001 -3.4976e+000 +4.0036e+000 -1.3603e+000 +5.4240e-001 -1.7975e+000
382 +3.895715180e+000 +3.895715180e+000 -1.304428482e+001 -1.304428482e+001 +3.7399e+000 +1.0879e+000 -1.4808e+000 +2.5381e-001 +1.7630e+000 -2.9005e+000 +2.7554e+000 -1.6565e+000 -8.7706e-001 -1.7635e+000
680 +2.397156582e+000 +2.397156582e+000 -1.454284342e+001 -1.454284342e+001 +4.6528e+000 +2.4155e+000 -9.2596e-001 +1.0755e+000 -4.8889e-001 -1.8143e+000 +3.0405e+000 -2.1251e+000 -6.9987e-001 -2.2086e+000
935 +1.575728919e+000 +1.575728919e+000 -1.536427108e+001 -1.536427108e+001 +3.9714e+000 +2.6087e+000 -5.7839e-001 +1.0182e+000 -1.3101e-001 -1.4588e+000 +3.0554e+000 -1.4123e+000 -9.2819e-001 -2.2068e+000
6394 +9.199986051e-001 +9.199986051e-001 -1.602000139e+001 -1.602000139e+001 +3.9009e+000 +2.0837e+000 -1.0408e+000 +8.2147e-001 +1.6706e+000 -1.6804e+000 +4.1263e+000 -1.9826e+000 +2.1705e-001 -1.6212e+000
7175 +5.992179393e-001 +5.992179393e-001 -1.634078206e+001 -1.634078206e+001 +3.5690e+000 +2.5492e+000 -1.0292e+000 +1.8537e+000 +1.3776e+000 -2.0853e+000 +3.6632e+000 -2.4347e+000 -2.0701e-001 -2.2173e+000
7458 +3.474369030e-001 +3.474369030e-001 -1.659256310e+001 -1.659256310e+001 +3.5578e+000 +2.5845e+000 -1.4885e+000 +1.5684e+000 +1.5341e+000 -2.0055e+000 +3.5655e+000 -2.4062e+000 -5.0157e-001 -2.1103e+000
7643 +2.488642691e-001 +2.488642691e-001 -1.669113573e+001 -1.669113573e+001 +3.5089e+000 +2.5810e+000 -1.4519e+000 +1.5653e+000 +1.6061e+000 -1.9517e+000 +3.6246e+000 -2.3149e+000 -4.1198e-001 -2.1899e+000
33068 +1.480790315e-001 +1.480790315e-001 -1.679192097e+001 -1.679192097e+001 +3.6721e+000 +2.5237e+000 -1.6308e+000 +1.4187e+000 +1.3799e+000 -1.9361e+000 +3.4594e+000 -2.4355e+000 -4.3633e-001 -2.0489e+000
33475 +9.864961971e-002 +9.864961971e-002 -1.684135038e+001 -1.684135038e+001 +3.6554e+000 +2.5155e+000 -1.4761e+000 +1.4238e+000 +1.3820e+000 -1.9142e+000 +3.4478e+000 -2.4327e+000 -4.0355e-001 -2.0310e+000
34492 +5.560784309e-002 +5.560784309e-002 -1.688439216e+001 -1.688439216e+001 +3.6703e+000 +2.5463e+000 -1.4963e+000 +1.5019e+000 +1.3739e+000 -1.9080e+000 +3.4660e+000 -2.3594e+000 -3.9881e-001 -2.0437e+000
35022 +3.848583564e-002 +3.848583564e-002 -1.690151416e+001 -1.690151416e+001 +3.6543e+000 +2.5457e+000 -1.4779e+000 +1.4708e+000 +1.3750e+000 -1.9056e+000 +3.4766e+000 -2.3999e+000 -3.7459e-001 -2.0117e+000
35872 +2.465070299e-002 +2.465070299e-002 -1.691534930e+001 -1.691534930e+001 +3.6507e+000 +2.5359e+000 -1.4605e+000 +1.4803e+000 +1.3698e+000 -1.9058e+000 +3.4850e+000 -2.3954e+000 -3.5861e-001 -2.0077e+000
58751 +1.547583530e-002 +1.547583530e-002 -1.692452416e+001 -1.692452416e+001 +3.5871e+000 +2.5644e+000 -1.0623e+000 +1.6449e+000 +1.2849e+000 -1.8610e+000 +3.5835e+000 -2.2279e+000 -2.6967e-001 -2.1139e+000
75605 +9.615987531e-003 +9.615987531e-003 -1.693038401e+001 -1.693038401e+001 +3.6489e+000 +2.5456e+000 -1.5422e+000 +1.4694e+000 +1.4043e+000 -1.9040e+000 +3.4962e+000 -2.3532e+000 -3.8946e-001 -2.0386e+000
78215 +5.365401958e-003 +5.365401958e-003 -1.693463460e+001 -1.693463460e+001 +3.6563e+000 +2.5492e+000 -1.5331e+000 +1.4714e+000 +1.3996e+000 -1.9072e+000 +3.5023e+000 -2.3541e+000 -3.8715e-001 -2.0331e+000
78324 +3.858710352e-003 +3.858710352e-003 -1.693614129e+001 -1.693614129e+001 +3.6579e+000 +2.5508e+000 -1.5289e+000 +1.4711e+000 +1.3967e+000 -1.9068e+000 +3.5016e+000 -2.3529e+000 -3.8688e-001 -2.0335e+000
% function evaluation | noise-free fitness - Fopt (1.881000000000e+001) | best noise-free fitness - Fopt | measured fitness | best measured fitness | x1 | x2...
1 +2.795493006e+001 +2.795493006e+001 +4.676493006e+001 +4.676493006e+001 +3.2735e+000 -8.5031e-001 -3.2019e+000 +1.9999e+000 -4.8922e+000 -2.8964e+000 +4.2605e+000 +1.5110e+000 -2.4294e+000 -3.3787e+000
6 +1.209328985e+001 +1.209328985e+001 +3.090328985e+001 +3.090328985e+001 -1.5312e+000 -2.8887e+000 +4.6384e+000 -2.4189e+000 +2.7850e+000 -2.9075e+000 -8.1550e-001 -2.3332e+000 +5.4555e-001 -1.0413e+000
97 +8.517422491e+000 +8.517422491e+000 +2.732742249e+001 +2.732742249e+001 +2.3426e+000 +3.2012e+000 +8.5607e-001 -5.6554e-001 +1.2089e-002 -2.8982e-001 -2.0943e+000 +1.2003e+000 +8.9126e-001 +2.4568e+000
349 +6.005926375e+000 +6.005926375e+000 +2.481592637e+001 +2.481592637e+001 +2.9578e+000 +4.1074e+000 +3.7565e+000 -2.9854e+000 +1.8464e+000 -3.4029e-002 -1.9520e+000 +3.5087e+000 +3.5224e-001 +5.2827e+000
2544 +3.360246676e+000 +3.360246676e+000 +2.217024668e+001 +2.217024668e+001 +4.8004e-001 +2.3253e+000 -1.2411e+000 +4.3923e-001 +1.0720e+000 -2.1163e+000 +2.0216e+000 +5.9151e-001 -2.5022e+000 +3.2682e+000
3050 +2.383438366e+000 +2.383438366e+000 +2.119343837e+001 +2.119343837e+001 +3.1012e-001 +3.2600e+000 -1.0755e+000 +2.7813e-001 +1.6128e+000 -2.8553e+000 +1.4910e+000 +8.5338e-001 +4.6392e-001 +3.2070e+000
8556 +1.567543835e+000 +1.567543835e+000 +2.037754384e+001 +2.037754384e+001 -3.9969e-002 +1.7122e+000 -4.1658e-001 -6.0282e-001 +2.0609e+000 -3.3511e+000 +1.0272e-001 +7.4769e-002 +8.5002e-001 +2.4944e+000
8649 +9.608057010e-001 +9.608057010e-001 +1.977080570e+001 +1.977080570e+001 -3.9969e-002 +2.1515e+000 -4.1658e-001 -1.8718e-001 +2.0609e+000 -3.1098e+000 +1.0272e-001 +8.2858e-001 +4.0226e-001 +2.9928e+000
15440 +5.056825001e-001 +5.056825001e-001 +1.931568250e+001 +1.931568250e+001 -3.1405e-001 +1.6963e+000 -5.1692e-001 -4.1685e-001 +1.5415e+000 -2.9642e+000 +1.5867e-001 +2.7062e-001 +7.0127e-001 +2.9362e+000
23000 +3.557917865e-001 +3.557917865e-001 +1.916579179e+001 +1.916579179e+001 -2.2638e-001 +1.6214e+000 -9.1049e-001 -9.6242e-002 +1.6993e+000 -3.3268e+000 +4.1828e-002 +5.5901e-001 +4.6491e-001 +2.7883e+000
23499 +2.406339523e-001 +2.406339523e-001 +1.905063395e+001 +1.905063395e+001 -2.5069e-001 +1.8124e+000 -9.1594e-001 -6.3013e-002 +1.7229e+000 -3.4716e+000 -1.0755e-002 +5.0853e-001 +4.2619e-001 +2.6704e+000
24131 +1.584435555e-001 +1.584435555e-001 +1.896844356e+001 +1.896844356e+001 -1.7132e-001 +1.8484e+000 -7.9163e-001 -7.6412e-002 +1.8028e+000 -3.2867e+000 +2.0374e-001 +4.8060e-001 +3.4205e-001 +2.5765e+000
50391 +9.960613732e-002 +9.960613732e-002 +1.890960614e+001 +1.890960614e+001 -1.5303e-001 +1.8401e+000 -8.1424e-001 -3.3054e-003 +1.6941e+000 -3.1962e+000 +2.3396e-001 +4.0735e-001 +3.1124e-001 +2.6941e+000
50662 +6.155146838e-002 +6.155146838e-002 +1.887155147e+001 +1.887155147e+001 -1.7453e-001 +1.8422e+000 -8.1656e-001 -2.8753e-002 +1.6831e+000 -3.2136e+000 +2.5285e-001 +4.1926e-001 +3.2775e-001 +2.6640e+000
92470 +3.714391447e-002 +3.714391447e-002 +1.884714391e+001 +1.884714391e+001 -2.0479e-001 +1.7701e+000 -8.2746e-001 -3.4163e-002 +1.6515e+000 -3.2509e+000 +1.9939e-001 +3.6633e-001 +3.1640e-001 +2.6865e+000
92879 +2.160382267e-002 +2.160382267e-002 +1.883160382e+001 +1.883160382e+001 -2.1052e-001 +1.7663e+000 -8.1944e-001 -3.7803e-002 +1.6572e+000 -3.2512e+000 +2.0354e-001 +3.6807e-001 +3.2340e-001 +2.6870e+000
93310 +1.550371415e-002 +1.550371415e-002 +1.882550371e+001 +1.882550371e+001 -2.0168e-001 +1.7653e+000 -8.1635e-001 -4.0556e-002 +1.6533e+000 -3.2502e+000 +2.0254e-001 +3.6731e-001 +3.2670e-001 +2.6894e+000
95146 +9.226801759e-003 +9.226801759e-003 +1.881922680e+001 +1.881922680e+001 -2.0360e-001 +1.7635e+000 -8.1592e-001 -3.9341e-002 +1.6542e+000 -3.2506e+000 +2.0269e-001 +3.6698e-001 +3.2513e-001 +2.6879e+000
664980 +6.269036751e-003 +6.269036751e-003 +1.881626904e+001 +1.881626904e+001 -1.9046e-001 +1.7867e+000 -8.2100e-001 -3.3573e-002 +1.6720e+000 -3.2463e+000 +2.0876e-001 +3.7901e-001 +3.6412e-001 +2.6812e+000
665697 +2.785023043e-003 +2.785023043e-003 +1.881278502e+001 +1.881278502e+001 -1.9129e-001 +1.7823e+000 -8.2323e-001 -3.4085e-002 +1.6711e+000 -3.2432e+000 +2.0973e-001 +3.7946e-001 +3.6129e-001 +2.6841e+000
1146593 +2.410996078e-003 +2.410996078e-003 +1.881241100e+001 +1.881241100e+001 -1.9108e-001 +1.7826e+000 -8.2355e-001 -3.3004e-002 +1.6721e+000 -3.2451e+000 +2.0799e-001 +3.8261e-001 +3.6113e-001 +2.6835e+000
% function evaluation | noise-free fitness - Fopt (2.731500000000e+002) | best noise-free fitness - Fopt | measured fitness | best measured fitness | x1 | x2...
1 +2.997248961e+001 +2.997248961e+001 +3.031224896e+002 +3.031224896e+002 -2.7830e+000 -3.2223e+000 -2.7961e+000 +2.5677e+000 +3.0611e+000 +3.8770e+000 +4.2613e-001 -1.3790e+000 +5.7058e-001 +2.4429e+000
4 +2.282308064e+001 +2.282308064e+001 +2.959730806e+002 +2.959730806e+002 -1.7210e+000 +2.9618e+000 -3.1417e+000 -1.8890e+000 +4.8368e+000 +1.8911e+000 +5.4817e-001 -3.8018e+000 -3.0573e+000 +3.2407e+000
8 +1.543418757e+001 +1.543418757e+001 +2.885841876e+002 +2.885841876e+002 -2.6552e-001 +4.0855e+000 -2.2560e+000 +2.3719e+000 -3.8525e-001 -1.3852e+000 -4.6756e+000 +1.7747e+000 -8.8107e-001 +4.5548e+000
12 +9.736520395e+000 +9.736520395e+000 +2.828865204e+002 +2.828865204e+002 -3.2386e+000 +1.6032e+000 +1.4731e+000 +4.1714e+000 +3.5849e+000 -3.8631e+000 -4.5403e-001 +2.7401e+000 -2.3917e+000 +4.6027e+000
254 +5.933063751e+000 +5.933063751e+000 +2.790830638e+002 +2.790830638e+002 -4.1682e+000 +2.8637e+000 +1.0192e+000 +4.0210e+000 -1.4942e-001 -3.6669e+000 +1.2940e+000 -8.9178e-001 -1.5464e+000 +4.9753e+000
664 +3.904936373e+000 +3.904936373e+000 +2.770549364e+002 +2.770549364e+002 -4.4955e+000 +4.0930e+000 -2.2097e+000 +3.4602e+000 +1.3098e+000 -3.5979e+000 -1.0006e+000 -1.1874e+000 -3.6265e+000 +4.9081e+000
1329 +2.348714338e+000 +2.348714338e+000 +2.754987143e+002 +2.754987143e+002 -3.4890e+000 +4.4006e+000 -8.3502e-001 +3.5558e+000 +1.7207e+000 -3.3225e+000 -3.1991e-001 -6.1588e-001 -1.1372e+000 +3.6078e+000
1925 +1.407946678e+000 +1.407946678e+000 +2.745579467e+002 +2.745579467e+002 -3.9459e+000 +3.7201e+000 -6.7445e-001 +2.6168e+000 +4.8194e-001 -3.4440e+000 -9.2277e-001 -1.2459e+000 -2.1284e+000 +4.1121e+000
2687 +8.866699174e-001 +8.866699174e-001 +2.740366699e+002 +2.740366699e+002 -3.2883e+000 +3.8111e+000 -5.2678e-001 +2.2384e+000 +1.7584e+000 -3.5279e+000 -1.0374e+000 -1.0117e+000 -1.4436e+000 +3.6779e+000
3226 +6.077774245e-001 +6.077774245e-001 +2.737577774e+002 +2.737577774e+002 -3.4038e+000 +3.9714e+000 -9.7762e-001 +2.4009e+000 +2.0632e+000 -3.6580e+000 -9.2633e-001 -1.0244e+000 -1.8361e+000 +3.5705e+000
3871 +2.812117394e-001 +2.812117394e-001 +2.734312117e+002 +2.734312117e+002 -3.4000e+000 +3.8454e+000 -6.3692e-001 +2.5411e+000 +1.9985e+000 -3.9796e+000 -8.4420e-001 -1.0067e+000 -1.9559e+000 +3.3766e+000
4205 +2.257470323e-001 +2.257470323e-001 +2.733757470e+002 +2.733757470e+002 -3.3982e+000 +3.7634e+000 -5.7231e-001 +2.6426e+000 +1.9823e+000 -4.0933e+000 -8.3582e-001 -1.0333e+000 -2.0892e+000 +3.2538e+000
5256 +1.524099967e-001 +1.524099967e-001 +2.733024100e+002 +2.733024100e+002 -3.4219e+000 +3.8429e+000 -6.1630e-001 +2.6675e+000 +2.1208e+000 -3.9524e+000 -9.0826e-001 -9.9116e-001 -2.0437e+000 +3.2095e+000
6041 +9.426591954e-002 +9.426591954e-002 +2.732442659e+002 +2.732442659e+002 -3.4222e+000 +3.9042e+000 -6.2736e-001 +2.5918e+000 +2.1348e+000 -3.9216e+000 -9.2733e-001 -9.8512e-001 -1.9804e+000 +3.2251e+000
86289 +6.161527442e-002 +6.161527442e-002 +2.732116153e+002 +2.732116153e+002 -3.5900e+000 +3.7922e+000 -4.8309e-001 +2.5827e+000 +1.9984e+000 -3.9203e+000 -1.0289e+000 -1.1025e+000 -1.9656e+000 +3.1956e+000
86946 +3.810389097e-002 +3.810389097e-002 +2.731881039e+002 +2.731881039e+002 -3.6011e+000 +3.7761e+000 -4.9242e-001 +2.5564e+000 +2.0171e+000 -3.9292e+000 -1.0476e+000 -1.0652e+000 -1.9577e+000 +3.1966e+000
87621 +2.388156882e-002 +2.388156882e-002 +2.731738816e+002 +2.731738816e+002 -3.5588e+000 +3.7624e+000 -4.8350e-001 +2.5581e+000 +2.0342e+000 -3.9123e+000 -1.0468e+000 -1.0681e+000 -1.9526e+000 +3.1814e+000
88141 +1.365821500e-002 +1.365821500e-002 +2.731636582e+002 +2.731636582e+002 -3.5725e+000 +3.7513e+000 -4.7562e-001 +2.5672e+000 +2.0067e+000 -3.9096e+000 -1.0348e+000 -1.0710e+000 -1.9651e+000 +3.1893e+000
88231 +8.415558951e-003 +8.415558951e-003 +2.731584156e+002 +2.731584156e+002 -3.5760e+000 +3.7564e+000 -4.7598e-001 +2.5643e+000 +2.0117e+000 -3.9144e+000 -1.0333e+000 -1.0688e+000 -1.9639e+000 +3.1887e+000
88974 +6.127369802e-003 +6.127369802e-003 +2.731561274e+002 +2.731561274e+002 -3.5756e+000 +3.7524e+000 -4.7816e-001 +2.5682e+000 +2.0068e+000 -3.9154e+000 -1.0345e+000 -1.0755e+000 -1.9702e+000 +3.1869e+000
90027 +3.743963900e-003 +3.743963900e-003 +2.731537440e+002 +2.731537440e+002 -3.5795e+000 +3.7523e+000 -4.7814e-001 +2.5701e+000 +2.0111e+000 -3.9154e+000 -1.0356e+000 -1.0695e+000 -1.9685e+000 +3.1875e+000
90490 +2.222179165e-003 +2.222179165e-003 +2.731522222e+002 +2.731522222e+002 -3.5778e+000 +3.7507e+000 -4.7880e-001 +2.5700e+000 +2.0062e+000 -3.9143e+000 -1.0328e+000 -1.0715e+000 -1.9695e+000 +3.1868e+000
91673 +1.382869709e-003 +1.382869709e-003 +2.731513829e+002 +2.731513829e+002 -3.5781e+000 +3.7525e+000 -4.7846e-001 +2.5697e+000 +2.0063e+000 -3.9148e+000 -1.0327e+000 -1.0710e+000 -1.9707e+000 +3.1882e+000
92776 +9.247272941e-004 +9.247272941e-004 +2.731509247e+002 +2.731509247e+002 -3.5780e+000 +3.7525e+000 -4.7834e-001 +2.5697e+000 +2.0063e+000 -3.9148e+000 -1.0326e+000 -1.0711e+000 -1.9708e+000 +3.1879e+000
94626 +6.260807873e-004 +6.260807873e-004 +2.731506261e+002 +2.731506261e+002 -3.5780e+000 +3.7526e+000 -4.7841e-001 +2.5699e+000 +2.0061e+000 -3.9148e+000 -1.0326e+000 -1.0711e+000 -1.9706e+000 +3.1877e+000
% function evaluation | noise-free fitness - Fopt (3.718000000000e+001) | best noise-free fitness - Fopt | measured fitness | best measured fitness | x1 | x2...
1 +4.221987138e+001 +4.221987138e+001 +7.939987138e+001 +7.939987138e+001 +2.6932e+000 -2.7097e+000 -1.9520e+000 -9.5258e-001 +4.0754e+000 -4.6164e-001 -2.8791e+000 +2.5479e+000 -3.8346e+000 +3.5312e+000
3 +1.975165312e+001 +1.975165312e+001 +5.693165312e+001 +5.693165312e+001 +1.6960e+000 +3.9639e+000 +2.0283e+000 +1.4530e+000 -6.5039e-001 -4.3944e+000 +2.4742e+000 -2.0818e+000 -1.9731e-001 -4.0308e+000
31 +1.160466842e+001 +1.160466842e+001 +4.878466842e+001 +4.878466842e+001 -6.5564e-001 +2.8234e+000 +1.3250e+000 -2.7019e-001 +1.1935e+000 +3.2938e+000 -1.3528e+000 -4.6794e+000 -1.5018e+000 -5.0126e-001
113 +6.816820825e+000 +6.816820825e+000 +4.399682083e+001 +4.399682083e+001 -4.3544e+000 +1.7811e-001 +3.3003e+000 +1.3384e+000 -2.5054e+000 -1.7976e-001 -1.5967e+000 -3.8047e+000 -3.9084e+000 +2.9894e-003
540 +4.644666536e+000 +4.644666536e+000 +4.182466654e+001 +4.182466654e+001 -5.0799e+000 +6.5393e-001 +3.8576e+000 +1.8638e+000 -2.9234e+000 -1.1116e-001 -1.9741e+000 -4.1290e+000 -4.6206e+000 +4.9035e-001
984 +3.577457728e+000 +3.577457728e+000 +4.075745773e+001 +4.075745773e+001 -4.4190e+000 +2.3403e+000 +3.6454e+000 +1.7463e+000 -3.5171e+000 -3.0241e-001 -1.9223e+000 -3.2685e+000 -5.2746e-001 +3.7749e+000
1355 +2.127762337e+000 +2.127762337e+000 +3.930776234e+001 +3.930776234e+001 -3.1852e+000 +2.6279e+000 +2.5842e+000 +1.2430e+000 -3.7555e+000 +3.5218e-001 -8.1396e-001 -4.2466e+000 -1.3074e+000 +3.7905e+000
3674 +1.344414381e+000 +1.344414381e+000 +3.852441438e+001 +3.852441438e+001 -3.6100e+000 +2.9645e+000 +1.5394e+000 +1.7037e+000 -3.3228e+000 -1.4689e+000 +8.2608e-001 -3.6393e+000 -1.9717e+000 +2.8062e+000
3964 +9.902740781e-001 +9.902740781e-001 +3.817027408e+001 +3.817027408e+001 -3.9175e+000 +2.0099e+000 +2.1515e+000 +2.1398e+000 -3.1061e+000 -1.2868e+000 +4.5615e-001 -3.5366e+000 -1.7652e+000 +2.8070e+000
4744 +5.462873022e-001 +5.462873022e-001 +3.772628730e+001 +3.772628730e+001 -3.6016e+000 +2.2228e+000 +1.9758e+000 +1.7857e+000 -3.0485e+000 -1.0962e+000 +2.5693e-001 -3.3746e+000 -1.9209e+000 +2.7057e+000
5363 +3.807043105e-001 +3.807043105e-001 +3.756070431e+001 +3.756070431e+001 -3.5899e+000 +2.1980e+000 +2.0582e+000 +1.7833e+000 -3.1173e+000 -9.4176e-001 +2.9112e-001 -3.3690e+000 -1.6765e+000 +2.8044e+000
17414 +2.459018942e-001 +2.459018942e-001 +3.742590189e+001 +3.742590189e+001 -3.9336e+000 +2.1524e+000 +2.0742e+000 +1.6873e+000 -3.5082e+000 -1.3249e+000 +2.2156e-001 -3.3396e+000 -1.8720e+000 +3.0270e+000
17890 +1.374908303e-001 +1.374908303e-001 +3.731749083e+001 +3.731749083e+001 -3.9041e+000 +2.0804e+000 +2.0561e+000 +1.6628e+000 -3.4990e+000 -1.2352e+000 +2.5242e-001 -3.3532e+000 -1.7593e+000 +3.0490e+000
18267 +8.458417562e-002 +8.458417562e-002 +3.726458418e+001 +3.726458418e+001 -3.8952e+000 +2.0678e+000 +2.0481e+000 +1.6511e+000 -3.5094e+000 -1.2465e+000 +2.4642e-001 -3.3548e+000 -1.7592e+000 +3.0469e+000
18599 +6.110316455e-002 +6.110316455e-002 +3.724110316e+001 +3.724110316e+001 -3.8891e+000 +2.0951e+000 +2.0731e+000 +1.5853e+000 -3.5276e+000 -1.2579e+000 +3.2374e-001 -3.3534e+000 -1.7381e+000 +3.0598e+000
19853 +3.923503782e-002 +3.923503782e-002 +3.721923504e+001 +3.721923504e+001 -3.8879e+000 +2.0966e+000 +2.0810e+000 +1.5642e+000 -3.5388e+000 -1.2502e+000 +3.7171e-001 -3.3479e+000 -1.7216e+000 +3.0651e+000
21318 +2.443326467e-002 +2.443326467e-002 +3.720443326e+001 +3.720443326e+001 -3.8884e+000 +2.0836e+000 +2.0392e+000 +1.5931e+000 -3.5351e+000 -1.2522e+000 +3.7104e-001 -3.3393e+000 -1.7465e+000 +3.0623e+000
266223 +1.336950724e-002 +1.336950724e-002 +3.719336951e+001 +3.719336951e+001 -3.9058e+000 +2.0655e+000 +2.0455e+000 +1.6049e+000 -3.5333e+000 -1.2578e+000 +3.4888e-001 -3.3703e+000 -1.7737e+000 +3.0296e+000
266668 +9.229993601e-003 +9.229993601e-003 +3.718922999e+001 +3.718922999e+001 -3.9015e+000 +2.0614e+000 +2.0391e+000 +1.6102e+000 -3.5366e+000 -1.2603e+000 +3.5374e-001 -3.3725e+000 -1.7756e+000 +3.0306e+000
267076 +4.711484960e-003 +4.711484960e-003 +3.718471148e+001 +3.718471148e+001 -3.9006e+000 +2.0590e+000 +2.0396e+000 +1.6106e+000 -3.5365e+000 -1.2585e+000 +3.5226e-001 -3.3748e+000 -1.7755e+000 +3.0308e+000
819799 +3.980912825e-003 +3.980912825e-003 +3.718398091e+001 +3.718398091e+001 -3.9016e+000 +2.0770e+000 +2.0545e+000 +1.5960e+000 -3.5377e+000 -1.2528e+000 +3.5466e-001 -3.3690e+000 -1.7704e+000 +3.0463e+000
% function evaluation | noise-free fitness - Fopt (-1.479000000000e+002) | best noise-free fitness - Fopt | measured fitness | best measured fitness | x1 | x2...
1 +1.443124523e+001 +1.443124523e+001 -1.334687548e+002 -1.334687548e+002 -3.4278e-001 -4.3643e-001 -9.7315e-001 +1.2414e+000 +1.2486e+000 +2.3668e-001 +2.1631e+000 -1.9717e+000 +3.8577e+000 +8.1486e-001
40 +9.515302690e+000 +9.515302690e+000 -1.383846973e+002 -1.383846973e+002 +1.6202e+000 +1.3512e+000 +4.6354e+000 -2.3720e+000 +4.0956e+000 +3.2773e+000 -4.5943e+000 -4.4240e+000 -2.2153e+000 +2.6089e+000
54 +5.831611845e+000 +5.831611845e+000 -1.420683882e+002 -1.420683882e+002 -1.4716e+000 +3.5230e+000 +3.6989e+000 -1.9474e+000 +1.4431e+000 +1.6086e+000 -1.0495e+000 -3.6409e+000 +1.0221e+000 +2.2248e-001
488 +3.542061606e+000 +3.542061606e+000 -1.443579384e+002 -1.443579384e+002 -3.4974e-001 +1.4753e+000 +2.4329e+000 -2.3129e+000 +1.1309e-002 +1.3219e+000 -1.2369e+000 -3.2838e+000 -1.3935e+000 +6.6526e-001
779 +1.936005979e+000 +1.936005979e+000 -1.459639940e+002 -1.459639940e+002 -2.0140e+000 +6.8953e-001 +9.7241e-001 -1.2282e+000 -3.3759e+000 +1.0547e+000 -2.3138e+000 -1.9019e+000 -3.8624e+000 +1.1731e+000
1296 +1.348090525e+000 +1.348090525e+000 -1.465519095e+002 -1.465519095e+002 -2.0134e+000 +8.8685e-001 +1.4541e+000 -1.4879e+000 -3.3034e+000 +1.0045e+000 -2.2211e+000 -1.4097e+000 -3.1988e+000 +1.3461e+000
1707 +8.000804573e-001 +8.000804573e-001 -1.470999195e+002 -1.470999195e+002 -2.0432e+000 +5.7503e-001 +1.6522e+000 -1.6476e+000 -3.6247e+000 +1.1097e+000 -2.2449e+000 -1.5012e+000 -3.4183e+000 +1.4823e+000
4418 +4.968060997e-001 +4.968060997e-001 -1.474031939e+002 -1.474031939e+002 -1.6265e+000 -1.0544e-001 +1.2856e+000 -1.7527e+000 -2.8137e+000 +1.1865e+000 -1.4974e+000 -2.2417e+000 -3.8416e+000 +1.7644e+000
5529 +3.973353756e-001 +3.973353756e-001 -1.475026646e+002 -1.475026646e+002 -1.6059e+000 -2.4581e-002 +1.2918e+000 -1.7078e+000 -2.7929e+000 +1.2281e+000 -1.5226e+000 -2.1901e+000 -3.8080e+000 +1.7491e+000
8472 +2.398777953e-001 +2.398777953e-001 -1.476601222e+002 -1.476601222e+002 -1.7682e+000 -1.9539e-002 +1.3182e+000 -2.0228e+000 -3.1540e+000 +1.6692e+000 -1.5601e+000 -2.2023e+000 -3.8103e+000 +1.8186e+000
48053 +1.442380440e-001 +1.442380440e-001 -1.477557620e+002 -1.477557620e+002 -1.4891e+000 +1.4437e-001 +1.1350e+000 -2.0958e+000 -3.2345e+000 +1.5087e+000 -1.6080e+000 -2.3248e+000 -3.7202e+000 +1.5241e+000
102719 +9.535501771e-002 +9.535501771e-002 -1.478046450e+002 -1.478046450e+002 -1.7123e+000 +1.0542e-001 +1.1427e+000 -2.0034e+000 -3.0745e+000 +1.5088e+000 -1.5772e+000 -2.2593e+000 -3.7674e+000 +1.6768e+000
144411 +4.647245022e-002 +4.647245022e-002 -1.478535275e+002 -1.478535275e+002 -1.7692e+000 -3.8269e-002 +1.0589e+000 -2.0858e+000 -3.4670e+000 +1.4836e+000 -1.6422e+000 -2.3888e+000 -4.0504e+000 +1.9801e+000
191228 +3.679595400e-002 +3.679595400e-002 -1.478632040e+002 -1.478632040e+002 -1.6771e+000 +1.4952e-001 +1.1758e+000 -1.9808e+000 -3.0928e+000 +1.4535e+000 -1.6054e+000 -2.2634e+000 -3.7008e+000 +1.7066e+000
663064 +2.185291372e-002 +2.185291372e-002 -1.478781471e+002 -1.478781471e+002 -1.6681e+000 +1.2757e-001 +1.1273e+000 -2.0133e+000 -3.1048e+000 +1.4587e+000 -1.5998e+000 -2.2674e+000 -3.7425e+000 +1.7368e+000
663887 +1.398854964e-002 +1.398854964e-002 -1.478860115e+002 -1.478860115e+002 -1.6688e+000 +1.3907e-001 +1.1358e+000 -2.0175e+000 -3.1096e+000 +1.4651e+000 -1.5987e+000 -2.2591e+000 -3.7336e+000 +1.7360e+000
664051 +9.572286937e-003 +9.572286937e-003 -1.478904277e+002 -1.478904277e+002 -1.6695e+000 +1.3585e-001 +1.1353e+000 -2.0185e+000 -3.1140e+000 +1.4700e+000 -1.5986e+000 -2.2606e+000 -3.7389e+000 +1.7372e+000
664899 +5.860665348e-003 +5.860665348e-003 -1.478941393e+002 -1.478941393e+002 -1.6698e+000 +1.3587e-001 +1.1368e+000 -2.0157e+000 -3.1103e+000 +1.4701e+000 -1.5972e+000 -2.2603e+000 -3.7407e+000 +1.7365e+000
665644 +3.501983970e-003 +3.501983970e-003 -1.478964980e+002 -1.478964980e+002 -1.6698e+000 +1.3576e-001 +1.1370e+000 -2.0151e+000 -3.1084e+000 +1.4658e+000 -1.5963e+000 -2.2600e+000 -3.7384e+000 +1.7361e+000
665992 +1.732339218e-003 +1.732339218e-003 -1.478982677e+002 -1.478982677e+002 -1.6712e+000 +1.3559e-001 +1.1375e+000 -2.0143e+000 -3.1092e+000 +1.4666e+000 -1.5963e+000 -2.2603e+000 -3.7398e+000 +1.7364e+000
666317 +1.462392701e-003 +1.462392701e-003 -1.478985376e+002 -1.478985376e+002 -1.6707e+000 +1.3517e-001 +1.1375e+000 -2.0150e+000 -3.1097e+000 +1.4660e+000 -1.5959e+000 -2.2595e+000 -3.7396e+000 +1.7358e+000
666709 +9.068910710e-004 +9.068910710e-004 -1.478990931e+002 -1.478990931e+002 -1.6707e+000 +1.3543e-001 +1.1373e+000 -2.0143e+000 -3.1098e+000 +1.4657e+000 -1.5961e+000 -2.2592e+000 -3.7397e+000 +1.7353e+000
667250 +6.204371143e-004 +6.204371143e-004 -1.478993796e+002 -1.478993796e+002 -1.6706e+000 +1.3548e-001 +1.1374e+000 -2.0145e+000 -3.1095e+000 +1.4658e+000 -1.5954e+000 -2.2595e+000 -3.7396e+000 +1.7354e+000
% function evaluation | noise-free fitness - Fopt (1.162600000000e+002) | best noise-free fitness - Fopt | measured fitness | best measured fitness | x1 | x2...
1 +2.672282089e+001 +2.672282089e+001 +1.429828209e+002 +1.429828209e+002 -1.9280e+000 -4.4719e-001 +4.4841e+000 +3.3181e-001 -4.0383e+000 -8.6132e-002 -7.1942e-001 +9.6675e-001 +2.3360e+000 +3.5048e+000
3 +1.665506681e+001 +1.665506681e+001 +1.329150668e+002 +1.329150668e+002 +3.8560e+000 -9.6662e-001 +2.9109e+000 -1.8970e+000 -1.2273e+000 +8.7481e-001 +1.4626e+000 -3.3205e+000 -2.0920e+000 +1.0857e-001
22 +1.496571022e+001 +1.496571022e+001 +1.312257102e+002 +1.312257102e+002 -1.7754e+000 -1.6488e+000 +4.0505e-001 +2.0836e+000 -1.2166e-001 -9.1319e-001 -1.8079e+000 +1.4002e+000 +1.8136e+000 +1.6715e+000
25 +6.959051021e+000 +6.959051021e+000 +1.232190510e+002 +1.232190510e+002 -3.2175e+000 -3.2119e+000 -3.1732e+000 -8.5374e-001 +1.1763e+000 +4.5188e+000 -4.1648e+000 -2.2743e+000 -1.2111e+000 -7.3297e-001
269 +6.090461411e+000 +6.090461411e+000 +1.223504614e+002 +1.223504614e+002 -3.2760e+000 -4.3146e+000 -4.5576e+000 +6.7705e-002 -1.2607e+000 +4.4570e+000 -7.5852e-001 -2.1013e+000 -4.2635e+000 -2.8455e+000
895 +3.184886601e+000 +3.184886601e+000 +1.194448866e+002 +1.194448866e+002 -2.6385e+000 -5.0255e+000 -3.2113e+000 -4.0948e-001 -2.3758e+000 +2.1807e+000 -3.2176e+000 -3.0969e+000 -2.4277e+000 -9.5076e-001
1561 +2.211188845e+000 +2.211188845e+000 +1.184711888e+002 +1.184711888e+002 -2.1348e+000 -5.0052e+000 -4.4090e+000 +1.4367e+000 -8.6776e-001 +1.9216e+000 -2.0396e+000 -2.8633e+000 -3.8709e+000 -3.7020e+000
1949 +1.429658342e+000 +1.429658342e+000 +1.176896583e+002 +1.176896583e+002 -2.4091e+000 -4.2442e+000 -3.3175e+000 +1.0748e+000 -1.8794e+000 +2.3045e+000 -2.0773e+000 -1.5602e+000 -3.3789e+000 -3.0991e+000
4598 +9.075151210e-001 +9.075151210e-001 +1.171675151e+002 +1.171675151e+002 -2.5962e+000 -2.9009e+000 -3.3950e+000 +1.1021e+000 -1.2962e+000 +2.8147e+000 -2.1807e+000 -1.1908e+000 -3.8330e+000 -3.5617e+000
5505 +5.910219250e-001 +5.910219250e-001 +1.168510219e+002 +1.168510219e+002 -2.5966e+000 -2.8103e+000 -2.9764e+000 +1.1214e+000 -1.2521e+000 +2.7606e+000 -2.4149e+000 -1.4445e+000 -3.6254e+000 -4.0073e+000
6273 +3.404100358e-001 +3.404100358e-001 +1.166004100e+002 +1.166004100e+002 -2.6967e+000 -3.2374e+000 -2.9737e+000 +8.1049e-001 -1.3285e+000 +2.6373e+000 -2.6760e+000 -1.3711e+000 -3.5649e+000 -3.6595e+000
7024 +2.103203222e-001 +2.103203222e-001 +1.164703203e+002 +1.164703203e+002 -2.7661e+000 -3.2591e+000 -2.8878e+000 +9.3724e-001 -1.2740e+000 +2.6107e+000 -2.5429e+000 -1.5143e+000 -3.5832e+000 -3.6382e+000
7677 +1.480238872e-001 +1.480238872e-001 +1.164080239e+002 +1.164080239e+002 -2.6935e+000 -3.2418e+000 -2.9356e+000 +8.4768e-001 -1.2192e+000 +2.5999e+000 -2.5757e+000 -1.4482e+000 -3.5468e+000 -3.6504e+000
8675 +9.582454552e-002 +9.582454552e-002 +1.163558245e+002 +1.163558245e+002 -2.7194e+000 -3.1844e+000 -2.8534e+000 +9.2503e-001 -1.2990e+000 +2.5803e+000 -2.5731e+000 -1.4908e+000 -3.5331e+000 -3.6070e+000
9740 +5.729608326e-002 +5.729608326e-002 +1.163172961e+002 +1.163172961e+002 -2.6716e+000 -3.2408e+000 -2.8670e+000 +8.9946e-001 -1.2104e+000 +2.6089e+000 -2.5504e+000 -1.4873e+000 -3.5002e+000 -3.6354e+000
10526 +3.468453781e-002 +3.468453781e-002 +1.162946845e+002 +1.162946845e+002 -2.6761e+000 -3.2420e+000 -2.8591e+000 +9.1564e-001 -1.2189e+000 +2.5990e+000 -2.5569e+000 -1.4731e+000 -3.5003e+000 -3.6507e+000
11980 +2.411505502e-002 +2.411505502e-002 +1.162841151e+002 +1.162841151e+002 -2.6786e+000 -3.2391e+000 -2.8779e+000 +9.1410e-001 -1.2179e+000 +2.5997e+000 -2.5687e+000 -1.4764e+000 -3.4990e+000 -3.6515e+000
12940 +1.542431070e-002 +1.542431070e-002 +1.162754243e+002 +1.162754243e+002 -2.6805e+000 -3.2445e+000 -2.8817e+000 +9.1349e-001 -1.2148e+000 +2.5943e+000 -2.5628e+000 -1.4802e+000 -3.5041e+000 -3.6516e+000
15197 +9.876092730e-003 +9.876092730e-003 +1.162698761e+002 +1.162698761e+002 -2.6794e+000 -3.2457e+000 -2.8819e+000 +9.1270e-001 -1.2128e+000 +2.5957e+000 -2.5628e+000 -1.4813e+000 -3.5019e+000 -3.6503e+000
127485 +5.546808130e-003 +5.546808130e-003 +1.162655468e+002 +1.162655468e+002 -2.7408e+000 -3.3104e+000 -2.8535e+000 +9.0943e-001 -1.2401e+000 +2.4430e+000 -2.5643e+000 -1.4257e+000 -3.5018e+000 -3.6170e+000
129056 +3.979525326e-003 +3.979525326e-003 +1.162639795e+002 +1.162639795e+002 -2.7410e+000 -3.3108e+000 -2.8526e+000 +9.0869e-001 -1.2385e+000 +2.4429e+000 -2.5650e+000 -1.4260e+000 -3.5008e+000 -3.6165e+000
132664 +2.501274742e-003 +2.501274742e-003 +1.162625013e+002 +1.162625013e+002 -2.7408e+000 -3.3108e+000 -2.8527e+000 +9.0891e-001 -1.2395e+000 +2.4428e+000 -2.5648e+000 -1.4262e+000 -3.5013e+000 -3.6165e+000
% function evaluation | noise-free fitness - Fopt (-1.000000000000e+003) | best noise-free fitness - Fopt | measured fitness | best measured fitness | x1 | x2...
1 +4.515904400e+001 +4.515904400e+001 -9.548409560e+002 -9.548409560e+002 +3.0128e+000 -8.6771e-001 +7.2378e-001 -3.6280e+000 +2.6074e+000 -1.4481e-003 -4.0334e+000 +6.5967e-001 +1.7043e+000 -3.4450e+000
3 +3.168570163e+001 +3.168570163e+001 -9.683142984e+002 -9.683142984e+002 +4.9639e+000 +2.0546e+000 -7.2359e-001 -3.2826e+000 -2.1566e+000 -4.4454e+000 -4.9334e+000 +4.1367e+000 +2.2613e+000 -2.9795e+000
4 +2.450253733e+001 +2.450253733e+001 -9.754974627e+002 -9.754974627e+002 -1.4074e-001 -4.8665e+000 -1.6546e+000 -2.3995e+000 +4.2379e+000 +2.5969e+000 +1.7534e+000 +3.4912e+000 -4.7098e+000 -1.2601e+000
44 +9.239755197e+000 +9.239755197e+000 -9.907602448e+002 -9.907602448e+002 -1.2625e+000 +2.6882e+000 -1.4561e+000 -1.3731e+000 +3.8713e+000 -4.7246e+000 +3.0286e+000 +4.0464e+000 -4.2148e+000 -7.1939e-001
481 +6.221592379e+000 +6.221592379e+000 -9.937784076e+002 -9.937784076e+002 -3.7662e+000 +1.9425e+000 -1.7419e+000 -1.4871e-001 +2.2832e+000 -1.6826e+000 +2.5249e+000 +3.5910e+000 -3.4545e+000 -5.5813e-001
629 +3.920972903e+000 +3.920972903e+000 -9.960790271e+002 -9.960790271e+002 -4.3145e+000 +2.0037e+000 -1.7436e+000 +2.7939e+000 +1.7627e+000 -1.4252e+000 +2.9659e+000 +3.8970e+000 -4.5948e+000 +2.1311e+000
1106 +1.970383954e+000 +1.970383954e+000 -9.980296160e+002 -9.980296160e+002 -3.2885e+000 +1.4091e+000 -2.6078e+000 +4.2037e+000 +1.2566e+000 +7.6095e-001 +1.1985e+000 +3.6459e+000 -2.6318e+000 +1.7329e+000
1391 +1.457223925e+000 +1.457223925e+000 -9.985427761e+002 -9.985427761e+002 -3.0894e+000 +5.4187e-001 -2.0311e+000 +3.9710e+000 +1.5909e+000 +3.6253e-001 +1.7554e+000 +4.5657e+000 -3.0751e+000 +2.2389e+000
2266 +9.563556997e-001 +9.563556997e-001 -9.990436443e+002 -9.990436443e+002 -3.7054e+000 +4.6429e-001 -2.0947e+000 +2.9270e+000 +1.6532e+000 -6.4422e-001 +2.1018e+000 +1.9767e+000 -3.6620e+000 +3.0187e+000
8191 +6.077577397e-001 +6.077577397e-001 -9.993922423e+002 -9.993922423e+002 -3.8330e+000 +3.2642e-001 -2.9109e+000 +3.0363e+000 +1.7698e+000 -1.5265e+000 +3.1118e+000 +1.1272e+000 -4.3954e+000 +3.0444e+000
9387 +3.920698992e-001 +3.920698992e-001 -9.996079301e+002 -9.996079301e+002 -3.7515e+000 +1.4206e-001 -2.9571e+000 +2.9573e+000 +1.7560e+000 -1.6275e+000 +2.9408e+000 +9.7986e-001 -4.4100e+000 +3.0381e+000
9772 +2.326770274e-001 +2.326770274e-001 -9.997673230e+002 -9.997673230e+002 -3.7266e+000 +1.1678e-001 -2.9110e+000 +3.0604e+000 +1.8559e+000 -1.5658e+000 +3.0038e+000 +1.0879e+000 -4.3624e+000 +3.0993e+000
11568 +1.561947176e-001 +1.561947176e-001 -9.998438053e+002 -9.998438053e+002 -3.7511e+000 +1.2044e-001 -2.9320e+000 +3.0850e+000 +1.8445e+000 -1.5816e+000 +3.0026e+000 +1.0642e+000 -4.3743e+000 +3.0704e+000
63031 +9.413899483e-002 +9.413899483e-002 -9.999058610e+002 -9.999058610e+002 -3.7606e+000 +3.9456e-001 -2.3848e+000 +3.2311e+000 +1.6713e+000 -1.0817e+000 +2.3210e+000 +2.3268e+000 -3.6964e+000 +2.6144e+000
64023 +5.876801214e-002 +5.876801214e-002 -9.999412320e+002 -9.999412320e+002 -3.6758e+000 +4.2314e-001 -2.3243e+000 +3.1906e+000 +1.6546e+000 -1.0755e+000 +2.3897e+000 +2.4145e+000 -3.6835e+000 +2.5868e+000
65259 +3.459845218e-002 +3.459845218e-002 -9.999654015e+002 -9.999654015e+002 -3.6757e+000 +3.8619e-001 -2.3553e+000 +3.2031e+000 +1.6502e+000 -1.0668e+000 +2.3932e+000 +2.3817e+000 -3.6932e+000 +2.5816e+000
259369 +2.212213901e-002 +2.212213901e-002 -9.999778779e+002 -9.999778779e+002 -3.6754e+000 +4.0146e-001 -2.3693e+000 +3.2276e+000 +1.6511e+000 -1.0631e+000 +2.3918e+000 +2.3476e+000 -3.7129e+000 +2.6125e+000
358018 +1.391468037e-002 +1.391468037e-002 -9.999860853e+002 -9.999860853e+002 -3.6476e+000 +3.9153e-001 -2.3759e+000 +3.2097e+000 +1.6484e+000 -1.0487e+000 +2.4144e+000 +2.3702e+000 -3.7213e+000 +2.5815e+000
359043 +9.899473088e-003 +9.899473088e-003 -9.999901005e+002 -9.999901005e+002 -3.6431e+000 +4.0092e-001 -2.3709e+000 +3.2178e+000 +1.6490e+000 -1.0467e+000 +2.4110e+000 +2.3742e+000 -3.7193e+000 +2.5825e+000
359385 +6.054172481e-003 +6.054172481e-003 -9.999939458e+002 -9.999939458e+002 -3.6470e+000 +3.9856e-001 -2.3723e+000 +3.2164e+000 +1.6476e+000 -1.0510e+000 +2.4131e+000 +2.3736e+000 -3.7205e+000 +2.5835e+000
% function evaluation | noise-free fitness - Fopt (-9.193000000000e+001) | best noise-free fitness - Fopt | measured fitness | best measured fitness | x1 | x2...
1 +5.616138550e+001 +5.616138550e+001 -3.576861450e+001 -3.576861450e+001 +4.8294e+000 +3.2904e+000 +4.8116e+000 +1.0667e+000 +3.1609e+000 +2.3644e+000 +2.1170e+000 +6.9098e-001 +9.2053e-001 +2.7549e+000
4 +1.967223991e+001 +1.967223991e+001 -7.225776009e+001 -7.225776009e+001 +7.3695e-001 -2.6262e+000 +2.6353e+000 +2.2238e+000 +4.4118e+000 -2.2069e-001 -1.2924e+000 +7.1569e-001 +2.2118e+000 +2.3535e+000
7 +1.529323073e+001 +1.529323073e+001 -7.663676927e+001 -7.663676927e+001 -3.5901e+000 +2.9519e+000 -1.9298e+000 +1.1451e+000 +5.9556e-001 +8.7824e-001 -4.7500e+000 -4.2148e-001 +4.3951e+000 -3.0906e+000
33 +9.256781019e+000 +9.256781019e+000 -8.267321898e+001 -8.267321898e+001 +4.1516e+000 -3.2270e-001 +1.6839e+000 +4.2842e+000 -4.0602e+000 +1.4188e+000 +3.4259e+000 +4.7549e+000 -4.6344e-001 -3.3065e+000
140 +4.750272629e+000 +4.750272629e+000 -8.717972737e+001 -8.717972737e+001 +3.3668e+000 -2.4946e+000 +7.1625e-001 +4.5646e+000 -1.7689e+000 +2.1088e-001 +1.1035e+000 +4.1198e+000 +8.1382e-001 -1.9490e+000
1361 +2.750851946e+000 +2.750851946e+000 -8.917914805e+001 -8.917914805e+001 +2.5144e+000 -2.9873e+000 +4.1245e-001 +3.8753e+000 -1.3528e+000 -1.0636e+000 -1.6377e+000 +4.4399e+000 +1.9280e+000 -3.4246e+000
1612 +2.439153643e+000 +2.439153643e+000 -8.949084636e+001 -8.949084636e+001 +2.9084e+000 -3.0921e+000 -4.1517e-001 +4.3499e+000 -1.6045e+000 -1.2492e+000 -1.6395e+000 +4.8182e+000 +1.9174e+000 -3.8752e+000
2273 +1.481605293e+000 +1.481605293e+000 -9.044839471e+001 -9.044839471e+001 +1.5405e+000 -3.1941e+000 -2.0942e-001 +3.6546e+000 -1.4207e+000 -8.7476e-001 -2.0564e+000 +4.1576e+000 +1.7812e+000 -2.5811e+000
6329 +9.016403107e-001 +9.016403107e-001 -9.102835969e+001 -9.102835969e+001 +1.2957e+000 -3.7540e+000 -9.2352e-001 +2.5308e+000 -8.8154e-001 -8.5570e-001 -1.4260e+000 +2.7647e+000 +2.9373e+000 -2.2553e+000
7023 +5.700510915e-001 +5.700510915e-001 -9.135994891e+001 -9.135994891e+001 +1.1512e+000 -3.6001e+000 -1.0902e+000 +2.5114e+000 -9.2010e-001 -5.5586e-001 -1.2316e+000 +3.2394e+000 +3.0965e+000 -2.5211e+000
7558 +3.546717505e-001 +3.546717505e-001 -9.157532825e+001 -9.157532825e+001 +9.4402e-001 -3.3598e+000 -8.9568e-001 +2.6931e+000 -7.8562e-001 -4.1955e-001 -1.3504e+000 +3.0939e+000 +2.9588e+000 -2.2540e+000
7840 +1.770993587e-001 +1.770993587e-001 -9.175290064e+001 -9.175290064e+001 +8.9798e-001 -3.4363e+000 -9.6301e-001 +2.6789e+000 -6.9887e-001 -3.2101e-001 -1.4054e+000 +3.0988e+000 +2.7750e+000 -2.2059e+000
8255 +1.583651499e-001 +1.583651499e-001 -9.177163485e+001 -9.177163485e+001 +9.0113e-001 -3.4594e+000 -9.3653e-001 +2.6384e+000 -7.1603e-001 -3.1872e-001 -1.3921e+000 +3.1240e+000 +2.8099e+000 -2.2768e+000
9416 +9.149431624e-002 +9.149431624e-002 -9.183850568e+001 -9.183850568e+001 +8.8857e-001 -3.4539e+000 -9.4031e-001 +2.6545e+000 -7.3787e-001 -3.6331e-001 -1.3538e+000 +3.0913e+000 +2.7557e+000 -2.2481e+000
10083 +6.044442120e-002 +6.044442120e-002 -9.186955558e+001 -9.186955558e+001 +8.7509e-001 -3.4606e+000 -9.2985e-001 +2.6378e+000 -6.9497e-001 -3.7847e-001 -1.3425e+000 +3.1293e+000 +2.7414e+000 -2.2604e+000
10584 +3.631057814e-002 +3.631057814e-002 -9.189368942e+001 -9.189368942e+001 +8.7311e-001 -3.4672e+000 -9.2479e-001 +2.6495e+000 -7.0756e-001 -3.6003e-001 -1.3618e+000 +3.1261e+000 +2.7398e+000 -2.2776e+000
392647 +2.354603553e-002 +2.354603553e-002 -9.190645396e+001 -9.190645396e+001 +7.7604e-001 -3.4411e+000 -1.0271e+000 +2.4089e+000 -6.9618e-001 -2.8849e-001 -1.3799e+000 +3.0402e+000 +2.9453e+000 -2.1977e+000
393527 +1.495133882e-002 +1.495133882e-002 -9.191504866e+001 -9.191504866e+001 +7.7455e-001 -3.4406e+000 -1.0234e+000 +2.4127e+000 -7.0573e-001 -2.8958e-001 -1.3797e+000 +3.0253e+000 +2.9449e+000 -2.1968e+000
1437489 +9.191571190e-003 +9.191571190e-003 -9.192080843e+001 -9.192080843e+001 +7.3862e-001 -3.4792e+000 -1.0848e+000 +2.2993e+000 -7.0253e-001 -2.4819e-001 -1.3385e+000 +2.9695e+000 +3.0133e+000 -2.1740e+000
1438107 +6.047900878e-003 +6.047900878e-003 -9.192395210e+001 -9.192395210e+001 +7.3817e-001 -3.4789e+000 -1.0862e+000 +2.2995e+000 -7.0044e-001 -2.4765e-001 -1.3381e+000 +2.9702e+000 +3.0130e+000 -2.1749e+000
1602804 +3.264424198e-003 +3.264424198e-003 -9.192673558e+001 -9.192673558e+001 +7.6045e-001 -3.4639e+000 -1.0532e+000 +2.3639e+000 -7.0263e-001 -2.6879e-001 -1.3530e+000 +3.0088e+000 +2.9639e+000 -2.1956e+000
% function evaluation | noise-free fitness - Fopt (1.487500000000e+002) | best noise-free fitness - Fopt | measured fitness | best measured fitness | x1 | x2...
1 +3.023939007e+001 +3.023939007e+001 +1.789893901e+002 +1.789893901e+002 +4.1356e+000 +2.8160e+000 -2.6885e+000 -1.8605e+000 +1.3462e-001 -1.8934e+000 +1.7905e-001 +2.4306e-001 -8.9089e-001 +3.0263e+000
5 +2.358840050e+001 +2.358840050e+001 +1.723384005e+002 +1.723384005e+002 +4.1911e+000 +3.1630e+000 -2.6637e+000 -3.2791e-001 -1.3751e+000 -1.2488e+000 -4.4047e+000 -3.2489e+000 -2.2299e+000 +4.4824e+000
11 +1.212736564e+001 +1.212736564e+001 +1.608773656e+002 +1.608773656e+002 +1.1597e+000 -4.9077e+000 +1.7253e+000 -1.7450e+000 -3.4942e+000 -5.5928e-001 -4.7617e+000 -4.2689e+000 -4.1030e-001 +2.3828e+000
38 +9.870873250e+000 +9.870873250e+000 +1.586208733e+002 +1.586208733e+002 +3.3455e+000 -1.5937e+000 +9.1549e-001 +3.9805e+000 -3.5574e+000 -4.3890e-001 -2.9656e+000 -2.0449e+000 -4.9152e+000 +4.2321e+000
392 +5.337958518e+000 +5.337958518e+000 +1.540879585e+002 +1.540879585e+002 +1.5251e+000 -1.2997e+000 +1.5264e+000 +3.5126e+000 -2.9952e+000 +1.0329e+000 -1.2731e+000 -2.7748e+000 -1.0934e+000 +1.6714e+000
848 +3.733840758e+000 +3.733840758e+000 +1.524838408e+002 +1.524838408e+002 +2.4708e+000 -1.8076e+000 +3.1964e-001 +3.9552e+000 -2.1999e+000 +3.0875e+000 -2.3735e+000 -1.2339e+000 +6.1701e-001 +4.5209e+000
1684 +2.372378802e+000 +2.372378802e+000 +1.511223788e+002 +1.511223788e+002 +7.3365e-001 -1.7620e+000 +1.5139e-001 +2.9378e+000 -1.8121e+000 +2.8903e+000 -2.3627e+000 -1.5845e+000 -7.6093e-001 +1.3610e+000
2055 +1.564494044e+000 +1.564494044e+000 +1.503144940e+002 +1.503144940e+002 +1.8448e+000 -2.2260e+000 -1.4499e-002 +2.3522e+000 -1.2489e+000 +3.3450e+000 -3.0898e+000 -1.9287e+000 -9.4505e-001 +1.3062e+000
2873 +7.997129856e-001 +7.997129856e-001 +1.495497130e+002 +1.495497130e+002 +1.4789e+000 -3.0358e+000 +2.1915e-001 +3.3299e+000 -1.3485e+000 +3.4099e+000 -2.9855e+000 -1.9742e+000 -9.7627e-001 +1.6089e+000
11816 +6.244929515e-001 +6.244929515e-001 +1.493744930e+002 +1.493744930e+002 +2.2180e+000 -2.4609e+000 -4.9889e-001 +2.4846e+000 -1.4703e+000 +2.2421e+000 -3.8103e+000 -2.3777e+000 -1.6128e+000 +1.0099e+000
12550 +3.122279259e-001 +3.122279259e-001 +1.490622279e+002 +1.490622279e+002 +2.1461e+000 -3.1398e+000 -2.1887e-001 +2.3273e+000 -1.3855e+000 +2.4022e+000 -3.8356e+000 -2.1877e+000 -1.4640e+000 +1.0688e+000
27941 +2.393574566e-001 +2.393574566e-001 +1.489893575e+002 +1.489893575e+002 +2.1035e+000 -3.2220e+000 -2.2514e-001 +2.4833e+000 -1.5340e+000 +2.3329e+000 -3.7127e+000 -2.1132e+000 -1.5624e+000 +1.1906e+000
28688 +1.489364577e-001 +1.489364577e-001 +1.488989365e+002 +1.488989365e+002 +2.2096e+000 -3.2020e+000 -2.2609e-001 +2.4289e+000 -1.5497e+000 +2.2280e+000 -3.7842e+000 -2.1640e+000 -1.5449e+000 +1.1201e+000
29389 +7.364810519e-002 +7.364810519e-002 +1.488236481e+002 +1.488236481e+002 +2.1964e+000 -3.2858e+000 -1.9132e-001 +2.4553e+000 -1.5445e+000 +2.2155e+000 -3.7245e+000 -2.1680e+000 -1.5758e+000 +1.1209e+000
30361 +5.690503777e-002 +5.690503777e-002 +1.488069050e+002 +1.488069050e+002 +2.1854e+000 -3.3292e+000 -1.7964e-001 +2.4895e+000 -1.5389e+000 +2.2484e+000 -3.7160e+000 -2.1558e+000 -1.6000e+000 +1.1427e+000
95483 +3.688439090e-002 +3.688439090e-002 +1.487868844e+002 +1.487868844e+002 +2.2323e+000 -3.3375e+000 -2.0093e-001 +2.5409e+000 -1.4600e+000 +2.2279e+000 -3.7729e+000 -2.1992e+000 -1.5241e+000 +1.0620e+000
177109 +2.223181090e-002 +2.223181090e-002 +1.487722318e+002 +1.487722318e+002 +2.1966e+000 -3.1798e+000 -2.3525e-001 +2.3603e+000 -1.5499e+000 +2.1079e+000 -3.7269e+000 -2.2424e+000 -1.5925e+000 +1.0319e+000
177379 +1.544452400e-002 +1.544452400e-002 +1.487654445e+002 +1.487654445e+002 +2.1986e+000 -3.1820e+000 -2.3460e-001 +2.3634e+000 -1.5429e+000 +2.1077e+000 -3.7268e+000 -2.2432e+000 -1.5864e+000 +1.0263e+000
361258 +9.262980089e-003 +9.262980089e-003 +1.487592630e+002 +1.487592630e+002 +2.2277e+000 -3.2737e+000 -2.1863e-001 +2.5246e+000 -1.4778e+000 +2.2433e+000 -3.7739e+000 -2.1925e+000 -1.5251e+000 +1.1234e+000
362123 +5.048603115e-003 +5.048603115e-003 +1.487550486e+002 +1.487550486e+002 +2.2316e+000 -3.2759e+000 -2.1960e-001 +2.5256e+000 -1.4736e+000 +2.2411e+000 -3.7702e+000 -2.1966e+000 -1.5273e+000 +1.1224e+000
379633 +3.821561872e-003 +3.821561872e-003 +1.487538216e+002 +1.487538216e+002 +2.2330e+000 -3.2831e+000 -2.2038e-001 +2.5454e+000 -1.4648e+000 +2.2605e+000 -3.7778e+000 -2.1907e+000 -1.5247e+000 +1.1290e+000
381304 +2.479251783e-003 +2.479251783e-003 +1.487524793e+002 +1.487524793e+002 +2.2334e+000 -3.2847e+000 -2.2006e-001 +2.5461e+000 -1.4648e+000 +2.2611e+000 -3.7772e+000 -2.1901e+000 -1.5242e+000 +1.1291e+000
512810 +1.555112516e-003 +1.555112516e-003 +1.487515551e+002 +1.487515551e+002 +2.2299e+000 -3.2786e+000 -2.1859e-001 +2.5281e+000 -1.4715e+000 +2.2494e+000 -3.7727e+000 -2.1951e+000 -1.5265e+000 +1.1247e+000
513828 +9.580480252e-004 +9.580480252e-004 +1.487509580e+002 +1.487509580e+002 +2.2304e+000 -3.2786e+000 -2.1847e-001 +2.5283e+000 -1.4719e+000 +2.2499e+000 -3.7731e+000 -2.1945e+000 -1.5273e+000 +1.1242e+000
514472 +5.937864217e-004 +5.937864217e-004 +1.487505938e+002 +1.487505938e+002 +2.2302e+000 -3.2784e+000 -2.1856e-001 +2.5283e+000 -1.4719e+000 +2.2499e+000 -3.7731e+000 -2.1948e+000 -1.5273e+000 +1.1242e+000
% function evaluation | noise-free fitness - Fopt (-1.483000000000e+002) | best noise-free fitness - Fopt | measured fitness | best measured fitness | x1 | x2...
1 +9.424548835e+001 +9.424548835e+001 -5.405451165e+001 -5.405451165e+001 -3.3368e+000 -1.4349e-001 +1.7391e+000 +4.1880e+000 -4.6143e-001 +3.7719e+000 -3.8068e-001 +1.8314e+000 +2.6969e+000 -4.6383e+000
5 +2.216810068e+001 +2.216810068e+001 -1.261318993e+002 -1.261318993e+002 +4.4834e+000 +1.3818e+000 +1.6828e+000 +1.2029e+000 +9.7118e-001 -4.0423e-001 +4.9939e+000 +3.4534e+000 -2.1550e+000 +4.5622e+000
22 +1.369860561e+001 +1.369860561e+001 -1.346013944e+002 -1.346013944e+002 +2.8197e+000 +4.2806e+000 -3.4037e+000 -1.1121e+000 -2.1489e+000 +1.2987e+000 -9.4703e-001 +1.1178e+000 +4.3536e+000 +1.2995e+000
196 +7.574403167e+000 +7.574403167e+000 -1.407255968e+002 -1.407255968e+002 +1.9827e+000 +2.6190e+000 -2.0151e+000 +5.8432e-001 +1.4221e+000 -3.0745e-001 -8.6724e-001 +4.9738e+000 -4.0758e+000 +2.3977e+000
2138 +5.571544542e+000 +5.571544542e+000 -1.427284555e+002 -1.427284555e+002 +1.7523e+000 -1.5516e+000 -2.3894e-001 +3.0403e+000 +1.6326e+000 +8.0639e-001 -4.2922e-001 +3.0758e-001 -3.6815e+000 +1.7810e+000
2664 +3.615269329e+000 +3.615269329e+000 -1.446847307e+002 -1.446847307e+002 +1.1992e+000 +7.7457e-001 -3.0659e+000 +2.4938e+000 +3.9680e+000 +4.5726e-003 +1.9273e+000 +2.4927e+000 -2.2529e+000 +1.4255e+000
3018 +2.489101402e+000 +2.489101402e+000 -1.458108986e+002 -1.458108986e+002 +2.8894e+000 +5.0794e-001 -3.4255e+000 +2.7898e+000 +3.9007e+000 -1.1058e+000 +2.3672e+000 +3.2449e+000 -1.4655e+000 +2.1465e+000
5306 +1.327801888e+000 +1.327801888e+000 -1.469721981e+002 -1.469721981e+002 +8.3105e-001 +1.8921e+000 -2.9817e+000 +5.0195e+000 +3.1382e+000 -1.1076e+000 +2.2301e+000 +3.0834e+000 -2.2578e+000 +3.0390e+000
5856 +7.692033657e-001 +7.692033657e-001 -1.475307966e+002 -1.475307966e+002 +1.0587e+000 +1.2959e+000 -2.8414e+000 +4.7182e+000 +3.7649e+000 -7.5282e-001 +2.9706e+000 +2.9365e+000 -2.4905e+000 +2.9964e+000
6678 +6.090175564e-001 +6.090175564e-001 -1.476909824e+002 -1.476909824e+002 +9.0485e-001 +1.5164e+000 -2.9558e+000 +4.7442e+000 +3.7253e+000 -1.0403e+000 +2.5699e+000 +2.7570e+000 -2.5540e+000 +2.9650e+000
6968 +3.677181699e-001 +3.677181699e-001 -1.479322818e+002 -1.479322818e+002 +7.6019e-001 +1.6353e+000 -3.0352e+000 +4.9461e+000 +3.5378e+000 -1.3246e+000 +2.3147e+000 +2.7770e+000 -2.5685e+000 +2.9542e+000
8547 +2.334067773e-001 +2.334067773e-001 -1.480665932e+002 -1.480665932e+002 +6.9097e-001 +1.5875e+000 -3.0219e+000 +4.9175e+000 +3.5377e+000 -1.2932e+000 +2.2433e+000 +2.7588e+000 -2.5443e+000 +3.0116e+000
11226 +1.522407696e-001 +1.522407696e-001 -1.481477592e+002 -1.481477592e+002 +6.8618e-001 +1.5925e+000 -2.9717e+000 +4.8476e+000 +3.5471e+000 -1.2908e+000 +2.2480e+000 +2.7530e+000 -2.5193e+000 +3.0321e+000
13672 +9.778723991e-002 +9.778723991e-002 -1.482022128e+002 -1.482022128e+002 +6.8861e-001 +1.5766e+000 -2.9637e+000 +4.7693e+000 +3.5584e+000 -1.3625e+000 +2.2444e+000 +2.7658e+000 -2.5345e+000 +3.0540e+000
44658 +5.909631552e-002 +5.909631552e-002 -1.482409037e+002 -1.482409037e+002 +2.3582e+000 +1.1145e+000 -2.8631e+000 +3.8295e+000 +3.4714e+000 -3.5419e-001 +3.3226e+000 +3.0919e+000 -2.4293e+000 +2.6911e+000
45737 +3.589435645e-002 +3.589435645e-002 -1.482641056e+002 -1.482641056e+002 +2.3274e+000 +1.1381e+000 -2.8484e+000 +3.8167e+000 +3.4408e+000 -3.4742e-001 +3.2856e+000 +3.0858e+000 -2.4149e+000 +2.6950e+000
46062 +2.288366833e-002 +2.288366833e-002 -1.482771163e+002 -1.482771163e+002 +2.3217e+000 +1.1430e+000 -2.8524e+000 +3.8257e+000 +3.4332e+000 -3.4718e-001 +3.2768e+000 +3.0707e+000 -2.4217e+000 +2.6967e+000
46599 +1.508863074e-002 +1.508863074e-002 -1.482849114e+002 -1.482849114e+002 +2.3203e+000 +1.1392e+000 -2.8483e+000 +3.8229e+000 +3.4535e+000 -3.4501e-001 +3.3013e+000 +3.0768e+000 -2.4210e+000 +2.6948e+000
47905 +9.874036889e-003 +9.874036889e-003 -1.482901260e+002 -1.482901260e+002 +2.3184e+000 +1.1424e+000 -2.8514e+000 +3.8296e+000 +3.4515e+000 -3.4549e-001 +3.2906e+000 +3.0715e+000 -2.4182e+000 +2.6957e+000
48805 +6.129742072e-003 +6.129742072e-003 -1.482938703e+002 -1.482938703e+002 +2.3214e+000 +1.1409e+000 -2.8499e+000 +3.8268e+000 +3.4548e+000 -3.4708e-001 +3.2948e+000 +3.0748e+000 -2.4204e+000 +2.6977e+000
% function evaluation | noise-free fitness - Fopt (1.702000000000e+001) | best noise-free fitness - Fopt | measured fitness | best measured fitness | x1 | x2...
1 +1.995841698e+001 +1.995841698e+001 +3.697841698e+001 +3.697841698e+001 +2.2918e+000 -4.0249e+000 -1.7429e-001 -3.7243e+000 +2.5638e+000 -5.4285e-001 +1.6466e+000 -2.5095e+000 +8.0635e-001 -4.7502e+000
20 +8.786644778e+000 +8.786644778e+000 +2.580664478e+001 +2.580664478e+001 +2.0799e+000 -5.3788e-001 +4.1088e+000 -6.2527e-001 +3.4786e+000 -4.9510e+000 +2.6746e+000 -1.0613e+000 +4.9879e-001 -1.4717e+000
281 +5.720200106e+000 +5.720200106e+000 +2.274020011e+001 +2.274020011e+001 +1.4815e+000 -1.1340e+000 +4.9994e+000 -4.0778e+000 +4.1705e+000 -2.5937e+000 +1.4550e+000 +3.7493e+000 +6.6068e-001 -1.2707e+000
1326 +3.202574411e+000 +3.202574411e+000 +2.022257441e+001 +2.022257441e+001 +2.8786e+000 -8.8186e-001 +1.8260e+000 -1.0374e+000 -3.4756e-001 -3.9925e+000 +6.3272e-001 +1.2138e+000 -2.5428e+000 +3.8132e-001
1622 +1.920452898e+000 +1.920452898e+000 +1.894045290e+001 +1.894045290e+001 +2.5348e+000 -1.0447e+000 +1.7698e+000 -2.5498e+000 +8.6928e-001 -2.8732e+000 -6.3818e-001 -3.9666e-001 -2.1743e+000 +1.3057e+000
2001 +1.237356286e+000 +1.237356286e+000 +1.825735629e+001 +1.825735629e+001 +2.9380e+000 -1.0817e+000 +1.7548e+000 -2.4064e+000 +6.5697e-001 -2.5501e+000 -6.4478e-001 +3.0753e-001 -2.2215e+000 +1.5901e+000
5719 +9.959253254e-001 +9.959253254e-001 +1.801592533e+001 +1.801592533e+001 +3.3499e+000 -1.2000e+000 +2.4986e+000 -3.5493e+000 +1.3108e-001 -2.2924e+000 -1.5765e+000 +7.6400e-001 -3.7808e+000 +1.2572e+000
5986 +5.213767813e-001 +5.213767813e-001 +1.754137678e+001 +1.754137678e+001 +3.0468e+000 -1.3037e+000 +2.3065e+000 -3.1626e+000 +2.3667e-001 -2.3590e+000 -1.4597e+000 +3.7081e-001 -3.6989e+000 +1.2335e+000
20961 +3.195284483e-001 +3.195284483e-001 +1.733952845e+001 +1.733952845e+001 +3.3416e+000 -1.0875e+000 +2.1552e+000 -3.0657e+000 -1.2790e-001 -3.0124e+000 -1.0184e+000 +9.8685e-001 -2.8715e+000 +8.1469e-001
21674 +2.223969712e-001 +2.223969712e-001 +1.724239697e+001 +1.724239697e+001 +3.2456e+000 -1.1573e+000 +2.0684e+000 -3.1135e+000 -1.6865e-001 -2.9003e+000 -1.3284e+000 +8.7499e-001 -2.9147e+000 +1.0443e+000
22203 +1.418335147e-001 +1.418335147e-001 +1.716183351e+001 +1.716183351e+001 +3.1957e+000 -1.0666e+000 +2.2244e+000 -3.2254e+000 -3.4438e-002 -2.6817e+000 -1.3808e+000 +6.8629e-001 -3.0559e+000 +1.0205e+000
23197 +9.710847091e-002 +9.710847091e-002 +1.711710847e+001 +1.711710847e+001 +3.1979e+000 -1.0351e+000 +2.2598e+000 -3.2461e+000 -3.5494e-002 -2.7614e+000 -1.4083e+000 +6.9809e-001 -3.0753e+000 +9.6633e-001
50581 +5.393033024e-002 +5.393033024e-002 +1.707393033e+001 +1.707393033e+001 +3.2010e+000 -1.1144e+000 +2.2055e+000 -3.1890e+000 -4.5939e-002 -2.7336e+000 -1.4162e+000 +7.6095e-001 -3.0215e+000 +9.4659e-001
50716 +3.490804743e-002 +3.490804743e-002 +1.705490805e+001 +1.705490805e+001 +3.1781e+000 -1.1055e+000 +2.2292e+000 -3.2580e+000 -2.9097e-002 -2.7536e+000 -1.4096e+000 +7.4351e-001 -3.0208e+000 +9.6302e-001
348280 +1.951046402e-002 +1.951046402e-002 +1.703951046e+001 +1.703951046e+001 +3.1515e+000 -1.1105e+000 +2.2119e+000 -3.2552e+000 -3.0614e-002 -2.7739e+000 -1.4062e+000 +7.4625e-001 -3.0200e+000 +9.7386e-001
348590 +1.460976346e-002 +1.460976346e-002 +1.703460976e+001 +1.703460976e+001 +3.1630e+000 -1.1095e+000 +2.2147e+000 -3.2439e+000 -2.8579e-002 -2.7591e+000 -1.4095e+000 +7.4286e-001 -3.0317e+000 +9.5925e-001
349532 +9.352184479e-003 +9.352184479e-003 +1.702935218e+001 +1.702935218e+001 +3.1539e+000 -1.1100e+000 +2.2109e+000 -3.2482e+000 -2.7216e-002 -2.7577e+000 -1.4125e+000 +7.4153e-001 -3.0270e+000 +9.5837e-001
350235 +5.757775528e-003 +5.757775528e-003 +1.702575778e+001 +1.702575778e+001 +3.1553e+000 -1.1088e+000 +2.2089e+000 -3.2480e+000 -3.0478e-002 -2.7671e+000 -1.4083e+000 +7.5118e-001 -3.0153e+000 +9.6153e-001
351250 +3.733434213e-003 +3.733434213e-003 +1.702373343e+001 +1.702373343e+001 +3.1563e+000 -1.1079e+000 +2.2067e+000 -3.2487e+000 -3.0776e-002 -2.7666e+000 -1.4086e+000 +7.4981e-001 -3.0177e+000 +9.6072e-001
351424 +1.818098591e-003 +1.818098591e-003 +1.702181810e+001 +1.702181810e+001 +3.1581e+000 -1.1106e+000 +2.2093e+000 -3.2497e+000 -3.1601e-002 -2.7664e+000 -1.4069e+000 +7.5070e-001 -3.0161e+000 +9.6066e-001
351964 +1.582895157e-003 +1.582895157e-003 +1.702158290e+001 +1.702158290e+001 +3.1581e+000 -1.1103e+000 +2.2093e+000 -3.2495e+000 -3.1762e-002 -2.7663e+000 -1.4068e+000 +7.5059e-001 -3.0159e+000 +9.6051e-001
353024 +8.227827122e-004 +8.227827122e-004 +1.702082278e+001 +1.702082278e+001 +3.1579e+000 -1.1105e+000 +2.2085e+000 -3.2491e+000 -3.2006e-002 -2.7661e+000 -1.4067e+000 +7.5054e-001 -3.0159e+000 +9.6103e-001
353875 +6.224446924e-004 +6.224446924e-004 +1.702062244e+001 +1.702062244e+001 +3.1578e+000 -1.1105e+000 +2.2087e+000 -3.2494e+000 -3.1863e-002 -2.7664e+000 -1.4068e+000 +7.5084e-001 -3.0159e+000 +9.6105e-001
354671 +3.951346609e-004 +3.951346609e-004 +1.702039513e+001 +1.702039513e+001 +3.1578e+000 -1.1106e+000 +2.2087e+000 -3.2492e+000 -3.1946e-002 -2.7665e+000 -1.4068e+000 +7.5090e-001 -3.0158e+000 +9.6101e-001
356121 +2.431051426e-004 +2.431051426e-004 +1.702024311e+001 +1.702024311e+001 +3.1579e+000 -1.1106e+000 +2.2086e+000 -3.2493e+000 -3.1953e-002 -2.7664e+000 -1.4068e+000 +7.5077e-001 -3.0159e+000 +9.6101e-001
356283 +1.584539004e-004 +1.584539004e-004 +1.702015845e+001 +1.702015845e+001 +3.1579e+000 -1.1106e+000 +2.2086e+000 -3.2493e+000 -3.1934e-002 -2.7664e+000 -1.4069e+000 +7.5071e-001 -3.0159e+000 +9.6100e-001
% function evaluation | noise-free fitness - Fopt (-2.202000000000e+002) | best noise-free fitness - Fopt | measured fitness | best measured fitness | x1 | x2...
1 +5.729311723e+001 +5.729311723e+001 -1.629068828e+002 -1.629068828e+002 +3.6418e+000 +1.2705e+000 +3.1659e+000 -2.9400e+000 -4.4237e+000 +6.5627e-001 -3.5935e+000 +2.6243e+000 -2.6906e+000 -2.6714e+000
4 +1.529683382e+001 +1.529683382e+001 -2.049031662e+002 -2.049031662e+002 -3.8750e+000 +4.7745e+000 +2.2155e+000 -2.0867e+000 +4.5634e+000 +4.2413e+000 -5.2739e-001 -3.4174e+000 +2.2008e+000 +1.8017e+000
96 +9.645380050e+000 +9.645380050e+000 -2.105546199e+002 -2.105546199e+002 -1.3211e+000 +1.7932e+000 -3.1811e+000 +5.1692e-001 -8.0365e-001 -2.2608e+000 -1.4044e+000 -1.2785e-001 -2.9002e+000 -1.8110e+000
192 +6.289758081e+000 +6.289758081e+000 -2.139102419e+002 -2.139102419e+002 -2.9207e+000 -4.3871e-001 -5.1608e-001 +2.9395e+000 +1.1276e+000 -4.2148e+000 -3.4512e+000 -4.1631e+000 -2.7447e+000 -6.2436e-001
541 +3.738225506e+000 +3.738225506e+000 -2.164617745e+002 -2.164617745e+002 -2.9603e+000 -1.7892e+000 -8.2011e-001 +2.6705e+000 +1.5128e+000 -4.0270e+000 -2.2302e+000 -4.9360e+000 -3.1768e+000 -1.4433e+000
2337 +2.159329825e+000 +2.159329825e+000 -2.180406702e+002 -2.180406702e+002 -3.5219e+000 -6.5369e-001 -5.3800e-002 +2.7071e+000 -1.6841e-001 -3.6453e+000 -8.1716e-001 -3.1128e+000 -3.0927e+000 -2.7539e+000
2885 +1.432966961e+000 +1.432966961e+000 -2.187670330e+002 -2.187670330e+002 -4.2521e+000 -6.8368e-002 +7.9789e-001 +2.1432e+000 +4.6125e-001 -4.1244e+000 -7.3424e-001 -3.2389e+000 -3.6664e+000 -2.1264e+000
9255 +9.864248911e-001 +9.864248911e-001 -2.192135751e+002 -2.192135751e+002 -4.0168e+000 -3.2839e-001 -2.5463e-001 +2.3384e+000 -3.6629e-001 -3.6559e+000 -3.6488e-001 -3.6542e+000 -3.3481e+000 -1.3276e+000
9867 +5.587073037e-001 +5.587073037e-001 -2.196412927e+002 -2.196412927e+002 -3.8243e+000 -3.2877e-001 -5.3715e-002 +1.9970e+000 +3.1353e-001 -3.8171e+000 -1.1955e+000 -3.2441e+000 -3.6026e+000 -1.2182e+000
38959 +3.026136827e-001 +3.026136827e-001 -2.198973863e+002 -2.198973863e+002 -3.7059e+000 -1.1933e+000 -1.9677e-001 +2.9336e+000 -3.7354e-001 -3.5540e+000 -3.5492e-001 -3.5754e+000 -3.6792e+000 -1.6329e+000
47313 +2.161312106e-001 +2.161312106e-001 -2.199838688e+002 -2.199838688e+002 -3.6593e+000 -7.9546e-001 -2.2541e-001 +2.4215e+000 +8.0115e-002 -3.7982e+000 -8.1137e-001 -3.4581e+000 -3.6166e+000 -1.4254e+000
94750 +1.445959823e-001 +1.445959823e-001 -2.200554040e+002 -2.200554040e+002 -3.7166e+000 -8.7390e-001 -9.2907e-002 +2.6480e+000 -1.9603e-001 -3.5779e+000 -5.5744e-001 -3.4635e+000 -3.4717e+000 -1.5155e+000
137487 +9.219931505e-002 +9.219931505e-002 -2.201078007e+002 -2.201078007e+002 -3.6315e+000 -1.1149e+000 -1.5807e-001 +2.8731e+000 -4.2514e-001 -3.7472e+000 -4.2034e-001 -3.3107e+000 -3.3365e+000 -1.5959e+000
146313 +5.023349544e-002 +5.023349544e-002 -2.201497665e+002 -2.201497665e+002 -3.7610e+000 -8.9707e-001 -1.7286e-001 +2.5533e+000 -1.5573e-001 -3.6144e+000 -6.2727e-001 -3.4679e+000 -3.5479e+000 -1.4288e+000
147053 +3.936334189e-002 +3.936334189e-002 -2.201606367e+002 -2.201606367e+002 -3.7572e+000 -9.0271e-001 -1.6971e-001 +2.5515e+000 -1.5233e-001 -3.6050e+000 -6.3249e-001 -3.4690e+000 -3.5400e+000 -1.4347e+000
551243 +2.460739384e-002 +2.460739384e-002 -2.201753926e+002 -2.201753926e+002 -3.7643e+000 -8.9240e-001 -1.9227e-001 +2.5974e+000 -1.5624e-001 -3.5862e+000 -6.5254e-001 -3.5037e+000 -3.5535e+000 -1.4469e+000
551690 +1.512224659e-002 +1.512224659e-002 -2.201848778e+002 -2.201848778e+002 -3.7700e+000 -9.0742e-001 -1.9843e-001 +2.5914e+000 -1.6967e-001 -3.6021e+000 -6.5520e-001 -3.4983e+000 -3.5548e+000 -1.4302e+000
1592101 +9.021890293e-003 +9.021890293e-003 -2.201909781e+002 -2.201909781e+002 -3.7674e+000 -9.1441e-001 -1.9782e-001 +2.5884e+000 -1.5993e-001 -3.6063e+000 -6.5284e-001 -3.5045e+000 -3.5582e+000 -1.4373e+000
1592983 +5.468051447e-003 +5.468051447e-003 -2.201945319e+002 -2.201945319e+002 -3.7684e+000 -9.1200e-001 -1.9554e-001 +2.5850e+000 -1.6118e-001 -3.6050e+000 -6.5380e-001 -3.5038e+000 -3.5568e+000 -1.4366e+000
1593061 +3.897480559e-003 +3.897480559e-003 -2.201961025e+002 -2.201961025e+002 -3.7676e+000 -9.1100e-001 -1.9197e-001 +2.5829e+000 -1.6095e-001 -3.6057e+000 -6.5363e-001 -3.5019e+000 -3.5555e+000 -1.4385e+000
% function evaluation | noise-free fitness - Fopt (-2.041000000000e+001) | best noise-free fitness - Fopt | measured fitness | best measured fitness | x1 | x2...
1 +6.860142421e+001 +6.860142421e+001 +4.819142421e+001 +4.819142421e+001 -3.5029e+000 +4.6488e-001 -3.5723e+000 -3.6670e-001 -1.6061e+000 -3.9801e+000 +1.1544e+000 -3.1350e+000 +4.9817e+000 -8.0565e-001
6 +3.834459787e+001 +3.834459787e+001 +1.793459787e+001 +1.793459787e+001 +3.8435e+000 +2.9402e+000 -3.1858e+000 +4.5428e+000 -2.2241e+000 -2.0159e+000 +1.8676e+000 -9.0394e-001 -1.6353e+000 +1.8339e-001
14 +2.405759128e+001 +2.405759128e+001 +3.647591278e+000 +3.647591278e+000 +2.1691e+000 -1.9334e+000 +3.0196e+000 +2.0570e+000 -2.3292e+000 -1.8660e+000 -2.2537e+000 -4.5325e+000 +3.2298e+000 +2.4431e-001
25 +1.213595753e+001 +1.213595753e+001 -8.274042467e+000 -8.274042467e+000 -3.3515e+000 -4.4922e+000 +1.0704e+000 +4.1883e+000 +2.5751e+000 -2.4278e+000 -4.5190e+000 +2.7176e+000 -4.0148e+000 +6.6375e-001
117 +8.344577986e+000 +8.344577986e+000 -1.206542201e+001 -1.206542201e+001 -2.4804e+000 -2.2521e+000 -2.9222e+000 +5.1615e-001 +5.7978e-001 -2.3915e+000 -7.4152e-001 -6.2534e-003 -1.9740e+000 +1.9541e+000
371 +5.376915147e+000 +5.376915147e+000 -1.503308485e+001 -1.503308485e+001 -2.6284e+000 -3.1424e+000 -2.9222e+000 +4.7233e+000 +3.9425e+000 +9.6746e-001 -7.4152e-001 +4.3372e-001 -1.9740e+000 +1.9541e+000
394 +3.964321753e+000 +3.964321753e+000 -1.644567825e+001 -1.644567825e+001 -3.9994e+000 -3.8710e+000 -1.6910e+000 +3.4720e+000 +3.9562e+000 -6.9946e-001 -1.8000e+000 +8.2799e-001 -2.8954e+000 +1.2902e+000
1057 +2.207634847e+000 +2.207634847e+000 -1.820236515e+001 -1.820236515e+001 -2.7142e+000 -2.5148e+000 -3.4324e+000 +2.5937e+000 +2.6273e+000 -1.7453e+000 -8.2054e-001 +7.3289e-001 -3.6401e+000 +2.7422e+000
1370 +1.374784905e+000 +1.374784905e+000 -1.903521509e+001 -1.903521509e+001 -2.9415e+000 -2.9631e+000 -2.6332e+000 +3.0884e+000 +2.3212e+000 -1.1141e+000 -2.2178e+000 +8.5254e-002 -2.7012e+000 +2.1436e+000
1877 +9.230248962e-001 +9.230248962e-001 -1.948697510e+001 -1.948697510e+001 -2.6555e+000 -2.3660e+000 -2.6610e+000 +3.2130e+000 +2.2591e+000 -2.0608e+000 -2.2630e+000 -2.6479e-001 -3.7966e+000 +1.7962e+000
2934 +5.542486262e-001 +5.542486262e-001 -1.985575137e+001 -1.985575137e+001 -2.5410e+000 -2.9052e+000 -2.5697e+000 +3.3128e+000 +2.3717e+000 -1.9871e+000 -2.4352e+000 -2.1423e-001 -3.5063e+000 +1.5964e+000
3754 +3.433081839e-001 +3.433081839e-001 -2.006669182e+001 -2.006669182e+001 -2.6840e+000 -2.9002e+000 -2.5590e+000 +3.3414e+000 +2.4185e+000 -1.8879e+000 -2.4862e+000 -5.9285e-002 -3.3524e+000 +1.3782e+000
4352 +2.380174068e-001 +2.380174068e-001 -2.017198259e+001 -2.017198259e+001 -2.7594e+000 -2.9603e+000 -2.5572e+000 +3.2617e+000 +2.4356e+000 -1.9398e+000 -2.4571e+000 -8.0693e-002 -3.3169e+000 +1.4720e+000
58206 +1.523486751e-001 +1.523486751e-001 -2.025765132e+001 -2.025765132e+001 -2.8185e+000 -2.7807e+000 -2.8009e+000 +3.0882e+000 +2.5790e+000 -1.5453e+000 -1.9947e+000 -1.9991e-001 -3.0543e+000 +1.5049e+000
61508 +9.899541542e-002 +9.899541542e-002 -2.031100458e+001 -2.031100458e+001 -2.8303e+000 -2.7810e+000 -2.8032e+000 +3.0865e+000 +2.5764e+000 -1.5501e+000 -1.9870e+000 -1.9722e-001 -3.0564e+000 +1.5023e+000
155279 +5.931544558e-002 +5.931544558e-002 -2.035068455e+001 -2.035068455e+001 -3.2636e+000 -1.7854e+000 -3.9860e+000 +2.1081e+000 +2.9305e+000 +9.3030e-002 +1.1300e-001 -8.0493e-001 -2.1413e+000 +2.2400e+000
156010 +3.785687028e-002 +3.785687028e-002 -2.037214313e+001 -2.037214313e+001 -3.2587e+000 -1.7810e+000 -3.9848e+000 +2.0983e+000 +2.9359e+000 +8.9321e-002 +1.0877e-001 -8.2184e-001 -2.1350e+000 +2.2495e+000
156320 +2.321303776e-002 +2.321303776e-002 -2.038678696e+001 -2.038678696e+001 -3.2599e+000 -1.7880e+000 -3.9818e+000 +2.0941e+000 +2.9321e+000 +8.4277e-002 +1.0906e-001 -8.2668e-001 -2.1340e+000 +2.2575e+000
157507 +1.389290054e-002 +1.389290054e-002 -2.039610710e+001 -2.039610710e+001 -3.2599e+000 -1.7899e+000 -3.9782e+000 +2.0935e+000 +2.9454e+000 +8.5133e-002 +1.1150e-001 -8.2700e-001 -2.1446e+000 +2.2526e+000
158421 +9.768497883e-003 +9.768497883e-003 -2.040023150e+001 -2.040023150e+001 -3.2618e+000 -1.7875e+000 -3.9769e+000 +2.0942e+000 +2.9429e+000 +8.6327e-002 +1.1216e-001 -8.2635e-001 -2.1436e+000 +2.2540e+000
1797748 +5.719726837e-003 +5.719726837e-003 -2.040428027e+001 -2.040428027e+001 -3.2186e+000 -1.8577e+000 -3.8666e+000 +2.1841e+000 +2.9177e+000 -5.9900e-002 -6.1472e-002 -7.7955e-001 -2.2520e+000 +2.1868e+000
1798302 +3.808202305e-003 +3.808202305e-003 -2.040619180e+001 -2.040619180e+001 -3.2190e+000 -1.8590e+000 -3.8655e+000 +2.1820e+000 +2.9160e+000 -5.8495e-002 -6.2031e-002 -7.8013e-001 -2.2520e+000 +2.1871e+000
1799860 +2.415979186e-003 +2.415979186e-003 -2.040758402e+001 -2.040758402e+001 -3.2192e+000 -1.8587e+000 -3.8660e+000 +2.1828e+000 +2.9176e+000 -6.0615e-002 -6.1618e-002 -7.8103e-001 -2.2506e+000 +2.1872e+000
% function evaluation | noise-free fitness - Fopt (6.081000000000e+001) | best noise-free fitness - Fopt | measured fitness | best measured fitness | x1 | x2...
1 +2.587078173e+001 +2.587078173e+001 +8.668078173e+001 +8.668078173e+001 +4.1637e+000 +2.5842e-001 +1.1125e+000 +1.3305e+000 -4.2566e+000 -2.3164e+000 +3.1878e+000 -4.3194e+000 +2.9359e+000 -5.7945e-002
6 +2.167611773e+001 +2.167611773e+001 +8.248611773e+001 +8.248611773e+001 +4.4611e+000 -4.5854e+000 +1.2984e+000 +2.3641e+000 +2.0134e+000 -1.4010e+000 +4.5809e+000 +2.4910e+000 -8.9438e-001 +3.2999e-001
20 +1.196826496e+001 +1.196826496e+001 +7.277826496e+001 +7.277826496e+001 +1.9961e+000 +4.4995e+000 +2.9218e+000 -7.3141e-001 -4.9429e+000 -4.3808e+000 +3.0549e+000 -1.9338e+000 +3.9587e+000 +9.8896e-001
162 +8.339044471e+000 +8.339044471e+000 +6.914904447e+001 +6.914904447e+001 +1.4991e+000 +2.3546e+000 +3.0164e+000 -1.4844e+000 -1.7235e+000 -1.4177e+000 -1.0184e-001 -3.3347e+000 +4.6723e+000 +1.3673e+000
317 +5.890962440e+000 +5.890962440e+000 +6.670096244e+001 +6.670096244e+001 +1.9141e+000 +1.6199e+000 +4.1316e+000 -1.5704e+000 +1.6018e-002 -1.8242e+000 +1.2579e+000 -3.6201e+000 +2.2197e+000 +3.1829e+000
340 +3.748576304e+000 +3.748576304e+000 +6.455857630e+001 +6.455857630e+001 +1.8174e+000 +1.9348e+000 +3.6655e+000 -3.0009e+000 -1.6125e+000 -1.4869e+000 +1.4468e-002 -1.8460e+000 -2.0691e+000 +3.3798e+000
2724 +1.917702736e+000 +1.917702736e+000 +6.272770274e+001 +6.272770274e+001 +1.3362e+000 +2.8536e+000 +2.9811e+000 +1.9679e-001 +5.7517e-001 -2.3373e+000 +1.6646e+000 -1.2683e+000 -3.1843e+000 +3.8577e+000
2966 +1.573489727e+000 +1.573489727e+000 +6.238348973e+001 +6.238348973e+001 +1.5709e+000 +2.7873e+000 +2.5437e+000 +4.0973e-001 +8.0459e-001 -2.3766e+000 +1.8408e+000 -1.5735e+000 -3.5386e+000 +4.4828e+000
6938 +6.660444748e-001 +6.660444748e-001 +6.147604447e+001 +6.147604447e+001 +9.6049e-001 +2.5092e+000 +3.4726e+000 -3.8795e-001 +7.5118e-001 -1.7176e+000 +1.7770e+000 -2.6639e+000 -2.2493e+000 +3.5873e+000
10805 +4.544948127e-001 +4.544948127e-001 +6.126449481e+001 +6.126449481e+001 +1.1341e+000 +2.4475e+000 +3.3201e+000 +1.6563e-001 +3.7105e-001 -1.5934e+000 +1.3108e+000 -2.4176e+000 -2.1421e+000 +4.0760e+000
11161 +3.586128672e-001 +3.586128672e-001 +6.116861287e+001 +6.116861287e+001 +1.1923e+000 +2.4499e+000 +3.3612e+000 +3.0016e-002 +4.9221e-001 -1.5552e+000 +1.4180e+000 -2.3303e+000 -2.0155e+000 +4.1913e+000
11658 +2.291498849e-001 +2.291498849e-001 +6.103914988e+001 +6.103914988e+001 +1.1480e+000 +2.6824e+000 +3.3383e+000 +4.9457e-001 +6.8046e-001 -1.6790e+000 +1.4880e+000 -2.4749e+000 -2.1558e+000 +3.8310e+000
12440 +1.475795283e-001 +1.475795283e-001 +6.095757953e+001 +6.095757953e+001 +1.0355e+000 +2.7982e+000 +3.3654e+000 +2.2456e-001 +5.5341e-001 -1.4775e+000 +1.4149e+000 -2.4801e+000 -1.9707e+000 +3.9385e+000
12967 +8.795229096e-002 +8.795229096e-002 +6.089795229e+001 +6.089795229e+001 +1.0809e+000 +2.6968e+000 +3.3642e+000 +3.3574e-001 +5.4179e-001 -1.5742e+000 +1.4245e+000 -2.4697e+000 -1.9872e+000 +3.9870e+000
13545 +6.110792506e-002 +6.110792506e-002 +6.087110793e+001 +6.087110793e+001 +1.0894e+000 +2.6483e+000 +3.3456e+000 +2.7307e-001 +5.6057e-001 -1.5732e+000 +1.4439e+000 -2.5333e+000 -1.9721e+000 +3.9711e+000
66839 +2.087863018e-002 +2.087863018e-002 +6.083087863e+001 +6.083087863e+001 +1.0739e+000 +2.6715e+000 +3.3895e+000 +3.3791e-001 +5.5589e-001 -1.5576e+000 +1.4493e+000 -2.5357e+000 -1.9802e+000 +3.9400e+000
512545 +1.490783447e-002 +1.490783447e-002 +6.082490783e+001 +6.082490783e+001 +1.1406e+000 +2.6112e+000 +3.3210e+000 +1.6190e-001 +5.2757e-001 -1.5358e+000 +1.5444e+000 -2.4001e+000 -1.9070e+000 +4.0901e+000
1691211 +9.871896061e-003 +9.871896061e-003 +6.081987190e+001 +6.081987190e+001 +1.0978e+000 +2.6724e+000 +3.3702e+000 +2.9407e-001 +5.5814e-001 -1.5544e+000 +1.4532e+000 -2.5029e+000 -1.9716e+000 +3.9805e+000
% function evaluation | noise-free fitness - Fopt (-6.176300000000e+002) | best noise-free fitness - Fopt | measured fitness | best measured fitness | x1 | x2...
1 +1.084171418e+001 +1.084171418e+001 -6.067882858e+002 -6.067882858e+002 +6.9389e-001 -2.6866e+000 -3.7916e+000 -1.0143e-003 -1.7455e+000 +3.2526e+000 +2.2825e+000 +1.7635e+000 -7.6827e-001 +1.1150e+000
41 +7.828096722e+000 +7.828096722e+000 -6.098019033e+002 -6.098019033e+002 +1.3774e+000 -3.4855e+000 +4.1072e-001 -2.4086e+000 -3.3834e+000 +2.3380e+000 -1.2538e+000 -3.2451e+000 +4.3892e+000 +4.0366e+000
300 +5.552854308e+000 +5.552854308e+000 -6.120771457e+002 -6.120771457e+002 +1.4269e+000 -3.9394e+000 -3.1632e+000 -3.2709e+000 -1.8393e+000 +1.6345e+000 -1.3182e+000 -1.5162e+000 +4.9460e+000 +4.7053e+000
595 +3.937563855e+000 +3.937563855e+000 -6.136924361e+002 -6.136924361e+002 -2.7136e-001 -3.3706e+000 -4.6816e+000 -3.5599e+000 -2.2797e+000 -1.9433e-001 -4.4268e-001 -1.2384e+000 +4.9268e+000 +3.0055e+000
1624 +2.285342570e+000 +2.285342570e+000 -6.153446574e+002 -6.153446574e+002 -1.7356e+000 -1.8434e+000 -2.1230e+000 -2.6394e+000 -3.8520e+000 +8.8584e-001 +1.1553e+000 -1.1457e+000 +3.8807e+000 +2.8910e+000
2092 +1.444648532e+000 +1.444648532e+000 -6.161853515e+002 -6.161853515e+002 -1.3117e+000 -2.7873e+000 -3.1554e+000 -3.8425e+000 -4.0293e+000 +1.2562e-003 +2.5188e+000 -2.2544e+000 +3.7855e+000 +2.1445e+000
2495 +9.545522206e-001 +9.545522206e-001 -6.166754478e+002 -6.166754478e+002 -1.5371e+000 -2.2267e+000 -3.4361e+000 -3.5392e+000 -3.8799e+000 +7.4638e-002 +1.7645e+000 -2.2823e+000 +3.9338e+000 +2.1621e+000
5606 +6.055411727e-001 +6.055411727e-001 -6.170244588e+002 -6.170244588e+002 -1.3425e+000 -1.9846e+000 -3.7307e+000 -3.4089e+000 -3.6668e+000 +3.4227e-001 +1.0892e+000 -1.7624e+000 +3.5630e+000 +1.7047e+000
6165 +3.891529877e-001 +3.891529877e-001 -6.172408470e+002 -6.172408470e+002 -1.7270e+000 -1.8721e+000 -3.6627e+000 -2.6449e+000 -3.8172e+000 +6.2991e-001 +1.3803e+000 -1.5608e+000 +3.6018e+000 +2.1181e+000
28277 +2.161673374e-001 +2.161673374e-001 -6.174138327e+002 -6.174138327e+002 -1.2143e+000 -2.3331e+000 -3.5457e+000 -2.9451e+000 -3.7157e+000 +2.8148e-001 +1.1160e+000 -2.0811e+000 +3.8470e+000 +2.2085e+000
28710 +1.131020412e-001 +1.131020412e-001 -6.175168980e+002 -6.175168980e+002 -1.3190e+000 -2.2927e+000 -3.4856e+000 -3.1503e+000 -3.6451e+000 +3.2684e-001 +1.0630e+000 -1.9735e+000 +3.7988e+000 +1.9907e+000
28755 +9.203442528e-002 +9.203442528e-002 -6.175379656e+002 -6.175379656e+002 -1.3417e+000 -2.2795e+000 -3.5029e+000 -3.1486e+000 -3.6542e+000 +3.4021e-001 +1.1072e+000 -1.9288e+000 +3.8116e+000 +2.0065e+000
29816 +5.748404588e-002 +5.748404588e-002 -6.175725160e+002 -6.175725160e+002 -1.3395e+000 -2.2656e+000 -3.5079e+000 -3.1457e+000 -3.6687e+000 +3.1726e-001 +1.1159e+000 -1.9563e+000 +3.8314e+000 +2.0483e+000
30193 +2.936143632e-002 +2.936143632e-002 -6.176006386e+002 -6.176006386e+002 -1.3429e+000 -2.2438e+000 -3.4806e+000 -3.1722e+000 -3.6717e+000 +3.4037e-001 +1.1340e+000 -1.9476e+000 +3.8159e+000 +2.0248e+000
30911 +2.476495349e-002 +2.476495349e-002 -6.176052350e+002 -6.176052350e+002 -1.3420e+000 -2.2330e+000 -3.4866e+000 -3.1770e+000 -3.6901e+000 +3.4367e-001 +1.1454e+000 -1.9496e+000 +3.8208e+000 +2.0146e+000
31930 +1.483881834e-002 +1.483881834e-002 -6.176151612e+002 -6.176151612e+002 -1.3393e+000 -2.2417e+000 -3.4877e+000 -3.1833e+000 -3.6922e+000 +3.3842e-001 +1.1607e+000 -1.9503e+000 +3.8189e+000 +2.0178e+000
490771 +9.339321249e-003 +9.339321249e-003 -6.176206607e+002 -6.176206607e+002 -1.3303e+000 -2.2627e+000 -3.4884e+000 -3.1924e+000 -3.6853e+000 +3.1984e-001 +1.1328e+000 -1.9630e+000 +3.8207e+000 +2.0075e+000
491184 +6.212282608e-003 +6.212282608e-003 -6.176237877e+002 -6.176237877e+002 -1.3285e+000 -2.2614e+000 -3.4896e+000 -3.1838e+000 -3.6906e+000 +3.2284e-001 +1.1353e+000 -1.9604e+000 +3.8180e+000 +2.0076e+000
491839 +2.902158048e-003 +2.902158048e-003 -6.176270978e+002 -6.176270978e+002 -1.3298e+000 -2.2611e+000 -3.4900e+000 -3.1847e+000 -3.6887e+000 +3.2216e-001 +1.1398e+000 -1.9611e+000 +3.8190e+000 +2.0070e+000
492602 +2.399112571e-003 +2.399112571e-003 -6.176276009e+002 -6.176276009e+002 -1.3297e+000 -2.2619e+000 -3.4899e+000 -3.1852e+000 -3.6893e+000 +3.2109e-001 +1.1402e+000 -1.9602e+000 +3.8187e+000 +2.0075e+000
492961 +1.569164993e-003 +1.569164993e-003 -6.176284308e+002 -6.176284308e+002 -1.3297e+000 -2.2611e+000 -3.4905e+000 -3.1843e+000 -3.6890e+000 +3.2307e-001 +1.1404e+000 -1.9598e+000 +3.8188e+000 +2.0078e+000
493303 +9.102345283e-004 +9.102345283e-004 -6.176290898e+002 -6.176290898e+002 -1.3280e+000 -2.2611e+000 -3.4905e+000 -3.1844e+000 -3.6906e+000 +3.2338e-001 +1.1396e+000 -1.9605e+000 +3.8173e+000 +2.0071e+000
493926 +6.114855823e-004 +6.114855823e-004 -6.176293885e+002 -6.176293885e+002 -1.3279e+000 -2.2612e+000 -3.4904e+000 -3.1845e+000 -3.6905e+000 +3.2324e-001 +1.1393e+000 -1.9604e+000 +3.8173e+000 +2.0074e+000
494808 +3.783611730e-004 +3.783611730e-004 -6.176296216e+002 -6.176296216e+002 -1.3280e+000 -2.2611e+000 -3.4906e+000 -3.1845e+000 -3.6904e+000 +3.2321e-001 +1.1393e+000 -1.9603e+000 +3.8177e+000 +2.0075e+000
495611 +2.405364625e-004 +2.405364625e-004 -6.176297595e+002 -6.176297595e+002 -1.3280e+000 -2.2606e+000 -3.4904e+000 -3.1846e+000 -3.6905e+000 +3.2337e-001 +1.1392e+000 -1.9600e+000 +3.8175e+000 +2.0074e+000
497160 +1.546114528e-004 +1.546114528e-004 -6.176298454e+002 -6.176298454e+002 -1.3281e+000 -2.2607e+000 -3.4904e+000 -3.1847e+000 -3.6903e+000 +3.2331e-001 +1.1392e+000 -1.9600e+000 +3.8175e+000 +2.0072e+000
498370 +9.123194968e-005 +9.123194968e-005 -6.176299088e+002 -6.176299088e+002 -1.3280e+000 -2.2608e+000 -3.4904e+000 -3.1847e+000 -3.6903e+000 +3.2330e-001 +1.1392e+000 -1.9599e+000 +3.8175e+000 +2.0072e+000
500519 +6.167629147e-005 +6.167629147e-005 -6.176299383e+002 -6.176299383e+002 -1.3280e+000 -2.2608e+000 -3.4904e+000 -3.1847e+000 -3.6903e+000 +3.2331e-001 +1.1392e+000 -1.9599e+000 +3.8175e+000 +2.0072e+000
