% function evaluation | noise-free fitness - Fopt (7.135000000000e+001) | best noise-free fitness - Fopt | measured fitness | best measured fitness | x1 | x2...
1 +9.356345186e+001 +9.356345186e+001 +1.649134519e+002 +1.649134519e+002 +4.7528e+000 +9.3225e-001 -4.7463e+000
7 +3.414345023e+001 +3.414345023e+001 +1.054934502e+002 +1.054934502e+002 -4.3143e+000 -1.7529e+000 -7.1330e-001
47 +1.982999677e+000 +1.982999677e+000 +7.333299968e+001 +7.333299968e+001 +3.9635e+000 +2.4857e+000 +4.9410e+000
1759 +1.365137177e+000 +1.365137177e+000 +7.271513718e+001 +7.271513718e+001 +3.8239e+000 +2.7538e+000 +4.8011e+000
1858 +5.650716082e-001 +5.650716082e-001 +7.191507161e+001 +7.191507161e+001 +3.7799e+000 +2.8008e+000 +4.7550e+000
2999 +3.005925333e-001 +3.005925333e-001 +7.165059253e+001 +7.165059253e+001 +4.0191e+000 +2.5355e+000 +4.6577e+000
3045 +2.066077936e-001 +2.066077936e-001 +7.155660779e+001 +7.155660779e+001 +3.9464e+000 +2.6090e+000 +4.6178e+000
3180 +1.387474271e-001 +1.387474271e-001 +7.148874743e+001 +7.148874743e+001 +3.9325e+000 +2.6199e+000 +4.5937e+000
3198 +4.478828523e-002 +4.478828523e-002 +7.139478829e+001 +7.139478829e+001 +3.9032e+000 +2.6391e+000 +4.6347e+000
3378 +3.790387959e-002 +3.790387959e-002 +7.138790388e+001 +7.138790388e+001 +3.8529e+000 +2.6772e+000 +4.6483e+000
3745 +2.268324082e-002 +2.268324082e-002 +7.137268324e+001 +7.137268324e+001 +3.8952e+000 +2.6424e+000 +4.6794e+000
3989 +1.559505946e-002 +1.559505946e-002 +7.136559506e+001 +7.136559506e+001 +3.9264e+000 +2.6070e+000 +4.6842e+000
4007 +6.058288406e-003 +6.058288406e-003 +7.135605829e+001 +7.135605829e+001 +3.9358e+000 +2.5987e+000 +4.6688e+000
4301 +3.495201948e-003 +3.495201948e-003 +7.135349520e+001 +7.135349520e+001 +3.9312e+000 +2.5986e+000 +4.6604e+000
4783 +1.054851398e-003 +1.054851398e-003 +7.135105485e+001 +7.135105485e+001 +3.9219e+000 +2.6119e+000 +4.6711e+000
4818 +4.272756065e-004 +4.272756065e-004 +7.135042728e+001 +7.135042728e+001 +3.9204e+000 +2.6127e+000 +4.6672e+000
5034 +2.642096038e-004 +2.642096038e-004 +7.135026421e+001 +7.135026421e+001 +3.9159e+000 +2.6190e+000 +4.6694e+000
5224 +1.864841799e-005 +1.864841799e-005 +7.135001865e+001 +7.135001865e+001 +3.9189e+000 +2.6156e+000 +4.6680e+000
5505 +3.976445612e-006 +3.976445612e-006 +7.135000398e+001 +7.135000398e+001 +3.9178e+000 +2.6166e+000 +4.6680e+000
6527 +8.103334892e-008 +8.103334892e-008 +7.135000008e+001 +7.135000008e+001 +3.9180e+000 +2.6163e+000 +4.6682e+000
7263 +5.779901358e-008 +5.779901358e-008 +7.135000006e+001 +7.135000006e+001 +3.9180e+000 +2.6163e+000 +4.6681e+000
7399 +3.110359614e-008 +3.110359614e-008 +7.135000003e+001 +7.135000003e+001 +3.9181e+000 +2.6162e+000 +4.6682e+000
7467 +1.428215057e-008 +1.428215057e-008 +7.135000001e+001 +7.135000001e+001 +3.9181e+000 +2.6162e+000 +4.6682e+000
7917 +2.715637493e-009 +2.715637493e-009 +7.135000000e+001 +7.135000000e+001 +3.9181e+000 +2.6162e+000 +4.6682e+000
% function evaluation | noise-free fitness - Fopt (-3.552200000000e+002) | best noise-free fitness - Fopt | measured fitness | best measured fitness | x1 | x2...
1 +5.437807837e+001 +5.437807837e+001 -3.008419216e+002 -3.008419216e+002 +4.2061e+000 +3.3073e+000 -1.1232e+000
6 +2.177881820e+001 +2.177881820e+001 -3.334411818e+002 -3.334411818e+002 -1.0045e+000 -1.4280e+000 +2.2662e+000
9 +1.365121813e+001 +1.365121813e+001 -3.415687819e+002 -3.415687819e+002 +7.5452e-001 +4.5188e+000 -2.1870e+000
131 +9.659149484e+000 +9.659149484e+000 -3.455608505e+002 -3.455608505e+002 -1.3802e-001 +4.8557e+000 -1.2152e+000
203 +5.604547272e+000 +5.604547272e+000 -3.496154527e+002 -3.496154527e+002 +3.8537e+000 -4.9681e+000 +3.4057e+000
772 +3.645335372e+000 +3.645335372e+000 -3.515746646e+002 -3.515746646e+002 -3.2115e+000 +1.4312e+000 -7.7091e-001
2374 +2.169251766e+000 +2.169251766e+000 -3.530507482e+002 -3.530507482e+002 -4.2930e+000 +6.4588e-001 -4.4004e-001
3153 +5.648266177e-001 +5.648266177e-001 -3.546551734e+002 -3.546551734e+002 -4.3134e+000 +1.5040e-001 -8.7027e-001
5066 +3.780333069e-001 +3.780333069e-001 -3.548419667e+002 -3.548419667e+002 -4.2024e+000 -4.8013e+000 -2.6302e+000
5246 +1.336488496e-001 +1.336488496e-001 -3.550863512e+002 -3.550863512e+002 -4.1835e+000 -4.9066e+000 -2.8085e+000
5304 +6.857669121e-002 +6.857669121e-002 -3.551514233e+002 -3.551514233e+002 -4.1874e+000 -4.8472e+000 -2.7679e+000
5638 +5.538988082e-002 +5.538988082e-002 -3.551646101e+002 -3.551646101e+002 -4.1820e+000 -4.8850e+000 -2.8158e+000
6329 +2.483213152e-003 +2.483213152e-003 -3.552175168e+002 -3.552175168e+002 -4.1972e+000 -4.8814e+000 -2.8170e+000
7032 +1.378534475e-003 +1.378534475e-003 -3.552186215e+002 -3.552186215e+002 -4.1963e+000 -4.8777e+000 -2.8144e+000
7310 +2.353542865e-004 +2.353542865e-004 -3.552197646e+002 -3.552197646e+002 -4.1982e+000 -4.8738e+000 -2.8073e+000
8042 +3.600209232e-005 +3.600209232e-005 -3.552199640e+002 -3.552199640e+002 -4.1976e+000 -4.8742e+000 -2.8064e+000
8098 +7.253660783e-007 +7.253660783e-007 -3.552199993e+002 -3.552199993e+002 -4.1976e+000 -4.8751e+000 -2.8071e+000
9716 +4.399998375e-007 +4.399998375e-007 -3.552199996e+002 -3.552199996e+002 -4.1975e+000 -4.8751e+000 -2.8073e+000
9798 +1.602498969e-007 +1.602498969e-007 -3.552199998e+002 -3.552199998e+002 -4.1975e+000 -4.8752e+000 -2.8073e+000
9804 +1.318350087e-007 +1.318350087e-007 -3.552199999e+002 -3.552199999e+002 -4.1976e+000 -4.8752e+000 -2.8073e+000
9976 +7.289122550e-008 +7.289122550e-008 -3.552199999e+002 -3.552199999e+002 -4.1975e+000 -4.8752e+000 -2.8073e+000
9996 +2.784958042e-008 +2.784958042e-008 -3.552200000e+002 -3.552200000e+002 -4.1976e+000 -4.8752e+000 -2.8074e+000
10552 +1.853197773e-008 +1.853197773e-008 -3.552200000e+002 -3.552200000e+002 -4.1976e+000 -4.8752e+000 -2.8073e+000
10589 +7.886455933e-010 +7.886455933e-010 -3.552200000e+002 -3.552200000e+002 -4.1976e+000 -4.8752e+000 -2.8073e+000
10613 +5.859419616e-010 +5.859419616e-010 -3.552200000e+002 -3.552200000e+002 -4.1976e+000 -4.8752e+000 -2.8073e+000
% function evaluation | noise-free fitness - Fopt (9.917000000000e+001) | best noise-free fitness - Fopt | measured fitness | best measured fitness | x1 | x2...
1 +7.447234072e+001 +7.447234072e+001 +1.736423407e+002 +1.736423407e+002 -1.4977e+000 -2.8768e+000 -1.8305e+000
5 +3.238480246e+001 +3.238480246e+001 +1.315548025e+002 +1.315548025e+002 +5.1834e-001 -4.6974e+000 -4.3253e+000
33 +1.308387259e+001 +1.308387259e+001 +1.122538726e+002 +1.122538726e+002 -1.6762e+000 +1.9108e+000 -6.2464e-001
46 +7.441541009e+000 +7.441541009e+000 +1.066115410e+002 +1.066115410e+002 -2.3009e+000 +3.8019e+000 +3.4479e+000
497 +5.582284684e+000 +5.582284684e+000 +1.047522847e+002 +1.047522847e+002 -4.0212e+000 +4.9887e+000 +1.9481e+000
1308 +8.331090692e-001 +8.331090692e-001 +1.000031091e+002 +1.000031091e+002 +1.7717e+000 +2.1471e+000 +4.5650e+000
2730 +5.700461870e-001 +5.700461870e-001 +9.974004619e+001 +9.974004619e+001 +1.7791e+000 +2.1132e+000 +4.5564e+000
2750 +3.422591733e-001 +3.422591733e-001 +9.951225917e+001 +9.951225917e+001 +1.8872e+000 +2.1114e+000 +4.3531e+000
2871 +5.584293368e-002 +5.584293368e-002 +9.922584293e+001 +9.922584293e+001 +1.8480e+000 +2.1127e+000 +4.4602e+000
3576 +2.631966707e-002 +2.631966707e-002 +9.919631967e+001 +9.919631967e+001 +1.8668e+000 +2.1223e+000 +4.4443e+000
3831 +2.171860380e-002 +2.171860380e-002 +9.919171860e+001 +9.919171860e+001 +1.8868e+000 +2.1202e+000 +4.4101e+000
4150 +1.473616789e-002 +1.473616789e-002 +9.918473617e+001 +9.918473617e+001 +1.9025e+000 +2.1194e+000 +4.3857e+000
4200 +4.238775587e-003 +4.238775587e-003 +9.917423878e+001 +9.917423878e+001 +1.8837e+000 +2.1264e+000 +4.4078e+000
4434 +3.380294727e-003 +3.380294727e-003 +9.917338029e+001 +9.917338029e+001 +1.8908e+000 +2.1356e+000 +4.4038e+000
4809 +1.604481970e-003 +1.604481970e-003 +9.917160448e+001 +9.917160448e+001 +1.8897e+000 +2.1334e+000 +4.4026e+000
4943 +1.156574951e-003 +1.156574951e-003 +9.917115657e+001 +9.917115657e+001 +1.8904e+000 +2.1298e+000 +4.4011e+000
5018 +6.703430642e-004 +6.703430642e-004 +9.917067034e+001 +9.917067034e+001 +1.8900e+000 +2.1310e+000 +4.4022e+000
5206 +3.925269405e-004 +3.925269405e-004 +9.917039253e+001 +9.917039253e+001 +1.8954e+000 +2.1341e+000 +4.3978e+000
5311 +9.925340669e-005 +9.925340669e-005 +9.917009925e+001 +9.917009925e+001 +1.8991e+000 +2.1355e+000 +4.3942e+000
5392 +2.152108586e-005 +2.152108586e-005 +9.917002152e+001 +9.917002152e+001 +1.8996e+000 +2.1358e+000 +4.3929e+000
5757 +1.547648203e-005 +1.547648203e-005 +9.917001548e+001 +9.917001548e+001 +1.8994e+000 +2.1354e+000 +4.3933e+000
6504 +9.976367807e-006 +9.976367807e-006 +9.917000998e+001 +9.917000998e+001 +1.8994e+000 +2.1354e+000 +4.3932e+000
6523 +2.249738102e-006 +2.249738102e-006 +9.917000225e+001 +9.917000225e+001 +1.8993e+000 +2.1353e+000 +4.3931e+000
6708 +9.006959232e-007 +9.006959232e-007 +9.917000090e+001 +9.917000090e+001 +1.8995e+000 +2.1354e+000 +4.3930e+000
6813 +5.782073771e-007 +5.782073771e-007 +9.917000058e+001 +9.917000058e+001 +1.8991e+000 +2.1352e+000 +4.3933e+000
7006 +3.802923629e-007 +3.802923629e-007 +9.917000038e+001 +9.917000038e+001 +1.8996e+000 +2.1354e+000 +4.3929e+000
7352 +1.712076454e-007 +1.712076454e-007 +9.917000017e+001 +9.917000017e+001 +1.8995e+000 +2.1354e+000 +4.3930e+000
7584 +6.915773554e-008 +6.915773554e-008 +9.917000007e+001 +9.917000007e+001 +1.8995e+000 +2.1354e+000 +4.3930e+000
7617 +2.227002938e-008 +2.227002938e-008 +9.917000002e+001 +9.917000002e+001 +1.8995e+000 +2.1353e+000 +4.3930e+000
8103 +8.860354228e-009 +8.860354228e-009 +9.917000001e+001 +9.917000001e+001 +1.8994e+000 +2.1353e+000 +4.3931e+000
% function evaluation | noise-free fitness - Fopt (-5.179100000000e+002) | best noise-free fitness - Fopt | measured fitness | best measured fitness | x1 | x2...
1 +3.149305958e+001 +3.149305958e+001 -4.864169404e+002 -4.864169404e+002 -1.5132e+000 +1.6292e+000 +3.3112e+000
9 +2.211192340e+001 +2.211192340e+001 -4.957980766e+002 -4.957980766e+002 +3.2694e+000 -4.2117e+000 +1.5545e+000
19 +5.372109166e+000 +5.372109166e+000 -5.125378908e+002 -5.125378908e+002 -4.2741e+000 +4.9578e+000 +1.8633e+000
1494 +3.629566612e+000 +3.629566612e+000 -5.142804334e+002 -5.142804334e+002 +1.5512e+000 +5.4329e+000 +1.7145e+000
1661 +9.629917182e-001 +9.629917182e-001 -5.169470083e+002 -5.169470083e+002 +1.6906e+000 +5.4676e+000 +1.9670e+000
3400 +5.040304199e-001 +5.040304199e-001 -5.174059696e+002 -5.174059696e+002 -3.9627e-001 -2.1308e+000 -4.1035e+000
4460 +2.379535448e-001 +2.379535448e-001 -5.176720465e+002 -5.176720465e+002 -4.0430e-001 -2.1020e+000 -3.9169e+000
6069 +1.341433625e-001 +1.341433625e-001 -5.177758566e+002 -5.177758566e+002 -3.2689e-001 -2.2287e+000 -3.9016e+000
6837 +8.378704051e-002 +8.378704051e-002 -5.178262130e+002 -5.178262130e+002 -3.1734e-001 -2.2261e+000 -3.8728e+000
6933 +5.963188620e-002 +5.963188620e-002 -5.178503681e+002 -5.178503681e+002 -3.1747e-001 -2.2255e+000 -3.8738e+000
7224 +9.958379691e-003 +9.958379691e-003 -5.179000416e+002 -5.179000416e+002 -3.1509e-001 -2.2095e+000 -3.8747e+000
7260 +3.219268277e-003 +3.219268277e-003 -5.179067807e+002 -5.179067807e+002 -3.0815e-001 -2.2217e+000 -3.8618e+000
7298 +1.437242437e-003 +1.437242437e-003 -5.179085628e+002 -5.179085628e+002 -3.0305e-001 -2.2238e+000 -3.8568e+000
7420 +7.886247804e-004 +7.886247804e-004 -5.179092114e+002 -5.179092114e+002 -3.0481e-001 -2.2215e+000 -3.8596e+000
8534 +5.106873047e-004 +5.106873047e-004 -5.179094893e+002 -5.179094893e+002 -3.0599e-001 -2.2235e+000 -3.8632e+000
8780 +1.913596553e-004 +1.913596553e-004 -5.179098086e+002 -5.179098086e+002 -3.0641e-001 -2.2223e+000 -3.8642e+000
8831 +1.239018942e-004 +1.239018942e-004 -5.179098761e+002 -5.179098761e+002 -3.0708e-001 -2.2222e+000 -3.8660e+000
9002 +5.610554217e-005 +5.610554217e-005 -5.179099439e+002 -5.179099439e+002 -3.0831e-001 -2.2207e+000 -3.8663e+000
9213 +3.851199961e-005 +3.851199961e-005 -5.179099615e+002 -5.179099615e+002 -3.0812e-001 -2.2206e+000 -3.8668e+000
9298 +9.647076695e-006 +9.647076695e-006 -5.179099904e+002 -5.179099904e+002 -3.0838e-001 -2.2202e+000 -3.8666e+000
9777 +6.040585276e-006 +6.040585276e-006 -5.179099940e+002 -5.179099940e+002 -3.0829e-001 -2.2204e+000 -3.8664e+000
10032 +3.858575496e-006 +3.858575496e-006 -5.179099961e+002 -5.179099961e+002 -3.0807e-001 -2.2206e+000 -3.8662e+000
10864 +2.003691293e-006 +2.003691293e-006 -5.179099980e+002 -5.179099980e+002 -3.0794e-001 -2.2208e+000 -3.8657e+000
10957 +1.343208510e-006 +1.343208510e-006 -5.179099987e+002 -5.179099987e+002 -3.0794e-001 -2.2207e+000 -3.8658e+000
11156 +7.556033097e-007 +7.556033097e-007 -5.179099992e+002 -5.179099992e+002 -3.0807e-001 -2.2206e+000 -3.8661e+000
11169 +5.929615554e-007 +5.929615554e-007 -5.179099994e+002 -5.179099994e+002 -3.0791e-001 -2.2208e+000 -3.8658e+000
11450 +4.469825399e-009 +4.469825399e-009 -5.179100000e+002 -5.179100000e+002 -3.0798e-001 -2.2207e+000 -3.8659e+000
% function evaluation | noise-free fitness - Fopt (-5.721000000000e+001) | best noise-free fitness - Fopt | measured fitness | best measured fitness | x1 | x2...
1 +3.003834156e+001 +3.003834156e+001 -2.717165844e+001 -2.717165844e+001 -3.4515e+000 -2.9802e+000 -1.0769e+000
3 +4.610942158e+000 +4.610942158e+000 -5.259905784e+001 -5.259905784e+001 +4.4344e+000 -4.3515e+000 +1.7988e+000
172 +3.463763803e+000 +3.463763803e+000 -5.374623620e+001 -5.374623620e+001 +5.0432e+000 -1.0997e+000 +2.5487e+000
1991 +5.445405021e-001 +5.445405021e-001 -5.666545950e+001 -5.666545950e+001 -2.3225e+000 -1.4067e+000 +3.6509e-001
3361 +3.444743047e-001 +3.444743047e-001 -5.686552570e+001 -5.686552570e+001 -2.3526e+000 -1.4695e+000 +3.5820e-001
3373 +1.744247222e-001 +1.744247222e-001 -5.703557528e+001 -5.703557528e+001 -2.3745e+000 -1.4836e+000 +3.4695e-001
4387 +1.358319666e-001 +1.358319666e-001 -5.707416803e+001 -5.707416803e+001 -2.3615e+000 -1.4807e+000 +3.4980e-001
4457 +9.968771963e-002 +9.968771963e-002 -5.711031228e+001 -5.711031228e+001 -2.3555e+000 -1.4766e+000 +3.4501e-001
5381 +5.595800753e-002 +5.595800753e-002 -5.715404199e+001 -5.715404199e+001 -2.3637e+000 -1.4771e+000 +3.4130e-001
6285 +3.771373468e-002 +3.771373468e-002 -5.717228627e+001 -5.717228627e+001 -2.3622e+000 -1.4757e+000 +3.3954e-001
% function evaluation | noise-free fitness - Fopt (6.770000000000e+000) | best noise-free fitness - Fopt | measured fitness | best measured fitness | x1 | x2...
1 +1.887085839e+002 +1.887085839e+002 +1.954785839e+002 +1.954785839e+002 -1.7147e+000 +3.8352e+000 +4.9438e+000
3 +7.825071802e+001 +7.825071802e+001 +8.502071802e+001 +8.502071802e+001 -3.4398e+000 +4.9752e+000 -4.1791e+000
4 +2.730559402e+001 +2.730559402e+001 +3.407559402e+001 +3.407559402e+001 -9.0919e-001 +8.8972e-001 +6.6300e-001
9 +2.469799379e+001 +2.469799379e+001 +3.146799379e+001 +3.146799379e+001 +3.5958e+000 +1.1182e+000 +8.2749e-001
17 +7.374930989e+000 +7.374930989e+000 +1.414493099e+001 +1.414493099e+001 -3.3855e+000 +1.9064e-002 +8.0106e-001
338 +5.642394036e+000 +5.642394036e+000 +1.241239404e+001 +1.241239404e+001 -1.0723e+000 -2.5920e+000 +3.6286e+000
427 +3.631004549e+000 +3.631004549e+000 +1.040100455e+001 +1.040100455e+001 -1.0656e+000 -1.7461e+000 +3.4276e+000
557 +2.070678968e+000 +2.070678968e+000 +8.840678968e+000 +8.840678968e+000 -5.0974e-001 -2.8706e+000 +4.4028e+000
2020 +1.481947070e+000 +1.481947070e+000 +8.251947070e+000 +8.251947070e+000 -1.0198e+000 -2.1318e+000 +3.3833e+000
3084 +1.669657496e-001 +1.669657496e-001 +6.936965750e+000 +6.936965750e+000 -1.0239e+000 -2.1311e+000 +3.4516e+000
3637 +1.552266529e-001 +1.552266529e-001 +6.925226653e+000 +6.925226653e+000 -1.0361e+000 -2.1466e+000 +3.4602e+000
4310 +7.026815251e-002 +7.026815251e-002 +6.840268153e+000 +6.840268153e+000 -1.0554e+000 -2.2045e+000 +3.4921e+000
4474 +4.958602984e-002 +4.958602984e-002 +6.819586030e+000 +6.819586030e+000 -9.6223e-001 -2.1004e+000 +3.4206e+000
4717 +3.705353116e-002 +3.705353116e-002 +6.807053531e+000 +6.807053531e+000 -9.5173e-001 -2.0751e+000 +3.4097e+000
5582 +2.085657545e-002 +2.085657545e-002 +6.790856575e+000 +6.790856575e+000 -9.5171e-001 -2.0419e+000 +3.3956e+000
5813 +1.559374846e-002 +1.559374846e-002 +6.785593748e+000 +6.785593748e+000 -9.5453e-001 -2.0272e+000 +3.3917e+000
6428 +6.917092034e-003 +6.917092034e-003 +6.776917092e+000 +6.776917092e+000 -9.6145e-001 -2.0927e+000 +3.4054e+000
6492 +6.041280334e-003 +6.041280334e-003 +6.776041280e+000 +6.776041280e+000 -9.6923e-001 -2.1167e+000 +3.4173e+000
6673 +1.138585202e-003 +1.138585202e-003 +6.771138585e+000 +6.771138585e+000 -9.6123e-001 -2.0970e+000 +3.4095e+000
6854 +7.697410921e-004 +7.697410921e-004 +6.770769741e+000 +6.770769741e+000 -9.5923e-001 -2.0969e+000 +3.4090e+000
7214 +1.315489648e-005 +1.315489648e-005 +6.770013155e+000 +6.770013155e+000 -9.6422e-001 -2.1027e+000 +3.4129e+000
7982 +3.704610632e-006 +3.704610632e-006 +6.770003705e+000 +6.770003705e+000 -9.6385e-001 -2.1025e+000 +3.4127e+000
8027 +1.769924949e-006 +1.769924949e-006 +6.770001770e+000 +6.770001770e+000 -9.6408e-001 -2.1025e+000 +3.4128e+000
8085 +1.531116575e-006 +1.531116575e-006 +6.770001531e+000 +6.770001531e+000 -9.6382e-001 -2.1023e+000 +3.4127e+000
8557 +5.332044477e-007 +5.332044477e-007 +6.770000533e+000 +6.770000533e+000 -9.6411e-001 -2.1026e+000 +3.4129e+000
8721 +1.384137871e-007 +1.384137871e-007 +6.770000138e+000 +6.770000138e+000 -9.6399e-001 -2.1024e+000 +3.4128e+000
9036 +2.258698117e-008 +2.258698117e-008 +6.770000023e+000 +6.770000023e+000 -9.6399e-001 -2.1024e+000 +3.4128e+000
9268 +1.455467125e-008 +1.455467125e-008 +6.770000015e+000 +6.770000015e+000 -9.6400e-001 -2.1024e+000 +3.4128e+000
9362 +9.444002025e-009 +9.444002025e-009 +6.770000009e+000 +6.770000009e+000 -9.6398e-001 -2.1024e+000 +3.4128e+000
% function evaluation | noise-free fitness - Fopt (-1.078000000000e+001) | best noise-free fitness - Fopt | measured fitness | best measured fitness | x1 | x2...
1 +4.612338906e+001 +4.612338906e+001 +3.534338906e+001 +3.534338906e+001 +4.3723e+000 +3.3031e+000 -2.2959e+000
20 +1.500593597e+001 +1.500593597e+001 +4.225935970e+000 +4.225935970e+000 -4.0092e+000 +2.5192e+000 -4.8236e+000
69 +4.261288004e+000 +4.261288004e+000 -6.518711996e+000 -6.518711996e+000 +3.8742e+000 -2.1532e+000 -1.0721e+000
349 +1.857612181e+000 +1.857612181e+000 -8.922387819e+000 -8.922387819e+000 +3.4662e+000 -2.3999e+000 -1.2283e+000
783 +1.416821021e+000 +1.416821021e+000 -9.363178979e+000 -9.363178979e+000 +3.7319e+000 -2.3454e+000 -1.2308e+000
907 +5.598392402e-001 +5.598392402e-001 -1.022016076e+001 -1.022016076e+001 +4.1511e+000 -3.6732e+000 +1.7869e+000
2270 +2.241872248e-001 +2.241872248e-001 -1.055581278e+001 -1.055581278e+001 +4.1660e+000 -3.6872e+000 +1.7846e+000
7316 +1.583213972e-001 +1.583213972e-001 -1.062167860e+001 -1.062167860e+001 +4.1644e+000 -3.6873e+000 +1.7853e+000
9366 +9.116039904e-002 +9.116039904e-002 -1.068883960e+001 -1.068883960e+001 +4.1271e+000 -3.6838e+000 +1.7937e+000
11000 +5.790565460e-002 +5.790565460e-002 -1.072209435e+001 -1.072209435e+001 +4.1137e+000 -3.6901e+000 +1.7907e+000
% function evaluation | noise-free fitness - Fopt (-1.645900000000e+002) | best noise-free fitness - Fopt | measured fitness | best measured fitness | x1 | x2...
1 +8.732751371e+000 +8.732751371e+000 -1.558572486e+002 -1.558572486e+002 +4.6251e+000 -1.0887e+000 +1.5424e+000
167 +3.227715148e+000 +3.227715148e+000 -1.613622849e+002 -1.613622849e+002 -1.5019e+000 -9.9773e-001 -9.5930e-001
685 +2.507267783e+000 +2.507267783e+000 -1.620827322e+002 -1.620827322e+002 +9.0937e-001 -2.1194e+000 -1.1289e+000
854 +1.012120034e+000 +1.012120034e+000 -1.635778800e+002 -1.635778800e+002 +1.0443e+000 -2.1474e+000 -1.3875e+000
1408 +9.637082327e-001 +9.637082327e-001 -1.636262918e+002 -1.636262918e+002 +1.1968e+000 -2.1644e+000 -1.4594e+000
1465 +3.116293898e-001 +3.116293898e-001 -1.642783706e+002 -1.642783706e+002 +1.2460e+000 -2.1905e+000 -1.6945e+000
1758 +9.837949950e-002 +9.837949950e-002 -1.644916205e+002 -1.644916205e+002 +1.3345e+000 -2.1897e+000 -1.7512e+000
2088 +3.941594804e-002 +3.941594804e-002 -1.645505841e+002 -1.645505841e+002 +1.2716e+000 -2.1798e+000 -1.7222e+000
2617 +1.434147124e-002 +1.434147124e-002 -1.645756585e+002 -1.645756585e+002 +1.2834e+000 -2.1801e+000 -1.7046e+000
2995 +7.354786151e-003 +7.354786151e-003 -1.645826452e+002 -1.645826452e+002 +1.2836e+000 -2.1787e+000 -1.6999e+000
3199 +3.242630408e-004 +3.242630408e-004 -1.645896757e+002 -1.645896757e+002 +1.2697e+000 -2.1746e+000 -1.6953e+000
3481 +4.999384308e-005 +4.999384308e-005 -1.645899500e+002 -1.645899500e+002 +1.2669e+000 -2.1743e+000 -1.6933e+000
4002 +1.421892293e-005 +1.421892293e-005 -1.645899858e+002 -1.645899858e+002 +1.2676e+000 -2.1745e+000 -1.6929e+000
4215 +6.561310983e-006 +6.561310983e-006 -1.645899934e+002 -1.645899934e+002 +1.2672e+000 -2.1744e+000 -1.6927e+000
4529 +1.500152393e-007 +1.500152393e-007 -1.645899998e+002 -1.645899998e+002 +1.2673e+000 -2.1744e+000 -1.6925e+000
4836 +7.261533597e-008 +7.261533597e-008 -1.645899999e+002 -1.645899999e+002 +1.2673e+000 -2.1744e+000 -1.6924e+000
4922 +1.594932542e-008 +1.594932542e-008 -1.645900000e+002 -1.645900000e+002 +1.2673e+000 -2.1744e+000 -1.6926e+000
5611 +1.562582952e-008 +1.562582952e-008 -1.645900000e+002 -1.645900000e+002 +1.2674e+000 -2.1744e+000 -1.6926e+000
5805 +5.822784033e-009 +5.822784033e-009 -1.645900000e+002 -1.645900000e+002 +1.2673e+000 -2.1744e+000 -1.6926e+000
% function evaluation | noise-free fitness - Fopt (-1.429800000000e+002) | best noise-free fitness - Fopt | measured fitness | best measured fitness | x1 | x2...
1 +1.197295394e+002 +1.197295394e+002 -2.325046062e+001 -2.325046062e+001 -1.8657e+000 +2.5152e+000 +3.9639e+000
6 +2.182285782e+001 +2.182285782e+001 -1.211571422e+002 -1.211571422e+002 -4.6379e+000 +1.4785e+000 -1.8035e+000
14 +1.127059522e+001 +1.127059522e+001 -1.317094048e+002 -1.317094048e+002 +2.9839e+000 -2.9916e+000 +1.1225e+000
228 +6.075831921e+000 +6.075831921e+000 -1.369041681e+002 -1.369041681e+002 +2.5394e+000 -1.7553e+000 +4.7032e-002
408 +1.917895702e+000 +1.917895702e+000 -1.410621043e+002 -1.410621043e+002 +4.5117e+000 +4.8695e-001 +1.5379e+000
1199 +3.011162127e-001 +3.011162127e-001 -1.426788838e+002 -1.426788838e+002 +4.6298e+000 +5.1550e-001 +1.5315e+000
1571 +2.234283468e-001 +2.234283468e-001 -1.427565717e+002 -1.427565717e+002 +4.6602e+000 +5.6891e-001 +1.5017e+000
2480 +1.324299428e-001 +1.324299428e-001 -1.428475701e+002 -1.428475701e+002 +4.6669e+000 +5.5024e-001 +1.5128e+000
3321 +5.027332694e-002 +5.027332694e-002 -1.429297267e+002 -1.429297267e+002 +4.5527e+000 +5.9322e-001 +1.4829e+000
3379 +3.739989447e-002 +3.739989447e-002 -1.429426001e+002 -1.429426001e+002 +4.5749e+000 +5.7810e-001 +1.4859e+000
3740 +1.313452046e-002 +1.313452046e-002 -1.429668655e+002 -1.429668655e+002 +4.5679e+000 +5.7990e-001 +1.4835e+000
4219 +6.419394774e-003 +6.419394774e-003 -1.429735806e+002 -1.429735806e+002 +4.5199e+000 +6.5932e-001 +1.4693e+000
4254 +4.580274665e-003 +4.580274665e-003 -1.429754197e+002 -1.429754197e+002 +4.5235e+000 +6.6180e-001 +1.4678e+000
4664 +2.995880221e-003 +2.995880221e-003 -1.429770041e+002 -1.429770041e+002 +4.5251e+000 +6.5742e-001 +1.4713e+000
4691 +1.594251191e-003 +1.594251191e-003 -1.429784057e+002 -1.429784057e+002 +4.5190e+000 +6.6732e-001 +1.4668e+000
5231 +1.427780134e-003 +1.427780134e-003 -1.429785722e+002 -1.429785722e+002 +4.5193e+000 +6.4826e-001 +1.4775e+000
5244 +4.859149698e-005 +4.859149698e-005 -1.429799514e+002 -1.429799514e+002 +4.5214e+000 +6.5303e-001 +1.4748e+000
5734 +3.228151661e-005 +3.228151661e-005 -1.429799677e+002 -1.429799677e+002 +4.5227e+000 +6.5100e-001 +1.4753e+000
5788 +2.029511498e-005 +2.029511498e-005 -1.429799797e+002 -1.429799797e+002 +4.5214e+000 +6.5209e-001 +1.4755e+000
6033 +6.164479004e-006 +6.164479004e-006 -1.429799938e+002 -1.429799938e+002 +4.5225e+000 +6.5022e-001 +1.4756e+000
6307 +3.096322672e-006 +3.096322672e-006 -1.429799969e+002 -1.429799969e+002 +4.5219e+000 +6.5105e-001 +1.4755e+000
6395 +1.397951507e-006 +1.397951507e-006 -1.429799986e+002 -1.429799986e+002 +4.5222e+000 +6.5090e-001 +1.4756e+000
6424 +7.097355592e-007 +7.097355592e-007 -1.429799993e+002 -1.429799993e+002 +4.5223e+000 +6.5072e-001 +1.4756e+000
6538 +5.563384775e-008 +5.563384775e-008 -1.429799999e+002 -1.429799999e+002 +4.5221e+000 +6.5083e-001 +1.4756e+000
7079 +1.904757596e-008 +1.904757596e-008 -1.429800000e+002 -1.429800000e+002 +4.5221e+000 +6.5093e-001 +1.4755e+000
7150 +1.454955623e-008 +1.454955623e-008 -1.429800000e+002 -1.429800000e+002 +4.5221e+000 +6.5089e-001 +1.4756e+000
7168 +3.142531568e-009 +3.142531568e-009 -1.429800000e+002 -1.429800000e+002 +4.5222e+000 +6.5091e-001 +1.4756e+000
% function evaluation | noise-free fitness - Fopt (2.468600000000e+002) | best noise-free fitness - Fopt | measured fitness | best measured fitness | x1 | x2...
1 +1.216802046e+002 +1.216802046e+002 +3.685402046e+002 +3.685402046e+002 +1.0074e+000 +4.4586e+000 +2.1901e+000
3 +8.321580230e+001 +8.321580230e+001 +3.300758023e+002 +3.300758023e+002 +4.0928e+000 -3.0371e+000 -2.7073e+000
4 +5.017856969e+001 +5.017856969e+001 +2.970385697e+002 +2.970385697e+002 +3.6044e+000 +4.2231e+000 +1.3447e+000
7 +2.932441167e+001 +2.932441167e+001 +2.761844117e+002 +2.761844117e+002 -2.4308e+000 -3.5447e+000 -1.9081e+000
8 +5.935864799e+000 +5.935864799e+000 +2.527958648e+002 +2.527958648e+002 -4.1337e+000 +3.1454e+000 +1.0719e+000
223 +3.803812902e+000 +3.803812902e+000 +2.506638129e+002 +2.506638129e+002 -4.7710e+000 +2.4895e+000 +1.8614e+000
600 +1.411792033e+000 +1.411792033e+000 +2.482717920e+002 +2.482717920e+002 -4.5719e+000 -2.8069e+000 +3.4812e+000
1763 +7.106730147e-001 +7.106730147e-001 +2.475706730e+002 +2.475706730e+002 -4.5384e+000 -3.1850e+000 +3.4844e+000
1775 +3.971364019e-001 +3.971364019e-001 +2.472571364e+002 +2.472571364e+002 -4.5825e+000 -3.4060e+000 +3.6836e+000
1869 +2.340902757e-001 +2.340902757e-001 +2.470940903e+002 +2.470940903e+002 -4.5242e+000 -3.2628e+000 +3.6058e+000
2349 +5.475096298e-002 +5.475096298e-002 +2.469147510e+002 +2.469147510e+002 -4.5613e+000 -3.2348e+000 +3.5866e+000
3119 +3.852137356e-002 +3.852137356e-002 +2.468985214e+002 +2.468985214e+002 -4.5922e+000 -3.2775e+000 +3.6298e+000
3460 +2.434051672e-003 +2.434051672e-003 +2.468624341e+002 +2.468624341e+002 -4.5785e+000 -3.2653e+000 +3.6213e+000
3560 +1.067506148e-003 +1.067506148e-003 +2.468610675e+002 +2.468610675e+002 -4.5840e+000 -3.2658e+000 +3.6247e+000
3793 +4.370236247e-004 +4.370236247e-004 +2.468604370e+002 +2.468604370e+002 -4.5801e+000 -3.2675e+000 +3.6249e+000
4372 +2.965060197e-004 +2.965060197e-004 +2.468602965e+002 +2.468602965e+002 -4.5808e+000 -3.2658e+000 +3.6235e+000
4415 +1.101070176e-004 +1.101070176e-004 +2.468601101e+002 +2.468601101e+002 -4.5810e+000 -3.2663e+000 +3.6242e+000
4770 +2.778864575e-005 +2.778864575e-005 +2.468600278e+002 +2.468600278e+002 -4.5811e+000 -3.2649e+000 +3.6238e+000
4944 +1.663656261e-005 +1.663656261e-005 +2.468600166e+002 +2.468600166e+002 -4.5814e+000 -3.2645e+000 +3.6238e+000
5162 +5.006703958e-006 +5.006703958e-006 +2.468600050e+002 +2.468600050e+002 -4.5816e+000 -3.2648e+000 +3.6242e+000
5259 +3.639501557e-006 +3.639501557e-006 +2.468600036e+002 +2.468600036e+002 -4.5815e+000 -3.2651e+000 +3.6244e+000
5310 +2.090147660e-006 +2.090147660e-006 +2.468600021e+002 +2.468600021e+002 -4.5815e+000 -3.2648e+000 +3.6243e+000
5501 +1.233277203e-006 +1.233277203e-006 +2.468600012e+002 +2.468600012e+002 -4.5815e+000 -3.2651e+000 +3.6244e+000
5729 +8.554586657e-007 +8.554586657e-007 +2.468600009e+002 +2.468600009e+002 -4.5815e+000 -3.2650e+000 +3.6244e+000
5925 +5.634951492e-007 +5.634951492e-007 +2.468600006e+002 +2.468600006e+002 -4.5814e+000 -3.2649e+000 +3.6241e+000
5954 +3.307267491e-007 +3.307267491e-007 +2.468600003e+002 +2.468600003e+002 -4.5814e+000 -3.2648e+000 +3.6241e+000
6017 +2.077405554e-007 +2.077405554e-007 +2.468600002e+002 +2.468600002e+002 -4.5814e+000 -3.2649e+000 +3.6241e+000
6047 +1.129669442e-007 +1.129669442e-007 +2.468600001e+002 +2.468600001e+002 -4.5814e+000 -3.2648e+000 +3.6241e+000
6089 +8.229744708e-008 +8.229744708e-008 +2.468600001e+002 +2.468600001e+002 -4.5814e+000 -3.2649e+000 +3.6241e+000
6394 +6.289010912e-008 +6.289010912e-008 +2.468600001e+002 +2.468600001e+002 -4.5814e+000 -3.2648e+000 +3.6241e+000
6572 +3.697502393e-008 +3.697502393e-008 +2.468600000e+002 +2.468600000e+002 -4.5814e+000 -3.2648e+000 +3.6241e+000
6697 +1.207922651e-009 +1.207922651e-009 +2.468600000e+002 +2.468600000e+002 -4.5814e+000 -3.2648e+000 +3.6241e+000
% function evaluation | noise-free fitness - Fopt (1.392300000000e+002) | best noise-free fitness - Fopt | measured fitness | best measured fitness | x1 | x2...
1 +5.187450126e+001 +5.187450126e+001 +1.911045013e+002 +1.911045013e+002 -3.0934e+000 +4.8846e+000 -3.5674e+000
6 +2.964636027e+001 +2.964636027e+001 +1.688763603e+002 +1.688763603e+002 -3.8194e+000 -3.7263e+000 +1.2600e+000
12 +1.413370765e+001 +1.413370765e+001 +1.533637077e+002 +1.533637077e+002 -3.8785e+000 +3.0433e+000 +2.0435e+000
26 +4.691629736e+000 +4.691629736e+000 +1.439216297e+002 +1.439216297e+002 +2.7487e+000 +1.1186e+000 +4.2856e+000
512 +3.127681686e+000 +3.127681686e+000 +1.423576817e+002 +1.423576817e+002 +3.4323e+000 +4.4221e+000 +6.5604e-002
1164 +2.499447649e+000 +2.499447649e+000 +1.417294476e+002 +1.417294476e+002 +2.4764e+000 +5.4258e+000 -8.6906e-001
1669 +1.297248749e+000 +1.297248749e+000 +1.405272487e+002 +1.405272487e+002 +3.3025e+000 +4.4739e+000 +1.9102e-002
2140 +5.176458100e-001 +5.176458100e-001 +1.397476458e+002 +1.397476458e+002 +3.3679e+000 +4.4117e+000 +7.5297e-002
3021 +3.536218014e-001 +3.536218014e-001 +1.395836218e+002 +1.395836218e+002 +3.2783e+000 +4.4500e+000 +4.0013e-002
3880 +1.761830061e-001 +1.761830061e-001 +1.394061830e+002 +1.394061830e+002 +3.3225e+000 +4.4358e+000 +5.2088e-002
4129 +1.532937974e-001 +1.532937974e-001 +1.393832938e+002 +1.393832938e+002 +3.3314e+000 +4.4299e+000 +5.3510e-002
5079 +8.919315079e-002 +8.919315079e-002 +1.393191932e+002 +1.393191932e+002 +3.3160e+000 +4.4385e+000 +5.6544e-002
6038 +6.116688899e-002 +6.116688899e-002 +1.392911669e+002 +1.392911669e+002 +3.3194e+000 +4.4360e+000 +5.4966e-002
% function evaluation | noise-free fitness - Fopt (-1.838000000000e+001) | best noise-free fitness - Fopt | measured fitness | best measured fitness | x1 | x2...
1 +4.354850914e+002 +4.354850914e+002 +4.171050914e+002 +4.171050914e+002 -4.0172e+000 +1.6733e+000 +4.8011e+000
3 +1.004760786e+002 +1.004760786e+002 +8.209607857e+001 +8.209607857e+001 -8.8718e-001 +4.8638e+000 -1.3053e+000
4 +3.641533227e+001 +3.641533227e+001 +1.803533227e+001 +1.803533227e+001 -4.3309e+000 +8.3657e-001 -2.8604e+000
13 +1.569502788e+001 +1.569502788e+001 -2.684972120e+000 -2.684972120e+000 -1.4922e+000 +6.9418e-001 -4.2450e+000
33 +3.553378624e+000 +3.553378624e+000 -1.482662138e+001 -1.482662138e+001 +9.1720e-001 -4.4790e+000 +1.3013e+000
915 +2.187910570e+000 +2.187910570e+000 -1.619208943e+001 -1.619208943e+001 -6.7643e-001 +4.1628e+000 -2.3409e+000
1513 +9.661386293e-001 +9.661386293e-001 -1.741386137e+001 -1.741386137e+001 -4.1247e+000 +1.3115e+000 -1.1537e+000
2524 +4.018934790e-001 +4.018934790e-001 -1.797810652e+001 -1.797810652e+001 -4.0829e+000 +1.3464e+000 -1.1696e+000
2901 +3.531172798e-001 +3.531172798e-001 -1.802688272e+001 -1.802688272e+001 -4.0990e+000 +1.3694e+000 -1.1792e+000
3228 +8.589889117e-002 +8.589889117e-002 -1.829410111e+001 -1.829410111e+001 -4.0682e+000 +1.3992e+000 -1.1720e+000
3293 +1.778850601e-002 +1.778850601e-002 -1.836221149e+001 -1.836221149e+001 -4.0667e+000 +1.4060e+000 -1.1684e+000
3787 +3.696693692e-003 +3.696693692e-003 -1.837630331e+001 -1.837630331e+001 -4.0654e+000 +1.4083e+000 -1.1655e+000
5126 +1.965667322e-003 +1.965667322e-003 -1.837803433e+001 -1.837803433e+001 -4.0693e+000 +1.4066e+000 -1.1661e+000
5446 +1.303803784e-003 +1.303803784e-003 -1.837869620e+001 -1.837869620e+001 -4.0691e+000 +1.4058e+000 -1.1656e+000
6957 +7.779201102e-004 +7.779201102e-004 -1.837922208e+001 -1.837922208e+001 -4.0558e+000 +1.4060e+000 -1.1644e+000
6959 +4.548722858e-004 +4.548722858e-004 -1.837954513e+001 -1.837954513e+001 -4.0553e+000 +1.4062e+000 -1.1643e+000
6983 +3.545092755e-004 +3.545092755e-004 -1.837964549e+001 -1.837964549e+001 -4.0554e+000 +1.4065e+000 -1.1644e+000
7181 +1.436839529e-004 +1.436839529e-004 -1.837985632e+001 -1.837985632e+001 -4.0473e+000 +1.4089e+000 -1.1646e+000
7187 +2.903329707e-005 +2.903329707e-005 -1.837997097e+001 -1.837997097e+001 -4.0416e+000 +1.4096e+000 -1.1642e+000
7535 +7.016811299e-006 +7.016811299e-006 -1.837999298e+001 -1.837999298e+001 -4.0410e+000 +1.4087e+000 -1.1641e+000
8011 +5.280413482e-006 +5.280413482e-006 -1.837999472e+001 -1.837999472e+001 -4.0421e+000 +1.4093e+000 -1.1641e+000
8084 +2.713417036e-006 +2.713417036e-006 -1.837999729e+001 -1.837999729e+001 -4.0417e+000 +1.4089e+000 -1.1641e+000
8171 +3.495771423e-007 +3.495771423e-007 -1.837999965e+001 -1.837999965e+001 -4.0417e+000 +1.4090e+000 -1.1641e+000
8313 +2.417593521e-007 +2.417593521e-007 -1.837999976e+001 -1.837999976e+001 -4.0417e+000 +1.4091e+000 -1.1641e+000
8510 +9.055239047e-008 +9.055239047e-008 -1.837999991e+001 -1.837999991e+001 -4.0415e+000 +1.4090e+000 -1.1641e+000
8896 +5.149723847e-008 +5.149723847e-008 -1.837999995e+001 -1.837999995e+001 -4.0416e+000 +1.4090e+000 -1.1641e+000
8961 +2.728006621e-008 +2.728006621e-008 -1.837999997e+001 -1.837999997e+001 -4.0416e+000 +1.4091e+000 -1.1641e+000
9004 +5.607869724e-009 +5.607869724e-009 -1.837999999e+001 -1.837999999e+001 -4.0416e+000 +1.4090e+000 -1.1641e+000
% function evaluation | noise-free fitness - Fopt (-3.928400000000e+002) | best noise-free fitness - Fopt | measured fitness | best measured fitness | x1 | x2...
1 +2.874274476e+002 +2.874274476e+002 -1.054125524e+002 -1.054125524e+002 +2.7418e+000 -4.5576e+000 +8.3524e-001
3 +2.125540726e+002 +2.125540726e+002 -1.802859274e+002 -1.802859274e+002 -2.5320e+000 +4.6471e+000 +4.8165e+000
4 +5.025351301e+000 +5.025351301e+000 -3.878146487e+002 -3.878146487e+002 -4.6016e+000 +2.2792e+000 +3.8550e+000
511 +2.180205213e+000 +2.180205213e+000 -3.906597948e+002 -3.906597948e+002 +2.6305e-001 +2.9594e+000 +2.5622e+000
1503 +8.506668121e-001 +8.506668121e-001 -3.919893332e+002 -3.919893332e+002 +3.3222e-002 +3.3439e+000 +2.3885e+000
1682 +2.151749656e-001 +2.151749656e-001 -3.926248250e+002 -3.926248250e+002 +8.0439e-002 +3.2662e+000 +2.4153e+000
2276 +1.499688363e-001 +1.499688363e-001 -3.926900312e+002 -3.926900312e+002 +8.7930e-002 +3.2439e+000 +2.4243e+000
3076 +9.323541368e-002 +9.323541368e-002 -3.927467646e+002 -3.927467646e+002 +6.3868e-002 +3.2400e+000 +2.4893e+000
3166 +2.792154056e-002 +2.792154056e-002 -3.928120785e+002 -3.928120785e+002 +7.0263e-002 +3.2338e+000 +2.4782e+000
3443 +6.624697231e-003 +6.624697231e-003 -3.928333753e+002 -3.928333753e+002 +8.1131e-002 +3.2556e+000 +2.4535e+000
3935 +5.645464095e-003 +5.645464095e-003 -3.928343545e+002 -3.928343545e+002 +8.1042e-002 +3.2545e+000 +2.4536e+000
4001 +1.328587967e-004 +1.328587967e-004 -3.928398671e+002 -3.928398671e+002 +8.0890e-002 +3.2615e+000 +2.4561e+000
5027 +6.675094153e-005 +6.675094153e-005 -3.928399332e+002 -3.928399332e+002 +8.1424e-002 +3.2594e+000 +2.4568e+000
5182 +5.929682840e-005 +5.929682840e-005 -3.928399407e+002 -3.928399407e+002 +8.1425e-002 +3.2602e+000 +2.4566e+000
5322 +2.996430732e-005 +2.996430732e-005 -3.928399700e+002 -3.928399700e+002 +8.2007e-002 +3.2593e+000 +2.4569e+000
5530 +1.417502983e-005 +1.417502983e-005 -3.928399858e+002 -3.928399858e+002 +8.1500e-002 +3.2599e+000 +2.4567e+000
5883 +3.148474264e-006 +3.148474264e-006 -3.928399969e+002 -3.928399969e+002 +8.1992e-002 +3.2586e+000 +2.4574e+000
6305 +2.364668205e-006 +2.364668205e-006 -3.928399976e+002 -3.928399976e+002 +8.1929e-002 +3.2594e+000 +2.4570e+000
6373 +6.805692010e-007 +6.805692010e-007 -3.928399993e+002 -3.928399993e+002 +8.1766e-002 +3.2591e+000 +2.4572e+000
6597 +3.925488841e-007 +3.925488841e-007 -3.928399996e+002 -3.928399996e+002 +8.1816e-002 +3.2590e+000 +2.4572e+000
6819 +7.099578170e-008 +7.099578170e-008 -3.928399999e+002 -3.928399999e+002 +8.1808e-002 +3.2591e+000 +2.4572e+000
7087 +5.440904260e-008 +5.440904260e-008 -3.928399999e+002 -3.928399999e+002 +8.1807e-002 +3.2591e+000 +2.4572e+000
7299 +2.018060741e-008 +2.018060741e-008 -3.928400000e+002 -3.928400000e+002 +8.1780e-002 +3.2591e+000 +2.4572e+000
7410 +2.966828561e-009 +2.966828561e-009 -3.928400000e+002 -3.928400000e+002 +8.1793e-002 +3.2590e+000 +2.4572e+000
% function evaluation | noise-free fitness - Fopt (2.292200000000e+002) | best noise-free fitness - Fopt | measured fitness | best measured fitness | x1 | x2...
1 +6.726070199e+001 +6.726070199e+001 +2.964807020e+002 +2.964807020e+002 +1.6905e+000 +2.2985e+000 +8.9941e-001
4 +2.984715440e+001 +2.984715440e+001 +2.590671544e+002 +2.590671544e+002 +2.2629e+000 +4.3530e+000 +7.0093e-001
16 +1.591151466e+001 +1.591151466e+001 +2.451315147e+002 +2.451315147e+002 +2.0004e-002 +1.8062e-001 +2.6970e+000
33 +1.138217779e+001 +1.138217779e+001 +2.406021778e+002 +2.406021778e+002 +4.0216e+000 -1.7542e-001 -3.6295e+000
51 +7.182922731e+000 +7.182922731e+000 +2.364029227e+002 +2.364029227e+002 +2.1060e+000 -3.8742e+000 -4.5943e-001
710 +1.784944712e+000 +1.784944712e+000 +2.310049447e+002 +2.310049447e+002 +2.8879e+000 -3.9467e+000 +1.3028e+000
1962 +1.373751808e+000 +1.373751808e+000 +2.305937518e+002 +2.305937518e+002 +2.5000e+000 -3.7898e+000 +1.2095e+000
1976 +8.129071440e-001 +8.129071440e-001 +2.300329071e+002 +2.300329071e+002 +2.6283e+000 -3.9021e+000 +1.2613e+000
2117 +3.502068209e-001 +3.502068209e-001 +2.295702068e+002 +2.295702068e+002 +2.7142e+000 -3.8281e+000 +1.2599e+000
2217 +2.392598849e-001 +2.392598849e-001 +2.294592599e+002 +2.294592599e+002 +2.7614e+000 -3.8181e+000 +1.2726e+000
2868 +1.313362684e-002 +1.313362684e-002 +2.292331336e+002 +2.292331336e+002 +2.7328e+000 -3.9292e+000 +1.2967e+000
3164 +7.844610257e-003 +7.844610257e-003 +2.292278446e+002 +2.292278446e+002 +2.7235e+000 -3.9506e+000 +1.2907e+000
3444 +1.883165746e-003 +1.883165746e-003 +2.292218832e+002 +2.292218832e+002 +2.7206e+000 -3.9693e+000 +1.2903e+000
3933 +3.218368992e-004 +3.218368992e-004 +2.292203218e+002 +2.292203218e+002 +2.7398e+000 -3.9317e+000 +1.2933e+000
4439 +2.297740664e-004 +2.297740664e-004 +2.292202298e+002 +2.292202298e+002 +2.7373e+000 -3.9368e+000 +1.2925e+000
4625 +9.718458708e-005 +9.718458708e-005 +2.292200972e+002 +2.292200972e+002 +2.7366e+000 -3.9374e+000 +1.2926e+000
4645 +6.247014574e-005 +6.247014574e-005 +2.292200625e+002 +2.292200625e+002 +2.7372e+000 -3.9382e+000 +1.2925e+000
4903 +2.080604344e-005 +2.080604344e-005 +2.292200208e+002 +2.292200208e+002 +2.7355e+000 -3.9404e+000 +1.2924e+000
5196 +1.011125431e-005 +1.011125431e-005 +2.292200101e+002 +2.292200101e+002 +2.7344e+000 -3.9419e+000 +1.2926e+000
5564 +8.634062567e-006 +8.634062567e-006 +2.292200086e+002 +2.292200086e+002 +2.7348e+000 -3.9410e+000 +1.2924e+000
5586 +3.188518605e-006 +3.188518605e-006 +2.292200032e+002 +2.292200032e+002 +2.7346e+000 -3.9413e+000 +1.2925e+000
5755 +2.501325582e-006 +2.501325582e-006 +2.292200025e+002 +2.292200025e+002 +2.7350e+000 -3.9409e+000 +1.2925e+000
6094 +1.150032034e-006 +1.150032034e-006 +2.292200012e+002 +2.292200012e+002 +2.7347e+000 -3.9415e+000 +1.2925e+000
6116 +8.305010510e-007 +8.305010510e-007 +2.292200008e+002 +2.292200008e+002 +2.7350e+000 -3.9409e+000 +1.2925e+000
6162 +4.932236379e-007 +4.932236379e-007 +2.292200005e+002 +2.292200005e+002 +2.7349e+000 -3.9413e+000 +1.2925e+000
6216 +3.088842959e-008 +3.088842959e-008 +2.292200000e+002 +2.292200000e+002 +2.7349e+000 -3.9411e+000 +1.2925e+000
6492 +9.198856787e-009 +9.198856787e-009 +2.292200000e+002 +2.292200000e+002 +2.7348e+000 -3.9412e+000 +1.2925e+000
% function evaluation | noise-free fitness - Fopt (-2.444600000000e+002) | best noise-free fitness - Fopt | measured fitness | best measured fitness | x1 | x2...
1 +1.762807264e+002 +1.762807264e+002 -6.817927357e+001 -6.817927357e+001 +4.5243e+000 +2.0887e+000 +6.5883e-001
3 +1.514814201e+002 +1.514814201e+002 -9.297857987e+001 -9.297857987e+001 -4.0594e+000 +3.9195e+000 -2.6069e+000
4 +9.111244885e+001 +9.111244885e+001 -1.533475512e+002 -1.533475512e+002 +1.7252e-001 +1.6158e+000 +3.7892e+000
5 +5.825690304e+001 +5.825690304e+001 -1.862030970e+002 -1.862030970e+002 +5.3422e-001 -4.0554e+000 -1.1048e+000
15 +3.389450659e+001 +3.389450659e+001 -2.105654934e+002 -2.105654934e+002 +3.5301e+000 +1.9257e+000 -7.3921e-001
21 +2.167013701e+001 +2.167013701e+001 -2.227898630e+002 -2.227898630e+002 -1.9483e+000 -4.6663e+000 -1.0884e-001
62 +1.360714551e+001 +1.360714551e+001 -2.308528545e+002 -2.308528545e+002 +4.1249e+000 -7.6667e-001 -5.0783e+000
110 +9.503651362e+000 +9.503651362e+000 -2.349563486e+002 -2.349563486e+002 -2.3001e+000 -3.8102e+000 -2.9899e+000
234 +1.632780391e+000 +1.632780391e+000 -2.428272196e+002 -2.428272196e+002 -4.0013e+000 -4.0079e+000 -1.8740e+000
1124 +1.370681485e+000 +1.370681485e+000 -2.430893185e+002 -2.430893185e+002 -3.8873e+000 -4.2985e+000 -1.9546e+000
1810 +8.987042732e-001 +8.987042732e-001 -2.435612957e+002 -2.435612957e+002 -3.7797e+000 -3.7911e+000 -1.4848e+000
2587 +5.720000944e-001 +5.720000944e-001 -2.438879999e+002 -2.438879999e+002 -3.9729e+000 -3.2580e+000 -1.5110e+000
2591 +2.562263189e-001 +2.562263189e-001 -2.442037737e+002 -2.442037737e+002 -3.9529e+000 -3.3086e+000 -1.5113e+000
2599 +8.868988124e-002 +8.868988124e-002 -2.443713101e+002 -2.443713101e+002 -3.9793e+000 -3.2652e+000 -1.4829e+000
3990 +4.199104204e-002 +4.199104204e-002 -2.444180090e+002 -2.444180090e+002 -3.9366e+000 -3.4583e+000 -1.6836e+000
4049 +3.351144985e-002 +3.351144985e-002 -2.444264886e+002 -2.444264886e+002 -3.9481e+000 -3.4104e+000 -1.6650e+000
4301 +8.061246317e-003 +8.061246317e-003 -2.444519388e+002 -2.444519388e+002 -3.9345e+000 -3.4104e+000 -1.6385e+000
4420 +2.356143265e-003 +2.356143265e-003 -2.444576439e+002 -2.444576439e+002 -3.9275e+000 -3.4313e+000 -1.6604e+000
4840 +2.902813552e-004 +2.902813552e-004 -2.444597097e+002 -2.444597097e+002 -3.9276e+000 -3.4224e+000 -1.6477e+000
4970 +2.033926791e-005 +2.033926791e-005 -2.444599797e+002 -2.444599797e+002 -3.9278e+000 -3.4235e+000 -1.6504e+000
5697 +8.116041499e-006 +8.116041499e-006 -2.444599919e+002 -2.444599919e+002 -3.9274e+000 -3.4235e+000 -1.6499e+000
5949 +4.994525057e-006 +4.994525057e-006 -2.444599950e+002 -2.444599950e+002 -3.9273e+000 -3.4240e+000 -1.6500e+000
6415 +3.260129745e-006 +3.260129745e-006 -2.444599967e+002 -2.444599967e+002 -3.9275e+000 -3.4241e+000 -1.6504e+000
6524 +3.407999714e-007 +3.407999714e-007 -2.444599997e+002 -2.444599997e+002 -3.9275e+000 -3.4240e+000 -1.6504e+000
7038 +1.751240575e-008 +1.751240575e-008 -2.444600000e+002 -2.444600000e+002 -3.9276e+000 -3.4239e+000 -1.6503e+000
7161 +3.362686130e-009 +3.362686130e-009 -2.444600000e+002 -2.444600000e+002 -3.9276e+000 -3.4239e+000 -1.6503e+000
