% function evaluation | noise-free fitness - Fopt (1.491500000000e+002) | best noise-free fitness - Fopt | measured fitness | best measured fitness | x1 | x2...
1 +4.478356429e+006 +4.478356429e+006 +4.478505579e+006 +4.478505579e+006 +1.3886e+001 +1.0243e+001
3 +2.161968452e+005 +2.161968452e+005 +2.163459952e+005 +2.163459952e+005 +6.3503e+000 +6.9785e+000
7 +1.110757424e+005 +1.110757424e+005 +1.112248924e+005 +1.112248924e+005 +5.6066e+000 +9.6853e+000
67 +5.843502367e+004 +5.843502367e+004 +5.858417367e+004 +5.858417367e+004 +5.0406e+000 +1.1620e+001
71 +7.971707305e+003 +7.971707305e+003 +8.120857305e+003 +8.120857305e+003 +3.1192e+000 +7.1324e+000
170 +2.967137206e+003 +2.967137206e+003 +3.116287206e+003 +3.116287206e+003 +3.9036e+000 +1.7786e+001
190 +7.535194943e+002 +7.535194943e+002 +9.026694943e+002 +9.026694943e+002 +3.0145e+000 +1.2464e+001
224 +5.181259571e+002 +5.181259571e+002 +6.672759571e+002 +6.672759571e+002 -2.9473e+000 +4.4670e+000
245 +2.557855239e+002 +2.557855239e+002 +4.049355239e+002 +4.049355239e+002 +3.3479e+000 +1.9579e+001
263 +6.311124157e+001 +6.311124157e+001 +2.122612416e+002 +2.122612416e+002 +2.4700e+000 +1.0303e+001
285 +2.889681339e+001 +2.889681339e+001 +1.780468134e+002 +1.780468134e+002 +1.5750e+000 +6.0592e+000
421 +1.822822104e+001 +1.822822104e+001 +1.673782210e+002 +1.673782210e+002 +2.5499e+000 +1.1964e+001
523 +2.406573953e+000 +2.406573953e+000 +1.515565740e+002 +1.515565740e+002 -9.8114e-001 -1.2408e+000
% function evaluation | noise-free fitness - Fopt (-1.000000000000e+003) | best noise-free fitness - Fopt | measured fitness | best measured fitness | x1 | x2...
1 +1.162218611e+007 +1.162218611e+007 +1.162118611e+007 +1.162118611e+007 +1.4833e+001 +8.2550e+000
3 +5.793139264e+006 +5.793139264e+006 +5.792139264e+006 +5.792139264e+006 +1.2039e+001 +1.1893e+001
4 +1.612883989e+006 +1.612883989e+006 +1.611883989e+006 +1.611883989e+006 +7.6911e+000 +6.3376e+000
7 +6.709987007e+005 +6.709987007e+005 +6.699987007e+005 +6.699987007e+005 +5.6798e+000 +9.0499e+000
10 +5.368183034e+005 +5.368183034e+005 +5.358183034e+005 +5.358183034e+005 +5.4412e+000 +1.3205e+001
63 +1.201527586e+005 +1.201527586e+005 +1.191527586e+005 +1.191527586e+005 +2.7305e+000 +8.7971e+000
104 +5.509872120e+004 +5.509872120e+004 +5.409872120e+004 +5.409872120e+004 +1.5951e+000 +6.3376e+000
118 +2.575654023e+004 +2.575654023e+004 +2.475654023e+004 +2.475654023e+004 +1.4736e+000 +1.2455e+001
123 +1.792083023e+003 +1.792083023e+003 +7.920830227e+002 +7.920830227e+002 -1.7072e+000 +8.9922e+000
157 +7.859527763e+002 +7.859527763e+002 -2.140472237e+002 -2.140472237e+002 -1.1185e+000 +4.8297e+000
212 +3.215036632e+002 +3.215036632e+002 -6.784963368e+002 -6.784963368e+002 -6.4881e-002 +1.2719e+001
274 +1.113585294e+002 +1.113585294e+002 -8.886414706e+002 -8.886414706e+002 -6.1301e+000 +4.3807e+000
478 +4.325904459e+001 +4.325904459e+001 -9.567409554e+002 -9.567409554e+002 -6.8553e+000 +8.6977e+000
516 +4.926149215e+000 +4.926149215e+000 -9.950738508e+002 -9.950738508e+002 -1.3593e+000 +6.5357e+000
% function evaluation | noise-free fitness - Fopt (9.862000000000e+001) | best noise-free fitness - Fopt | measured fitness | best measured fitness | x1 | x2...
1 +1.959711410e+006 +1.959711410e+006 +1.959810030e+006 +1.959810030e+006 +1.0576e+001 +1.1161e+001
3 +5.216563431e+005 +5.216563431e+005 +5.217549631e+005 +5.217549631e+005 +7.2119e+000 +6.9384e+000
11 +1.383528388e+005 +1.383528388e+005 +1.384514588e+005 +1.384514588e+005 +5.4464e+000 +1.3247e+001
63 +8.130162780e+004 +8.130162780e+004 +8.140024780e+004 +8.140024780e+004 +4.3299e+000 +6.9833e+000
105 +6.387966406e+003 +6.387966406e+003 +6.486586406e+003 +6.486586406e+003 +3.0912e+000 +1.3844e+001
121 +6.213070962e+002 +6.213070962e+002 +7.199270962e+002 +7.199270962e+002 +1.5913e+000 +1.1869e+001
171 +7.800463948e+001 +7.800463948e+001 +1.766246395e+002 +1.766246395e+002 +1.5913e+000 +8.5384e+000
219 +2.188070266e+001 +2.188070266e+001 +1.205007027e+002 +1.205007027e+002 +3.6787e+000 +2.8058e+001
222 +1.551529797e+001 +1.551529797e+001 +1.141352980e+002 +1.141352980e+002 +1.4363e+000 +8.6834e+000
307 +5.348116863e+000 +5.348116863e+000 +1.039681169e+002 +1.039681169e+002 -2.8543e+000 -9.4000e-001
448 +3.162105094e+000 +3.162105094e+000 +1.017821051e+002 +1.017821051e+002 -8.5263e-001 -1.4182e+000
% function evaluation | noise-free fitness - Fopt (-4.715000000000e+001) | best noise-free fitness - Fopt | measured fitness | best measured fitness | x1 | x2...
1 +3.203426617e+006 +3.203426617e+006 +3.203379467e+006 +3.203379467e+006 +1.2612e+001 +1.3606e+001
3 +9.825059981e+005 +9.825059981e+005 +9.824588481e+005 +9.824588481e+005 +9.0318e+000 +6.4608e+000
4 +1.348607778e+005 +1.348607778e+005 +1.348136278e+005 +1.348136278e+005 +5.2916e+000 +5.3334e+000
12 +6.602104135e+004 +6.602104135e+004 +6.597389135e+004 +6.597389135e+004 +5.1672e+000 +1.4731e+001
62 +4.375553249e+002 +4.375553249e+002 +3.904053249e+002 +3.904053249e+002 +2.5575e+000 +1.5388e+001
70 +3.077370056e+002 +3.077370056e+002 +2.605870056e+002 +2.605870056e+002 +2.4630e+000 +1.4322e+001
164 +6.197158152e+001 +6.197158152e+001 +1.482158152e+001 +1.482158152e+001 +2.6251e+000 +1.4576e+001
184 +1.191899689e+001 +1.191899689e+001 -3.523100311e+001 -3.523100311e+001 +1.9991e+000 +9.0314e+000
% function evaluation | noise-free fitness - Fopt (3.752000000000e+001) | best noise-free fitness - Fopt | measured fitness | best measured fitness | x1 | x2...
1 +2.738587666e+006 +2.738587666e+006 +2.738625186e+006 +2.738625186e+006 +1.4760e+001 +7.6350e+000
3 +1.328431284e+004 +1.328431284e+004 +1.332183284e+004 +1.332183284e+004 +6.9108e+000 +1.4899e+001
4 +1.804528581e+001 +1.804528581e+001 +5.556528581e+001 +5.556528581e+001 +5.4807e+000 +1.2655e+001
132 +1.111088931e+001 +1.111088931e+001 +4.863088931e+001 +4.863088931e+001 +5.1183e+000 +1.0400e+001
188 +8.749982807e+000 +8.749982807e+000 +4.626998281e+001 +4.626998281e+001 +5.2505e+000 +1.1279e+001
% function evaluation | noise-free fitness - Fopt (-2.980000000000e+001) | best noise-free fitness - Fopt | measured fitness | best measured fitness | x1 | x2...
1 +1.787095414e+006 +1.787095414e+006 +1.787065614e+006 +1.787065614e+006 +9.7151e+000 +6.4190e+000
3 +2.768868706e+005 +2.768868706e+005 +2.768570706e+005 +2.768570706e+005 +6.0724e+000 +1.4679e+001
20 +2.420073922e+005 +2.420073922e+005 +2.419775922e+005 +2.419775922e+005 +5.4103e+000 +7.7212e+000
61 +1.072464727e+005 +1.072464727e+005 +1.072166727e+005 +1.072166727e+005 +4.4558e+000 +1.0744e+001
111 +7.977030315e+004 +7.977030315e+004 +7.974050315e+004 +7.974050315e+004 +4.4558e+000 +1.5250e+001
113 +2.996243389e+004 +2.996243389e+004 +2.993263389e+004 +2.993263389e+004 +3.0727e+000 +9.9636e+000
140 +1.180606427e+004 +1.180606427e+004 +1.177626427e+004 +1.177626427e+004 +3.3363e+000 +1.9207e+001
159 +6.328211827e+003 +6.328211827e+003 +6.298411827e+003 +6.298411827e+003 +2.7869e+000 +1.6448e+001
169 +2.336932352e+003 +2.336932352e+003 +2.307132352e+003 +2.307132352e+003 +2.5913e+000 +1.7700e+001
209 +2.853972666e+001 +2.853972666e+001 -1.260273340e+000 -1.260273340e+000 +2.7869e+000 +2.4027e+001
247 +1.171496079e+001 +1.171496079e+001 -1.808503921e+001 -1.808503921e+001 +2.3047e+000 +1.9877e+001
325 +6.781897090e+000 +6.781897090e+000 -2.301810291e+001 -2.301810291e+001 +2.4760e-001 +5.8038e+000
498 +5.945172700e+000 +5.945172700e+000 -2.385482730e+001 -2.385482730e+001 +1.3316e+000 +1.2308e+001
% function evaluation | noise-free fitness - Fopt (8.140000000000e+001) | best noise-free fitness - Fopt | measured fitness | best measured fitness | x1 | x2...
1 +3.975747578e+005 +3.975747578e+005 +3.976561578e+005 +3.976561578e+005 +6.5162e+000 +1.2665e+001
33 +1.954922433e+005 +1.954922433e+005 +1.955736433e+005 +1.955736433e+005 +5.2148e+000 +1.0199e+001
89 +1.127416446e+005 +1.127416446e+005 +1.128230446e+005 +1.128230446e+005 +4.2556e+000 +7.3040e+000
93 +9.303778342e+004 +9.303778342e+004 +9.311918342e+004 +9.311918342e+004 +4.5978e+000 +1.4996e+001
95 +1.804330399e+002 +1.804330399e+002 +2.618330399e+002 +2.618330399e+002 +6.8901e-001 +8.0239e+000
135 +6.934578989e+001 +6.934578989e+001 +1.507457899e+002 +1.507457899e+002 +1.3127e+000 +1.1627e+001
259 +3.671246710e+001 +3.671246710e+001 +1.181124671e+002 +1.181124671e+002 +2.4158e+000 +2.0544e+001
394 +1.625834806e+001 +1.625834806e+001 +9.765834806e+001 +9.765834806e+001 +2.3304e+000 +1.9095e+001
458 +5.053842901e+000 +5.053842901e+000 +8.645384290e+001 +8.645384290e+001 +7.6395e-001 +7.0678e+000
% function evaluation | noise-free fitness - Fopt (-1.835000000000e+001) | best noise-free fitness - Fopt | measured fitness | best measured fitness | x1 | x2...
1 +3.391764350e+005 +3.391764350e+005 +3.391580850e+005 +3.391580850e+005 +7.9726e+000 +5.9634e+000
10 +8.882957646e+004 +8.882957646e+004 +8.881122646e+004 +8.881122646e+004 +6.4709e+000 +1.2737e+001
24 +4.938406937e+004 +4.938406937e+004 +4.936571937e+004 +4.936571937e+004 +5.8070e+000 +1.2179e+001
99 +2.044654750e+004 +2.044654750e+004 +2.042819750e+004 +2.042819750e+004 +4.3296e+000 +5.1533e+000
127 +5.410857796e+002 +5.410857796e+002 +5.227357796e+002 +5.227357796e+002 +1.6139e+000 +5.6830e+000
187 +1.313559551e+001 +1.313559551e+001 -5.214404490e+000 -5.214404490e+000 +4.1831e+000 +1.8379e+001
491 +6.698552878e+000 +6.698552878e+000 -1.165144712e+001 -1.165144712e+001 +3.0118e+000 +9.9622e+000
536 +5.854422250e+000 +5.854422250e+000 -1.249557775e+001 -1.249557775e+001 +3.2368e+000 +1.1294e+001
% function evaluation | noise-free fitness - Fopt (-9.987000000000e+001) | best noise-free fitness - Fopt | measured fitness | best measured fitness | x1 | x2...
1 +9.305068191e+005 +9.305068191e+005 +9.304069491e+005 +9.304069491e+005 +8.5481e+000 +8.7624e+000
6 +5.065082524e+005 +5.065082524e+005 +5.064083824e+005 +5.064083824e+005 +7.2702e+000 +9.0103e+000
18 +3.477056763e+005 +3.477056763e+005 +3.476058063e+005 +3.476058063e+005 +6.7805e+000 +1.2482e+001
39 +1.710387103e+005 +1.710387103e+005 +1.709388403e+005 +1.709388403e+005 +5.2133e+000 +5.3720e+000
70 +2.190269491e+004 +2.190269491e+004 +2.180282491e+004 +2.180282491e+004 +3.4167e+000 +9.6360e+000
170 +1.534179556e+004 +1.534179556e+004 +1.524192556e+004 +1.524192556e+004 +3.4167e+000 +1.2051e+001
210 +9.626988678e+000 +9.626988678e+000 -9.024301132e+001 -9.024301132e+001 +2.1982e+000 +1.2951e+001
379 +6.031880522e+000 +6.031880522e+000 -9.383811948e+001 -9.383811948e+001 +1.3684e+000 +6.9822e+000
% function evaluation | noise-free fitness - Fopt (7.680000000000e+000) | best noise-free fitness - Fopt | measured fitness | best measured fitness | x1 | x2...
1 +3.724107601e+006 +3.724107601e+006 +3.724115281e+006 +3.724115281e+006 +1.2410e+001 +7.7643e+000
4 +1.764428447e+006 +1.764428447e+006 +1.764436127e+006 +1.764436127e+006 +1.0003e+001 +5.5983e+000
6 +1.087713512e+006 +1.087713512e+006 +1.087721192e+006 +1.087721192e+006 +9.0710e+000 +1.3130e+001
19 +4.922209306e+005 +4.922209306e+005 +4.922286106e+005 +4.922286106e+005 +6.9970e+000 +6.7319e+000
26 +3.648737282e+005 +3.648737282e+005 +3.648814082e+005 +3.648814082e+005 +6.3188e+000 +5.0975e+000
38 +1.873043027e+005 +1.873043027e+005 +1.873119827e+005 +1.873119827e+005 +5.7878e+000 +1.3950e+001
83 +5.010469442e+004 +5.010469442e+004 +5.011237442e+004 +5.011237442e+004 +4.0544e+000 +1.1758e+001
110 +7.567774544e+003 +7.567774544e+003 +7.575454544e+003 +7.575454544e+003 +3.1136e+000 +1.5433e+001
177 +9.161061644e+001 +9.161061644e+001 +9.929061644e+001 +9.929061644e+001 +2.0892e+000 +1.6147e+001
361 +2.006305481e+001 +2.006305481e+001 +2.774305481e+001 +2.774305481e+001 +1.3702e+000 +1.0642e+001
498 +7.829236589e+000 +7.829236589e+000 +1.550923659e+001 +1.550923659e+001 +2.0599e+000 +1.5013e+001
% function evaluation | noise-free fitness - Fopt (-1.809300000000e+002) | best noise-free fitness - Fopt | measured fitness | best measured fitness | x1 | x2...
1 +7.334452414e+005 +7.334452414e+005 +7.332643114e+005 +7.332643114e+005 +7.4058e+000 +1.4077e+001
6 +4.830768580e+005 +4.830768580e+005 +4.828959280e+005 +4.828959280e+005 +6.6008e+000 +1.4695e+001
20 +2.842903414e+005 +2.842903414e+005 +2.841094114e+005 +2.841094114e+005 +5.4181e+000 +1.0427e+001
41 +2.292547884e+005 +2.292547884e+005 +2.290738584e+005 +2.290738584e+005 +5.1887e+000 +1.2223e+001
54 +2.088538283e+004 +2.088538283e+004 +2.070445283e+004 +2.070445283e+004 +2.8414e+000 +1.4426e+001
175 +6.912700606e+002 +6.912700606e+002 +5.103400606e+002 +5.103400606e+002 +1.0826e+000 +1.5309e+001
208 +2.332581892e+002 +2.332581892e+002 +5.232818921e+001 +5.232818921e+001 +1.6100e+000 +1.5403e+001
321 +1.018029953e+002 +1.018029953e+002 -7.912700470e+001 -7.912700470e+001 -4.1770e-001 +2.7830e+000
347 +3.430112710e+001 +3.430112710e+001 -1.466288729e+002 -1.466288729e+002 -4.1891e+000 +1.7969e+000
349 +1.161948540e+001 +1.161948540e+001 -1.693105146e+002 -1.693105146e+002 +1.2164e+000 +1.3894e+001
427 +2.116996208e+000 +2.116996208e+000 -1.788130038e+002 -1.788130038e+002 -4.4858e-001 +3.5645e+000
% function evaluation | noise-free fitness - Fopt (-3.674000000000e+001) | best noise-free fitness - Fopt | measured fitness | best measured fitness | x1 | x2...
1 +5.583254217e+006 +5.583254217e+006 +5.583217477e+006 +5.583217477e+006 +1.2685e+001 +5.9528e+000
4 +9.475327426e+005 +9.475327426e+005 +9.474960026e+005 +9.474960026e+005 +7.5458e+000 +1.1400e+001
6 +3.297669577e+005 +3.297669577e+005 +3.297302177e+005 +3.297302177e+005 +5.4439e+000 +1.1939e+001
76 +5.692958878e+004 +5.692958878e+004 +5.689284878e+004 +5.689284878e+004 +3.3565e+000 +1.5146e+001
171 +3.380721034e+004 +3.380721034e+004 +3.377047034e+004 +3.377047034e+004 +2.7748e+000 +1.3712e+001
207 +7.646388659e+003 +7.646388659e+003 +7.609648659e+003 +7.609648659e+003 +2.1546e+000 +1.6738e+001
272 +6.131809281e+003 +6.131809281e+003 +6.095069281e+003 +6.095069281e+003 +2.2532e+000 +1.8654e+001
331 +3.399317046e+003 +3.399317046e+003 +3.362577046e+003 +3.362577046e+003 +2.0395e+000 +1.8512e+001
340 +1.827562392e+003 +1.827562392e+003 +1.790822392e+003 +1.790822392e+003 +1.2820e+000 +1.3199e+001
360 +9.745535560e+001 +9.745535560e+001 +6.071535560e+001 +6.071535560e+001 +1.4669e+000 +1.8103e+001
402 +1.368555820e+001 +1.368555820e+001 -2.305444180e+001 -2.305444180e+001 +1.4122e+000 +1.8731e+001
% function evaluation | noise-free fitness - Fopt (1.151100000000e+002) | best noise-free fitness - Fopt | measured fitness | best measured fitness | x1 | x2...
1 +2.905914183e+004 +2.905914183e+004 +2.917425183e+004 +2.917425183e+004 +6.8231e+000 +9.9887e+000
8 +3.600077937e+003 +3.600077937e+003 +3.715187937e+003 +3.715187937e+003 +5.9841e+000 +1.2410e+001
16 +3.966764198e+001 +3.966764198e+001 +1.547776420e+002 +1.547776420e+002 +5.0542e+000 +9.9134e+000
178 +2.061170819e+001 +2.061170819e+001 +1.357217082e+002 +1.357217082e+002 +4.7300e+000 +7.7419e+000
281 +1.036087356e+001 +1.036087356e+001 +1.254708736e+002 +1.254708736e+002 +4.9141e+000 +9.2524e+000
391 +6.163511839e+000 +6.163511839e+000 +1.212735118e+002 +1.212735118e+002 +3.3530e+000 +2.4037e-001
% function evaluation | noise-free fitness - Fopt (1.759000000000e+001) | best noise-free fitness - Fopt | measured fitness | best measured fitness | x1 | x2...
1 +1.616566866e+006 +1.616566866e+006 +1.616584456e+006 +1.616584456e+006 +1.1821e+001 +1.2924e+001
3 +1.488613094e+006 +1.488613094e+006 +1.488630684e+006 +1.488630684e+006 +1.1400e+001 +8.2847e+000
7 +4.341461933e+005 +4.341461933e+005 +4.341637833e+005 +4.341637833e+005 +8.6370e+000 +9.0632e+000
10 +6.747986836e+004 +6.747986836e+004 +6.749745836e+004 +6.749745836e+004 +5.7716e+000 +7.7121e+000
62 +6.139450949e+004 +6.139450949e+004 +6.141209949e+004 +6.141209949e+004 +6.4001e+000 +1.6557e+001
75 +1.149877954e+004 +1.149877954e+004 +1.151636954e+004 +1.151636954e+004 +5.1970e+000 +1.6671e+001
99 +3.663329874e+003 +3.663329874e+003 +3.680919874e+003 +3.680919874e+003 +4.5821e+000 +1.5335e+001
180 +2.010179412e+003 +2.010179412e+003 +2.027769412e+003 +2.027769412e+003 +4.6872e+000 +1.7883e+001
212 +1.280957903e+003 +1.280957903e+003 +1.298547903e+003 +1.298547903e+003 +2.9613e+000 +1.2737e+001
262 +8.230001275e+002 +8.230001275e+002 +8.405901275e+002 +8.405901275e+002 +4.1690e+000 +2.0617e+001
266 +6.628424542e+001 +6.628424542e+001 +8.387424542e+001 +8.387424542e+001 +4.2418e+000 +1.7630e+001
438 +3.049901677e+001 +3.049901677e+001 +4.808901677e+001 +4.808901677e+001 +3.9632e+000 +1.5627e+001
493 +1.191674063e+001 +1.191674063e+001 +2.950674063e+001 +2.950674063e+001 +4.0280e+000 +1.6445e+001
% function evaluation | noise-free fitness - Fopt (1.000000000000e+003) | best noise-free fitness - Fopt | measured fitness | best measured fitness | x1 | x2...
1 +6.808186616e+006 +6.808186616e+006 +6.809186616e+006 +6.809186616e+006 +1.3272e+001 +1.1648e+001
3 +1.971695261e+006 +1.971695261e+006 +1.972695261e+006 +1.972695261e+006 +8.9104e+000 +6.6442e+000
8 +4.465333329e+005 +4.465333329e+005 +4.475333329e+005 +4.475333329e+005 +5.8348e+000 +1.4616e+001
82 +2.739685125e+005 +2.739685125e+005 +2.749685125e+005 +2.749685125e+005 +4.5166e+000 +6.7625e+000
87 +2.193408707e+005 +2.193408707e+005 +2.203408707e+005 +2.203408707e+005 +4.1843e+000 +7.1895e+000
173 +1.597616670e+004 +1.597616670e+004 +1.697616670e+004 +1.697616670e+004 +1.9915e+000 +1.3391e+001
273 +1.039082315e+002 +1.039082315e+002 +1.103908232e+003 +1.103908232e+003 +1.9915e+000 +2.6948e+001
362 +1.715518667e+001 +1.715518667e+001 +1.017155187e+003 +1.017155187e+003 +1.3586e+000 +1.9536e+001
