% function evaluation | noise-free fitness - Fopt (9.294000000000e+001) | best noise-free fitness - Fopt | measured fitness | best measured fitness | x1 | x2...
1 +5.263486365e+003 +5.263486365e+003 +5.356426365e+003 +5.356426365e+003 +1.4798e+001 +6.2843e+000 +7.9245e+000 +9.4236e+000 +1.0971e+001 +5.4567e+000 +1.3343e+001 +5.5641e+000 +8.1803e+000 +1.4125e+001
109 +3.625831720e+003 +3.625831720e+003 +3.718771720e+003 +3.718771720e+003 +1.1571e+001 +1.3343e+001 +1.4419e+001 +6.4804e+000 +6.3153e+000 +3.2653e+000 +9.7271e+000 +7.4168e+000 +4.4228e+000 +7.2736e+000
253 +8.864243532e+002 +8.864243532e+002 +9.793643532e+002 +9.793643532e+002 +5.8737e+000 +1.0644e+001 +6.3074e+000 +6.1799e+000 +5.7130e+000 +2.7698e-003 +9.6980e+000 +3.3676e+000 +2.8316e+000 +6.2017e+000
575 +4.143507668e+002 +4.143507668e+002 +5.072907668e+002 +5.072907668e+002 +5.9993e+000 +7.5953e+000 +4.7888e+000 +3.6843e+000 +5.6843e+000 -1.2287e-001 +9.7649e+000 +1.0218e+000 +5.3376e+000 +5.3783e+000
623 +3.844382423e+002 +3.844382423e+002 +4.773782423e+002 +4.773782423e+002 +5.3465e+000 +4.3593e+000 +1.8038e+000 +4.8696e+000 +3.9093e+000 +2.1034e-001 +6.9725e+000 -2.4708e+000 +1.6230e+000 +6.6017e+000
977 +2.295619888e+002 +2.295619888e+002 +3.225019888e+002 +3.225019888e+002 +3.1680e+000 +8.8193e+000 +1.5776e+000 +7.7954e-001 +8.7626e+000 -2.6684e+000 +5.8064e+000 +1.1741e+000 +6.3023e+000 +1.8230e+000
1218 +1.201172869e+002 +1.201172869e+002 +2.130572869e+002 +2.130572869e+002 +2.7072e+000 +5.8154e+000 +2.9187e+000 +2.7467e+000 +7.9556e+000 -2.0345e+000 +4.9127e+000 +1.1011e+000 +6.9235e+000 +1.6902e+000
1331 +8.589310561e+001 +8.589310561e+001 +1.788331056e+002 +1.788331056e+002 +4.9951e+000 +2.5492e+000 -4.5190e+000 +3.6872e+000 +5.0492e+000 +3.2632e-001 +2.4683e+000 -2.6533e-001 +1.1467e+000 +5.0943e-001
1885 +6.108983756e+001 +6.108983756e+001 +1.540298376e+002 +1.540298376e+002 +5.0461e+000 +1.5526e+000 +3.8201e-001 +3.7478e+000 +5.1852e+000 -1.6252e+000 +3.3402e+000 +1.1097e+000 +2.0459e+000 -7.2847e-001
% function evaluation | noise-free fitness - Fopt (3.535000000000e+001) | best noise-free fitness - Fopt | measured fitness | best measured fitness | x1 | x2...
1 +3.911230991e+003 +3.911230991e+003 +3.946580991e+003 +3.946580991e+003 +1.3246e+001 +1.2187e+001 +1.0557e+001 +9.9387e+000 +1.3624e+001 +1.1821e+001 +1.1116e+001 +1.1260e+001 +1.0585e+001 +6.1448e+000
89 +2.416899348e+003 +2.416899348e+003 +2.452249348e+003 +2.452249348e+003 +1.2050e+001 +1.1318e+001 +1.1330e+001 +7.7433e+000 +6.3531e+000 +1.2977e+001 +1.3364e+001 +3.2341e+000 +9.8153e+000 +7.3815e+000
153 +1.489001848e+003 +1.489001848e+003 +1.524351848e+003 +1.524351848e+003 +1.2117e+001 +8.9489e+000 +9.0801e+000 +6.6849e+000 +6.7619e+000 +1.2303e+001 +9.8080e+000 +3.1419e+000 +2.8109e+000 +6.3546e+000
494 +8.910437923e+002 +8.910437923e+002 +9.263937923e+002 +9.263937923e+002 +9.7246e+000 +1.4572e+001 +8.7731e+000 +4.1759e+000 +3.6034e+000 +8.6615e+000 +1.2030e+001 +4.8035e+000 -1.0108e+000 +6.5081e-001
655 +5.787147314e+002 +5.787147314e+002 +6.140647314e+002 +6.140647314e+002 +1.0274e+001 +1.2512e+001 +5.6655e+000 +4.1368e+000 +4.3569e+000 +9.0163e+000 +1.1617e+001 +3.8473e+000 -3.1071e+000 +4.9888e-001
1182 +3.708054424e+002 +3.708054424e+002 +4.061554424e+002 +4.061554424e+002 +9.0778e+000 +6.6065e+000 -1.1246e-001 +3.1353e+000 +8.3101e+000 +6.0404e+000 -7.8820e-001 +1.2336e+000 +4.8271e+000 -4.5041e-001
1394 +2.018326188e+002 +2.018326188e+002 +2.371826188e+002 +2.371826188e+002 +8.0849e+000 +7.3060e+000 +3.5325e+000 +2.2511e+000 +5.2437e+000 +5.9486e+000 +6.9938e+000 +3.7858e+000 +2.9968e+000 -1.3387e+000
% function evaluation | noise-free fitness - Fopt (3.820000000000e+000) | best noise-free fitness - Fopt | measured fitness | best measured fitness | x1 | x2...
1 +6.110053427e+003 +6.110053427e+003 +6.113873427e+003 +6.113873427e+003 +6.7739e+000 +1.0706e+001 +7.9592e+000 +7.9114e+000 +7.6970e+000 +1.2839e+001 +1.1577e+001 +1.3987e+001 +6.0732e+000 +6.9741e+000
43 +3.583764467e+003 +3.583764467e+003 +3.587584467e+003 +3.587584467e+003 +7.7847e+000 +1.3718e+001 +7.7603e+000 +1.0666e+001 +5.0042e+000 +8.6191e+000 +8.6168e+000 +6.6463e+000 +1.2563e+001 +1.0187e+001
174 +2.144074687e+003 +2.144074687e+003 +2.147894687e+003 +2.147894687e+003 +7.7081e+000 +1.0344e+001 +6.0235e+000 +8.6263e+000 +9.4645e+000 +9.6303e+000 +9.8214e+000 +3.6759e+000 +5.3201e+000 +1.0752e+001
345 +1.395103435e+003 +1.395103435e+003 +1.398923435e+003 +1.398923435e+003 +4.3212e+000 +8.4101e+000 +7.9805e-001 +7.5373e+000 +4.2383e-001 +1.0544e+001 +4.8545e+000 +5.1228e+000 +5.7908e+000 +1.0468e+001
594 +9.131436270e+002 +9.131436270e+002 +9.169636270e+002 +9.169636270e+002 +3.9661e+000 +1.2639e+001 -2.3784e+000 +8.1337e+000 +2.3472e+000 +1.0858e+001 +7.8866e+000 +3.7064e+000 +3.7975e+000 +1.0941e+001
1016 +6.171097199e+002 +6.171097199e+002 +6.209297199e+002 +6.209297199e+002 +5.5028e+000 +6.5970e+000 +2.1320e+000 +1.2896e+001 +8.1786e-002 -2.3035e-001 -1.4548e+000 +4.4883e+000 +4.6562e+000 +8.7270e+000
1042 +3.618836458e+002 +3.618836458e+002 +3.657036458e+002 +3.657036458e+002 +2.1409e+000 +6.4371e+000 +2.0918e+000 +8.4002e+000 +1.1368e+000 +3.8776e+000 +2.8959e+000 +5.0174e-001 +2.5569e+000 +1.0405e+001
1375 +2.079535204e+002 +2.079535204e+002 +2.117735204e+002 +2.117735204e+002 +2.1911e+000 +2.3325e+000 -1.7532e+000 +6.8214e+000 +2.7213e+000 +3.2507e-001 +2.3672e+000 +1.4599e+000 +1.4070e+000 +5.2581e+000
1639 +1.405771152e+002 +1.405771152e+002 +1.443971152e+002 +1.443971152e+002 -1.2523e+000 +2.8302e+000 +2.2756e+000 +2.8802e+000 +1.6263e+000 +1.0574e+000 +2.7261e+000 -2.7953e+000 +4.3504e+000 +4.4252e+000
2243 +9.796228715e+001 +9.796228715e+001 +1.017822872e+002 +1.017822872e+002 +2.3518e+000 +2.5434e+000 -1.0595e+000 +2.9495e+000 +5.9890e-001 +2.2277e+000 +8.4525e-001 -1.3559e+000 +5.8397e+000 +1.1913e+000
% function evaluation | noise-free fitness - Fopt (2.175000000000e+001) | best noise-free fitness - Fopt | measured fitness | best measured fitness | x1 | x2...
1 +7.102595685e+003 +7.102595685e+003 +7.124345685e+003 +7.124345685e+003 +9.5919e+000 +1.1413e+001 +1.2575e+001 +1.1822e+001 +1.0315e+001 +1.2128e+001 +5.7840e+000 +1.4291e+001 +1.2473e+001 +1.2141e+001
3 +4.708062010e+003 +4.708062010e+003 +4.729812010e+003 +4.729812010e+003 +6.1439e+000 +1.3123e+001 +6.5850e+000 +1.4148e+001 +1.2369e+001 +1.1400e+001 +5.4333e+000 +1.1674e+001 +5.4963e+000 +6.4145e+000
30 +3.874072892e+003 +3.874072892e+003 +3.895822892e+003 +3.895822892e+003 +1.3651e+001 +8.0907e+000 +1.4506e+001 +6.9796e+000 +1.3136e+001 +8.7447e+000 +5.8952e+000 +1.3202e+001 +5.2854e+000 +9.0508e+000
118 +2.373182980e+003 +2.373182980e+003 +2.394932980e+003 +2.394932980e+003 +1.0871e+001 +6.9763e+000 +6.5157e+000 +1.1755e+001 +1.2209e+001 +5.6613e+000 +4.0081e+000 +1.0519e+001 +6.6520e+000 +8.5832e+000
168 +1.447019079e+003 +1.447019079e+003 +1.468769079e+003 +1.468769079e+003 +1.0871e+001 +1.5644e-001 +6.5157e+000 +9.3586e+000 +1.2209e+001 +5.6613e+000 +4.0081e+000 +1.6783e+001 +6.6520e+000 +7.4737e+000
365 +8.215810268e+002 +8.215810268e+002 +8.433310268e+002 +8.433310268e+002 +1.5096e+001 -3.2798e-001 +8.4234e+000 +4.7538e-001 +5.3102e+000 +3.2025e+000 +2.8852e+000 +5.7822e+000 +5.5217e+000 +6.9792e+000
457 +4.709266505e+002 +4.709266505e+002 +4.926766505e+002 +4.926766505e+002 +7.5682e+000 +2.5287e+000 +2.7803e+000 +1.7928e+000 +4.2611e+000 +3.8648e+000 +3.1248e+000 +5.1564e+000 +6.0163e-001 +3.8793e+000
738 +3.675232547e+002 +3.675232547e+002 +3.892732547e+002 +3.892732547e+002 +1.2197e+001 +2.8779e+000 -7.5458e-001 +1.2685e+000 +4.6014e+000 +2.2036e+000 +4.1596e+000 +1.7098e+000 +3.3236e+000 +5.6390e+000
1030 +1.994759929e+002 +1.994759929e+002 +2.212259929e+002 +2.212259929e+002 +9.3687e+000 +1.9912e+000 +2.1198e+000 +4.2464e+000 +7.5034e+000 +2.0247e+000 -3.5360e-002 +7.0953e+000 +3.8694e+000 +6.0304e+000
1328 +7.189350213e+001 +7.189350213e+001 +9.364350213e+001 +9.364350213e+001 +5.5808e+000 +2.7396e+000 -2.0097e+000 +3.8446e+000 -2.2645e+000 -1.2346e+000 +8.9224e-001 +3.2614e+000 +3.2661e-001 +5.3761e+000
1956 +5.310527071e+001 +5.310527071e+001 +7.485527071e+001 +7.485527071e+001 +1.6825e+000 +8.0137e-001 +5.0841e-001 +3.3077e+000 +2.6190e+000 -2.4766e+000 +2.5826e+000 +5.8383e+000 +2.2939e+000 +4.5052e+000
2043 +2.965989134e+001 +2.965989134e+001 +5.140989134e+001 +5.140989134e+001 +7.3071e+000 +2.2079e+000 -2.6285e+000 +4.0062e+000 -2.0782e+000 -1.2980e+000 +3.1729e+000 +1.3841e+000 +2.6112e+000 +4.8310e+000
% function evaluation | noise-free fitness - Fopt (6.479000000000e+001) | best noise-free fitness - Fopt | measured fitness | best measured fitness | x1 | x2...
1 +3.549840328e+003 +3.549840328e+003 +3.614630328e+003 +3.614630328e+003 +1.3534e+001 +9.3595e+000 +7.5275e+000 +1.3365e+001 +8.3914e+000 +1.0494e+001 +6.9018e+000 +8.0782e+000 +8.7564e+000 +1.2311e+001
36 +2.223572734e+003 +2.223572734e+003 +2.288362734e+003 +2.288362734e+003 +1.1193e+001 +1.1351e+001 +1.1276e+001 +9.5615e+000 +5.1486e+000 +6.3589e+000 +8.3876e+000 +1.2732e+001 +1.2592e+001 +5.5419e+000
322 +1.583462336e+003 +1.583462336e+003 +1.648252336e+003 +1.648252336e+003 +1.1041e+001 +7.5237e+000 +7.6314e+000 +6.8320e+000 +2.6524e+000 +6.1923e+000 +5.8381e+000 -3.2351e+000 +3.4166e+000 +8.5169e+000
505 +9.900718596e+002 +9.900718596e+002 +1.054861860e+003 +1.054861860e+003 +9.3483e+000 +5.5375e+000 +1.0464e+001 +7.1549e+000 +1.1921e+000 +4.4706e+000 +2.7307e+000 +4.9203e+000 +6.2934e+000 +2.7491e+000
1152 +5.213702208e+002 +5.213702208e+002 +5.861602208e+002 +5.861602208e+002 +7.9118e+000 +2.9713e+000 +6.9053e+000 +7.5910e+000 +2.1507e+000 -8.6114e-001 +3.2566e+000 +4.9865e+000 +4.1238e+000 +3.7168e+000
1502 +3.240946177e+002 +3.240946177e+002 +3.888846177e+002 +3.888846177e+002 +7.9118e+000 +2.9713e+000 +6.9053e+000 +7.5270e+000 -2.4496e+000 -8.6114e-001 +5.8818e-002 +4.5154e-001 -3.2652e+000 +5.6401e+000
1910 +2.400684695e+002 +2.400684695e+002 +3.048584695e+002 +3.048584695e+002 +5.3637e+000 +4.6725e-001 +5.5601e+000 +4.2659e+000 +1.0095e+000 -4.5030e+000 +2.0783e-001 +2.8526e+000 -1.1555e+000 +4.9914e+000
2155 +1.557898424e+002 +1.557898424e+002 +2.205798424e+002 +2.205798424e+002 +1.7490e+000 +4.1785e+000 +2.2936e+000 +2.8585e+000 +1.2986e+000 -5.2492e-001 -1.7942e+000 +5.7941e+000 +5.1274e-001 +1.5464e+000
% function evaluation | noise-free fitness - Fopt (-1.000000000000e+003) | best noise-free fitness - Fopt | measured fitness | best measured fitness | x1 | x2...
1 +2.940038517e+003 +2.940038517e+003 +1.940038517e+003 +1.940038517e+003 +1.4357e+001 +7.0279e+000 +7.0320e+000 +9.3013e+000 +1.2884e+001 +7.9826e+000 +1.3397e+001 +6.5791e+000 +1.3981e+001 +1.1352e+001
8 +1.836769189e+003 +1.836769189e+003 +8.367691891e+002 +8.367691891e+002 +9.6582e+000 +6.4037e+000 +7.6658e+000 +6.1916e+000 +6.9651e+000 +9.4589e+000 +9.0158e+000 +7.9017e+000 +6.7277e+000 +5.6901e+000
155 +1.302807339e+003 +1.302807339e+003 +3.028073385e+002 +3.028073385e+002 +7.2332e+000 +6.2736e+000 +8.7444e+000 +5.6099e+000 +6.5305e+000 +7.7027e+000 +1.0761e+001 +5.6200e+000 +7.0096e+000 +4.3739e+000
447 +8.195315208e+002 +8.195315208e+002 -1.804684792e+002 -1.804684792e+002 +1.3532e+001 -1.2278e+000 +5.2580e+000 +9.2593e+000 +2.9458e+000 +3.6383e+000 +6.9306e+000 +1.3480e+000 -1.0751e-001 +6.9186e+000
532 +5.137054411e+002 +5.137054411e+002 -4.862945589e+002 -4.862945589e+002 +9.6225e+000 +9.9203e-001 +4.8639e+000 -2.2237e+000 +2.5806e+000 +5.3117e+000 +7.9292e+000 +3.2839e+000 +4.4502e+000 +4.1534e+000
904 +3.532320012e+002 +3.532320012e+002 -6.467679988e+002 -6.467679988e+002 +4.6443e+000 +2.7654e+000 +7.9052e+000 -2.1026e-001 +1.6552e+000 +3.9714e+000 +6.3545e+000 +2.4151e+000 +5.5732e+000 +4.4571e+000
1230 +2.141000317e+002 +2.141000317e+002 -7.858999683e+002 -7.858999683e+002 +6.5236e+000 +3.0106e-001 +6.3370e+000 -5.7087e+000 +2.8120e+000 +6.1018e+000 +5.3198e+000 +1.0402e+000 +6.6648e+000 -3.2861e-001
1330 +1.512184759e+002 +1.512184759e+002 -8.487815241e+002 -8.487815241e+002 +6.5236e+000 +3.0106e-001 +6.3370e+000 -5.7087e+000 +2.8120e+000 +4.5559e+000 +5.3198e+000 +1.0402e+000 +6.6648e+000 -3.2861e-001
1368 +5.041495255e+001 +5.041495255e+001 -9.495850474e+002 -9.495850474e+002 +3.5199e+000 -6.2251e-001 +3.2516e+000 -2.5404e+000 +1.9636e+000 +4.7875e+000 +5.0503e+000 +4.8084e-001 +4.5780e+000 -4.4246e+000
2261 +3.835620025e+001 +3.835620025e+001 -9.616437998e+002 -9.616437998e+002 +1.2365e+000 -6.7146e-001 +3.8485e+000 -4.1829e+000 +3.3461e+000 +4.8358e+000 -7.7802e-001 +3.0244e+000 +5.2044e+000 -3.2724e+000
% function evaluation | noise-free fitness - Fopt (6.750100000000e+002) | best noise-free fitness - Fopt | measured fitness | best measured fitness | x1 | x2...
1 +2.185525848e+004 +2.185525848e+004 +2.253026848e+004 +2.253026848e+004 +6.6506e+000 +1.3403e+001 +1.1004e+001 +8.6816e+000 +1.3369e+001 +6.6196e+000 +1.2356e+001 +9.8947e+000 +7.9747e+000 +1.3775e+001
5 +1.134844157e+004 +1.134844157e+004 +1.202345157e+004 +1.202345157e+004 +6.6500e+000 +1.2091e+001 +5.1044e+000 +9.6464e+000 +6.0953e+000 +8.7021e+000 +1.2758e+001 +5.8790e+000 +9.7841e+000 +1.0365e+001
108 +9.482802637e+003 +9.482802637e+003 +1.015781264e+004 +1.015781264e+004 +2.2002e+000 +1.0134e+001 +8.6469e+000 +6.2710e+000 +7.4311e+000 +1.3973e+001 +7.2226e+000 +9.2363e+000 +1.0940e+001 +1.1886e+001
194 +6.177949400e+003 +6.177949400e+003 +6.852959400e+003 +6.852959400e+003 +2.3088e+000 +7.2165e+000 +8.4503e+000 +7.1515e+000 +4.2930e+000 +9.6772e+000 +1.0523e+001 +9.8918e+000 +7.7987e+000 +4.0147e+000
223 +3.625942339e+003 +3.625942339e+003 +4.300952339e+003 +4.300952339e+003 +7.0884e-002 +4.4187e+000 +8.0533e+000 +8.7829e+000 +3.6773e+000 +6.0833e+000 +5.3448e+000 +1.3249e+001 +6.3767e+000 +1.7831e+000
470 +1.508593876e+003 +1.508593876e+003 +2.183603876e+003 +2.183603876e+003 -1.0461e+000 +2.2719e+000 -2.2827e+000 +4.1069e+000 +6.4673e+000 +3.0729e+000 +4.4634e+000 -1.5993e+000 +1.5877e+001 +8.4583e+000
656 +9.208801025e+002 +9.208801025e+002 +1.595890103e+003 +1.595890103e+003 +1.2273e+000 +5.1811e+000 -6.2204e+000 +8.3045e+000 -8.5108e+000 +6.9507e+000 -3.2449e-001 -1.8819e+000 +4.0598e+000 +2.6479e+000
759 +5.528828651e+002 +5.528828651e+002 +1.227892865e+003 +1.227892865e+003 -4.0488e+000 +3.2848e+000 +8.1645e+000 +6.1304e+000 +5.6076e+000 +3.9195e+000 -7.2521e-001 -4.4723e+000 +3.9113e+000 -1.6585e+000
1013 +3.594065573e+002 +3.594065573e+002 +1.034416557e+003 +1.034416557e+003 -5.5958e+000 +1.0047e+000 +3.4125e+000 -4.7543e-001 +1.4290e+000 -2.5906e-001 -3.8912e-001 -5.6408e+000 -5.8383e-001 -6.0729e-001
1032 +2.158119064e+002 +2.158119064e+002 +8.908219064e+002 +8.908219064e+002 -1.5828e+000 -3.6911e+000 +7.6144e+000 +4.0137e+000 -4.8287e+000 +3.4681e+000 -2.7444e+000 +3.5680e+000 -9.1612e-001 -3.8648e+000
1651 +1.581478393e+002 +1.581478393e+002 +8.331578393e+002 +8.331578393e+002 -1.2465e+000 +1.7128e+000 +4.1979e+000 +1.3913e+000 -5.2854e+000 +4.1723e+000 +2.2684e+000 -4.0820e+000 +4.9859e-001 +1.8774e-001
2267 +6.253070178e+001 +6.253070178e+001 +7.375407018e+002 +7.375407018e+002 -1.0588e+000 +1.7397e+000 +6.3111e-001 +4.4350e-001 -3.3892e+000 +3.9593e+000 +7.4577e-001 +3.9002e-001 -2.1227e+000 -2.3222e+000
% function evaluation | noise-free fitness - Fopt (-3.580600000000e+002) | best noise-free fitness - Fopt | measured fitness | best measured fitness | x1 | x2...
1 +8.796579524e+003 +8.796579524e+003 +8.438519524e+003 +8.438519524e+003 +1.1618e+001 +1.0720e+001 +1.0876e+001 +1.1249e+001 +1.4023e+001 +5.5394e+000 +9.3405e+000 +7.7618e+000 +1.4215e+001 +1.2600e+001
5 +5.017866458e+003 +5.017866458e+003 +4.659806458e+003 +4.659806458e+003 +6.4121e+000 +5.9936e+000 +1.0203e+001 +5.3859e+000 +6.4368e+000 +9.9664e+000 +6.6716e+000 +5.9013e+000 +7.3770e+000 +1.4495e+001
12 +3.848962404e+003 +3.848962404e+003 +3.490902404e+003 +3.490902404e+003 +7.7789e+000 +9.2097e+000 +1.0378e+001 +6.0498e+000 +8.6048e+000 +6.8198e+000 +5.9429e+000 +6.2717e+000 +5.7179e+000 +8.9532e+000
205 +2.404140081e+003 +2.404140081e+003 +2.046080081e+003 +2.046080081e+003 +1.2337e+001 +1.0733e+001 +6.0548e+000 +1.9050e+000 +4.3220e+000 +6.3101e+000 +6.9410e+000 +5.8730e+000 +2.4833e+000 +7.4994e+000
585 +1.150771771e+003 +1.150771771e+003 +7.927117709e+002 +7.927117709e+002 +7.5360e+000 +2.8726e+000 -3.6064e+000 +1.3030e+000 +2.9902e+000 +1.0625e+001 +4.5610e+000 +1.7891e+000 -9.0394e-001 +8.3717e+000
838 +9.602128179e+002 +9.602128179e+002 +6.021528179e+002 +6.021528179e+002 +7.3975e+000 +4.1500e+000 -3.2535e+000 -1.9245e+000 -2.0367e+000 +1.0572e+001 +7.6775e+000 +3.2531e+000 -4.7184e+000 -1.2074e+000
983 +3.941538471e+002 +3.941538471e+002 +3.609384710e+001 +3.609384710e+001 +1.0088e+001 +4.6127e+000 +2.5983e+000 -1.5613e+000 -1.2021e+000 +5.0253e+000 +2.5868e+000 +8.7091e-001 -2.9015e+000 +3.5938e+000
1654 +9.236914773e+001 +9.236914773e+001 -2.656908523e+002 -2.656908523e+002 +5.1080e+000 +3.1179e+000 -4.4645e-001 -2.7862e+000 -2.4108e+000 +3.0275e+000 -1.9083e+000 +3.0032e+000 +1.2560e+000 +3.3860e+000
% function evaluation | noise-free fitness - Fopt (-4.797000000000e+001) | best noise-free fitness - Fopt | measured fitness | best measured fitness | x1 | x2...
1 +6.525794529e+003 +6.525794529e+003 +6.477824529e+003 +6.477824529e+003 +7.0934e+000 +7.0794e+000 +1.0495e+001 +7.6210e+000 +8.4387e+000 +9.4385e+000 +1.1115e+001 +5.4454e+000 +1.2145e+001 +1.3994e+001
3 +3.422323835e+003 +3.422323835e+003 +3.374353835e+003 +3.374353835e+003 +1.3700e+001 +1.1063e+001 +5.7122e+000 +8.5650e+000 +7.6049e+000 +9.3909e+000 +7.2474e+000 +1.3566e+001 +1.0640e+001 +1.3928e+001
201 +2.101138321e+003 +2.101138321e+003 +2.053168321e+003 +2.053168321e+003 +1.6002e+001 +1.2479e+001 +5.0424e-001 +8.0601e+000 +6.6658e+000 +4.9515e+000 +8.1025e+000 +1.5136e+001 +6.0960e+000 +9.7262e+000
393 +1.465840175e+003 +1.465840175e+003 +1.417870175e+003 +1.417870175e+003 +1.1102e+001 +1.2427e+001 +3.1773e+000 +4.5563e+000 +3.3985e+000 +3.6064e+000 +1.2024e+001 +7.0786e+000 +1.7295e+000 +9.9293e+000
618 +9.180947921e+002 +9.180947921e+002 +8.701247921e+002 +8.701247921e+002 +1.4535e+001 +4.6422e+000 -8.1418e-001 +6.5995e+000 +3.2309e+000 +3.5417e+000 +8.8710e+000 +8.7325e+000 +8.1400e+000 +7.9114e+000
805 +5.657206270e+002 +5.657206270e+002 +5.177506270e+002 +5.177506270e+002 +1.3819e+001 +3.4311e+000 +8.8279e-001 +3.0392e+000 +3.7159e+000 -4.5987e+000 +7.1645e+000 +6.9681e+000 +2.4018e+000 +5.6986e+000
995 +3.627113994e+002 +3.627113994e+002 +3.147413994e+002 +3.147413994e+002 +8.1689e+000 +4.0981e+000 -4.1527e+000 +6.1366e+000 +1.5985e+000 -8.6837e-001 +4.9651e+000 +6.5817e+000 +2.8151e+000 +7.1743e+000
1226 +1.769562467e+002 +1.769562467e+002 +1.289862467e+002 +1.289862467e+002 +6.9305e+000 +4.1524e+000 -3.4423e+000 +3.2914e-001 +2.1724e+000 -3.7829e+000 +8.6331e+000 +3.5230e+000 +3.6125e+000 +5.9099e+000
1907 +1.531557174e+002 +1.531557174e+002 +1.051857174e+002 +1.051857174e+002 +4.5772e+000 +4.3079e+000 -5.3744e+000 +5.7868e+000 +6.9140e-001 -5.5914e+000 +6.3655e+000 +5.7474e+000 +4.7043e+000 +8.1251e+000
2405 +9.860622008e+001 +9.860622008e+001 +5.063622008e+001 +5.063622008e+001 +6.7139e+000 +7.7907e-001 -3.3846e+000 +3.5954e+000 -1.8163e+000 +1.5203e+000 +2.5865e+000 +3.0303e+000 +3.3644e+000 +5.7722e+000
% function evaluation | noise-free fitness - Fopt (-8.294100000000e+002) | best noise-free fitness - Fopt | measured fitness | best measured fitness | x1 | x2...
1 +1.787523389e+004 +1.787523389e+004 +1.704582389e+004 +1.704582389e+004 +1.2325e+001 +5.4545e+000 +7.1403e+000 +1.2484e+001 +7.6828e+000 +5.9667e+000 +8.4442e+000 +1.3115e+001 +1.4383e+001 +6.8045e+000
4 +1.164441372e+004 +1.164441372e+004 +1.081500372e+004 +1.081500372e+004 +1.0446e+001 +7.4147e+000 +7.5330e+000 +9.2943e+000 +6.2445e+000 +9.5601e+000 +9.5511e+000 +9.8255e+000 +5.2897e+000 +6.2715e+000
70 +7.264757987e+003 +7.264757987e+003 +6.435347987e+003 +6.435347987e+003 +3.6036e-001 +6.9115e+000 +9.3501e+000 +6.8577e+000 +7.4314e+000 +5.4013e+000 +1.3372e+001 +7.7585e+000 +5.5854e+000 +5.3411e+000
220 +6.239906833e+003 +6.239906833e+003 +5.410496833e+003 +5.410496833e+003 +3.6036e-001 +6.9052e+000 +4.5137e+000 +6.8577e+000 +4.1458e+000 +5.4013e+000 +1.2248e+001 +8.0102e+000 +5.5854e+000 +5.3411e+000
353 +2.131719195e+003 +2.131719195e+003 +1.302309195e+003 +1.302309195e+003 -7.1358e+000 +4.5113e+000 +6.1139e+000 +8.7341e+000 +1.1459e+000 +1.2859e+001 +8.2125e+000 +6.6750e+000 +5.8563e-001 +9.6263e-001
484 +1.430040792e+003 +1.430040792e+003 +6.006307916e+002 +6.006307916e+002 -9.0691e+000 +9.2091e+000 +4.6393e+000 +7.1614e+000 +8.8196e+000 +2.7526e+000 +4.7622e+000 +8.0612e+000 -6.9194e-001 -2.1657e+000
617 +7.037950007e+002 +7.037950007e+002 -1.256149993e+002 -1.256149993e+002 -2.2404e+000 +3.2279e+000 -3.3430e+000 +5.6024e+000 +1.7137e+001 +4.7347e+000 +2.4309e+000 +7.5936e+000 -4.0215e+000 -6.0731e+000
619 +6.107339654e+002 +6.107339654e+002 -2.186760346e+002 -2.186760346e+002 -4.9733e-001 -4.4776e+000 -2.6659e+000 +8.2394e+000 +5.4260e+000 +9.1782e+000 +3.0488e+000 +6.8350e+000 -6.2453e+000 +2.3136e+000
706 +3.771762479e+002 +3.771762479e+002 -4.522337521e+002 -4.522337521e+002 +3.4384e-001 +1.8779e+000 +2.4310e+000 +4.0997e+000 +4.9505e+000 +4.4674e+000 +2.0468e+000 +4.0263e+000 -8.0686e+000 -3.8076e+000
820 +2.494603589e+002 +2.494603589e+002 -5.799496411e+002 -5.799496411e+002 -6.4304e+000 +9.7814e-001 +2.5956e-001 +7.1989e+000 +5.5969e+000 +5.4013e+000 +4.6008e+000 +7.5187e+000 -4.6188e+000 -4.3702e+000
1670 +1.083896081e+002 +1.083896081e+002 -7.210203919e+002 -7.210203919e+002 -6.4304e+000 +1.4361e+000 +2.7392e+000 +2.8008e+000 +5.5969e+000 +4.0684e+000 +4.6008e+000 +5.0336e+000 -4.6129e+000 -4.3702e+000
1980 +9.122104129e+001 +9.122104129e+001 -7.381889587e+002 -7.381889587e+002 +3.5494e-001 -1.6844e+000 +7.8863e-001 +9.4406e-001 +7.1756e+000 +1.3404e+000 +3.2627e+000 +2.8580e+000 -5.0058e+000 -9.0164e-001
% function evaluation | noise-free fitness - Fopt (5.681000000000e+001) | best noise-free fitness - Fopt | measured fitness | best measured fitness | x1 | x2...
1 +1.313645493e+004 +1.313645493e+004 +1.319326493e+004 +1.319326493e+004 +9.3284e+000 +5.3092e+000 +5.2462e+000 +1.0542e+001 +1.3049e+001 +5.1199e+000 +1.0751e+001 +1.4491e+001 +1.0681e+001 +9.8491e+000
17 +9.957315300e+003 +9.957315300e+003 +1.001412530e+004 +1.001412530e+004 +7.1508e+000 +6.2642e+000 +9.7659e+000 +6.7890e+000 +6.7871e+000 +6.5909e+000 +7.4084e+000 +1.2296e+001 +1.3014e+001 +7.6032e+000
193 +6.247792291e+003 +6.247792291e+003 +6.304602291e+003 +6.304602291e+003 +6.4518e+000 +6.7204e+000 +1.2298e+001 +4.1175e+000 +1.4905e+001 +5.5777e+000 +8.7526e+000 +7.2774e+000 +6.9519e+000 +6.5756e+000
263 +3.939334658e+003 +3.939334658e+003 +3.996144658e+003 +3.996144658e+003 -2.1380e-001 +9.0065e+000 +7.9799e+000 +5.3748e+000 +4.0554e+000 +1.4430e+000 +1.5574e+001 +6.7956e-001 +7.3270e+000 +5.7560e+000
394 +2.266533461e+003 +2.266533461e+003 +2.323343461e+003 +2.323343461e+003 +6.1215e+000 +7.4960e+000 +4.8499e+000 +1.9760e+000 +4.3332e+000 -2.7778e+000 +5.9998e+000 -2.0470e-001 +8.5564e+000 +5.7612e+000
606 +1.210911224e+003 +1.210911224e+003 +1.267721224e+003 +1.267721224e+003 -1.0423e+001 +7.6539e+000 +7.8390e+000 -7.0518e-001 -8.3370e+000 -4.0936e-001 +8.7674e+000 +2.4533e+000 +2.6300e+000 +1.1590e+001
903 +8.459931973e+002 +8.459931973e+002 +9.028031973e+002 +9.028031973e+002 -4.7831e+000 -4.6613e-002 +1.3125e+000 -4.0543e+000 -1.9761e+000 -1.6873e-001 +6.3687e+000 -1.4658e+000 -1.9327e+000 +1.2809e+001
959 +4.151765444e+002 +4.151765444e+002 +4.719865444e+002 +4.719865444e+002 +3.3650e+000 -4.7303e-001 +1.4197e+001 -5.6881e+000 -4.2587e-001 +5.7769e-001 +3.4955e+000 -2.8388e-001 +5.6861e+000 +7.3923e+000
1203 +3.773609009e+002 +3.773609009e+002 +4.341709009e+002 +4.341709009e+002 -1.1628e+000 -4.6613e-002 +8.9376e+000 -4.0543e+000 -4.8365e+000 -3.9285e+000 +8.6740e+000 -1.4658e+000 +1.0123e+001 +5.8715e+000
1303 +2.295386338e+002 +2.295386338e+002 +2.863486338e+002 +2.863486338e+002 -9.2438e-001 -4.6613e-002 +1.1667e+001 -4.0543e+000 -4.8365e+000 -3.9285e+000 +1.9467e+000 -2.4975e+000 +2.7021e-001 +2.6047e+000
1654 +1.440041082e+002 +1.440041082e+002 +2.008141082e+002 +2.008141082e+002 -4.7677e-001 +2.7956e+000 +1.0587e+001 -2.6580e+000 -3.7954e+000 -4.3198e+000 +1.1934e+000 -9.4635e-001 -2.2074e+000 +9.7527e-001
2187 +7.679471241e+001 +7.679471241e+001 +1.336047124e+002 +1.336047124e+002 +4.4524e-001 +5.1226e-001 -3.6628e+000 -3.4371e-001 -4.2990e+000 -4.6993e+000 -2.4338e-001 -1.2817e+000 -6.9050e+000 -1.6940e-001
% function evaluation | noise-free fitness - Fopt (4.209000000000e+001) | best noise-free fitness - Fopt | measured fitness | best measured fitness | x1 | x2...
1 +1.158477451e+004 +1.158477451e+004 +1.162686451e+004 +1.162686451e+004 +1.4857e+001 +1.0215e+001 +6.0099e+000 +1.3307e+001 +7.9834e+000 +1.2403e+001 +5.6077e+000 +5.7843e+000 +1.4008e+001 +1.0392e+001
4 +7.879717990e+003 +7.879717990e+003 +7.921807990e+003 +7.921807990e+003 +5.5944e+000 +5.7640e+000 +1.1755e+001 +1.1242e+001 +8.3685e+000 +8.7291e+000 +7.8441e+000 +8.5063e+000 +1.3641e+001 +5.1346e+000
8 +6.250508074e+003 +6.250508074e+003 +6.292598074e+003 +6.292598074e+003 +6.0536e+000 +1.0740e+001 +6.5793e+000 +9.9348e+000 +8.6661e+000 +1.2050e+001 +1.0969e+001 +1.3800e+001 +7.4905e+000 +8.5863e+000
193 +2.971705525e+003 +2.971705525e+003 +3.013795525e+003 +3.013795525e+003 +1.9488e+000 +5.6652e+000 +5.2099e+000 +7.8442e+000 +8.3600e+000 +6.4127e+000 +6.4972e+000 +1.3164e+001 +7.8760e+000 +7.7788e+000
280 +2.446021401e+003 +2.446021401e+003 +2.488111401e+003 +2.488111401e+003 +1.4734e+000 +2.7077e+000 +7.9720e+000 +7.9384e+000 +1.6338e+000 +7.9344e+000 +5.9480e+000 +1.2773e+001 +1.0180e+001 +7.2490e+000
380 +1.511893693e+003 +1.511893693e+003 +1.553983693e+003 +1.553983693e+003 +1.4734e+000 +2.7421e-001 +7.5223e+000 +4.7654e-001 +1.6338e+000 +6.8035e+000 +7.9723e+000 +1.2773e+001 +1.0180e+001 +2.7548e+000
622 +9.163331315e+002 +9.163331315e+002 +9.584231315e+002 +9.584231315e+002 +4.5706e+000 +7.4227e+000 +6.3623e+000 -8.3661e-001 -2.1038e+000 +8.1698e+000 +2.8577e+000 +1.1985e+001 +6.1336e+000 +7.3553e+000
773 +2.617385993e+002 +2.617385993e+002 +3.038285993e+002 +3.038285993e+002 +1.6940e+000 +5.3911e+000 +2.3454e+000 -2.8359e-001 -3.5119e-001 +4.1133e+000 +2.6112e+000 +8.7396e+000 +4.6177e+000 +3.2513e+000
1159 +2.288733404e+002 +2.288733404e+002 +2.709633404e+002 +2.709633404e+002 +1.8661e+000 +3.5273e+000 +1.2644e-001 +2.1925e+000 +2.9124e-001 +3.5634e+000 +4.1337e+000 +7.8684e+000 +5.6138e-001 -5.1319e+000
1497 +1.305415325e+002 +1.305415325e+002 +1.726315325e+002 +1.726315325e+002 +5.3416e+000 +4.9791e+000 +2.2280e-001 -6.2739e-001 -2.1907e-001 +2.4477e+000 +5.2386e-001 +9.1436e+000 +2.5474e+000 -2.0326e+000
% function evaluation | noise-free fitness - Fopt (4.579000000000e+001) | best noise-free fitness - Fopt | measured fitness | best measured fitness | x1 | x2...
1 +1.076002426e+004 +1.076002426e+004 +1.080581426e+004 +1.080581426e+004 +5.2624e+000 +1.0838e+001 +1.4437e+001 +6.7738e+000 +9.3007e+000 +9.7307e+000 +8.6488e+000 +1.3923e+001 +1.1056e+001 +7.7085e+000
3 +7.027413280e+003 +7.027413280e+003 +7.073203280e+003 +7.073203280e+003 +1.2791e+001 +1.0128e+001 +8.4423e+000 +1.1983e+001 +9.8719e+000 +6.6172e+000 +1.1383e+001 +5.0687e+000 +1.4002e+001 +1.4835e+001
4 +5.732740165e+003 +5.732740165e+003 +5.778530165e+003 +5.778530165e+003 +9.1804e+000 +8.5561e+000 +5.0661e+000 +1.0215e+001 +5.6185e+000 +1.0907e+001 +1.1229e+001 +1.2272e+001 +7.1323e+000 +1.3693e+001
12 +3.781426762e+003 +3.781426762e+003 +3.827216762e+003 +3.827216762e+003 +1.3102e+001 +8.7018e+000 +8.6415e+000 +7.8424e+000 +1.4538e+001 +8.1736e+000 +7.4769e+000 +1.0728e+001 +8.8619e+000 +7.7593e+000
82 +2.359262586e+003 +2.359262586e+003 +2.405052586e+003 +2.405052586e+003 +1.4861e+001 +1.8670e+000 +7.6659e+000 +5.2409e+000 +1.4245e+001 +9.9119e+000 +7.5731e+000 +8.4279e+000 +5.7811e+000 +1.0968e+001
251 +1.285780557e+003 +1.285780557e+003 +1.331570557e+003 +1.331570557e+003 +1.8692e+001 +5.2469e+000 +6.1893e+000 -1.5588e+000 +1.4745e+001 +1.1390e+001 +7.5317e+000 +1.3579e+001 +3.5705e+000 -7.2819e-001
285 +9.365676125e+002 +9.365676125e+002 +9.823576125e+002 +9.823576125e+002 +1.2494e+001 +3.8951e+000 +3.3166e+000 +1.3171e+000 +1.3148e+001 +3.6245e+000 -8.3796e-002 +5.4088e+000 -5.4577e-001 +7.4758e+000
623 +6.162999145e+002 +6.162999145e+002 +6.620899145e+002 +6.620899145e+002 +1.2274e+001 -1.7397e+000 +6.1433e+000 +5.9300e+000 +1.2652e+001 +8.4271e+000 +6.5208e+000 +4.5816e+000 +5.9673e+000 -1.9239e+000
761 +3.569304473e+002 +3.569304473e+002 +4.027204473e+002 +4.027204473e+002 +1.0409e+001 +3.6455e+000 +1.7546e+000 +1.1414e+000 +1.2761e+001 +1.7770e+000 +4.8256e+000 +4.7599e+000 +4.8659e+000 -1.9610e+000
1134 +1.044527361e+002 +1.044527361e+002 +1.502427361e+002 +1.502427361e+002 +7.2323e+000 +7.5644e-001 +2.1993e+000 -5.5301e-001 +7.7604e+000 -9.0602e-001 +2.1010e+000 +2.4811e+000 +4.0153e+000 -4.0203e+000
1868 +7.810121960e+001 +7.810121960e+001 +1.238912196e+002 +1.238912196e+002 +6.3613e+000 +1.0698e+000 +2.5898e+000 -1.3724e+000 +8.4992e+000 +2.8920e+000 +2.4447e+000 +2.9048e+000 +2.6093e+000 -4.2313e+000
% function evaluation | noise-free fitness - Fopt (-1.000000000000e+003) | best noise-free fitness - Fopt | measured fitness | best measured fitness | x1 | x2...
1 +7.306968059e+003 +7.306968059e+003 +6.306968059e+003 +6.306968059e+003 +1.2777e+001 +9.6512e+000 +6.2242e+000 +9.7147e+000 +6.9188e+000 +1.4267e+001 +1.1383e+001 +1.0102e+001 +1.2458e+001 +7.8458e+000
6 +5.635970154e+003 +5.635970154e+003 +4.635970154e+003 +4.635970154e+003 +9.8755e+000 +1.3742e+001 +8.1613e+000 +1.0690e+001 +1.0644e+001 +9.0056e+000 +8.2093e+000 +5.5141e+000 +1.1766e+001 +7.0265e+000
113 +2.629441883e+003 +2.629441883e+003 +1.629441883e+003 +1.629441883e+003 +8.3621e+000 +1.1531e+001 +6.3258e+000 +9.2628e+000 +5.7044e+000 +6.7223e+000 +5.7206e+000 +8.0151e+000 +5.8993e+000 +6.1655e+000
163 +1.805054445e+003 +1.805054445e+003 +8.050544454e+002 +8.050544454e+002 +2.8047e+000 +2.0807e+001 +6.3258e+000 +1.1400e+001 +5.7044e+000 +6.5705e+000 +5.7206e+000 +8.0151e+000 +9.8927e+000 +6.1655e+000
288 +1.161634542e+003 +1.161634542e+003 +1.616345424e+002 +1.616345424e+002 +5.1428e+000 +1.6903e+001 +7.8556e+000 +9.3973e+000 -2.4677e+000 +6.2420e+000 +3.6421e+000 +9.5181e+000 +3.2162e+000 +5.8820e+000
407 +9.816315297e+002 +9.816315297e+002 -1.836847032e+001 -1.836847032e+001 +7.0252e+000 +1.3471e+001 -1.6937e+000 +6.9539e+000 +2.5088e+000 +1.5149e+001 +1.5092e+000 +2.6700e+000 +3.8343e+000 +7.0896e+000
413 +5.824040576e+002 +5.824040576e+002 -4.175959424e+002 -4.175959424e+002 +2.8047e+000 +1.2486e+001 +1.7745e+000 +7.6562e+000 +6.6489e+000 +6.5705e+000 +5.7206e+000 +1.0595e+000 +4.1402e-001 +2.4995e+000
1012 +3.018964463e+002 +3.018964463e+002 -6.981035537e+002 -6.981035537e+002 +2.4495e+000 +1.2441e+001 -9.6967e-001 +9.8959e+000 +4.8719e+000 +6.4590e+000 +4.7078e+000 -1.8737e-001 +6.6092e-001 +3.9852e+000
1191 +2.318036670e+002 +2.318036670e+002 -7.681963330e+002 -7.681963330e+002 +2.0066e+000 +1.1661e+001 +1.9123e+000 -1.5655e+000 +2.7062e+000 +6.4959e+000 +3.4506e+000 -1.7185e+000 +1.9370e+000 +1.8579e+000
1651 +1.500246782e+002 +1.500246782e+002 -8.499753218e+002 -8.499753218e+002 +7.9348e-001 +1.0565e+001 +3.4985e-003 +1.6743e+000 +3.2037e+000 +6.2417e+000 +6.8735e+000 +3.6741e-001 -1.2127e-001 +1.6400e+000
2316 +8.513380315e+001 +8.513380315e+001 -9.148661969e+002 -9.148661969e+002 +2.2047e+000 +9.7729e+000 +3.7989e+000 +2.0467e+000 +1.4727e+000 +4.9060e+000 +1.2191e+000 +4.1558e-001 +1.6573e+000 +1.4660e+000
% function evaluation | noise-free fitness - Fopt (1.575000000000e+001) | best noise-free fitness - Fopt | measured fitness | best measured fitness | x1 | x2...
1 +9.245507303e+003 +9.245507303e+003 +9.261257303e+003 +9.261257303e+003 +1.3727e+001 +1.2277e+001 +5.3580e+000 +6.9372e+000 +6.7230e+000 +7.5898e+000 +6.6037e+000 +5.6624e+000 +8.8892e+000 +1.1155e+001
185 +5.973286877e+003 +5.973286877e+003 +5.989036877e+003 +5.989036877e+003 +9.1701e+000 +7.5884e+000 +9.0779e+000 +6.4030e+000 +8.4226e+000 +7.1606e+000 +4.3616e+000 +1.2793e+001 +3.2953e+000 +9.8919e+000
271 +3.950643705e+003 +3.950643705e+003 +3.966393705e+003 +3.966393705e+003 +5.5529e+000 +6.5087e+000 +6.7828e+000 +3.1428e+000 +1.2896e+001 -3.3655e+000 +3.9831e+000 +7.7836e+000 +1.3938e+001 +5.3939e+000
471 +2.417364646e+003 +2.417364646e+003 +2.433114646e+003 +2.433114646e+003 +1.0134e+001 +6.5087e+000 +9.7123e+000 +8.6370e+000 +8.3287e+000 -3.3655e+000 -7.5788e+000 +7.7836e+000 +1.0798e+001 +9.5842e+000
548 +1.281889493e+003 +1.281889493e+003 +1.297639493e+003 +1.297639493e+003 +3.1285e+000 +6.5437e+000 +5.5711e+000 +5.6059e+000 +3.3623e+000 -5.6115e-001 +1.3155e-002 +1.0784e+001 +2.1088e+000 +9.3227e+000
847 +9.115652669e+002 +9.115652669e+002 +9.273152669e+002 +9.273152669e+002 +1.7303e+000 +4.3786e+000 +1.0401e+001 +2.9573e+000 +7.1993e+000 -1.4693e+000 -1.8762e+000 +8.8136e+000 +9.2741e-001 +7.5394e+000
1150 +5.706277799e+002 +5.706277799e+002 +5.863777799e+002 +5.863777799e+002 -5.9767e-001 +5.3209e-003 +6.6062e+000 +5.6968e+000 +8.1486e+000 -5.0005e+000 -5.6751e+000 +8.2878e+000 -1.3448e+000 +8.8201e+000
1261 +2.585189415e+002 +2.585189415e+002 +2.742689415e+002 +2.742689415e+002 -5.4381e+000 +3.5762e+000 +7.5010e+000 +4.0193e+000 +4.2138e+000 +6.9290e-001 -3.0412e+000 +6.6190e+000 -2.1391e+000 +7.1136e+000
1727 +1.682627347e+002 +1.682627347e+002 +1.840127347e+002 +1.840127347e+002 -1.1134e+000 +4.6352e+000 +4.9172e+000 +5.9550e+000 +1.9927e+000 -2.5728e+000 -5.6707e+000 +7.8254e+000 -1.2709e+000 +3.8851e+000
2229 +1.193237583e+002 +1.193237583e+002 +1.350737583e+002 +1.350737583e+002 +1.4573e+000 +3.2153e+000 +2.5042e+000 +3.1295e+000 -8.5479e-001 -2.1621e-001 -7.8007e+000 +5.6476e+000 -1.4000e+000 +2.5723e+000
