% function evaluation | noise-free fitness - Fopt (9.294000000000e+001) | best noise-free fitness - Fopt | measured fitness | best measured fitness | x1 | x2...
1 +1.190310820e+003 +1.190310820e+003 +1.283250820e+003 +1.283250820e+003 +4.5672e+000 -1.9463e+000 -2.8301e-001 -3.9213e+000 -2.2698e+000 +4.3214e+000 +3.8965e+000 -1.0782e+000 -4.6400e+000 +3.6769e+000 -1.1751e+000 -3.4138e+000 -2.3579e+000 +2.9859e-001 +4.6945e+000 -2.8421e-001 +3.1378e+000 +7.5303e-001 +3.7689e-001 -3.9216e+000
70 +8.816580092e+002 +8.816580092e+002 +9.745980092e+002 +9.745980092e+002 +1.6378e+000 +2.8940e+000 +4.2441e+000 +5.0856e-001 -1.6334e+000 +4.2552e+000 +5.9249e-001 +2.8117e+000 +6.8595e+000 +5.0610e+000 -1.4727e+000 -1.6540e+000 -2.4158e+000 -4.5984e+000 -7.9603e-001 +4.9939e+000 +6.9759e-001 -4.3954e-001 +3.8572e+000 +9.2233e-001
77 +5.242403861e+002 +5.242403861e+002 +6.171803861e+002 +6.171803861e+002 +1.5556e+000 +2.6054e-001 -3.7879e+000 +2.1133e+000 +1.1590e-001 +4.2206e+000 +5.6580e+000 -1.1205e+000 +2.6240e+000 +1.7515e-001 -3.3587e+000 +9.9412e-002 +4.4832e-002 +1.0254e+000 +2.5310e+000 -4.5049e+000 +2.0073e+000 -9.2480e-001 +9.4061e-001 -1.1392e+000
207 +3.913819815e+002 +3.913819815e+002 +4.843219815e+002 +4.843219815e+002 +2.7086e+000 +2.8803e+000 +1.3117e+000 +2.6386e+000 -1.8005e+000 +7.2230e+000 +6.3863e+000 +8.4567e-001 +1.3159e+000 +1.2872e+000 -2.1011e+000 +1.7431e-001 -5.6359e+000 -3.0085e+000 +4.2663e+000 +7.8693e-001 +3.5427e+000 -5.7726e+000 +3.2072e+000 +5.3972e-001
601 +2.337833861e+002 +2.337833861e+002 +3.267233861e+002 +3.267233861e+002 +1.9618e+000 +3.4257e+000 +1.0577e+000 +9.4995e-001 +1.5592e+000 +7.7711e+000 +5.1790e+000 +6.3963e-001 +2.5921e+000 +2.1678e+000 -2.5019e+000 -7.2588e-002 -2.4659e+000 -9.4912e-001 +3.8087e+000 -2.9449e+000 +2.0122e+000 -5.8175e+000 +2.2655e+000 -8.5968e-002
1172 +1.570905339e+002 +1.570905339e+002 +2.500305339e+002 +2.500305339e+002 +5.2225e+000 +5.5209e+000 +7.5843e-001 -2.4944e+000 +2.5415e+000 +4.8923e+000 +2.0682e+000 +1.0577e+000 +2.8284e+000 +5.4686e+000 -4.2102e-001 -4.2853e+000 -5.7799e-001 +1.2859e+000 +4.5734e+000 -5.2400e+000 +2.2795e+000 -4.4132e+000 -1.2033e+000 -6.5920e-001
1638 +9.271214143e+001 +9.271214143e+001 +1.856521414e+002 +1.856521414e+002 +3.6206e+000 +4.2677e+000 +1.7482e+000 +6.3259e-001 +1.2074e+000 +4.4766e+000 +1.7984e+000 +1.4103e-001 +1.7122e+000 +5.2958e+000 +6.3871e-001 -5.7514e+000 -7.6526e-001 +1.3767e+000 +3.0392e+000 -3.7067e+000 +3.1893e+000 -4.5554e+000 -1.2116e-002 -5.1166e-002
2151 +5.983359189e+001 +5.983359189e+001 +1.527735919e+002 +1.527735919e+002 +2.5646e+000 +4.6201e+000 +6.3453e-001 +7.4345e-001 +1.5117e+000 +4.3773e+000 +2.4232e+000 +6.0211e-001 +1.1513e+000 +4.4981e+000 +8.1019e-001 -5.3116e+000 -1.0596e+000 +1.1515e+000 +2.6617e+000 -1.4859e+000 +3.7780e+000 -4.1060e+000 -5.0205e-001 -3.9101e-001
2332 +3.909731065e+001 +3.909731065e+001 +1.320373107e+002 +1.320373107e+002 +2.1557e+000 +4.4444e+000 +5.4645e-001 +8.1312e-001 +1.0557e+000 +4.2971e+000 +2.9688e+000 +5.3622e-001 +1.5646e+000 +4.2492e+000 +1.4283e+000 -4.6164e+000 -8.5922e-001 +5.2669e-001 +1.9649e+000 -1.0549e+000 +3.6602e+000 -4.2722e+000 -2.4364e-001 -2.5647e-001
3359 +2.153357820e+001 +2.153357820e+001 +1.144735782e+002 +1.144735782e+002 +1.7401e+000 +3.5560e+000 +9.1085e-001 +1.4144e+000 +1.7246e+000 +4.7424e+000 +2.8903e+000 -2.3283e-001 +1.2109e+000 +4.1849e+000 +1.3592e+000 -4.7728e+000 -1.2976e+000 +6.7544e-001 +1.5545e+000 -5.1815e-001 +3.7303e+000 -4.1777e+000 -5.0712e-001 -2.7311e-001
4110 +1.574892490e+001 +1.574892490e+001 +1.086889249e+002 +1.086889249e+002 +1.5354e+000 +3.0622e+000 +6.8107e-001 +2.0843e+000 +1.0742e+000 +4.6380e+000 +2.7051e+000 -5.1398e-001 +1.5093e+000 +3.8873e+000 +1.3152e+000 -4.8940e+000 -8.8549e-001 +8.9629e-001 +1.5178e+000 -1.6342e-001 +3.5650e+000 -4.5334e+000 -4.7871e-001 -2.2147e-001
% function evaluation | noise-free fitness - Fopt (3.535000000000e+001) | best noise-free fitness - Fopt | measured fitness | best measured fitness | x1 | x2...
1 +4.413523311e+003 +4.413523311e+003 +4.448873311e+003 +4.448873311e+003 +3.2863e+000 -1.4581e+000 +2.2007e+000 -3.2594e+000 +9.9741e-001 -3.8044e+000 +2.0023e+000 +2.0071e+000 -1.0922e+000 -4.8789e+000 +1.3908e+000 +4.9105e-001 -3.0507e+000 -2.8635e+000 +3.1682e+000 +4.8165e+000 -4.6706e+000 -1.3140e+000 +3.3663e+000 -3.2203e+000
3 +2.273540282e+003 +2.273540282e+003 +2.308890282e+003 +2.308890282e+003 +4.7828e+000 +3.1515e+000 -3.5653e-001 -8.6013e-002 -4.4325e+000 -4.3110e+000 +1.2506e+000 -2.0991e+000 -2.8557e+000 -6.2125e-001 +3.1670e+000 -1.9311e+000 +1.8207e+000 -3.2086e+000 +4.3586e+000 -1.4275e+000 +3.5679e+000 +3.1850e+000 -7.1853e-001 -4.7674e-001
17 +1.427903432e+003 +1.427903432e+003 +1.463253432e+003 +1.463253432e+003 +1.0655e+000 -4.6891e+000 +2.5416e+000 +3.6988e+000 -4.6123e+000 +4.5223e+000 -3.2779e+000 +4.7384e+000 -3.1489e+000 +2.6373e+000 +1.0403e-001 -3.9720e+000 +4.2455e+000 +4.4017e+000 -6.0235e-002 -1.5133e+000 +1.7689e+000 +4.1962e-001 +1.0921e+000 -2.0673e+000
113 +6.948372544e+002 +6.948372544e+002 +7.301872544e+002 +7.301872544e+002 +1.4858e-001 -3.3271e+000 -6.5053e-001 +5.3665e-001 +1.0134e+000 -9.3757e-001 +1.9029e+000 +1.4937e+000 -2.4489e+000 -3.2377e+000 +1.3142e+000 +1.7937e+000 +8.0774e+000 +4.5601e+000 -1.8159e+000 +4.6170e+000 +8.5587e-001 +2.6664e+000 +3.8924e+000 +8.7424e-001
278 +5.945291734e+002 +5.945291734e+002 +6.298791734e+002 +6.298791734e+002 -2.0597e+000 -5.3888e+000 -1.7501e+000 +7.8707e-001 -1.4089e+000 -5.9166e+000 +5.4181e+000 +1.0918e+000 +4.6905e+000 -5.3614e+000 -4.9715e-001 -5.2552e+000 +8.4209e+000 +4.0473e+000 +1.7762e-001 +6.9040e+000 -1.3456e+000 +1.2940e+000 +4.4907e+000 +2.1974e+000
537 +3.946960066e+002 +3.946960066e+002 +4.300460066e+002 +4.300460066e+002 -4.9585e-001 +2.2562e+000 +5.4143e-001 -6.1383e-001 +2.8460e-001 +5.8430e-001 +5.3136e+000 +1.2757e+000 -2.5857e+000 -2.2870e+000 -1.5501e+000 -7.0477e+000 +4.7964e+000 +2.5996e+000 -2.5728e+000 +3.4141e+000 +1.5206e-001 +3.0464e+000 +2.3190e+000 +2.9192e+000
843 +2.277143679e+002 +2.277143679e+002 +2.630643679e+002 +2.630643679e+002 -4.0764e-001 -2.6382e+000 +3.3321e+000 +4.6730e-001 -3.9461e+000 +1.5848e-002 +3.8150e+000 +2.3965e+000 +2.0115e+000 -5.3249e+000 +2.7534e+000 -7.6179e-001 +2.9330e+000 +3.1958e+000 -4.1023e+000 +1.1230e+000 +3.3056e+000 +1.9027e+000 +2.9083e-001 +1.6471e+000
1012 +1.576809939e+002 +1.576809939e+002 +1.930309939e+002 +1.930309939e+002 -4.2908e-001 -2.2037e+000 +5.1980e+000 +1.1621e+000 -3.3572e+000 -5.4584e-001 +4.0224e+000 +1.9187e+000 +3.0550e+000 -5.3379e+000 +3.3841e+000 -2.7928e+000 +2.5295e+000 +3.0156e+000 -2.3922e+000 +1.0454e+000 +3.8017e+000 +1.6080e+000 +1.2863e+000 +2.2120e+000
1491 +9.443694792e+001 +9.443694792e+001 +1.297869479e+002 +1.297869479e+002 -1.1335e+000 -1.8379e+000 +5.2102e+000 +7.2150e-001 -1.8982e+000 -6.2013e-001 +2.7076e+000 +3.0239e+000 +7.4302e-001 -3.7896e+000 +3.8520e+000 -2.1180e+000 +2.2403e+000 +3.6234e+000 -7.4869e-001 +2.9303e+000 +2.8385e+000 +1.8471e+000 +2.0565e+000 +4.3541e+000
1807 +6.216706449e+001 +6.216706449e+001 +9.751706449e+001 +9.751706449e+001 -1.0725e+000 -1.0861e+000 +4.3210e+000 +1.2780e+000 -1.9684e+000 +8.5134e-001 +3.3341e+000 +3.1217e+000 +2.3745e+000 -4.8278e+000 +2.8745e+000 -5.9090e-001 +1.5219e+000 +3.0408e+000 -1.4466e+000 +2.6823e+000 +3.0886e+000 +5.1552e-001 +2.1744e+000 +3.3007e+000
2092 +3.548078770e+001 +3.548078770e+001 +7.083078770e+001 +7.083078770e+001 +8.3648e-001 +1.3052e-001 +4.0319e+000 +1.7114e+000 -2.3887e+000 +6.5642e-001 +3.0417e+000 +3.5088e+000 +2.1724e+000 -3.5251e+000 +2.3936e+000 -2.0958e+000 +9.1228e-001 +2.7433e+000 -1.4503e+000 +2.2644e+000 +3.4938e+000 +8.5214e-002 +3.5881e+000 +4.2886e+000
2249 +2.487945243e+001 +2.487945243e+001 +6.022945243e+001 +6.022945243e+001 +5.6955e-001 -3.1042e-001 +4.3556e+000 +1.8673e+000 -2.4991e+000 +2.9011e-001 +3.1093e+000 +3.3576e+000 +2.0145e+000 -3.2461e+000 +2.3118e+000 -1.6807e+000 +1.2683e+000 +2.9491e+000 -1.3326e+000 +2.3994e+000 +3.4000e+000 +6.2830e-001 +3.7190e+000 +4.7940e+000
3205 +1.575132831e+001 +1.575132831e+001 +5.110132831e+001 +5.110132831e+001 +2.0787e-003 -5.9757e-001 +4.5245e+000 +9.9737e-001 -2.1622e+000 +3.1855e-001 +3.0052e+000 +3.2302e+000 +1.4724e+000 -3.3724e+000 +2.2855e+000 -1.7966e+000 +2.2181e+000 +3.4301e+000 -9.6641e-001 +2.6843e+000 +3.1953e+000 +8.2912e-001 +3.0715e+000 +3.6192e+000
% function evaluation | noise-free fitness - Fopt (3.820000000000e+000) | best noise-free fitness - Fopt | measured fitness | best measured fitness | x1 | x2...
1 +4.286424127e+003 +4.286424127e+003 +4.290244127e+003 +4.290244127e+003 -4.5880e+000 -4.9907e+000 -3.3877e+000 -1.3573e+000 -3.4779e+000 +3.5671e+000 -4.3657e+000 -3.9298e+000 +1.3135e+000 -8.9933e-001 +6.2093e-001 +7.6144e-001 +3.9077e-001 +2.3902e+000 -1.4549e+000 +4.5238e+000 +1.3406e+000 -4.8280e+000 -4.4717e+000 +8.8681e-001
3 +2.505353312e+003 +2.505353312e+003 +2.509173312e+003 +2.509173312e+003 -1.3505e+000 +2.7808e+000 +4.8045e-001 -3.1185e+000 -4.9418e+000 +4.7354e+000 +9.2312e-001 +6.6633e-001 -3.6206e+000 -3.5185e+000 -3.3255e+000 +4.7000e+000 +1.9845e+000 +6.7087e-001 -1.4089e+000 +2.2545e+000 -1.2957e+000 +4.9111e-001 -4.4060e+000 -7.4500e-001
6 +1.405021382e+003 +1.405021382e+003 +1.408841382e+003 +1.408841382e+003 -4.6552e+000 -3.1976e+000 +9.8718e-001 +1.0507e+000 +2.3169e+000 +4.0516e+000 +4.9687e+000 -3.3891e+000 -3.8094e+000 -3.4449e+000 +3.8274e+000 -3.7534e+000 +4.9764e+000 -2.0147e+000 +2.2777e+000 -3.9409e+000 -3.1265e+000 +3.2768e+000 +4.9981e+000 +3.3452e+000
23 +9.131045635e+002 +9.131045635e+002 +9.169245635e+002 +9.169245635e+002 -4.1921e+000 +2.4837e+000 +4.7631e+000 -4.3396e+000 +1.3027e+000 -1.3395e+000 +3.8723e+000 -2.0028e+000 -5.3037e-001 +1.9452e+000 -4.9190e+000 +3.6604e+000 +2.1951e-002 -4.0152e+000 +1.3403e+000 -3.3610e+000 -2.5640e+000 -4.9196e+000 +2.6039e+000 -2.6454e+000
140 +6.150812990e+002 +6.150812990e+002 +6.189012990e+002 +6.189012990e+002 -1.8776e-002 +2.6548e+000 +2.6939e+000 -1.7320e+000 +2.7300e+000 +2.1058e+000 +2.3953e+000 -2.8641e+000 +3.1060e+000 +2.0391e+000 -5.4909e-001 +4.5506e-001 -2.0453e+000 -2.2088e+000 +4.7426e-001 -6.4860e+000 +2.3417e+000 -3.6140e+000 +5.6458e+000 -8.7210e-001
485 +3.898607034e+002 +3.898607034e+002 +3.936807034e+002 +3.936807034e+002 +5.2181e-001 +2.6922e+000 -4.7621e-001 -2.4501e+000 +6.1510e-001 -8.5531e-001 +3.7489e+000 -2.0453e+000 +1.0790e+000 +4.9016e-001 -1.8126e+000 -2.4744e+000 -2.4354e+000 -3.9809e+000 +1.4141e-001 -1.7685e+000 -2.1702e-002 -2.2175e+000 +5.1602e+000 +1.5975e+000
701 +2.446948542e+002 +2.446948542e+002 +2.485148542e+002 +2.485148542e+002 -8.3691e-001 +1.2865e+000 +3.3261e+000 -4.6782e+000 +2.0482e+000 +9.9596e-001 +3.9156e+000 -5.3424e+000 -2.7095e-001 +2.6501e+000 -2.9471e+000 -4.6362e-001 -3.1217e+000 -1.0415e+000 -9.7447e-001 -4.1150e+000 -3.0715e+000 +1.1742e+000 +5.6909e+000 +1.5354e+000
1160 +1.539663351e+002 +1.539663351e+002 +1.577863351e+002 +1.577863351e+002 +9.5962e-001 +2.5191e+000 +2.8107e+000 -4.9399e+000 +8.1359e-001 +1.5003e+000 +3.4041e+000 -6.1543e+000 +7.4051e-001 +2.9137e+000 -9.0170e-001 -7.3318e-001 -3.0936e+000 -2.0215e+000 -2.0151e+000 -1.9093e+000 -1.3371e+000 -1.0849e-001 +3.3269e+000 +3.1496e+000
1473 +9.910242248e+001 +9.910242248e+001 +1.029224225e+002 +1.029224225e+002 +1.0733e+000 +3.4334e+000 +3.0262e+000 -5.4101e+000 -4.0235e-001 -6.1206e-001 +2.4682e+000 -4.8110e+000 -9.2791e-002 +1.6426e+000 -2.3799e+000 +4.5217e-001 -2.9572e+000 -1.8597e+000 -7.9444e-001 -3.3986e-001 -1.7290e+000 -1.5126e-001 +1.2576e+000 +2.9545e+000
1753 +6.243513591e+001 +6.243513591e+001 +6.625513591e+001 +6.625513591e+001 +1.5872e+000 +2.5191e+000 +2.0277e+000 -5.6382e+000 -1.8507e-001 -9.9170e-001 +2.1436e+000 -4.9345e+000 +1.3999e+000 +7.6344e-001 -2.5111e+000 +4.4946e+000 -1.8500e+000 -1.7881e+000 -9.8447e-001 -1.5399e-001 +4.7103e-001 +7.7293e-001 +2.7487e+000 +2.9777e+000
2070 +3.871181271e+001 +3.871181271e+001 +4.253181271e+001 +4.253181271e+001 +2.0660e+000 +2.2296e+000 +1.7221e+000 -5.3800e+000 -1.6062e-001 -4.8803e-001 +2.1286e+000 -3.5868e+000 -3.4515e-001 +1.0492e+000 -2.0339e+000 +4.4509e+000 -1.1473e+000 -1.7954e+000 -7.7814e-001 +1.0639e+000 +2.0133e+000 +6.8523e-001 +2.7429e+000 +2.6231e+000
2683 +2.461064641e+001 +2.461064641e+001 +2.843064641e+001 +2.843064641e+001 +2.7632e+000 +1.3251e+000 +1.6935e+000 -4.9224e+000 +2.4286e-001 -2.8817e-001 +2.3584e+000 -4.4470e+000 +7.7267e-002 +6.2966e-001 -1.6005e+000 +4.3303e+000 -1.2949e+000 -1.6509e+000 -1.1847e+000 +1.4524e+000 +1.1594e+000 +1.2284e+000 +2.6756e+000 +2.6939e+000
3299 +1.466459242e+001 +1.466459242e+001 +1.848459242e+001 +1.848459242e+001 +3.1176e+000 +1.3171e+000 +2.2425e+000 -4.3946e+000 +6.8137e-001 +4.4374e-003 +1.7050e+000 -4.9179e+000 +9.6519e-001 +1.5614e-001 -1.6408e+000 +3.8448e+000 -1.4653e+000 -2.2815e+000 -1.4043e+000 +1.5769e+000 +1.6752e+000 +5.7691e-001 +2.4386e+000 +2.7336e+000
4704 +9.951988010e+000 +9.951988010e+000 +1.377198801e+001 +1.377198801e+001 +3.3357e+000 +1.2859e+000 +1.9520e+000 -4.0382e+000 +7.3115e-001 +5.0794e-003 +1.7005e+000 -5.0286e+000 +6.0537e-001 -1.5458e-001 -1.1284e+000 +3.5831e+000 -1.5263e+000 -2.1367e+000 -1.4143e+000 +1.5861e+000 +2.0844e+000 +6.3307e-001 +2.3198e+000 +2.7569e+000
% function evaluation | noise-free fitness - Fopt (2.175000000000e+001) | best noise-free fitness - Fopt | measured fitness | best measured fitness | x1 | x2...
1 +1.728003760e+003 +1.728003760e+003 +1.749753760e+003 +1.749753760e+003 -4.5773e+000 -2.8982e+000 +4.5521e+000 -2.8641e+000 +4.4128e+000 +2.3795e+000 +9.8957e-001 -2.2847e+000 +1.6234e+000 -6.3926e-001 -4.7304e+000 +4.3922e-001 +1.5334e+000 -2.7151e-001 +3.7447e+000 -2.1607e+000 -2.0711e+000 +1.8380e+000 +3.2748e+000 +2.2729e+000
4 +1.210842768e+003 +1.210842768e+003 +1.232592768e+003 +1.232592768e+003 -2.4814e+000 -1.4158e+000 +1.6290e+000 -1.0751e+000 -5.0837e-001 +1.0140e+000 -1.1920e+000 +4.2750e+000 +2.9574e+000 -1.2840e+000 +4.4855e+000 -4.9229e+000 +4.3476e+000 -4.4173e+000 +3.4481e+000 -3.5611e+000 +3.0002e-001 +4.7681e+000 -2.1738e+000 +7.9418e-001
14 +8.163030406e+002 +8.163030406e+002 +8.380530406e+002 +8.380530406e+002 +1.6512e+000 -4.1881e+000 +3.9162e+000 -1.7107e+000 +2.2584e+000 +7.1222e-001 +2.6920e+000 +2.4396e+000 +2.2022e+000 +3.8581e+000 +1.1923e+000 +1.0575e+000 -1.8412e+000 -2.1374e+000 +4.2322e-001 -4.8685e+000 -1.4520e-001 +2.0999e+000 +3.3567e+000 -2.0385e+000
72 +5.439879046e+002 +5.439879046e+002 +5.657379046e+002 +5.657379046e+002 +1.7670e+000 -1.7108e+000 -5.9337e-001 +1.2868e-002 -2.3620e+000 -2.4206e+000 +5.2225e+000 -2.0149e+000 +1.9170e-001 +5.5854e+000 -6.6770e-001 -1.7372e+000 +3.5110e+000 -3.8759e+000 +2.3988e+000 +3.6923e+000 +6.2272e-001 +3.1412e+000 -2.7820e+000 +4.7482e+000
256 +2.836344037e+002 +2.836344037e+002 +3.053844037e+002 +3.053844037e+002 +1.7086e+000 -1.8905e+000 +6.1378e-001 -8.7491e-001 -2.2484e+000 -2.4683e+000 +1.6418e+000 -1.6130e+000 +9.3395e-001 +4.1607e+000 -7.9457e-002 -1.1805e+000 +5.8601e+000 -1.0171e+000 +1.2832e+000 +1.4518e-002 -1.4915e-001 -1.1135e-001 -4.8634e+000 +1.4935e+000
480 +1.958891655e+002 +1.958891655e+002 +2.176391655e+002 +2.176391655e+002 +1.4174e+000 +2.2036e-001 -3.7112e-002 -7.1236e-001 -1.3074e+000 -4.2899e-001 +3.9408e+000 -1.2703e+000 +1.0597e+000 +3.8415e+000 +3.3238e+000 -2.3272e+000 +5.0236e+000 +6.8104e-001 -3.2601e+000 -1.5280e+000 -8.1514e-001 +2.5635e+000 -2.0506e+000 -3.0547e-001
564 +1.483023443e+002 +1.483023443e+002 +1.700523443e+002 +1.700523443e+002 +2.6285e+000 +5.4650e-001 +9.0200e-002 +2.6793e+000 -2.7059e+000 -5.8649e+000 +2.4404e+000 -1.0750e+000 +1.0023e+000 +3.6339e+000 +1.4354e+000 -1.2249e+000 +4.3700e+000 +6.0949e-001 -1.1645e-001 -1.7134e+000 -4.1851e-001 +2.3252e+000 -2.0625e+000 +2.5715e+000
671 +9.262980509e+001 +9.262980509e+001 +1.143798051e+002 +1.143798051e+002 +2.6567e+000 +1.4918e-001 +4.9211e-001 +2.9882e+000 -1.7770e+000 -3.9011e+000 +3.4452e+000 -9.1115e-001 +1.3590e+000 +2.6952e+000 +2.7949e+000 -1.8748e+000 +4.6011e+000 +1.0457e+000 -2.1266e+000 -1.5614e+000 -2.8420e-001 +2.4895e+000 -3.6902e-001 +2.8935e-001
1206 +5.029866124e+001 +5.029866124e+001 +7.204866124e+001 +7.204866124e+001 +2.7047e+000 -1.2757e+000 +3.8942e-002 +2.0677e+000 -6.7098e-001 -2.9373e+000 +2.7527e+000 +2.1620e-001 +2.7986e+000 +3.0892e+000 +3.8666e+000 -2.7991e+000 +5.7254e+000 -2.1350e+000 -1.0132e+000 -1.3718e-001 -6.2093e-001 +2.5642e+000 -2.7195e+000 +8.6353e-001
1507 +3.345218722e+001 +3.345218722e+001 +5.520218722e+001 +5.520218722e+001 +3.2016e+000 -3.9178e-001 -3.0125e-001 +7.4819e-001 -1.8603e+000 -1.1484e+000 +2.2198e+000 -1.6238e-001 +2.5932e+000 +2.2093e+000 +3.6032e+000 -3.1120e+000 +5.9252e+000 -2.0766e+000 -7.3103e-001 +9.5828e-002 -2.6708e-001 +2.0189e+000 -2.9152e+000 +1.3529e+000
2437 +2.097797566e+001 +2.097797566e+001 +4.272797566e+001 +4.272797566e+001 +3.0218e+000 -2.6655e-001 -4.4527e-001 +5.8195e-001 -1.4314e+000 -1.3396e+000 +2.5045e+000 +2.3874e-001 +2.9942e+000 +2.2403e+000 +3.0030e+000 -3.0604e+000 +5.4181e+000 -2.0264e+000 -9.9603e-001 -5.1839e-001 -6.2101e-001 +2.2254e+000 -2.7794e+000 +5.4190e-001
4276 +1.563481347e+001 +1.563481347e+001 +3.738481347e+001 +3.738481347e+001 +2.8278e+000 -6.4614e-001 -3.0460e-001 +1.1737e+000 -1.6645e+000 -2.0062e+000 +2.0251e+000 +1.7258e+000 +3.1105e+000 +3.1683e+000 +3.1598e+000 -3.1340e+000 +5.4150e+000 -1.9681e+000 -1.1878e+000 -2.3388e-001 -8.0221e-001 +2.2042e+000 -3.2752e+000 +2.3636e-001
% function evaluation | noise-free fitness - Fopt (6.479000000000e+001) | best noise-free fitness - Fopt | measured fitness | best measured fitness | x1 | x2...
1 +3.316557589e+003 +3.316557589e+003 +3.381347589e+003 +3.381347589e+003 +3.5095e+000 -1.7994e-001 +4.5164e+000 +1.7737e+000 -2.9902e-001 +3.5330e+000 +3.9708e+000 +2.2823e-001 +2.1551e+000 -1.9617e+000 -4.7137e+000 +4.3918e+000 +1.5144e+000 -2.8179e+000 -1.4185e+000 +2.2034e-001 -1.7035e+000 +4.0761e+000 -2.6972e+000 +2.8771e+000
4 +1.731835102e+003 +1.731835102e+003 +1.796625102e+003 +1.796625102e+003 -1.9795e+000 -3.6370e+000 -2.8989e+000 +4.2202e+000 -2.2309e+000 -3.4932e+000 -2.3858e+000 +1.4924e+000 +1.5327e+000 +1.7976e+000 -7.8244e-001 +3.6182e+000 -2.5332e+000 -3.5547e+000 -2.6825e+000 -4.4155e+000 -2.7882e+000 +6.7018e-001 +1.5686e+000 +1.0286e+000
9 +1.087265969e+003 +1.087265969e+003 +1.152055969e+003 +1.152055969e+003 +8.0795e-001 -4.1445e+000 +2.1661e+000 -1.1647e+000 -7.6326e-002 -4.9768e-002 -3.1121e+000 +1.1427e-001 -2.7436e+000 +1.6319e+000 +2.1215e+000 -1.8295e+000 +1.1234e+000 +2.6377e+000 +1.6530e+000 -2.4561e+000 -2.3596e+000 +3.5693e-001 +2.9187e+000 +2.9639e+000
14 +6.466190687e+002 +6.466190687e+002 +7.114090687e+002 +7.114090687e+002 +5.2439e-001 -3.4496e+000 -4.2348e+000 -1.8298e+000 +4.0517e+000 -1.6378e+000 -3.7472e+000 -1.1061e+000 -1.1660e+000 +6.4196e-001 +3.2611e+000 -1.2204e+000 -1.1645e+000 -2.6212e+000 -1.9034e+000 +7.6483e-001 +2.8943e+000 -9.2347e-001 -1.6055e+000 -1.3037e+000
25 +5.310106108e+002 +5.310106108e+002 +5.958006108e+002 +5.958006108e+002 +1.9098e+000 -2.5584e+000 -4.4040e-001 +2.9628e-001 +3.9596e+000 -1.9882e+000 -1.3627e-001 +4.8856e+000 -4.5013e+000 +4.0075e+000 +3.2510e-001 +2.8840e+000 -3.7754e-001 +4.7531e+000 +4.1471e+000 +4.7440e-001 +1.9089e-001 +5.6482e-001 -2.1038e+000 -1.5595e+000
381 +3.392449005e+002 +3.392449005e+002 +4.040349005e+002 +4.040349005e+002 -1.2034e+000 +1.6350e-001 +1.5576e+000 -4.0748e-001 +9.9818e-001 +5.5020e-002 -3.3914e+000 +4.9091e+000 -5.1574e+000 +4.8314e+000 +1.1694e+000 +2.9033e+000 -5.5174e-003 +2.8793e+000 +2.5284e+000 -1.7726e-001 -1.5789e+000 -1.1897e+000 -3.2841e+000 -2.3435e+000
791 +2.497149484e+002 +2.497149484e+002 +3.145049484e+002 +3.145049484e+002 -1.5774e-001 -1.0132e+000 -2.9618e-001 -8.3827e-001 +9.3078e-001 +1.7312e-001 -5.4055e+000 +2.3488e+000 -4.5091e+000 +5.0610e+000 +3.1517e+000 -8.6652e-001 -1.5211e+000 +1.7929e+000 +2.6855e+000 +4.8441e-001 -1.0885e+000 +6.9895e-002 -9.2427e-001 -1.8938e+000
874 +1.416584698e+002 +1.416584698e+002 +2.064484698e+002 +2.064484698e+002 -1.1473e+000 -3.4990e-001 +1.1162e+000 -1.8759e-001 -5.9812e-001 +3.1211e-001 -5.3938e+000 +2.4236e+000 -4.4142e+000 +4.1727e+000 +1.0011e-001 -1.1531e+000 -1.8556e+000 +2.5265e+000 +3.7601e+000 +5.9036e-001 +6.9977e-001 +9.4042e-001 -2.6481e+000 -1.9239e+000
992 +9.587905609e+001 +9.587905609e+001 +1.606690561e+002 +1.606690561e+002 -1.2354e+000 -1.0629e+000 +9.0828e-001 +5.8986e-001 -9.9774e-001 +1.1799e-001 -4.6309e+000 +1.4452e+000 -3.4743e+000 +2.3854e+000 -2.0372e-001 -3.2991e+000 -1.4943e+000 +3.5995e+000 -7.6373e-001 +8.4332e-001 +8.2536e-001 +1.3726e+000 -3.5555e+000 -3.0920e+000
1272 +6.291019164e+001 +6.291019164e+001 +1.277001916e+002 +1.277001916e+002 -1.5860e-001 -1.4347e+000 +9.7169e-001 +2.2295e-001 +9.7739e-001 -9.6152e-001 -4.4221e+000 +1.8428e+000 -3.5734e+000 +1.7323e+000 -4.0580e-001 -2.9976e+000 +3.2846e-002 +3.8227e+000 +4.5493e-001 +8.7174e-001 +1.1123e+000 +1.5601e+000 -3.9346e+000 -3.4130e+000
2103 +3.698950751e+001 +3.698950751e+001 +1.017795075e+002 +1.017795075e+002 -1.9771e+000 -1.7447e+000 +1.0779e+000 -2.8173e-001 +1.6317e+000 -1.6582e+000 -3.9310e+000 +1.0614e+000 -3.3750e+000 +1.9762e+000 -9.2064e-002 -3.2610e+000 -8.9173e-001 +3.9373e+000 +3.3273e-001 +1.4400e+000 +1.5124e+000 +1.1699e+000 -4.2647e+000 -1.3721e-001
2902 +2.445151895e+001 +2.445151895e+001 +8.924151895e+001 +8.924151895e+001 -2.5649e+000 -1.6486e+000 +1.3492e+000 +2.4149e-001 +9.8689e-001 -1.7248e+000 -4.2386e+000 +1.1454e+000 -3.7400e+000 +1.9484e+000 +1.5904e-001 -3.2993e+000 +5.9787e-001 +2.5793e+000 -1.0714e-001 +1.6237e+000 +9.8260e-001 +1.1810e+000 -4.4509e+000 -1.8884e+000
% function evaluation | noise-free fitness - Fopt (-1.000000000000e+003) | best noise-free fitness - Fopt | measured fitness | best measured fitness | x1 | x2...
1 +1.645129158e+003 +1.645129158e+003 +6.451291582e+002 +6.451291582e+002 -2.4499e+000 +7.5160e-001 -1.6980e+000 -3.9745e+000 +2.8660e+000 +3.2832e+000 -2.6338e+000 +1.0256e+000 +1.0807e+000 +1.6739e+000 -4.8841e+000 -2.7097e+000 +2.1262e+000 -8.9164e-001 +2.4050e+000 -2.2770e+000 -3.1321e+000 -7.5490e-001 +2.6939e+000 -3.5680e+000
4 +1.201596451e+003 +1.201596451e+003 +2.015964514e+002 +2.015964514e+002 +2.4303e+000 -1.1288e+000 +1.2848e-001 +9.6454e-001 -1.1549e-001 -9.7409e-001 +3.4824e+000 -3.6704e-001 +3.4842e+000 +3.0283e+000 +4.9186e+000 -8.3323e-001 +2.3716e+000 -5.7917e-001 -1.1945e+000 +2.7020e+000 -4.5981e+000 +2.4390e+000 -2.0441e+000 +1.0681e-001
22 +9.137710952e+002 +9.137710952e+002 -8.622890482e+001 -8.622890482e+001 -4.4240e+000 +1.4658e+000 +2.7492e-001 -5.7624e-002 +1.6837e+000 -6.2234e-001 -2.9947e+000 +4.3832e-001 +3.1817e+000 +4.2072e+000 -4.3212e+000 -3.0077e+000 +3.2184e+000 +3.3870e+000 +4.4368e+000 +3.2508e+000 -3.9498e+000 +4.6020e+000 -2.2056e+000 -7.4475e-001
95 +6.093579198e+002 +6.093579198e+002 -3.906420802e+002 -3.906420802e+002 -2.6415e+000 +2.7037e+000 +2.1996e+000 -2.2935e+000 +9.2650e-001 +4.3270e+000 -2.9907e+000 +2.2339e+000 +1.0190e+000 -2.0783e+000 -2.6418e+000 -2.4573e+000 +2.3698e+000 +5.4798e+000 +1.0461e+000 +3.5368e-001 -2.7311e+000 +1.5257e+000 -1.3205e+000 -1.5614e+000
100 +3.693886063e+002 +3.693886063e+002 -6.306113937e+002 -6.306113937e+002 -3.4674e+000 +3.1151e+000 +5.6607e+000 -2.3986e+000 +4.3246e+000 +6.1234e+000 +1.0739e+000 +1.1312e+000 +2.1757e+000 -4.5065e-001 +2.2337e+000 -2.8108e+000 +1.2055e-002 -7.6190e-001 -3.0916e-001 +2.0485e+000 -4.4118e-001 -1.2832e+000 -4.6631e-002 +1.0433e+000
135 +2.242592412e+002 +2.242592412e+002 -7.757407588e+002 -7.757407588e+002 -3.7401e+000 +3.3666e-001 +2.6143e+000 -1.8906e+000 +5.6930e+000 +6.7172e+000 +2.8037e+000 +3.8106e+000 +3.6362e-002 -1.9171e-001 -5.4162e-002 -4.6228e-001 -9.6704e-001 -9.4749e-001 -1.7861e+000 +3.1229e+000 -3.9300e+000 -4.1396e+000 +1.1612e+000 +2.1790e+000
809 +1.572428061e+002 +1.572428061e+002 -8.427571939e+002 -8.427571939e+002 -9.3895e-001 -6.6568e-002 +1.8890e+000 -1.5537e+000 +5.7184e+000 +5.3616e+000 +2.2232e+000 +8.7518e-001 +8.3681e-001 -4.8354e-001 +1.8038e+000 +6.0611e-001 +9.5705e-001 -1.5242e+000 +5.2514e-002 +2.0813e+000 -3.0973e+000 -3.1497e+000 -1.9423e-001 +1.4465e+000
880 +8.135188825e+001 +8.135188825e+001 -9.186481117e+002 -9.186481117e+002 -1.4368e+000 +2.3315e-001 +1.6847e+000 -1.8019e+000 +3.0226e+000 +2.9559e+000 +3.1103e+000 +1.0958e+000 +1.9165e+000 +5.0361e-002 +4.3238e-001 +6.9797e-001 +9.7230e-001 -6.0657e-001 +1.8629e+000 +2.3424e+000 -4.3708e+000 -2.8018e+000 -5.9144e-001 +1.1464e+000
1075 +6.184958502e+001 +6.184958502e+001 -9.381504150e+002 -9.381504150e+002 -1.8495e+000 +4.9215e-001 +1.8586e+000 -1.4100e+000 +3.8908e+000 +2.5957e+000 +2.3274e+000 +1.0087e+000 +1.3268e+000 +4.6899e-001 +3.0987e-002 +1.2409e+000 +1.9852e+000 +1.1035e+000 +2.2962e+000 +2.3614e+000 -4.1339e+000 -1.5288e+000 -1.8162e+000 +4.3806e-001
1424 +3.748660704e+001 +3.748660704e+001 -9.625133930e+002 -9.625133930e+002 -2.4680e+000 +2.2187e-001 +8.8394e-001 -2.2789e+000 +4.3015e+000 +3.0852e+000 +2.4227e+000 +1.2402e+000 +8.5315e-001 -2.6027e-001 +8.3076e-001 +1.4718e+000 +7.1456e-001 -6.4242e-002 +2.3747e+000 +2.2499e+000 -3.8650e+000 -1.8975e+000 -2.1177e+000 +2.2812e-001
2299 +2.287774371e+001 +2.287774371e+001 -9.771222563e+002 -9.771222563e+002 -2.9699e+000 +6.5221e-001 +4.3237e-001 -2.6394e+000 +3.7644e+000 +2.1517e+000 +2.5383e+000 +1.7816e+000 +1.1332e+000 -1.2458e+000 -7.7019e-002 +1.4867e+000 -1.3530e+000 -8.0884e-002 +1.8059e+000 +2.7491e+000 -3.3970e+000 -2.5643e+000 -1.3186e+000 +8.2003e-001
3728 +1.573776888e+001 +1.573776888e+001 -9.842622311e+002 -9.842622311e+002 -2.5089e+000 +6.6468e-001 +9.1721e-002 -2.5746e+000 +3.3833e+000 +2.7411e+000 +2.2875e+000 +1.8729e+000 +1.1499e+000 -1.2574e+000 -5.4982e-001 +1.4823e+000 -8.8680e-001 +5.9554e-001 +2.3865e+000 +2.6341e+000 -3.5518e+000 -2.1744e+000 -1.5258e+000 +9.9971e-001
% function evaluation | noise-free fitness - Fopt (6.750100000000e+002) | best noise-free fitness - Fopt | measured fitness | best measured fitness | x1 | x2...
1 +2.748692196e+003 +2.748692196e+003 +3.423702196e+003 +3.423702196e+003 -4.7361e+000 +1.6051e+000 -2.6612e+000 -3.2577e+000 +4.3075e-001 +9.8259e-001 -2.0394e+000 +4.2204e-001 -8.1619e-001 -2.9568e+000 -4.5484e-002 -3.9287e+000 -3.4989e+000 -3.1996e+000 -2.9205e+000 +3.9549e+000 -2.1750e+000 -3.1963e+000 +1.7294e+000 +2.5390e+000
5 +2.322487253e+003 +2.322487253e+003 +2.997497253e+003 +2.997497253e+003 +4.0593e+000 -3.3975e+000 +3.1666e+000 -1.8191e+000 -2.2729e+000 +2.3058e+000 -4.6074e+000 +3.2273e+000 +2.3317e+000 +2.7946e+000 +3.6558e+000 -3.3378e-001 -1.0082e+000 -9.7860e-001 +2.8655e+000 +2.5352e+000 +2.0601e-001 +1.9242e+000 +4.1879e+000 -6.5204e-001
9 +1.234981923e+003 +1.234981923e+003 +1.909991923e+003 +1.909991923e+003 -1.5716e+000 +1.8119e+000 -4.2494e+000 +1.9565e+000 +1.7603e-001 -2.9142e+000 -1.5853e+000 -1.4832e+000 -1.4584e+000 +1.8957e+000 -4.1286e+000 +5.3228e-001 -4.7518e+000 +4.2645e+000 +5.1317e-001 +8.7042e-002 +4.9030e+000 -3.5617e+000 +5.5799e-001 -3.4524e+000
11 +7.057381022e+002 +7.057381022e+002 +1.380748102e+003 +1.380748102e+003 -3.8780e+000 +6.0450e-001 -3.6368e-001 +5.7250e-001 -1.4024e+000 +3.3830e+000 +3.2071e+000 +6.7554e-001 -1.3991e+000 +7.4932e-001 +3.6156e+000 +2.8140e+000 +4.7567e+000 -2.7655e+000 -5.8033e-002 -1.2828e+000 +2.9461e+000 +7.9542e-001 -1.5956e-001 -7.0732e-002
19 +5.650619095e+002 +5.650619095e+002 +1.240071909e+003 +1.240071909e+003 +4.3214e+000 -3.3140e+000 +4.1274e+000 -2.3305e+000 -4.4910e-001 +4.8686e+000 -4.4954e+000 +6.6082e-002 +3.9997e+000 -7.4169e-001 +5.1873e-001 +1.1057e+000 -2.6097e+000 +3.5041e+000 -9.5065e-001 +1.2920e+000 -4.8672e+000 +3.7554e+000 +2.7420e+000 -2.4009e+000
348 +3.772187246e+002 +3.772187246e+002 +1.052228725e+003 +1.052228725e+003 +3.0187e-001 -2.2653e+000 +2.8664e+000 -3.3834e+000 -1.3511e+000 +3.5739e+000 -3.3182e+000 -1.7255e+000 +5.0460e+000 +4.6823e-001 +2.1617e+000 +2.9152e+000 +3.3496e-001 -7.5752e-002 +1.4060e-001 +1.1660e+000 -2.4353e+000 +2.9411e+000 -6.8602e-001 -3.5671e+000
532 +2.477189558e+002 +2.477189558e+002 +9.227289558e+002 +9.227289558e+002 -1.0041e+000 -2.2112e+000 +2.9420e+000 -3.1794e+000 -6.9205e-001 +3.3466e+000 -2.1434e+000 -2.0327e+000 +4.1024e+000 +5.6801e-003 +3.4755e+000 -8.9533e-001 -2.9203e+000 +3.1919e-001 +1.7044e+000 +2.8874e+000 -2.9382e+000 -4.0574e-001 -1.6217e-001 -3.9951e+000
576 +1.432605131e+002 +1.432605131e+002 +8.182705131e+002 +8.182705131e+002 -6.2723e-001 +9.6470e-001 +2.8858e+000 -1.1914e+000 -9.0886e-001 +5.9362e+000 -3.0025e+000 -2.1433e+000 +4.6611e+000 +1.9579e-001 +2.1995e+000 +3.5521e-001 -1.9693e+000 +2.0186e+000 +1.0440e+000 +4.4196e+000 -2.7444e+000 +3.4106e+000 -3.3682e-001 -4.1338e+000
1090 +6.739103184e+001 +6.739103184e+001 +7.424010318e+002 +7.424010318e+002 -1.6248e+000 +9.8826e-001 +2.5604e+000 -1.1115e+000 -4.5851e-001 +5.0603e+000 -3.2055e+000 -2.3721e+000 +4.0884e+000 +6.6761e-001 +2.4145e+000 -4.3143e-001 +3.8986e-001 +6.8722e-001 +9.0531e-001 +2.7504e+000 -4.6495e+000 +2.2677e+000 -8.0168e-001 -5.0799e+000
1420 +5.679621700e+001 +5.679621700e+001 +7.318062170e+002 +7.318062170e+002 -1.5040e+000 +9.6427e-001 +3.0148e+000 -1.1703e+000 -3.7699e-001 +5.2601e+000 -3.2821e+000 -1.7403e+000 +3.2446e+000 +7.8921e-001 +2.3813e+000 +3.1786e-001 +6.7929e-002 +6.5849e-001 +1.3597e+000 +3.8748e+000 -4.0303e+000 +1.6439e+000 -9.3544e-001 -5.2488e+000
1996 +3.774789056e+001 +3.774789056e+001 +7.127578906e+002 +7.127578906e+002 -5.8884e-001 +7.0650e-001 +2.2931e+000 -1.0534e+000 -1.4264e+000 +5.4809e+000 -2.3658e+000 -1.7085e+000 +2.9578e+000 +9.3603e-001 +2.8361e+000 +1.1613e+000 -2.6570e-001 -8.5195e-001 +4.0416e-001 +2.1530e+000 -2.7679e+000 +2.5038e+000 +5.6815e-001 -4.4095e+000
2428 +2.428846692e+001 +2.428846692e+001 +6.992984669e+002 +6.992984669e+002 -1.0667e+000 +7.1481e-001 +2.8731e+000 -6.5593e-001 -1.9013e+000 +5.4764e+000 -2.2106e+000 -1.2556e+000 +2.4897e+000 +3.5271e-001 +2.6316e+000 +5.5507e-001 -1.6625e-001 -1.5795e+000 +2.2160e-001 +2.3880e+000 -3.1128e+000 +2.4835e+000 -5.1030e-001 -4.5269e+000
4242 +1.539900984e+001 +1.539900984e+001 +6.904090098e+002 +6.904090098e+002 -1.6032e+000 +1.1501e+000 +2.8564e+000 -2.1289e-001 -7.3012e-001 +5.1909e+000 -1.9493e+000 -1.7091e+000 +2.0287e+000 -4.7247e-002 +2.2052e+000 +5.7987e-001 +4.1601e-001 -2.2725e+000 +4.8039e-001 +3.0066e+000 -2.9481e+000 +2.9087e+000 -2.3143e-001 -4.2027e+000
6180 +9.925289979e+000 +9.925289979e+000 +6.849352900e+002 +6.849352900e+002 -1.8814e+000 +1.2873e+000 +2.9292e+000 +3.4505e-001 -4.9643e-001 +5.1366e+000 -1.5171e+000 -2.0669e+000 +1.5232e+000 -2.8510e-001 +2.0019e+000 +1.0031e+000 +2.5356e-001 -2.8992e+000 +7.7802e-001 +2.8747e+000 -2.3490e+000 +3.3090e+000 -4.7514e-001 -3.5638e+000
% function evaluation | noise-free fitness - Fopt (-3.580600000000e+002) | best noise-free fitness - Fopt | measured fitness | best measured fitness | x1 | x2...
1 +1.453029598e+003 +1.453029598e+003 +1.094969598e+003 +1.094969598e+003 -1.9116e+000 +1.0096e+000 -2.4038e+000 -4.8062e+000 -4.3031e+000 +5.5722e-001 -3.0706e-001 +1.0966e+000 -1.4866e+000 +4.3975e+000 +1.5655e+000 +4.9405e+000 +2.8995e+000 -3.2745e+000 +5.1383e-002 +2.6132e+000 -4.3886e+000 -4.0875e+000 -2.4074e+000 -4.6735e+000
18 +7.176446374e+002 +7.176446374e+002 +3.595846374e+002 +3.595846374e+002 +1.9644e+000 -9.2765e-002 +1.1162e+000 -4.3310e+000 -4.3201e+000 -9.9118e-001 -1.9463e+000 +1.2868e+000 -1.1859e+000 +3.6435e+000 +2.9419e+000 -7.0207e-001 -2.2970e+000 +2.3151e+000 +2.7082e+000 -2.2565e+000 +4.2024e+000 -4.4304e+000 +2.1427e+000 -3.4444e+000
95 +5.533958152e+002 +5.533958152e+002 +1.953358152e+002 +1.953358152e+002 +1.4872e+000 +4.2036e+000 -3.5356e-001 -5.7147e+000 -1.0063e+000 +3.8725e-001 -8.9649e-001 +3.0330e+000 -4.2016e-001 +6.6328e-001 +2.7592e+000 +6.6011e-001 -3.3971e+000 -3.4859e+000 +1.5907e+000 +2.3701e+000 +4.1616e+000 +1.6382e+000 +1.4655e+000 -2.0161e-001
292 +3.299888700e+002 +3.299888700e+002 -2.807112996e+001 -2.807112996e+001 -3.3613e+000 +4.7586e+000 +1.7504e+000 -1.3655e+000 -3.6121e+000 +1.4310e+000 +2.4354e-001 +3.5560e+000 -4.5144e-002 +1.5581e+000 -5.2368e-001 +2.9656e+000 -4.0328e+000 +1.3932e+000 +1.0317e+000 +3.4274e+000 +2.0249e-001 -2.2496e+000 -2.8291e-002 -1.0149e+000
485 +2.467550300e+002 +2.467550300e+002 -1.113049700e+002 -1.113049700e+002 -1.3972e+000 +5.1181e+000 +3.6842e+000 -3.4856e+000 -4.1808e+000 +3.3238e-001 -7.3481e-001 +1.7026e+000 +3.1340e+000 +3.8179e+000 +1.0879e+000 +1.1403e+000 -9.2173e-001 +3.5376e+000 +2.0473e+000 +4.4036e+000 +6.8416e-002 -2.1315e+000 +1.7593e+000 -3.7409e+000
665 +1.529398940e+002 +1.529398940e+002 -2.051201060e+002 -2.051201060e+002 -3.4619e+000 +5.6943e+000 +2.8275e+000 -3.2604e+000 -4.7648e+000 +1.9217e+000 -1.4445e+000 +2.5013e+000 +2.9411e+000 +6.0137e+000 -7.8524e-001 +4.5743e+000 -1.9526e+000 +7.7279e+000 +9.3636e-001 +4.5751e+000 +1.9565e+000 -2.1687e+000 +1.9118e+000 -6.2893e+000
1166 +8.951564800e+001 +8.951564800e+001 -2.685443520e+002 -2.685443520e+002 -1.2245e+000 +5.5893e+000 +2.6672e+000 -3.5391e+000 -3.4239e+000 +1.8141e+000 -1.9393e+000 +2.9769e+000 +3.3144e+000 +5.2945e+000 -4.0115e-001 +3.4415e+000 -2.4546e+000 +3.8534e+000 +9.3512e-001 +3.5366e+000 +1.4382e+000 -2.4640e+000 -2.0419e-001 -2.8661e+000
1799 +5.682820950e+001 +5.682820950e+001 -3.012317905e+002 -3.012317905e+002 +1.5431e-002 +5.9197e+000 +2.6393e+000 -3.4016e+000 -3.5406e+000 +9.9302e-001 -2.7797e+000 +2.8813e+000 +3.2280e+000 +4.5302e+000 -3.2230e-001 +3.7999e+000 -3.6230e+000 +2.3656e+000 +2.3930e+000 +3.1467e+000 +8.4497e-001 -1.9411e+000 -2.7590e-001 -1.4316e+000
2175 +3.937069612e+001 +3.937069612e+001 -3.186893039e+002 -3.186893039e+002 -1.4346e+000 +4.8174e+000 +2.6292e+000 -3.1436e+000 -2.8924e+000 +4.3234e-001 -2.4924e+000 +2.8812e+000 +2.7903e+000 +4.2438e+000 -1.8321e-001 +4.6145e+000 -3.6026e+000 +4.5234e+000 +1.5372e+000 +2.8453e+000 -4.2226e-001 -2.1995e+000 +1.1282e+000 -2.0616e+000
2472 +2.476243162e+001 +2.476243162e+001 -3.332975684e+002 -3.332975684e+002 -7.0166e-001 +3.5194e+000 +2.5782e+000 -3.6890e+000 -2.7120e+000 +2.4125e-002 -2.5654e+000 +2.7540e+000 +2.1152e+000 +3.9902e+000 +7.7166e-002 +3.5934e+000 -3.7641e+000 +3.2943e+000 +1.5919e+000 +3.3748e+000 -1.6988e+000 -1.9919e+000 +9.3543e-001 -1.6497e+000
3634 +1.565852013e+001 +1.565852013e+001 -3.424014799e+002 -3.424014799e+002 -7.7283e-001 +3.2237e+000 +2.4890e+000 -4.3182e+000 -3.2125e+000 +2.6649e-001 -2.4486e+000 +2.7139e+000 +2.1205e+000 +3.9941e+000 -4.4491e-002 +2.5165e+000 -3.4943e+000 +2.7262e+000 +1.2293e+000 +3.3720e+000 -1.6679e+000 -2.3040e+000 +6.5503e-001 -2.0090e+000
% function evaluation | noise-free fitness - Fopt (-4.797000000000e+001) | best noise-free fitness - Fopt | measured fitness | best measured fitness | x1 | x2...
1 +1.905220234e+003 +1.905220234e+003 +1.857250234e+003 +1.857250234e+003 +1.3299e+000 -2.0182e+000 -3.7379e+000 +3.4801e-001 -1.2135e-001 +4.1459e+000 -1.0986e+000 -3.9391e+000 -2.4427e+000 +1.4366e-001 -3.7196e+000 +2.6728e+000 +2.0841e+000 +4.4164e+000 -3.8868e+000 +3.6690e+000 +4.4047e+000 -4.9117e+000 -3.4785e+000 -3.2831e+000
4 +1.322506298e+003 +1.322506298e+003 +1.274536298e+003 +1.274536298e+003 +9.1806e-001 -2.9810e+000 +2.1633e-002 -1.2465e+000 +3.9927e-001 +4.5044e+000 -2.6691e-001 -3.3763e+000 +4.1366e+000 +4.9155e+000 +3.2621e+000 +1.5184e+000 +5.2021e-001 +8.8420e-001 -4.3479e+000 +1.8044e+000 -1.4595e+000 -1.2532e-002 +4.5316e+000 -7.7364e-001
33 +9.843210889e+002 +9.843210889e+002 +9.363510889e+002 +9.363510889e+002 +2.7564e+000 +3.5210e+000 +4.3809e+000 -2.5492e+000 -3.0280e+000 -1.1999e+000 -1.4533e+000 -3.2006e+000 +4.9801e+000 -2.8367e+000 -3.1835e+000 -4.8796e-001 -1.9708e-001 +6.4934e-001 +3.5135e+000 -3.4230e+000 -1.9811e+000 -1.5564e+000 -3.5655e+000 +4.5239e+000
67 +6.141085788e+002 +6.141085788e+002 +5.661385788e+002 +5.661385788e+002 +1.0093e+000 -1.8268e-001 +5.2644e-001 +1.3844e+000 -5.2843e+000 -2.1766e+000 -1.1223e+000 +2.9380e+000 +3.5069e+000 +1.3758e+000 -2.0554e+000 +3.1049e+000 +2.4557e+000 -3.8551e+000 -1.2488e+000 -2.6995e+000 +1.8075e+000 +2.4970e+000 -3.2972e+000 +3.6666e+000
379 +3.381425877e+002 +3.381425877e+002 +2.901725877e+002 +2.901725877e+002 +3.3875e+000 +2.8904e+000 +2.7101e+000 +3.0056e-001 -3.6823e+000 -4.4779e+000 -5.9501e-001 -4.0774e+000 +1.3730e+000 -3.5782e+000 -3.3556e+000 -5.9908e-001 -5.6481e-001 -1.3749e+000 +1.8132e+000 -3.3381e+000 -2.3605e+000 +2.4759e+000 -3.8302e+000 -3.4774e+000
650 +2.485034161e+002 +2.485034161e+002 +2.005334161e+002 +2.005334161e+002 +3.8329e+000 +1.8756e+000 +1.6980e+000 -5.1062e-001 -3.2010e+000 -3.3227e+000 -3.8208e-001 -1.1348e+000 +1.7755e+000 -1.4034e-001 -2.6847e+000 +1.0984e+000 -2.1319e-001 -1.2374e+000 +1.9122e+000 -1.8540e+000 -7.0358e-001 +4.9863e+000 -2.4247e+000 -1.8655e+000
899 +1.281130202e+002 +1.281130202e+002 +8.014302017e+001 +8.014302017e+001 +2.9698e+000 +3.3970e-001 -6.6109e-001 +1.6155e+000 -3.2628e+000 -2.0302e+000 +6.4961e-002 +3.4346e-001 +2.7024e+000 +1.2258e+000 -2.5846e+000 +1.3854e+000 +1.8424e+000 +9.8787e-001 +2.2459e-001 -5.0159e-001 +1.6934e+000 +2.5842e+000 -5.4031e+000 +1.6888e+000
1329 +9.909283177e+001 +9.909283177e+001 +5.112283177e+001 +5.112283177e+001 +2.3139e+000 +9.6034e-001 +9.5948e-001 -6.0760e-001 -3.0154e+000 -3.0838e+000 +2.0757e+000 +5.3242e-001 +2.9980e+000 +2.6569e+000 -2.5703e+000 +2.1897e+000 +1.1654e+000 -1.2998e-002 -1.3456e-001 -1.8568e+000 +1.1479e+000 +3.7583e+000 -3.8699e+000 +2.2638e+000
1558 +4.983809846e+001 +4.983809846e+001 +1.868098463e+000 +1.868098463e+000 +2.0618e+000 +1.1788e+000 +4.6628e-001 -2.7108e+000 -3.8567e+000 -2.8928e+000 +1.4933e+000 +2.6281e+000 +3.9196e+000 +1.9584e+000 -2.3402e+000 +2.8927e+000 +9.5898e-001 +2.9608e-002 -2.2746e-001 -1.7322e+000 -8.4996e-002 +4.9374e+000 -3.8182e+000 +2.8649e+000
1842 +3.911895995e+001 +3.911895995e+001 -8.851040051e+000 -8.851040051e+000 +2.5884e+000 +1.8363e+000 +7.7245e-001 -3.1472e+000 -4.1101e+000 -1.7044e+000 +1.9033e+000 +1.5276e+000 +2.6426e+000 +2.7219e+000 -3.0106e+000 +3.0675e+000 +1.2887e+000 +2.0603e-001 -5.8493e-001 -2.2675e+000 -1.3532e+000 +3.5604e+000 -3.6632e+000 +3.3119e+000
2927 +2.465905338e+001 +2.465905338e+001 -2.331094662e+001 -2.331094662e+001 +2.3836e+000 +1.7423e+000 +2.1172e-001 -2.5371e+000 -4.0884e+000 -1.2047e+000 +1.7021e+000 +1.2148e+000 +2.9013e+000 +2.5571e+000 -3.1666e+000 +2.4933e+000 +1.2328e+000 +1.0052e+000 -9.3692e-001 -2.0160e+000 -4.3455e-001 +4.1644e+000 -2.6406e+000 +3.2070e+000
3871 +1.487687889e+001 +1.487687889e+001 -3.309312111e+001 -3.309312111e+001 +2.2674e+000 +1.5693e+000 +2.6134e-001 -1.7968e+000 -4.1290e+000 -1.3833e+000 +2.1236e+000 +1.1944e+000 +2.8143e+000 +2.7677e+000 -3.1524e+000 +2.6077e+000 +1.5857e+000 +9.5933e-001 -1.4832e+000 -2.1551e+000 -8.2283e-001 +3.6429e+000 -3.0177e+000 +3.5426e+000
7099 +9.977267097e+000 +9.977267097e+000 -3.799273290e+001 -3.799273290e+001 +2.2155e+000 +1.1025e+000 +1.7705e-001 -1.8724e+000 -4.2603e+000 -1.3454e+000 +2.5792e+000 +7.6016e-001 +3.2142e+000 +2.7378e+000 -3.1663e+000 +2.2712e+000 +1.8250e+000 +1.1958e+000 -1.8781e+000 -2.1626e+000 -7.2689e-001 +3.7412e+000 -2.3784e+000 +3.3348e+000
% function evaluation | noise-free fitness - Fopt (-8.294100000000e+002) | best noise-free fitness - Fopt | measured fitness | best measured fitness | x1 | x2...
1 +1.758862460e+003 +1.758862460e+003 +9.294524599e+002 +9.294524599e+002 +4.5724e+000 +4.4511e+000 +1.4691e+000 -1.4506e+000 -1.5889e+000 +2.8215e+000 +1.8203e+000 -3.8964e+000 +2.6786e+000 -4.3219e+000 +4.2586e+000 -3.5434e+000 +2.6703e+000 +4.1593e-001 +9.5656e-001 -4.9074e+000 -2.7543e+000 +1.9396e+000 +3.8251e+000 -3.8872e+000
4 +1.477870186e+003 +1.477870186e+003 +6.484601857e+002 +6.484601857e+002 +1.6771e+000 +3.2035e+000 -4.8473e+000 -4.1377e+000 -4.2981e-001 +1.1063e+000 +3.8341e+000 +2.5380e+000 -3.5126e+000 -1.8545e+000 -2.0715e-002 -4.3127e+000 -6.7580e-002 +3.8011e+000 +1.6213e+000 -4.9684e+000 -5.4744e-001 +1.8942e+000 +1.8050e-001 +1.1532e+000
20 +8.841364631e+002 +8.841364631e+002 +5.472646306e+001 +5.472646306e+001 -1.7195e+000 +4.9370e+000 +3.0972e+000 -8.5732e-001 -3.9059e+000 -3.2119e+000 -3.8170e-001 +2.4058e-001 +1.0747e+000 -2.3082e+000 -4.0519e+000 -1.3968e+000 -3.3969e+000 -8.2090e-001 +1.0189e+000 -3.7613e-001 +2.2046e+000 -4.3228e+000 -4.8871e+000 -6.6575e-002
78 +3.259705569e+002 +3.259705569e+002 -5.034394431e+002 -5.034394431e+002 +2.5886e+000 -6.3937e-001 -1.4357e+000 -9.9063e-001 +3.9399e+000 +2.5356e-001 +1.2234e+000 -2.3432e+000 -6.5553e-001 -8.8337e-001 +2.2332e-001 -5.2870e+000 -4.6128e-001 -1.0216e+000 -6.9238e-002 +2.4542e-001 -3.3763e+000 -1.2617e+000 -4.1064e+000 -4.2679e-001
314 +1.531208542e+002 +1.531208542e+002 -6.762891458e+002 -6.762891458e+002 +2.0194e+000 +2.1670e-002 -3.3404e+000 -1.9378e+000 +5.4853e+000 +2.5322e+000 +1.4470e+000 +2.0538e-002 -1.3970e+000 -3.4826e+000 +1.3453e-002 -7.2467e+000 -1.3906e+000 +1.7787e+000 -9.4069e-001 +3.9057e-001 -1.8834e+000 +4.6442e-001 -5.9910e+000 -2.5503e+000
717 +9.639013127e+001 +9.639013127e+001 -7.330198687e+002 -7.330198687e+002 +5.0452e-001 -4.2529e-001 -2.3613e+000 -1.9063e+000 +2.2308e+000 +1.7647e+000 +1.6751e-002 +7.5208e-001 -1.4642e+000 -3.4170e+000 +9.5558e-001 -4.5597e+000 -1.3246e+000 +2.0503e+000 -1.7924e-001 +9.0664e-001 -2.3431e+000 -3.3283e-001 -5.5044e+000 -1.9070e+000
898 +5.510316331e+001 +5.510316331e+001 -7.743068367e+002 -7.743068367e+002 +9.9223e-002 +2.3546e-001 -1.2803e+000 -2.0468e+000 +1.2168e+000 +1.8211e+000 +1.7544e+000 +8.7734e-001 -2.7031e+000 -3.8380e+000 +1.2209e+000 -4.0813e+000 -1.8897e+000 +1.7876e+000 -7.0525e-001 +1.3036e+000 -2.4257e+000 -3.5348e-001 -6.2532e+000 -2.8656e+000
1798 +3.327497413e+001 +3.327497413e+001 -7.961350259e+002 -7.961350259e+002 -1.4371e-001 +1.8178e+000 +5.9489e-001 -1.6981e+000 +1.4081e+000 +1.8707e+000 +2.5400e+000 +1.6581e+000 -2.4978e+000 -3.1580e+000 +1.2255e+000 -3.6279e+000 -3.3447e+000 +1.3823e+000 -1.7340e+000 +1.6753e+000 -3.1389e+000 -5.2423e-001 -6.6077e+000 -1.6888e+000
2537 +2.466698595e+001 +2.466698595e+001 -8.047430140e+002 -8.047430140e+002 -7.4638e-001 +2.0191e+000 +1.0752e+000 -1.5787e+000 +1.1349e+000 +2.0241e+000 +2.8527e+000 +1.4365e+000 -2.2681e+000 -3.6703e+000 +1.6777e+000 -3.3124e+000 -3.5104e+000 +1.9283e+000 -1.7107e+000 +2.3248e+000 -2.3531e+000 -1.0749e+000 -6.4208e+000 -2.6320e+000
2841 +1.508565823e+001 +1.508565823e+001 -8.143243418e+002 -8.143243418e+002 -1.2856e+000 +1.7449e+000 +3.9902e-001 -1.6615e+000 +1.0539e+000 +1.5555e+000 +3.2493e+000 +1.4798e+000 -2.3961e+000 -2.9558e+000 +1.8166e+000 -3.3426e+000 -3.7941e+000 +1.4354e+000 -1.8409e+000 +2.3607e+000 -1.8544e+000 -1.9952e+000 -6.0148e+000 -3.3085e+000
3113 +9.550610247e+000 +9.550610247e+000 -8.198593898e+002 -8.198593898e+002 -1.2581e+000 +1.2601e+000 +4.9863e-001 -1.6528e+000 +1.0546e+000 +1.7453e+000 +3.4654e+000 +1.4796e+000 -2.1860e+000 -3.4147e+000 +1.6807e+000 -3.0169e+000 -3.7282e+000 +1.9092e+000 -1.8042e+000 +2.0694e+000 -1.7056e+000 -2.2442e+000 -6.0621e+000 -3.5363e+000
% function evaluation | noise-free fitness - Fopt (5.681000000000e+001) | best noise-free fitness - Fopt | measured fitness | best measured fitness | x1 | x2...
1 +4.248576922e+003 +4.248576922e+003 +4.305386922e+003 +4.305386922e+003 +3.3390e-001 +3.1139e+000 +4.8930e+000 -1.8113e+000 +3.7114e+000 -1.5829e+000 -4.7728e+000 -3.7040e+000 +2.0068e+000 -4.1416e+000 +3.2632e+000 +4.0285e+000 +7.3160e-001 -1.4007e+000 +1.4704e+000 -3.7182e+000 +3.9019e+000 -3.9489e+000 -3.5273e+000 -4.2648e+000
3 +1.700309709e+003 +1.700309709e+003 +1.757119709e+003 +1.757119709e+003 -1.7104e+000 -3.8056e-001 +1.3173e+000 -6.1423e-001 +7.9323e-001 +2.4822e+000 +2.8324e+000 -4.7978e+000 -4.4671e+000 +2.2802e+000 +3.1851e+000 -1.6954e+000 +8.4376e-001 -3.8496e+000 +2.9297e+000 -3.4599e+000 +2.5480e+000 -1.6257e-001 -4.6588e+000 -3.0356e+000
4 +1.440961988e+003 +1.440961988e+003 +1.497771988e+003 +1.497771988e+003 -2.4956e+000 -3.8605e-001 -3.6917e+000 -4.7742e+000 -7.9688e-001 -4.1511e+000 +1.1029e-001 -1.3596e+000 -3.5346e+000 -9.6610e-001 -3.6725e+000 +4.1740e+000 +4.8867e+000 +2.1690e+000 +2.0725e+000 +5.7330e-001 +7.9739e-001 -4.4953e+000 +3.5912e+000 -5.8700e-002
9 +7.718228338e+002 +7.718228338e+002 +8.286328338e+002 +8.286328338e+002 +4.4910e+000 -3.3193e+000 +1.3876e+000 -2.9757e+000 -2.6952e+000 -1.7243e+000 +2.3122e+000 +4.3580e-001 +4.5229e+000 +2.8712e+000 -2.9869e+000 -5.3103e-001 -2.3143e+000 +2.2397e+000 -6.4160e-002 +4.8104e+000 +1.8085e+000 -3.0476e+000 +5.1252e-001 -6.0130e-001
106 +4.233875754e+002 +4.233875754e+002 +4.801975754e+002 +4.801975754e+002 +3.2987e+000 -1.7223e+000 +5.6573e-001 -2.0803e+000 -1.9174e+000 -2.6873e+000 +3.1489e+000 -8.5971e-001 -4.2427e+000 +1.1449e+000 +7.2172e-001 +1.3789e+000 +1.6839e+000 -1.0803e+000 +2.5030e+000 +1.6260e+000 +1.8138e+000 -1.5296e+000 -4.0824e-001 +3.4775e+000
233 +3.866681807e+002 +3.866681807e+002 +4.434781807e+002 +4.434781807e+002 +2.1058e+000 +1.7339e-001 -1.5137e+000 -3.4606e+000 -2.3620e-001 -3.1814e+000 +2.0161e+000 -2.5751e-001 -1.9537e+000 +2.6693e+000 -1.1755e+000 +1.9569e+000 +2.1088e+000 +1.8284e+000 +3.7725e+000 +1.9778e+000 -2.5220e-001 -1.2711e+000 -4.6181e-001 -9.7589e-001
281 +2.304207651e+002 +2.304207651e+002 +2.872307651e+002 +2.872307651e+002 +3.3562e+000 +4.2783e-001 +4.2355e+000 -2.9341e+000 -1.8243e+000 -9.9556e-001 +3.4386e+000 +2.5191e+000 -5.9225e+000 +4.3569e+000 -8.0109e-001 +2.9168e+000 +3.1048e+000 +6.1566e-002 +2.0678e+000 +6.4600e+000 -4.8297e-001 -3.2149e+000 +2.7818e+000 +3.3647e+000
745 +1.465163236e+002 +1.465163236e+002 +2.033263236e+002 +2.033263236e+002 +1.3949e+000 -7.9004e-001 +4.7907e+000 -1.1888e+000 -2.3480e+000 -6.5237e-001 +2.7713e+000 +3.2465e+000 -5.6519e+000 +3.3573e+000 -7.1391e-001 +1.7035e+000 -9.6922e-001 +1.8391e-002 +2.9448e+000 +5.8114e+000 +1.4489e-001 -1.7002e+000 +7.2064e+000 +2.7604e+000
886 +8.542702576e+001 +8.542702576e+001 +1.422370258e+002 +1.422370258e+002 +1.5941e+000 -6.3224e-001 +3.8794e+000 -2.6174e+000 -1.9186e+000 -1.2363e+000 +2.3116e+000 +1.2446e+000 -3.5926e+000 +7.3643e-001 -2.5454e+000 +8.9662e-001 -2.9690e+000 +1.3247e-001 +2.1343e+000 +3.5619e+000 +1.1501e+000 -2.6158e+000 +4.9527e+000 +2.6589e+000
1335 +5.878098879e+001 +5.878098879e+001 +1.155909888e+002 +1.155909888e+002 +2.1186e+000 -2.0378e+000 +3.8559e+000 -2.9735e+000 -1.6557e+000 -2.4982e+000 +2.6619e+000 +8.0902e-001 -4.2848e+000 +9.3309e-001 -2.5123e+000 +2.1578e+000 -2.0982e+000 +1.5426e-001 +1.5969e+000 +3.8218e+000 +1.6962e+000 -2.1591e+000 +5.1095e+000 +2.4489e+000
1830 +3.231675160e+001 +3.231675160e+001 +8.912675160e+001 +8.912675160e+001 -1.3917e-001 -8.8425e-001 +3.6906e+000 -1.4136e+000 -1.8131e+000 -3.6029e+000 +1.7179e+000 +4.1283e-001 -3.2634e+000 -3.2331e-001 -1.9841e+000 +1.9039e+000 -1.9861e+000 -1.8102e-001 +1.5521e+000 +2.8250e+000 +4.8389e-001 -2.4810e+000 +3.3737e+000 +2.6160e+000
1854 +2.232499160e+001 +2.232499160e+001 +7.913499160e+001 +7.913499160e+001 -1.5662e-001 -8.7720e-001 +3.4536e+000 -1.3988e+000 -1.8112e+000 -3.9126e+000 +1.5968e+000 +5.9015e-001 -3.6138e+000 -2.2686e-001 -1.9804e+000 +1.9067e+000 -1.9068e+000 -1.8283e-001 +1.2373e+000 +2.8169e+000 +1.0235e-001 -2.2954e+000 +3.3647e+000 +2.6183e+000
2534 +1.544068334e+001 +1.544068334e+001 +7.225068334e+001 +7.225068334e+001 -5.2505e-001 -6.2282e-001 +3.3457e+000 -1.5488e+000 -1.8590e+000 -4.2021e+000 +1.0846e+000 +6.4823e-001 -3.3879e+000 -6.5279e-001 -1.0158e+000 +1.9113e+000 -1.2392e+000 -7.1278e-002 +1.1006e+000 +2.6519e+000 -5.0449e-001 -1.5208e+000 +2.7999e+000 +2.5106e+000
4012 +9.593941117e+000 +9.593941117e+000 +6.640394112e+001 +6.640394112e+001 -4.9734e-001 -4.7896e-001 +3.6112e+000 -1.8061e+000 -1.9008e+000 -4.5250e+000 +1.1663e+000 +6.3101e-001 -3.5131e+000 -8.5790e-001 -1.6471e+000 +1.9210e+000 -1.2389e+000 -1.2514e-001 +1.1488e+000 +2.7181e+000 -5.7093e-002 -1.5015e+000 +3.2508e+000 +2.5306e+000
% function evaluation | noise-free fitness - Fopt (4.209000000000e+001) | best noise-free fitness - Fopt | measured fitness | best measured fitness | x1 | x2...
1 +4.250611569e+003 +4.250611569e+003 +4.292701569e+003 +4.292701569e+003 -2.2156e+000 -2.4462e+000 -3.4400e+000 +2.3440e-001 -2.8468e+000 -4.4927e+000 +7.8191e-001 +3.0451e+000 +6.6489e-001 -5.7274e-001 +1.9678e-001 +3.8726e+000 +4.1332e+000 +4.6170e+000 +1.8521e+000 -4.1746e+000 -4.6937e+000 -4.5053e+000 -2.3207e+000 -3.3757e+000
3 +1.929195206e+003 +1.929195206e+003 +1.971285206e+003 +1.971285206e+003 -8.6773e-002 -1.3888e+000 +2.2094e+000 -6.0383e-001 -9.1007e-001 +4.5373e+000 -1.5029e+000 +4.0142e+000 -1.7735e+000 -2.1596e+000 +6.5560e-001 +4.2888e+000 -8.7624e-001 +7.5144e-001 +3.9035e+000 -3.1017e-002 -1.1896e+000 +2.9674e-001 -2.6532e+000 -1.4447e+000
10 +8.764831181e+002 +8.764831181e+002 +9.185731181e+002 +9.185731181e+002 -5.2644e-001 +3.4611e+000 +2.8248e+000 +4.4465e-001 +2.1670e+000 -2.3024e+000 +7.2191e-001 +2.5907e+000 -1.4977e-001 +3.2616e+000 -4.0768e+000 -1.3013e+000 +3.5570e-001 -4.4919e+000 -3.2302e-001 +1.8050e+000 +1.9413e+000 -3.4776e+000 +4.1205e+000 +3.1025e+000
12 +4.928976158e+002 +4.928976158e+002 +5.349876158e+002 +5.349876158e+002 -7.9386e-001 +4.4586e+000 -4.8558e+000 +1.5011e+000 -7.5398e-001 -1.9743e+000 -2.6368e+000 -5.5286e-001 -4.5178e+000 -3.4430e+000 -3.5406e-001 +1.8641e+000 -1.8466e+000 -2.0181e+000 -3.9428e+000 -3.7620e+000 +4.4370e+000 +2.4205e+000 +5.6402e-001 -3.9808e+000
318 +2.301546235e+002 +2.301546235e+002 +2.722446235e+002 +2.722446235e+002 +2.8436e+000 +3.5419e+000 -5.6429e+000 +1.3154e+000 +2.0043e+000 -9.6115e-001 -1.9733e+000 -3.5843e-001 -3.3617e+000 +5.2861e-001 +1.2722e+000 +2.1965e+000 -4.6172e+000 +3.2149e-001 -1.8733e+000 -3.4825e+000 -2.9908e+000 +1.0105e+000 -3.0821e-001 -2.7070e-001
887 +1.335972525e+002 +1.335972525e+002 +1.756872525e+002 +1.756872525e+002 +4.1957e+000 +2.0937e+000 -4.2993e+000 +7.2656e-001 -1.5184e+000 -1.1628e+000 -1.1945e+000 -1.2660e+000 -1.2473e+000 -1.0580e+000 +1.7939e+000 +3.6579e+000 -5.0524e+000 -3.4050e-001 -3.7380e+000 -2.7604e+000 -2.6069e+000 +1.2161e+000 -1.5336e+000 +9.9189e-001
1173 +9.698948057e+001 +9.698948057e+001 +1.390794806e+002 +1.390794806e+002 +4.8371e+000 +2.3326e+000 -3.7728e+000 +7.8132e-001 +1.4567e-001 -1.0922e+000 -1.6121e+000 -8.6437e-001 -1.3882e+000 +4.1239e-001 +1.7452e+000 +1.6332e+000 -4.4516e+000 -1.6635e+000 -3.0737e+000 -2.8256e+000 -3.2761e+000 +5.3317e-001 -2.0021e+000 +1.3224e+000
1573 +6.130696420e+001 +6.130696420e+001 +1.033969642e+002 +1.033969642e+002 +3.8100e+000 +2.5561e+000 -3.3369e+000 +2.1515e+000 +7.4552e-002 -6.3127e-001 -1.7103e+000 +1.6800e-001 -1.1230e+000 -1.5860e-001 +1.1491e+000 +1.8096e+000 -3.7340e+000 -2.0955e+000 -2.9569e+000 -2.9282e+000 -3.4221e+000 +1.8814e+000 -2.2474e+000 +6.1553e-001
1932 +3.964779804e+001 +3.964779804e+001 +8.173779804e+001 +8.173779804e+001 +4.3427e+000 +3.5245e+000 -3.6574e+000 +1.4406e+000 +5.8972e-001 -9.4404e-001 -2.7881e+000 -3.0644e-001 -9.2300e-001 +2.2514e-001 +4.5840e-001 +9.9168e-001 -3.3270e+000 -6.5455e-001 -2.8582e+000 -2.9272e+000 -3.0858e+000 +2.1794e+000 -1.8734e+000 -2.0580e-001
2487 +2.422146165e+001 +2.422146165e+001 +6.631146165e+001 +6.631146165e+001 +4.4663e+000 +1.7619e+000 -4.2480e+000 +2.1565e+000 +1.6320e+000 -8.6978e-001 -1.6232e+000 +4.0496e-001 -1.7762e+000 +8.9761e-001 -7.0198e-001 +5.6364e-001 -3.6048e+000 -2.0894e+000 -2.8099e+000 -2.9495e+000 -3.0941e+000 +2.7951e+000 -2.1562e+000 -6.8456e-001
3423 +1.533615002e+001 +1.533615002e+001 +5.742615002e+001 +5.742615002e+001 +4.5143e+000 +1.5111e+000 -4.0834e+000 +2.4866e+000 +1.3429e+000 -5.9903e-001 -1.8846e+000 +4.2105e-001 -9.1285e-001 -8.7278e-001 -9.5336e-001 -2.1059e-002 -3.3467e+000 -1.5053e+000 -2.7245e+000 -2.6073e+000 -2.8676e+000 +2.6052e+000 -1.9366e+000 -1.8698e+000
4555 +9.669970268e+000 +9.669970268e+000 +5.175997027e+001 +5.175997027e+001 +4.5400e+000 +7.8441e-001 -4.1879e+000 +2.0666e+000 +1.6837e+000 -5.1348e-001 -1.8897e+000 +6.3510e-001 -1.3386e+000 +6.9722e-002 -1.2539e+000 +1.0610e+000 -2.9933e+000 -1.3377e+000 -2.5429e+000 -2.7726e+000 -2.4693e+000 +2.8259e+000 -1.6808e+000 -1.8317e+000
% function evaluation | noise-free fitness - Fopt (4.579000000000e+001) | best noise-free fitness - Fopt | measured fitness | best measured fitness | x1 | x2...
1 +2.616862470e+003 +2.616862470e+003 +2.662652470e+003 +2.662652470e+003 -1.4987e+000 -4.1631e+000 -2.3586e-001 -6.9146e-001 +1.2365e-001 +1.2356e+000 +3.6336e+000 -4.6469e+000 -2.0782e+000 +2.9535e+000 -4.2481e+000 -4.0086e+000 -4.6292e+000 +1.7123e+000 -3.7817e+000 -6.5495e-001 +4.0514e+000 +4.7824e+000 -2.0519e-001 -3.0837e+000
3 +8.098441247e+002 +8.098441247e+002 +8.556341247e+002 +8.556341247e+002 -3.0419e+000 -3.7410e+000 -2.3864e+000 -2.9088e+000 +4.2928e+000 +1.7922e+000 -3.1557e+000 -2.2263e+000 -4.9889e+000 -2.5826e+000 +1.3939e+000 -1.3271e+000 +4.1149e+000 -1.4918e+000 -3.2367e+000 +1.0156e+000 +3.8622e+000 -1.8569e+000 -1.1063e+000 +1.4618e+000
74 +2.384439913e+002 +2.384439913e+002 +2.842339913e+002 +2.842339913e+002 +8.2143e-001 -1.1615e+000 -6.2743e+000 -2.8575e+000 +1.3390e+000 -2.8095e+000 -1.8616e+000 -2.1381e+000 -2.6582e+000 -3.6908e+000 +6.9348e-002 -1.4057e+000 +5.9188e-001 -3.6951e-001 -8.7662e-001 +1.2585e+000 +4.6633e-001 -2.8650e+000 +2.2887e+000 +8.2733e-001
616 +1.488910068e+002 +1.488910068e+002 +1.946810068e+002 +1.946810068e+002 +5.1160e+000 -3.3599e+000 -4.3524e+000 -4.8189e+000 +3.7931e+000 -4.4836e+000 -2.3229e+000 -1.2885e+000 -2.2308e+000 -2.0618e+000 -7.2917e-001 +1.0856e+000 -1.5739e+000 +1.9219e+000 -9.4832e-001 -6.2066e-001 +3.0773e+000 -2.7316e+000 +2.0264e+000 +3.9767e+000
1288 +9.392804209e+001 +9.392804209e+001 +1.397180421e+002 +1.397180421e+002 +5.7651e+000 -4.0238e+000 -3.4074e+000 -2.2193e+000 +4.6566e+000 -4.0904e+000 -2.1786e+000 -1.4278e+000 -2.4789e+000 -8.1879e-001 -2.1555e+000 +1.2136e+000 -1.3095e+000 +2.1699e+000 -1.0489e+000 -1.4056e+000 +8.6452e-001 -2.4427e+000 +1.3677e+000 +2.2858e+000
1582 +6.197429984e+001 +6.197429984e+001 +1.077642998e+002 +1.077642998e+002 +6.2213e+000 -3.2967e+000 -2.7106e+000 -2.6403e+000 +6.0298e+000 -4.4024e+000 -2.1399e+000 -1.4676e+000 -3.1066e+000 -7.1514e-001 -2.4389e+000 -2.4891e-001 -1.2709e+000 +1.8783e+000 -2.1368e+000 -2.3557e+000 -7.0753e-002 -2.8694e+000 +8.5461e-001 +2.0732e+000
2064 +3.859091079e+001 +3.859091079e+001 +8.438091079e+001 +8.438091079e+001 +5.1262e+000 -2.6349e+000 -1.3548e+000 -2.1282e+000 +3.6000e+000 -4.2233e+000 -1.6559e+000 -1.8011e+000 -2.7915e+000 -9.8912e-001 -3.0324e+000 -1.3007e+000 +3.2607e-001 +1.3872e+000 -2.7526e+000 -1.4853e+000 -9.7972e-001 -2.8128e+000 +1.2677e+000 +1.4639e+000
2890 +2.431405888e+001 +2.431405888e+001 +7.010405888e+001 +7.010405888e+001 +5.3343e+000 -2.5484e+000 -6.3910e-001 -2.0748e+000 +5.0755e+000 -4.6629e+000 -1.6457e+000 -1.8048e+000 -2.4804e+000 -1.4265e+000 -2.9836e+000 -2.4233e+000 +3.5241e-001 +1.2086e+000 -2.8738e+000 -2.2026e+000 -1.8916e+000 -3.5301e+000 +1.1704e+000 +2.2466e-001
% function evaluation | noise-free fitness - Fopt (-1.000000000000e+003) | best noise-free fitness - Fopt | measured fitness | best measured fitness | x1 | x2...
1 +1.073392821e+003 +1.073392821e+003 +7.339282079e+001 +7.339282079e+001 -1.1406e+000 +1.6554e+000 +1.3303e+000 -2.3709e+000 -1.9489e+000 -4.7589e+000 -2.6175e+000 +1.3612e+000 +1.7731e+000 +1.1291e-001 -4.4097e+000 -1.6847e+000 -4.7270e+000 -3.6504e+000 +9.5192e-001 -8.1384e-001 +2.8414e+000 +8.5079e-001 -2.7861e+000 -3.1252e+000
7 +8.150962308e+002 +8.150962308e+002 -1.849037692e+002 -1.849037692e+002 +1.9754e+000 -2.8631e+000 +3.1259e+000 +2.1724e-001 +2.0845e+000 +4.6627e+000 +2.4982e+000 +2.8911e+000 -1.7958e+000 +1.2303e+000 +1.6569e+000 -1.2563e+000 -2.5265e+000 +1.6825e+000 +7.8827e-001 -3.8749e+000 -3.2676e+000 +4.8192e+000 +1.1183e-001 +3.2582e+000
88 +5.056804356e+002 +5.056804356e+002 -4.943195644e+002 -4.943195644e+002 +3.9837e-001 +4.7191e-001 +5.1945e+000 -3.0385e+000 +2.1838e-001 -2.6797e+000 +2.4997e+000 +1.9493e+000 +4.5175e+000 +2.0191e+000 -1.1425e+000 -2.8385e+000 -4.2514e+000 +3.3171e+000 +3.1979e-001 +1.0966e+000 -2.0568e+000 -6.0708e+000 -2.9677e+000 -3.0302e-001
349 +3.811443311e+002 +3.811443311e+002 -6.188556689e+002 -6.188556689e+002 +1.9798e+000 +4.8376e+000 +3.2845e+000 -5.4738e+000 +4.2948e-001 +1.5237e+000 +3.4419e+000 +6.8738e-001 -1.8595e+000 -2.7880e+000 -5.6648e-001 -1.4771e+000 -5.0292e+000 +1.8969e+000 -4.1547e-001 +1.7479e+000 -4.4047e+000 -3.5741e+000 -4.0696e+000 -3.6179e-001
646 +2.399351599e+002 +2.399351599e+002 -7.600648401e+002 -7.600648401e+002 +3.2897e+000 +3.1099e+000 +3.2244e+000 -4.6698e+000 +7.8856e-001 -1.2721e-001 +2.1226e+000 +1.0665e+000 -8.4122e-001 -2.6636e+000 -2.6935e+000 +2.6004e-001 -4.4168e+000 +9.9301e-001 +2.9383e+000 +6.5310e-001 -4.0989e+000 -5.1101e+000 -3.0476e+000 -2.0049e-001
765 +1.079629338e+002 +1.079629338e+002 -8.920370662e+002 -8.920370662e+002 +3.5127e+000 +4.5029e+000 +3.2467e+000 -7.7283e-001 +2.2942e+000 +1.0173e+000 +1.8475e-002 +1.6941e+000 +3.9198e+000 -4.6254e+000 -1.9600e+000 -3.7939e+000 -2.4670e+000 -7.9901e-001 +2.3971e+000 +2.8337e-001 -3.2311e+000 -4.5569e+000 -3.0149e+000 +3.6585e-001
1033 +8.807993914e+001 +8.807993914e+001 -9.119200609e+002 -9.119200609e+002 +2.6317e+000 +4.5044e+000 +3.2488e+000 -7.7686e-001 +3.1713e+000 +1.1569e+000 +1.1661e+000 +1.1987e+000 +3.9208e+000 -5.1124e+000 -1.9627e+000 -6.0442e+000 -2.8009e+000 +4.0177e-003 +2.4027e+000 +2.8528e-001 -2.1360e+000 -4.0217e+000 -2.1266e+000 -1.3961e-001
1353 +5.303460004e+001 +5.303460004e+001 -9.469654000e+002 -9.469654000e+002 +1.4685e+000 +3.4935e+000 +3.7495e+000 -1.5115e+000 +2.1937e+000 +5.3934e-001 +1.7039e+000 +1.1082e+000 +2.5719e+000 -2.2398e+000 -1.7930e+000 -3.8630e+000 -3.5729e+000 +2.1281e-001 +2.4943e+000 +3.3012e-001 -2.7091e+000 -4.0781e+000 -2.0126e+000 -2.0680e-001
1596 +3.860744213e+001 +3.860744213e+001 -9.613925579e+002 -9.613925579e+002 +7.5910e-001 +3.2740e+000 +3.1179e+000 -1.0600e+000 +2.3305e+000 +3.2550e-001 +2.2003e+000 +9.5415e-003 +2.8931e+000 -3.6051e+000 -9.4930e-001 -5.4115e+000 -3.5660e+000 -2.4870e-001 +1.4832e+000 -1.7550e-001 -1.9492e+000 -2.9069e+000 -1.9954e+000 -7.7125e-001
2030 +2.285568850e+001 +2.285568850e+001 -9.771443115e+002 -9.771443115e+002 -7.3699e-001 +2.5786e+000 +3.0117e+000 -2.8814e-001 +1.2757e+000 -9.6898e-002 +2.6507e+000 +2.8346e-001 +2.3197e+000 -2.0407e+000 -8.2583e-001 -4.4750e+000 -2.3972e+000 +9.8302e-003 +2.0663e+000 +2.0889e-001 -9.3779e-001 -2.5616e+000 -1.7793e+000 -1.9275e-001
2264 +1.467191758e+001 +1.467191758e+001 -9.853280824e+002 -9.853280824e+002 -7.8860e-001 +2.7898e+000 +3.1258e+000 +4.9368e-001 +9.9593e-001 -2.3018e-001 +2.3768e+000 +3.8508e-001 +2.2258e+000 -1.8903e+000 -4.6643e-001 -4.4598e+000 -2.6288e+000 -2.7198e-001 +2.0483e+000 +3.3667e-001 -3.4352e-001 -2.1758e+000 -1.6755e+000 +2.0413e-001
3071 +9.777979573e+000 +9.777979573e+000 -9.902220204e+002 -9.902220204e+002 -9.9659e-001 +2.8956e+000 +3.4253e+000 +4.1203e-001 +5.0492e-001 -3.6585e-001 +2.4396e+000 +4.3228e-001 +1.2736e+000 -2.0009e+000 -1.5891e-001 -4.4137e+000 -3.2308e+000 -1.6045e-002 +2.7582e+000 +6.6435e-001 -2.7041e-001 -2.2103e+000 -1.6990e+000 -8.5252e-002
3430 +5.908373111e+000 +5.908373111e+000 -9.940916269e+002 -9.940916269e+002 -9.9981e-001 +2.8708e+000 +2.9966e+000 +5.3461e-001 +4.6796e-001 -3.7888e-001 +2.4879e+000 +2.2515e-001 +1.5479e+000 -1.4012e+000 -1.1953e-001 -5.0026e+000 -2.5909e+000 -2.8342e-001 +2.9486e+000 +2.9014e-001 +9.3249e-001 -2.2642e+000 -1.7581e+000 -9.4203e-001
6321 +3.975792583e+000 +3.975792583e+000 -9.960242074e+002 -9.960242074e+002 -3.6252e-001 +2.9113e+000 +3.0078e+000 +7.9333e-001 +8.9519e-001 -2.2957e-001 +2.4430e+000 +2.2523e-001 +1.4863e+000 -2.1277e+000 +2.4894e-002 -4.9414e+000 -2.6210e+000 -2.3652e-001 +2.8046e+000 +4.2463e-001 +7.4095e-001 -2.4250e+000 -1.7180e+000 -1.0633e+000
% function evaluation | noise-free fitness - Fopt (1.575000000000e+001) | best noise-free fitness - Fopt | measured fitness | best measured fitness | x1 | x2...
1 +3.153133499e+003 +3.153133499e+003 +3.168883499e+003 +3.168883499e+003 +2.5348e+000 +1.5503e+000 -4.0118e+000 -1.0451e-001 +4.5221e+000 +3.2942e+000 +3.1171e+000 -2.3299e+000 +3.1709e+000 -3.9609e+000 +3.8469e+000 -1.5912e+000 +4.3100e+000 -4.7268e-001 -5.3205e-002 -7.0240e-001 -1.2430e+000 +3.1693e+000 +2.6351e+000 -3.8847e+000
3 +2.056586452e+003 +2.056586452e+003 +2.072336452e+003 +2.072336452e+003 -9.5515e-001 +3.4931e+000 +3.1413e+000 +2.2048e+000 -4.4988e+000 -4.5220e+000 -4.2530e+000 -1.7168e+000 -1.4224e+000 -7.8079e-002 +3.6177e+000 -4.9459e+000 +3.3853e+000 -2.4457e+000 +3.4416e+000 +7.9909e-001 -7.1370e-001 +2.6297e-001 +1.0191e+000 +3.6941e+000
8 +1.351462642e+003 +1.351462642e+003 +1.367212642e+003 +1.367212642e+003 +3.2536e+000 -4.5739e+000 -3.2360e+000 -1.8086e+000 -1.8176e+000 -1.9655e+000 -1.8344e+000 -3.7656e+000 -1.9972e-001 -3.4195e+000 -4.6873e+000 +3.0905e+000 -2.9265e+000 +2.8614e+000 +3.4134e+000 -2.1659e+000 -4.0724e+000 +2.7585e+000 -2.8860e+000 +1.3758e+000
23 +9.172120846e+002 +9.172120846e+002 +9.329620846e+002 +9.329620846e+002 -1.3839e+000 -3.0869e+000 +2.4712e+000 -4.0394e+000 -3.4371e+000 -7.1351e-001 -2.9205e+000 +4.5561e+000 -3.8112e+000 -4.4025e+000 -4.6385e+000 -2.0159e+000 -7.5926e-001 -3.5152e+000 -2.5187e+000 +2.3434e+000 +1.0854e+000 -1.0041e+000 -2.1870e-002 +4.0014e+000
87 +6.137193978e+002 +6.137193978e+002 +6.294693978e+002 +6.294693978e+002 -5.8128e+000 -3.0078e+000 +4.6294e+000 +6.1525e-001 -7.5956e-001 +1.3115e+000 -4.6190e+000 -1.9420e+000 -4.7982e-002 -1.0071e+000 -5.9063e+000 -2.6129e+000 -3.2022e+000 -3.3408e+000 +3.1518e+000 -5.9777e+000 +7.3514e+000 +2.5905e+000 -2.6499e+000 -2.2496e+000
425 +3.523721135e+002 +3.523721135e+002 +3.681221135e+002 +3.681221135e+002 +2.7876e+000 -2.0916e+000 +2.0142e+000 +3.4685e+000 +6.4410e-001 -2.2749e+000 -5.6231e+000 +3.4740e+000 -4.8048e+000 -2.5648e-001 -4.8710e+000 +4.3049e-001 -2.3348e+000 -7.5615e+000 +1.9820e+000 -3.6870e+000 -5.9269e+000 +2.9477e+000 +9.9583e-001 +4.1547e-001
465 +1.749018246e+002 +1.749018246e+002 +1.906518246e+002 +1.906518246e+002 +2.6818e+000 -2.0194e+000 +1.8716e+000 +5.1081e+000 -6.1748e-001 -1.0501e+000 -5.7149e+000 +5.4210e-001 -1.9668e+000 -3.8560e+000 -4.6100e+000 -1.7186e-001 -8.5579e-001 -4.7665e+000 +4.5485e+000 -3.6228e+000 -3.2565e-001 +1.4045e+000 -7.7501e-001 -1.8440e+000
886 +1.426309339e+002 +1.426309339e+002 +1.583809339e+002 +1.583809339e+002 +2.5279e+000 -2.0329e+000 +1.8518e+000 +5.2059e+000 -5.9814e-001 -9.7392e-001 -5.2761e+000 +5.1099e-001 -1.2052e+000 -3.7435e+000 -4.6281e+000 -2.9062e-001 -8.5924e-001 -5.5994e+000 +4.5395e+000 -3.7094e+000 -6.7648e-001 +1.3685e+000 -7.0197e-001 -9.5235e-001
1123 +6.849546468e+001 +6.849546468e+001 +8.424546468e+001 +8.424546468e+001 +4.7144e+000 -1.8687e+000 +2.1893e+000 +3.7955e+000 -5.6622e-001 -8.4835e-001 -5.3466e+000 -3.4190e-001 -2.0391e-001 -4.5194e+000 -4.1533e+000 +9.1376e-001 -5.6939e-001 -5.1898e+000 +2.4040e+000 -3.3014e+000 -1.8923e-001 +1.6425e+000 -1.7144e+000 -1.0059e+000
1488 +5.800401147e+001 +5.800401147e+001 +7.375401147e+001 +7.375401147e+001 +5.7676e+000 -1.8080e+000 +2.3664e+000 +3.2983e+000 +2.8534e-002 -1.1561e+000 -5.2011e+000 -1.3531e+000 +4.6493e-001 -4.7685e+000 -4.0159e+000 +1.3404e+000 -4.4742e-001 -4.9776e+000 +1.3070e+000 -2.8264e+000 -5.1825e-003 +1.5890e+000 -2.0219e+000 -8.6653e-001
2271 +3.969561031e+001 +3.969561031e+001 +5.544561031e+001 +5.544561031e+001 +3.2314e+000 -2.1298e+000 +1.5043e+000 +3.0627e+000 -1.1247e-001 -9.6530e-001 -4.0720e+000 -1.0193e+000 -1.2281e+000 -3.4213e+000 -2.4361e+000 +1.1492e+000 -9.0888e-001 -5.6426e+000 +2.1974e+000 -2.5095e+000 -6.0777e-001 +1.7274e+000 -1.4653e+000 -6.1460e-001
5225 +2.478653764e+001 +2.478653764e+001 +4.053653764e+001 +4.053653764e+001 +3.6991e+000 -1.7925e+000 +1.9198e+000 +1.4748e+000 -5.4097e-002 -1.0139e+000 -4.1833e+000 -2.8778e-002 -1.4885e+000 -3.1739e+000 -2.2830e+000 +1.0525e+000 -1.0790e+000 -5.2374e+000 +2.0942e+000 -1.1482e+000 -7.2517e-001 +1.9466e+000 -1.6728e+000 -1.1514e+000
