% function evaluation | noise-free fitness - Fopt (1.238300000000e+002) | best noise-free fitness - Fopt | measured fitness | best measured fitness | x1 | x2...
1 +1.140537037e+007 +1.140537037e+007 +1.140549420e+007 +1.140549420e+007 +1.4016e+001 +1.1649e+001 +5.0578e+000 +1.1890e+001 +9.8156e+000 +1.4723e+001 +1.0292e+001 +1.0652e+001 +7.5806e+000 +9.7709e+000
3 +8.681162485e+006 +8.681162485e+006 +8.681286315e+006 +8.681286315e+006 +1.2975e+001 +7.7204e+000 +7.2940e+000 +7.4996e+000 +6.6854e+000 +5.2327e+000 +1.1245e+001 +6.9402e+000 +1.1575e+001 +9.8062e+000
51 +3.966322182e+006 +3.966322182e+006 +3.966446012e+006 +3.966446012e+006 +7.7636e+000 +1.0378e+001 +5.0329e+000 +8.4764e+000 +1.1255e+001 +6.1399e+000 +7.3117e+000 +7.0046e+000 +7.6366e+000 +6.1439e+000
211 +1.979019596e+006 +1.979019596e+006 +1.979143426e+006 +1.979143426e+006 +8.8594e+000 +5.7590e+000 +5.6005e+000 +6.3291e+000 +1.0986e+001 +6.8547e+000 +6.7573e+000 +5.4999e+000 +5.9824e+000 +3.0381e+000
302 +4.284276820e+005 +4.284276820e+005 +4.285515120e+005 +4.285515120e+005 +6.1609e+000 +4.1486e+000 -2.3882e+000 +3.8263e+000 +3.4910e+000 +1.8712e+000 +5.0288e+000 +4.2435e+000 +8.3075e+000 +5.9952e+000
423 +3.302752212e+005 +3.302752212e+005 +3.303990512e+005 +3.303990512e+005 +9.1307e+000 +2.3457e+000 -9.1463e+000 -2.0636e+000 +3.0260e+000 +6.9234e+000 -1.1409e+000 +1.3273e+000 +8.4040e+000 +2.5805e+000
431 +1.349841789e+005 +1.349841789e+005 +1.351080089e+005 +1.351080089e+005 +6.2048e+000 +2.3792e+000 -2.7025e+000 +7.6816e+000 +4.3000e+000 +1.0122e+001 -2.0123e+000 +1.1352e-002 +4.2085e+000 -6.6590e+000
618 +5.315468526e+004 +5.315468526e+004 +5.327851526e+004 +5.327851526e+004 +7.4747e+000 +1.8966e+000 -5.3726e+000 +1.2016e+000 +5.5640e+000 +8.8157e+000 +1.0255e+000 +4.7608e-001 +7.3545e+000 -6.9893e-001
1106 +1.750033364e+004 +1.750033364e+004 +1.762416364e+004 +1.762416364e+004 +7.6112e+000 +3.0437e+000 -4.0487e+000 +3.4830e+000 +3.5411e+000 +6.5551e+000 -5.1859e-002 -6.4075e-001 +2.9768e+000 -2.0644e+000
1543 +1.483435605e+004 +1.483435605e+004 +1.495818605e+004 +1.495818605e+004 +6.0048e+000 +1.3775e+000 -2.7565e+000 +4.4130e+000 +3.6274e+000 +2.5744e+000 +2.4937e+000 -1.4182e+000 +4.2838e+000 -3.3001e+000
1966 +9.741735493e+003 +9.741735493e+003 +9.865565493e+003 +9.865565493e+003 +4.6118e+000 +2.2327e+000 -3.5580e+000 +2.9733e+000 +2.6600e+000 +3.3593e+000 +2.7989e+000 -1.6705e+000 +3.0153e+000 -1.9322e+000
2066 +6.052245267e+003 +6.052245267e+003 +6.176075267e+003 +6.176075267e+003 +3.6156e+000 +6.2609e-001 -3.5580e+000 +2.9733e+000 +2.6600e+000 +3.3593e+000 +2.4709e-001 -1.6705e+000 +3.0153e+000 -1.9322e+000
2482 +3.936322815e+003 +3.936322815e+003 +4.060152815e+003 +4.060152815e+003 +2.4984e+000 +3.1223e-001 -2.3753e+000 +1.1625e+000 +1.1341e+000 +2.6170e+000 -7.2385e-001 -2.5306e-002 +2.6794e+000 -1.8921e+000
% function evaluation | noise-free fitness - Fopt (4.751000000000e+001) | best noise-free fitness - Fopt | measured fitness | best measured fitness | x1 | x2...
1 +4.803299602e+006 +4.803299602e+006 +4.803347112e+006 +4.803347112e+006 +1.4522e+001 +1.3555e+001 +7.9455e+000 +8.5019e+000 +1.1367e+001 +1.0451e+001 +8.9353e+000 +5.5196e+000 +6.0417e+000 +6.9716e+000
70 +2.145109997e+006 +2.145109997e+006 +2.145157507e+006 +2.145157507e+006 +8.9509e+000 +8.7940e+000 +6.9388e+000 +6.5280e+000 +5.2721e+000 +1.2755e+001 +7.8774e+000 +8.1089e+000 +5.5432e+000 +3.9930e+000
194 +1.125453763e+006 +1.125453763e+006 +1.125501273e+006 +1.125501273e+006 +6.3636e+000 +6.9067e+000 +6.8747e+000 +1.5995e+000 -8.1925e-002 +4.7986e+000 +3.0785e+000 +1.0024e+001 +1.3835e+001 +3.9301e+000
244 +5.354784461e+005 +5.354784461e+005 +5.355259561e+005 +5.355259561e+005 +1.6715e+001 +1.0592e+001 +6.8747e+000 +5.0613e+000 +5.9722e+000 +4.7986e+000 +3.0785e+000 +1.0024e+001 +1.3835e+001 +9.0622e-001
358 +2.282924271e+005 +2.282924271e+005 +2.283399371e+005 +2.283399371e+005 +1.1339e+001 +8.2910e+000 +3.4721e+000 +3.8176e+000 +2.5122e+000 +8.4879e+000 +9.8174e-001 +2.1751e+000 +1.8040e+001 -6.2963e+000
491 +8.601462346e+004 +8.601462346e+004 +8.606213346e+004 +8.606213346e+004 +9.2121e+000 +9.5590e+000 +6.2430e-001 +5.6759e+000 +2.0140e-001 +5.2820e+000 -5.2071e+000 +6.6455e+000 +1.3147e+001 -3.7917e+000
638 +5.169355019e+004 +5.169355019e+004 +5.174106019e+004 +5.174106019e+004 +1.2761e+001 +1.0031e+001 +5.4143e+000 +4.8480e+000 +3.3712e+000 +4.8768e+000 -1.7506e+000 +5.7848e+000 +7.9560e+000 -2.8135e+000
662 +2.971700734e+004 +2.971700734e+004 +2.976451734e+004 +2.976451734e+004 +4.6415e+000 +5.7639e+000 -1.2898e+000 +2.4003e+000 +4.1399e+000 +2.4316e+000 -6.5058e-001 -5.6524e-004 +8.5228e+000 -9.1816e-001
1091 +1.446763356e+004 +1.446763356e+004 +1.451514356e+004 +1.451514356e+004 +1.7873e+001 +9.7972e+000 +6.2430e-001 +2.4950e+000 +2.4242e+000 +5.2820e+000 -5.2071e+000 +7.0466e+000 +1.9287e+001 -2.6398e+000
1100 +6.649123025e+003 +6.649123025e+003 +6.696633025e+003 +6.696633025e+003 +1.1720e+001 +8.1522e+000 +3.1677e+000 +4.1660e+000 +3.6977e+000 +4.6019e+000 -1.3654e+000 +2.6735e+000 +1.0477e+001 -4.4388e+000
1582 +6.192432917e+003 +6.192432917e+003 +6.239942917e+003 +6.239942917e+003 +1.1313e+001 +8.0146e+000 -7.3159e-001 +4.0519e+000 +3.1332e+000 +4.1718e+000 -3.5550e+000 +2.5173e+000 +9.7481e+000 -2.4697e+000
1809 +3.223969249e+003 +3.223969249e+003 +3.271479249e+003 +3.271479249e+003 +9.9994e+000 +6.7057e+000 +1.2158e+000 +2.8622e+000 +2.5788e+000 +3.9012e+000 -3.6766e+000 +4.3630e+000 +1.1360e+001 -1.8293e+000
2147 +1.493079788e+003 +1.493079788e+003 +1.540589788e+003 +1.540589788e+003 +1.4865e+001 +9.0679e+000 +1.2324e+000 +4.6486e+000 +1.2702e+000 +3.9636e+000 -4.7969e+000 +3.1476e+000 +1.6462e+001 -3.9562e+000
% function evaluation | noise-free fitness - Fopt (5.534000000000e+001) | best noise-free fitness - Fopt | measured fitness | best measured fitness | x1 | x2...
1 +2.053098473e+007 +2.053098473e+007 +2.053104007e+007 +2.053104007e+007 +1.0513e+001 +9.4367e+000 +1.1881e+001 +6.0989e+000 +6.7560e+000 +1.3640e+001 +5.1493e+000 +8.2478e+000 +1.3128e+001 +1.4329e+001
5 +1.511476494e+007 +1.511476494e+007 +1.511482028e+007 +1.511482028e+007 +5.2968e+000 +7.0207e+000 +7.6737e+000 +7.6211e+000 +5.6997e+000 +9.7083e+000 +9.2636e+000 +6.0150e+000 +1.4718e+001 +1.1131e+001
43 +7.933378413e+006 +7.933378413e+006 +7.933433753e+006 +7.933433753e+006 +7.6377e+000 +5.7224e+000 +7.3007e+000 +5.3241e+000 +8.0611e+000 +1.4637e+001 +5.7042e+000 +1.4109e+001 +6.1514e+000 +7.9959e+000
124 +5.722426463e+006 +5.722426463e+006 +5.722481803e+006 +5.722481803e+006 +9.0986e+000 +5.8767e+000 +1.1293e+001 +1.1921e+001 +8.2119e+000 +1.0502e+001 +3.9215e+000 +1.2461e+001 +4.7207e+000 +1.0886e+001
227 +3.641716831e+006 +3.641716831e+006 +3.641772171e+006 +3.641772171e+006 +6.5526e+000 +6.7616e+000 -1.2218e+000 +9.3485e+000 +3.3680e+000 +8.8837e+000 +4.7769e+000 +9.7440e+000 +5.5371e+000 +9.9498e+000
274 +2.174022706e+006 +2.174022706e+006 +2.174078046e+006 +2.174078046e+006 +7.9046e+000 +1.1857e+000 +1.1293e+001 +1.0410e+001 +8.2119e+000 +1.0502e+001 +1.4615e+000 +1.2461e+001 +4.7207e+000 +1.0563e+001
397 +9.668863981e+005 +9.668863981e+005 +9.669417381e+005 +9.669417381e+005 +5.6754e+000 -2.9713e+000 +3.6638e+000 +6.4370e+000 -8.2393e+000 +7.0844e+000 +6.3385e+000 +5.1321e+000 +6.9455e+000 +6.6357e+000
593 +3.407334887e+005 +3.407334887e+005 +3.407888287e+005 +3.407888287e+005 +1.0308e+001 -2.9436e+000 +1.0282e+001 +2.6247e+000 -1.7148e-001 +6.6078e+000 -2.1320e+000 +4.6186e+000 +2.9758e-001 +1.2618e+001
745 +1.861411067e+005 +1.861411067e+005 +1.861964467e+005 +1.861964467e+005 +1.0477e+001 -4.3666e+000 +1.3297e+001 +7.5654e+000 -6.5916e+000 +8.7465e+000 -6.4238e+000 +7.0466e+000 +4.8162e+000 +4.8707e+000
893 +5.306185539e+004 +5.306185539e+004 +5.311719539e+004 +5.311719539e+004 +6.1347e+000 -7.6180e+000 +1.5275e+001 +2.6247e+000 +7.5816e-001 +6.6078e+000 -3.2655e+000 +4.6186e+000 +2.9758e-001 +8.5393e+000
966 +2.132363131e+004 +2.132363131e+004 +2.137897131e+004 +2.137897131e+004 +3.6396e+000 -4.6287e+000 +1.2443e+001 +2.5902e+000 +6.2829e-001 +3.3937e+000 -1.5619e+000 +4.8523e+000 -5.3253e-001 +7.9221e+000
1313 +1.402000210e+004 +1.402000210e+004 +1.407534210e+004 +1.407534210e+004 +4.3174e+000 -8.8939e+000 +1.4004e+001 +4.5629e+000 +1.1924e+000 +1.0073e+001 -1.1868e+000 +6.6653e+000 +1.8973e+000 +1.0885e+001
1691 +6.628160155e+003 +6.628160155e+003 +6.683500155e+003 +6.683500155e+003 +5.6595e+000 -7.7876e+000 +1.1392e+001 +5.8477e+000 +1.1825e+000 +6.2728e+000 -1.8435e+000 +6.4899e+000 -2.5328e-001 +7.5301e+000
1873 +6.254209120e+003 +6.254209120e+003 +6.309549120e+003 +6.309549120e+003 +4.0465e+000 -3.7547e+000 +6.9742e+000 +3.4468e+000 -1.1044e+000 +9.3385e+000 -3.3168e+000 +1.5029e+000 +1.0631e+000 +2.6146e+000
1887 +2.354948535e+003 +2.354948535e+003 +2.410288535e+003 +2.410288535e+003 +4.3093e+000 -1.0196e+001 +1.4449e+001 +6.2828e+000 +2.1709e-001 +9.1642e+000 -4.3742e-002 +5.7389e+000 +7.5462e-001 +1.0512e+001
% function evaluation | noise-free fitness - Fopt (-9.033000000000e+001) | best noise-free fitness - Fopt | measured fitness | best measured fitness | x1 | x2...
1 +4.988991520e+007 +4.988991520e+007 +4.988982487e+007 +4.988982487e+007 +1.4973e+001 +1.1211e+001 +5.2533e+000 +9.9781e+000 +5.4993e+000 +1.0200e+001 +1.1774e+001 +7.4459e+000 +6.2726e+000 +6.9625e+000
9 +2.570062555e+007 +2.570062555e+007 +2.570053522e+007 +2.570053522e+007 +5.1875e+000 +7.7854e+000 +9.4725e+000 +1.2926e+001 +1.3682e+001 +1.4212e+001 +5.1641e+000 +6.9492e+000 +6.4716e+000 +5.3102e+000
15 +2.285738081e+007 +2.285738081e+007 +2.285729048e+007 +2.285729048e+007 +5.4621e+000 +9.4098e+000 +5.2840e+000 +6.1955e+000 +5.8218e+000 +9.7835e+000 +5.7824e+000 +9.7177e+000 +1.1941e+001 +1.0387e+001
63 +1.483102806e+007 +1.483102806e+007 +1.483093773e+007 +1.483093773e+007 +4.1274e+000 +7.0340e+000 +1.3473e+001 +1.3731e+001 +5.4029e+000 +2.7261e+000 +1.1399e+001 +7.1741e+000 +6.1184e+000 +3.4242e+000
212 +8.966757717e+006 +8.966757717e+006 +8.966667387e+006 +8.966667387e+006 +6.2660e+000 +4.4665e+000 +4.2040e+000 +6.8262e+000 +7.6512e+000 +9.9325e+000 +7.9476e+000 +1.2128e+001 +7.5274e+000 -5.0811e-001
310 +5.142181778e+006 +5.142181778e+006 +5.142091448e+006 +5.142091448e+006 +4.4610e+000 +7.7660e+000 +3.9681e+000 +5.8055e+000 +7.2251e+000 +9.0727e+000 +7.7204e+000 +4.6332e+000 +6.7558e+000 +4.5570e-001
324 +3.440307901e+006 +3.440307901e+006 +3.440217571e+006 +3.440217571e+006 +2.7264e+000 +7.9836e+000 +9.2635e+000 +7.8385e+000 +7.1846e+000 -2.8607e-002 +4.9254e+000 -6.7980e-001 +6.1780e+000 -7.1070e+000
380 +1.487418835e+006 +1.487418835e+006 +1.487328505e+006 +1.487328505e+006 +2.4087e+000 +4.7972e+000 +6.2320e+000 +1.0718e+001 +7.8979e+000 -1.6030e+000 +5.9876e+000 -8.7976e-001 -3.0599e+000 -2.7438e+000
551 +6.924966174e+005 +6.924966174e+005 +6.924062874e+005 +6.924062874e+005 +3.8524e+000 +6.6657e+000 +5.2571e+000 +3.0607e-001 +5.0153e+000 -2.6720e+000 -8.0794e-001 -5.0342e-001 +7.6515e+000 -2.6538e+000
651 +4.357885722e+005 +4.357885722e+005 +4.356982422e+005 +4.356982422e+005 +3.8524e+000 +1.8106e+000 +6.1495e+000 -5.4073e+000 +3.5723e+000 +4.0074e+000 +5.1590e+000 -5.0342e-001 -1.2177e+000 -2.6538e+000
684 +3.652811763e+005 +3.652811763e+005 +3.651908463e+005 +3.651908463e+005 +2.3579e+000 +6.8185e+000 +3.2445e+000 -1.3429e+000 +5.7729e+000 +2.5061e-001 +3.1907e+000 +6.0859e+000 -2.5930e+000 -1.4788e+000
844 +2.176166644e+005 +2.176166644e+005 +2.175263344e+005 +2.175263344e+005 +3.3901e+000 +2.7938e+000 +7.4705e+000 -1.8025e-001 +2.6930e+000 -8.3628e-001 +2.2107e+000 -2.1718e+000 -4.7942e-001 -2.6146e+000
846 +1.013789097e+005 +1.013789097e+005 +1.012885797e+005 +1.012885797e+005 +1.6727e+000 +3.9087e+000 +8.2282e-001 -1.3377e+000 +1.5340e+000 +2.0664e+000 -3.8192e+000 -3.5971e+000 +8.4744e-001 -4.4999e+000
847 +9.219668623e+004 +9.219668623e+004 +9.210635623e+004 +9.210635623e+004 -3.4921e-001 +3.4752e+000 +2.5164e+000 +8.7636e-001 -2.0022e+000 +4.8731e-001 +2.5186e+000 -1.0049e+000 +4.0492e-001 +5.5193e+000
1044 +5.748195890e+003 +5.748195890e+003 +5.657865890e+003 +5.657865890e+003 +2.5376e+000 +7.2989e-001 +1.9000e+000 -5.2143e-001 -1.7367e-001 +1.8061e+000 +1.7578e+000 -2.5924e+000 -7.6213e-001 -6.0674e-001
1575 +3.063030712e+003 +3.063030712e+003 +2.972700712e+003 +2.972700712e+003 +4.9932e-001 +2.2897e+000 +4.3901e-001 -2.1095e+000 -1.3594e+000 -1.8054e+000 +1.5285e+000 -5.1121e-001 -8.5248e-001 +1.4761e+000
1734 +2.098519155e+003 +2.098519155e+003 +2.008189155e+003 +2.008189155e+003 -4.4077e-001 +1.3039e+000 +5.7805e-001 -4.9466e-001 -1.2367e+000 -1.5150e+000 -9.4637e-001 -1.2435e+000 -7.1060e-001 -1.2745e+000
1996 +8.978650874e+002 +8.978650874e+002 +8.075350874e+002 +8.075350874e+002 -9.5682e-001 +2.7481e-001 -1.2892e+000 +5.1732e-001 +2.6833e-001 +2.4967e-001 -1.3072e-001 -1.5349e+000 -4.8402e-001 -4.9558e-001
2127 +5.224401661e+002 +5.224401661e+002 +4.321101661e+002 +4.321101661e+002 -3.4820e-002 +2.1138e-001 -4.5704e-001 -8.8262e-001 -6.0005e-001 +7.8427e-002 -5.6385e-002 -1.8582e+000 -3.5299e-001 +7.6491e-001
2177 +2.991785502e+002 +2.991785502e+002 +2.088485502e+002 +2.088485502e+002 -3.4820e-002 +5.9778e-001 -3.3764e-001 -8.8262e-001 -6.0005e-001 +7.8427e-002 -5.6385e-002 -1.8582e+000 -6.3266e-001 +5.0461e-001
2321 +2.158444208e+002 +2.158444208e+002 +1.255144208e+002 +1.255144208e+002 +7.5494e-001 +3.5332e-001 -1.0984e-001 -5.8506e-001 +7.2278e-002 +5.4287e-001 -4.4378e-001 -8.7507e-001 +4.8436e-001 -4.4999e-001
% function evaluation | noise-free fitness - Fopt (6.561000000000e+001) | best noise-free fitness - Fopt | measured fitness | best measured fitness | x1 | x2...
1 +3.053504125e+007 +3.053504125e+007 +3.053510686e+007 +3.053510686e+007 +9.3789e+000 +1.2033e+001 +1.2810e+001 +1.4529e+001 +1.0164e+001 +9.8627e+000 +1.0295e+001 +1.2776e+001 +6.7442e+000 +1.3331e+001
7 +2.042183583e+007 +2.042183583e+007 +2.042190144e+007 +2.042190144e+007 +1.0272e+001 +5.9795e+000 +9.8845e+000 +1.2088e+001 +1.1186e+001 +1.2338e+001 +6.3344e+000 +7.8740e+000 +1.4554e+001 +5.5432e+000
16 +1.151512505e+007 +1.151512505e+007 +1.151519066e+007 +1.151519066e+007 +5.2035e+000 +7.7410e+000 +1.0187e+001 +7.7807e+000 +1.1080e+001 +8.2949e+000 +6.6373e+000 +1.3390e+001 +5.5759e+000 +9.3110e+000
29 +6.628485363e+006 +6.628485363e+006 +6.628550973e+006 +6.628550973e+006 +7.1536e+000 +6.2774e+000 +9.2584e+000 +9.5092e+000 +5.7109e+000 +7.3072e+000 +7.0080e+000 +1.0734e+001 +6.4388e+000 +5.9785e+000
146 +5.787236198e+006 +5.787236198e+006 +5.787301808e+006 +5.787301808e+006 +8.9397e+000 +6.6177e+000 +4.7530e+000 +2.9626e+000 +4.8023e+000 +1.3549e+001 +6.5523e+000 +1.2148e+001 +6.3788e+000 +1.2377e+001
266 +3.627699190e+006 +3.627699190e+006 +3.627764800e+006 +3.627764800e+006 +9.5565e+000 +5.5278e+000 +4.3977e+000 +7.1830e+000 +7.6229e+000 +8.2949e+000 -2.6612e-001 +8.8777e+000 +6.3337e+000 +2.3952e+000
494 +2.321538834e+006 +2.321538834e+006 +2.321604444e+006 +2.321604444e+006 +1.1023e+001 +6.4956e+000 +4.0022e+000 -7.5969e-001 +4.0686e+000 +1.2852e+001 +3.7853e+000 +5.1777e+000 +6.8116e+000 +6.3958e+000
595 +1.178153879e+006 +1.178153879e+006 +1.178219489e+006 +1.178219489e+006 +5.8196e+000 +4.6771e+000 +7.4026e+000 +1.9523e+000 -9.3589e-001 +7.0540e+000 +3.2837e+000 +5.2880e+000 +6.6464e+000 +2.4130e+000
603 +8.782615424e+005 +8.782615424e+005 +8.783271524e+005 +8.783271524e+005 +6.1772e+000 +5.7468e+000 +6.3726e+000 +1.0428e-001 +1.2470e+000 +3.4912e+000 +3.7984e+000 +3.7058e+000 +4.8184e+000 +7.1095e+000
751 +5.911664524e+005 +5.911664524e+005 +5.912320624e+005 +5.912320624e+005 +2.8456e+000 +7.1988e+000 -1.3926e+000 -9.3759e-001 +3.8292e+000 +4.1195e+000 +5.7016e-001 +8.9884e+000 +3.2591e+000 +2.9735e+000
802 +3.343738116e+005 +3.343738116e+005 +3.344394216e+005 +3.344394216e+005 +6.4076e+000 +6.4626e+000 -2.4607e+000 -7.1122e+000 +5.1733e+000 +3.5225e+000 +3.4413e+000 +4.7182e-001 -8.5650e-001 +1.3466e+000
959 +1.503174384e+005 +1.503174384e+005 +1.503830484e+005 +1.503830484e+005 +5.9302e+000 +2.2065e+000 -1.0230e+000 +1.5022e+000 +2.3828e+000 +5.5963e-001 -7.1683e-002 +4.8876e+000 -3.1468e-001 +2.1670e+000
1152 +6.129559265e+004 +6.129559265e+004 +6.136120265e+004 +6.136120265e+004 +1.9443e+000 +3.2563e+000 -6.1783e-001 -2.5043e-001 +5.6295e-001 +7.7600e+000 -2.2257e+000 +4.0825e+000 +1.6883e+000 +3.6723e+000
1175 +2.224430306e+004 +2.224430306e+004 +2.230991306e+004 +2.230991306e+004 +2.4438e+000 +3.2351e+000 -2.7412e+000 -2.6298e+000 +4.2282e+000 +9.5376e+000 -8.2296e-001 +2.9820e+000 -1.9567e+000 +2.1746e+000
1351 +9.564394155e+003 +9.564394155e+003 +9.630004155e+003 +9.630004155e+003 +3.0002e+000 +2.0887e+000 -2.2707e+000 -2.7758e+000 +2.2838e+000 +4.8198e+000 -7.7477e-001 +1.4423e+000 -1.5637e+000 +7.8244e-002
1698 +5.384361641e+003 +5.384361641e+003 +5.449971641e+003 +5.449971641e+003 +3.4112e+000 -1.4542e+000 -6.0449e+000 -1.1217e+000 +1.8396e+000 +6.8071e+000 -1.4396e+000 +1.3320e+000 +3.4666e-001 +9.6182e-001
1855 +3.002235366e+003 +3.002235366e+003 +3.067845366e+003 +3.067845366e+003 +2.2331e+000 -9.6062e-001 -6.1498e+000 -1.3068e+000 +3.0435e+000 +4.4299e+000 -1.2258e+000 +1.9926e+000 -1.8377e+000 +1.9678e+000
1859 +2.428925895e+003 +2.428925895e+003 +2.494535895e+003 +2.494535895e+003 -1.0494e+000 +8.4994e-001 -6.2725e-001 -4.7638e+000 +1.9196e+000 +5.7625e+000 -1.8983e+000 +1.7599e+000 -1.3648e-001 +1.1828e+000
2126 +1.520770922e+003 +1.520770922e+003 +1.586380922e+003 +1.586380922e+003 +1.9800e+000 +3.5736e-001 -1.5507e+000 +8.1900e-001 +1.9291e+000 +3.3306e+000 -6.1344e-001 +3.1478e-001 -7.1512e-001 -4.6387e-001
2308 +9.284426380e+002 +9.284426380e+002 +9.940526380e+002 +9.940526380e+002 +9.1898e-001 +8.0742e-001 -7.6234e-001 -2.9028e+000 +5.1093e-001 +2.7319e+000 -3.5036e-001 +3.9720e-001 +1.1318e+000 +9.4447e-001
% function evaluation | noise-free fitness - Fopt (-1.536000000000e+001) | best noise-free fitness - Fopt | measured fitness | best measured fitness | x1 | x2...
1 +5.334273908e+007 +5.334273908e+007 +5.334272372e+007 +5.334272372e+007 +1.3819e+001 +1.3517e+001 +6.2460e+000 +1.3668e+001 +5.7963e+000 +7.4793e+000 +1.0107e+001 +1.1809e+001 +1.0605e+001 +1.0226e+001
9 +3.845353638e+007 +3.845353638e+007 +3.845352102e+007 +3.845352102e+007 +7.1852e+000 +1.3733e+001 +8.4519e+000 +8.4739e+000 +9.2117e+000 +9.7804e+000 +8.2810e+000 +5.5636e+000 +1.2336e+001 +1.1468e+001
25 +2.029823982e+007 +2.029823982e+007 +2.029822446e+007 +2.029822446e+007 +1.0684e+001 +1.1937e+001 +1.4907e+001 +1.0579e+001 +6.8924e+000 +5.3267e+000 +5.6613e+000 +6.0180e+000 +5.1393e+000 +9.4745e+000
146 +1.330895341e+007 +1.330895341e+007 +1.330893805e+007 +1.330893805e+007 +8.0904e+000 +7.1902e+000 +1.0828e+001 +5.7847e+000 +3.0194e-001 +2.5858e+000 +5.5755e+000 +5.7218e+000 +1.7786e+001 +1.2981e+001
192 +9.737304017e+006 +9.737304017e+006 +9.737288657e+006 +9.737288657e+006 +1.0568e+001 +7.5679e+000 +7.9296e+000 +3.8900e+000 +4.5400e+000 +5.9289e+000 +9.0262e+000 +6.9991e+000 +1.1264e+000 +1.0175e+001
273 +4.386149219e+006 +4.386149219e+006 +4.386133859e+006 +4.386133859e+006 +5.9590e+000 +5.3423e-001 +7.9255e+000 +8.4724e+000 -2.3801e-001 +3.6313e+000 +8.7966e+000 +9.5194e+000 +1.0105e+001 -4.1540e-001
361 +2.825413359e+006 +2.825413359e+006 +2.825397999e+006 +2.825397999e+006 +5.2551e+000 +7.0640e+000 +5.0496e+000 -1.0908e+000 +4.0315e-001 +5.4924e+000 +8.9645e+000 +6.2470e+000 +2.4495e+000 +8.5250e+000
450 +1.725761190e+006 +1.725761190e+006 +1.725745830e+006 +1.725745830e+006 +3.3602e+000 +4.0446e+000 +1.0338e+001 +8.1244e-001 +1.3758e-002 +4.2871e+000 +6.0297e+000 +9.1027e+000 +3.5727e+000 +4.7189e+000
519 +7.312408274e+005 +7.312408274e+005 +7.312254674e+005 +7.312254674e+005 +5.4348e+000 +2.3134e+000 +4.3971e+000 -7.5308e+000 -9.0400e-001 +5.8528e+000 +7.0411e+000 +2.7322e+000 -4.6966e-001 +7.1075e+000
569 +5.000981250e+005 +5.000981250e+005 +5.000827650e+005 +5.000827650e+005 +5.4348e+000 +3.4363e+000 +4.3971e+000 -3.1587e+000 -3.1023e+000 +5.8528e+000 +3.8892e+000 +3.1649e+000 -4.6966e-001 +7.1075e+000
737 +3.917230477e+005 +3.917230477e+005 +3.917076877e+005 +3.917076877e+005 +6.8795e+000 +7.9901e-001 +1.9202e+000 +3.4110e+000 -5.9937e+000 +2.2356e+000 +6.0446e+000 +3.0029e+000 +3.2935e+000 +8.3583e-002
841 +1.467600098e+005 +1.467600098e+005 +1.467446498e+005 +1.467446498e+005 -7.1304e+000 -1.2256e+000 +7.0714e+000 +2.5848e+000 +8.6953e-001 +1.0808e+000 -2.4952e+000 +4.2641e+000 +4.1975e+000 -2.5942e+000
919 +9.977317752e+004 +9.977317752e+004 +9.975781752e+004 +9.975781752e+004 +1.8222e-001 +1.3032e+000 -1.5580e+000 -3.1587e+000 -3.1023e+000 +8.4086e-001 +1.9489e+000 +3.1649e+000 -5.5100e-001 +7.1075e+000
1158 +4.984599829e+004 +4.984599829e+004 +4.983063829e+004 +4.983063829e+004 +1.2385e+000 +1.0532e+000 +1.0227e+000 -4.4385e+000 -9.1893e-001 -1.7877e+000 +3.1568e+000 +3.3126e+000 -3.7820e-001 +2.1258e+000
1243 +3.087308035e+004 +3.087308035e+004 +3.085772035e+004 +3.085772035e+004 -1.1931e+001 +3.2434e+000 +6.2777e+000 +6.4609e+000 +3.4633e+000 +7.1057e-002 -4.7703e+000 +1.4972e+000 +9.2873e-001 -2.2876e-001
1453 +2.487489631e+004 +2.487489631e+004 +2.485953631e+004 +2.485953631e+004 +6.0958e+000 -1.7832e+000 -1.6898e+000 -9.0782e-001 -2.0953e+000 +3.3195e+000 +9.6746e-001 +8.6994e-001 -6.1686e-001 -2.8154e+000
1604 +8.175131851e+003 +8.175131851e+003 +8.159771851e+003 +8.159771851e+003 -1.5020e+000 -9.5393e-001 +1.7599e+000 +1.4022e+000 +1.1206e+000 -1.2005e+000 -3.3795e+000 +2.5898e+000 +1.1102e+000 +1.3986e+000
1823 +5.797848978e+003 +5.797848978e+003 +5.782488978e+003 +5.782488978e+003 -6.8616e-001 +2.4400e+000 +3.3213e+000 +3.8613e+000 +2.8467e+000 -1.9627e+000 -1.5051e+000 +1.2299e+000 +9.0167e-001 +2.6633e+000
2546 +3.511963252e+003 +3.511963252e+003 +3.496603252e+003 +3.496603252e+003 -4.6012e+000 +1.7585e+000 +2.3927e+000 +2.5294e+000 +1.7938e+000 +1.1431e+000 -2.3644e-001 -3.8865e-001 -2.0104e-001 +6.1654e-002
% function evaluation | noise-free fitness - Fopt (-1.318000000000e+001) | best noise-free fitness - Fopt | measured fitness | best measured fitness | x1 | x2...
1 +3.275898426e+007 +3.275898426e+007 +3.275897108e+007 +3.275897108e+007 +7.9008e+000 +7.3369e+000 +1.4825e+001 +1.3775e+001 +1.4025e+001 +7.0116e+000 +1.0008e+001 +1.4639e+001 +6.1802e+000 +1.3600e+001
5 +1.995722451e+007 +1.995722451e+007 +1.995721133e+007 +1.995721133e+007 +1.4529e+001 +1.2465e+001 +1.2621e+001 +5.9058e+000 +9.2107e+000 +6.0699e+000 +5.2684e+000 +1.3799e+001 +5.5970e+000 +7.0778e+000
19 +1.028345026e+007 +1.028345026e+007 +1.028343708e+007 +1.028343708e+007 +8.9238e+000 +9.0788e+000 +6.5295e+000 +1.0425e+001 +1.3137e+001 +1.4391e+001 +5.0399e+000 +7.3907e+000 +1.0767e+001 +6.2931e+000
21 +7.893641013e+006 +7.893641013e+006 +7.893627833e+006 +7.893627833e+006 +6.8183e+000 +5.0459e+000 +7.6428e+000 +1.0781e+001 +1.1100e+001 +5.3557e+000 +5.1154e+000 +6.3892e+000 +8.3031e+000 +1.0560e+001
71 +4.103226230e+006 +4.103226230e+006 +4.103213050e+006 +4.103213050e+006 +4.2315e+000 +5.6724e+000 +7.6428e+000 +8.4905e+000 +8.3541e+000 +5.3557e+000 +5.1154e+000 +6.3892e+000 +8.3031e+000 +7.1179e+000
291 +3.882145512e+006 +3.882145512e+006 +3.882132332e+006 +3.882132332e+006 +1.0987e+001 +8.3176e+000 +5.1336e+000 +4.8600e+000 +5.0502e+000 +1.4948e+001 +5.9939e+000 +6.3167e+000 +5.7798e+000 +7.1275e+000
341 +2.480388978e+006 +2.480388978e+006 +2.480375798e+006 +2.480375798e+006 +1.0987e+001 +4.5491e+000 -3.4808e+000 +4.0900e+000 +1.1757e+001 +1.6114e+001 +5.6818e+000 +6.3167e+000 +4.9736e+000 +9.8946e+000
565 +1.150458337e+006 +1.150458337e+006 +1.150445157e+006 +1.150445157e+006 +6.1022e+000 +7.8765e+000 +1.6745e+000 +4.9152e+000 +1.0165e+001 +5.4759e+000 +5.7692e+000 +1.5037e+000 +7.0714e+000 +4.2245e+000
594 +4.157761188e+005 +4.157761188e+005 +4.157629388e+005 +4.157629388e+005 +3.4570e+000 +1.3680e+000 +3.4816e+000 +4.7436e+000 +7.0707e+000 +4.8981e+000 +3.5675e+000 +6.3848e+000 +6.9962e-001 +7.0160e-001
755 +3.040492646e+005 +3.040492646e+005 +3.040360846e+005 +3.040360846e+005 +4.8072e+000 +2.0383e+000 +3.7923e+000 +2.5655e+000 +7.3725e+000 +5.5128e+000 +6.5568e+000 +9.7815e-001 +2.4599e+000 +3.1895e+000
954 +1.406271053e+005 +1.406271053e+005 +1.406139253e+005 +1.406139253e+005 +6.9173e+000 +1.4842e+000 -1.9805e+000 +1.5955e+000 +4.3425e+000 +5.7596e+000 +5.2680e+000 +1.9561e-001 +1.2884e+000 +2.1223e+000
1027 +6.454600908e+004 +6.454600908e+004 +6.453282908e+004 +6.453282908e+004 +2.6633e+000 +6.4470e-001 -1.4901e-001 +2.6911e+000 +4.0446e+000 +7.2609e+000 +1.3566e+000 -5.9457e-001 +6.6441e+000 -2.1266e-001
1080 +3.493219709e+004 +3.493219709e+004 +3.491901709e+004 +3.491901709e+004 +6.1269e+000 -8.0481e-001 +1.0765e+000 +8.3481e-001 +5.6159e+000 +3.8323e+000 -4.6531e-001 -6.2105e-001 +1.4031e+000 +5.1820e-001
1273 +2.486369748e+004 +2.486369748e+004 +2.485051748e+004 +2.485051748e+004 +4.8893e+000 -1.3701e+000 -1.3862e+000 +2.7342e+000 +3.6262e+000 +7.0702e+000 +2.8315e+000 -2.0106e+000 +1.7025e+000 +1.4278e+000
1408 +1.558038701e+004 +1.558038701e+004 +1.556720701e+004 +1.556720701e+004 +2.2918e+000 +1.2206e+000 +3.0454e+000 +2.3435e+000 +7.0989e-001 +2.1111e+000 +2.4409e+000 +3.1034e-001 +1.0042e+000 +9.7804e-002
1469 +4.736784873e+003 +4.736784873e+003 +4.723604873e+003 +4.723604873e+003 -9.6555e-001 -7.9651e-001 -1.7433e+000 +2.4269e+000 +9.7865e-001 +1.1279e+000 +1.9121e+000 -1.6046e+000 +5.6690e-001 +1.3526e+000
1883 +2.358807070e+003 +2.358807070e+003 +2.345627070e+003 +2.345627070e+003 +4.9700e+000 -9.6049e-001 -2.4380e+000 -1.3493e+000 +4.9472e+000 +1.8520e+000 -1.2530e+000 -5.4175e+000 +3.6742e-001 +2.5406e+000
1994 +8.351166187e+002 +8.351166187e+002 +8.219366187e+002 +8.219366187e+002 +1.0685e+000 -2.1180e+000 -1.4378e+000 -2.4193e-001 +3.6324e+000 +5.6341e+000 +7.3608e-001 -3.0947e+000 +1.5711e+000 +6.1879e-001
% function evaluation | noise-free fitness - Fopt (-6.052000000000e+001) | best noise-free fitness - Fopt | measured fitness | best measured fitness | x1 | x2...
1 +3.452481699e+007 +3.452481699e+007 +3.452475647e+007 +3.452475647e+007 +7.6169e+000 +1.4049e+001 +1.2035e+001 +8.6560e+000 +1.2728e+001 +1.4421e+001 +7.9815e+000 +1.2190e+001 +1.0251e+001 +5.9056e+000
5 +2.309101110e+007 +2.309101110e+007 +2.309095058e+007 +2.309095058e+007 +1.3100e+001 +6.5057e+000 +1.1787e+001 +1.3854e+001 +1.2632e+001 +1.4483e+001 +7.4660e+000 +1.3716e+001 +5.0669e+000 +6.0241e+000
8 +1.567367563e+007 +1.567367563e+007 +1.567361511e+007 +1.567361511e+007 +1.3850e+001 +9.1029e+000 +6.7239e+000 +8.7059e+000 +6.0170e+000 +7.4285e+000 +8.5068e+000 +1.1739e+001 +1.3885e+001 +5.7925e+000
65 +7.589856746e+006 +7.589856746e+006 +7.589796226e+006 +7.589796226e+006 +5.5070e+000 +1.1540e+001 +4.6444e+000 +7.3703e+000 +8.6355e+000 +1.0070e+001 +6.2061e+000 +8.2093e+000 +4.8103e+000 +7.1601e+000
99 +6.283356736e+006 +6.283356736e+006 +6.283296216e+006 +6.283296216e+006 +7.6178e+000 +1.1290e+001 +7.1618e+000 +1.1471e+001 +5.9444e+000 +8.1330e+000 +3.9319e+000 +5.5899e+000 +6.3297e+000 +5.3909e+000
178 +3.398835844e+006 +3.398835844e+006 +3.398775324e+006 +3.398775324e+006 +8.5057e+000 +8.6728e+000 +4.5920e+000 +6.2377e+000 +7.1081e+000 +3.2133e+000 +5.5312e+000 +5.2636e+000 +2.8848e+000 +5.2788e+000
370 +2.078789254e+006 +2.078789254e+006 +2.078728734e+006 +2.078728734e+006 +5.2778e+000 +1.7603e+000 -1.3535e+000 +1.0465e+001 +5.3609e+000 +9.2741e+000 +8.3809e+000 +8.5772e+000 +1.4108e+001 +2.6201e+000
372 +7.323357678e+005 +7.323357678e+005 +7.322752478e+005 +7.322752478e+005 +4.3066e+000 +2.5632e+000 -1.5989e+000 +2.8785e+000 +4.1906e+000 +5.7669e+000 +6.3381e+000 +3.4320e+000 +1.0658e+001 +4.4868e+000
421 +2.670344513e+005 +2.670344513e+005 +2.669739313e+005 +2.669739313e+005 +4.9640e+000 +2.0692e+000 +1.9191e+000 +2.9865e+000 +5.0159e+000 +6.1415e+000 +6.2161e+000 +2.8163e+000 +6.7243e+000 -1.9697e+000
723 +2.355795704e+005 +2.355795704e+005 +2.355190504e+005 +2.355190504e+005 +4.4826e+000 +3.5094e+000 +3.7720e+000 +5.1569e+000 +3.0018e+000 -4.5993e-001 +2.9494e+000 +2.4981e-001 +4.4590e+000 +1.2061e+000
761 +1.404889775e+005 +1.404889775e+005 +1.404284575e+005 +1.404284575e+005 +9.2587e-001 -4.2054e+000 -2.0943e+000 +1.2539e+001 +7.0270e+000 +4.8996e+000 +3.9860e+000 +5.4865e-001 +4.1430e+000 -1.0764e+000
942 +2.642792354e+004 +2.642792354e+004 +2.636740354e+004 +2.636740354e+004 +2.1390e+000 -4.0457e+000 -1.4285e+000 +1.0036e+001 +4.3212e+000 +1.0769e+000 +4.3737e+000 +1.0423e+000 +8.1364e+000 -1.5449e+000
1440 +1.130961785e+004 +1.130961785e+004 +1.124909785e+004 +1.124909785e+004 -1.6553e-001 -2.4590e+000 -1.0848e+000 +6.4358e+000 +3.9102e+000 +1.5186e+000 +3.7214e+000 +7.8178e-001 +2.4628e+000 -7.9386e-001
1661 +9.016499074e+003 +9.016499074e+003 +8.955979074e+003 +8.955979074e+003 +1.9191e+000 -1.7165e+000 -2.0943e+000 +6.9419e+000 +2.4289e+000 +1.9664e+000 +3.9860e+000 +1.4212e+000 +5.6604e+000 -1.0764e+000
1927 +5.555051341e+003 +5.555051341e+003 +5.494531341e+003 +5.494531341e+003 +9.9443e-001 -5.3392e+000 -2.6750e+000 +1.4179e+001 +2.9604e+000 +1.8052e+000 +3.1054e+000 +1.7316e+000 +1.1390e+001 -9.9319e+000
1962 +3.318400590e+003 +3.318400590e+003 +3.257880590e+003 +3.257880590e+003 +2.0699e+000 -6.2040e+000 -3.8169e+000 +1.4830e+001 +3.3093e+000 -9.1033e-003 +2.5706e+000 +1.4160e+000 +1.0253e+001 -8.5532e+000
2037 +1.564192457e+003 +1.564192457e+003 +1.503672457e+003 +1.503672457e+003 +2.6770e+000 -4.5695e+000 -2.4993e+000 +1.2733e+001 +3.6944e+000 +1.1630e+000 +1.5396e+000 +1.1271e+000 +1.0362e+001 -8.5493e+000
% function evaluation | noise-free fitness - Fopt (1.844000000000e+002) | best noise-free fitness - Fopt | measured fitness | best measured fitness | x1 | x2...
1 +8.864672861e+006 +8.864672861e+006 +8.864857261e+006 +8.864857261e+006 +6.2804e+000 +1.2536e+001 +8.3515e+000 +6.7930e+000 +7.9395e+000 +5.3752e+000 +5.2574e+000 +1.3731e+001 +5.1889e+000 +5.3991e+000
57 +4.599781775e+006 +4.599781775e+006 +4.599966175e+006 +4.599966175e+006 +2.9567e+000 +7.2928e+000 +6.3026e+000 +4.2992e+000 +1.0014e+001 +4.0928e+000 +6.1222e+000 +5.7819e+000 +1.2389e+001 +6.4216e+000
72 +3.947682919e+006 +3.947682919e+006 +3.947867319e+006 +3.947867319e+006 +6.5120e+000 +7.1759e+000 +1.9394e+000 +5.2701e+000 +8.3202e+000 +5.4515e+000 +7.4562e+000 +6.4009e+000 +8.6184e+000 +1.3010e+001
222 +2.325689669e+006 +2.325689669e+006 +2.325874069e+006 +2.325874069e+006 +2.8425e-001 +6.2353e+000 +1.9394e+000 +9.8230e+000 +6.0540e+000 +5.4515e+000 +7.4562e+000 +6.4009e+000 +8.6184e+000 +4.0802e+000
411 +1.055732414e+006 +1.055732414e+006 +1.055916814e+006 +1.055916814e+006 -1.6844e+000 +5.7950e+000 +8.8370e+000 +6.1862e+000 +3.6973e+000 +3.2300e+000 +7.7236e+000 +5.5619e+000 +9.2857e+000 +9.1369e+000
418 +9.109224435e+005 +9.109224435e+005 +9.111068435e+005 +9.111068435e+005 +9.0758e-001 -7.4753e-001 +1.6396e+000 +8.4589e+000 +5.6070e+000 +7.0062e+000 +5.3417e+000 +8.2027e+000 +7.7058e+000 +9.6605e+000
484 +5.115215362e+005 +5.115215362e+005 +5.117059362e+005 +5.117059362e+005 -8.0285e+000 -3.6989e+000 +5.8317e+000 +1.1025e+001 +3.7752e+000 +7.2775e+000 +7.3222e+000 +8.2524e+000 +5.1818e-001 +1.1359e+001
495 +2.124268186e+005 +2.124268186e+005 +2.126112186e+005 +2.126112186e+005 -5.3625e+000 +5.4409e-001 +1.5414e+000 +7.2036e+000 +3.7499e+000 +3.7728e+000 +4.7416e+000 +4.6748e+000 -8.7877e-001 +6.2258e+000
764 +1.399735341e+005 +1.399735341e+005 +1.401579341e+005 +1.401579341e+005 -1.8621e+000 -1.2317e+000 +5.8341e+000 +4.7208e+000 +4.4525e+000 +1.3489e+000 +8.5350e+000 +5.7472e+000 +4.0525e+000 +1.2609e+001
1113 +7.239113364e+004 +7.239113364e+004 +7.257553364e+004 +7.257553364e+004 -4.4530e+000 -2.5642e+000 +3.9858e+000 +5.8774e+000 +1.4459e+000 +4.8502e+000 +5.8664e+000 +7.1610e+000 +1.3646e+000 +7.3142e+000
1252 +2.615249295e+004 +2.615249295e+004 +2.633689295e+004 +2.633689295e+004 -2.1172e+000 -5.3489e+000 +1.2718e+000 +6.3643e+000 +3.5426e-001 +1.5412e+000 +5.2240e+000 +5.7141e+000 +3.5746e+000 +5.8880e+000
1452 +2.255410075e+004 +2.255410075e+004 +2.273850075e+004 +2.273850075e+004 -2.3949e+000 -4.2217e+000 -2.4170e-001 +5.1974e+000 +3.5426e-001 +1.5412e+000 +5.2240e+000 +5.7141e+000 +3.1619e+000 +6.1017e+000
1815 +1.545053990e+004 +1.545053990e+004 +1.563493990e+004 +1.563493990e+004 -3.7615e+000 -2.3440e+000 +4.2314e+000 +3.4357e+000 -7.3013e-001 -3.6228e-001 +1.6351e+000 +4.6098e+000 +2.3448e+000 +4.7802e+000
1963 +7.799741470e+003 +7.799741470e+003 +7.984141470e+003 +7.984141470e+003 -1.1794e+000 -1.8338e+000 +4.9930e-001 +3.3634e+000 -9.3633e-001 -8.3057e-001 +3.6174e+000 +2.4489e+000 +2.2995e+000 +4.7198e+000
% function evaluation | noise-free fitness - Fopt (2.277700000000e+002) | best noise-free fitness - Fopt | measured fitness | best measured fitness | x1 | x2...
1 +2.730020173e+007 +2.730020173e+007 +2.730042950e+007 +2.730042950e+007 +1.1640e+001 +1.2217e+001 +1.1277e+001 +1.4691e+001 +1.0720e+001 +1.3027e+001 +8.0183e+000 +1.3793e+001 +1.2182e+001 +5.4849e+000
3 +5.629039535e+006 +5.629039535e+006 +5.629267305e+006 +5.629267305e+006 +5.6229e+000 +5.8681e+000 +7.4918e+000 +5.1563e+000 +1.0155e+001 +5.0868e+000 +8.2842e+000 +1.3607e+001 +7.6735e+000 +7.4549e+000
222 +3.176546927e+006 +3.176546927e+006 +3.176774697e+006 +3.176774697e+006 +4.1902e+000 +9.4852e+000 +6.9162e+000 +6.3495e+000 +5.0406e+000 +1.7150e+000 +9.3126e+000 +8.2685e+000 +6.4348e+000 +8.8684e+000
253 +2.405838331e+006 +2.405838331e+006 +2.406066101e+006 +2.406066101e+006 +5.6229e+000 +8.2272e+000 +6.4759e+000 +9.0219e+000 +6.4983e+000 +4.0916e+000 +1.5448e+000 +9.1733e+000 +7.6735e+000 +8.1959e+000
332 +1.471794554e+006 +1.471794554e+006 +1.472022324e+006 +1.472022324e+006 -3.3699e+000 +1.3029e+001 +8.0260e+000 +7.0580e+000 +1.3055e+001 +3.7364e+000 +6.6229e-001 +1.9022e+000 +6.5463e+000 +1.0992e+001
399 +9.165304889e+005 +9.165304889e+005 +9.167582589e+005 +9.167582589e+005 +3.6871e+000 +7.3933e+000 +1.1944e+000 +1.0493e+001 +1.8144e+001 -2.2830e+000 -4.9113e-001 +2.7032e+000 +5.5731e+000 +3.0592e+000
499 +5.561480767e+005 +5.561480767e+005 +5.563758467e+005 +5.563758467e+005 -2.5669e+000 +7.3933e+000 +1.1944e+000 +1.0493e+001 +1.8942e+001 -3.2072e+000 -4.9113e-001 +1.1280e+001 +4.4107e+000 +3.0592e+000
547 +3.113132944e+005 +3.113132944e+005 +3.115410644e+005 +3.115410644e+005 -1.1524e+000 +1.1245e+001 -4.8948e-001 +4.5095e+000 +1.2701e+001 +6.6742e+000 -4.2917e+000 +7.3758e+000 +1.3143e+000 +4.9439e+000
770 +8.077372167e+004 +8.077372167e+004 +8.100149167e+004 +8.100149167e+004 -4.5321e+000 +3.6529e+000 +5.5493e+000 +7.4932e+000 +1.7598e+001 -2.6936e+000 +2.5466e+000 +5.1763e+000 -2.8286e+000 +9.6983e+000
954 +4.171239925e+004 +4.171239925e+004 +4.194016925e+004 +4.194016925e+004 -6.6730e+000 +5.2893e+000 -3.6197e-001 +8.0486e+000 +1.8670e+001 +3.5488e+000 +1.4474e-001 +8.4892e+000 +2.7299e+000 +5.4487e+000
1116 +3.068146021e+004 +3.068146021e+004 +3.090923021e+004 +3.090923021e+004 +8.8136e-001 +1.9040e+000 +5.4465e-002 +3.7990e+000 +1.1466e+001 +8.9145e-001 -4.9995e-001 +4.2953e-001 -3.3601e+000 +1.7463e+000
1259 +1.750411860e+004 +1.750411860e+004 +1.773188860e+004 +1.773188860e+004 -2.4824e+000 +4.3057e+000 +2.9324e+000 +2.6614e+000 +6.0180e+000 +1.4144e+000 -1.8551e+000 +1.2372e+000 +5.8720e-001 +5.1468e+000
1321 +1.266221386e+004 +1.266221386e+004 +1.288998386e+004 +1.288998386e+004 -1.4090e-001 +2.6566e+000 -8.0190e-001 +3.1950e+000 +5.3890e+000 +2.8408e+000 -2.3838e+000 +6.9484e-001 +6.8325e-001 +5.2775e+000
1652 +6.808603437e+003 +6.808603437e+003 +7.036373437e+003 +7.036373437e+003 -1.5404e+000 +3.4675e+000 +1.5620e+000 +4.0938e+000 +5.2496e+000 -1.3554e+000 +1.5437e+000 +2.4346e+000 -2.0206e+000 +4.1263e+000
1723 +4.034689245e+003 +4.034689245e+003 +4.262459245e+003 +4.262459245e+003 -3.0521e+000 +2.1917e+000 +6.1581e-001 +1.2393e+000 +4.9612e+000 -1.0538e+000 -3.7386e-001 -5.0360e-001 -9.4229e-001 +3.5248e+000
2150 +3.381872332e+003 +3.381872332e+003 +3.609642332e+003 +3.609642332e+003 -2.2440e+000 +2.7100e+000 +5.3068e-001 +3.8397e+000 +3.5724e+000 -7.8090e-001 -1.7064e+000 +2.8681e+000 +1.6001e+000 +2.8388e+000
2252 +2.059150217e+003 +2.059150217e+003 +2.286920217e+003 +2.286920217e+003 -2.5428e+000 +2.3836e+000 +1.5620e+000 +3.3292e+000 +7.5992e+000 -1.3554e+000 +1.6284e+000 +2.4346e+000 -2.0206e+000 +4.4609e+000
% function evaluation | noise-free fitness - Fopt (9.640000000000e+001) | best noise-free fitness - Fopt | measured fitness | best measured fitness | x1 | x2...
1 +1.266928540e+007 +1.266928540e+007 +1.266938180e+007 +1.266938180e+007 +7.9861e+000 +6.7586e+000 +7.7038e+000 +7.0431e+000 +6.9133e+000 +1.4775e+001 +1.2038e+001 +6.8203e+000 +7.5212e+000 +1.1050e+001
12 +9.336234175e+006 +9.336234175e+006 +9.336330575e+006 +9.336330575e+006 +1.1349e+001 +9.8976e+000 +8.2831e+000 +6.8042e+000 +8.8127e+000 +9.1651e+000 +6.1452e+000 +5.3432e+000 +1.2601e+001 +8.6045e+000
76 +5.258410527e+006 +5.258410527e+006 +5.258506927e+006 +5.258506927e+006 +2.8732e+000 +6.7084e+000 +7.1036e+000 +1.1364e+001 +1.3300e+001 +5.7246e+000 +8.4419e+000 +5.5762e+000 +6.9129e+000 +7.9700e+000
254 +3.746992779e+006 +3.746992779e+006 +3.747089179e+006 +3.747089179e+006 +6.5920e+000 +7.9935e+000 +5.3529e+000 +7.3099e+000 +5.3490e+000 +5.4236e+000 +5.6313e+000 +7.7315e+000 +6.5598e+000 +1.0766e+001
311 +1.919531500e+006 +1.919531500e+006 +1.919627900e+006 +1.919627900e+006 +8.5749e+000 +6.1972e+000 +6.6494e+000 +6.0980e+000 +1.1320e+001 +1.1648e+001 +2.5691e+000 -8.3553e+000 +8.4995e+000 -9.7340e-001
401 +1.255508391e+006 +1.255508391e+006 +1.255604791e+006 +1.255604791e+006 +1.8818e+000 +5.4020e+000 +3.3229e+000 +3.8442e+000 +9.4680e+000 +6.5341e+000 +3.4643e+000 +4.8061e+000 +6.1800e+000 +6.6663e+000
461 +6.285510950e+005 +6.285510950e+005 +6.286474950e+005 +6.286474950e+005 +5.8104e-001 +8.2568e+000 -1.3930e+000 -1.5352e+000 +1.0710e+001 +1.1648e+001 +2.5691e+000 -8.3553e+000 +8.8907e+000 +3.4014e+000
675 +3.673458055e+005 +3.673458055e+005 +3.674422055e+005 +3.674422055e+005 +1.9476e+000 +3.8821e+000 +3.0410e+000 +3.3037e+000 +4.1634e+000 +2.6922e+000 +7.1906e+000 -1.2363e+000 +7.7632e+000 -8.5504e-001
783 +2.433122486e+005 +2.433122486e+005 +2.434086486e+005 +2.434086486e+005 +5.6467e+000 +6.6145e+000 -3.5854e+000 +1.3778e-001 +9.0303e+000 +3.9753e+000 +3.9516e+000 -3.3134e+000 +3.3340e+000 +2.0854e+000
832 +1.258007751e+005 +1.258007751e+005 +1.258971751e+005 +1.258971751e+005 -4.8669e-001 +7.4825e-001 -2.7841e+000 +8.2509e-001 +9.3470e+000 +8.5978e+000 +4.4027e+000 -1.2429e+001 +6.0574e+000 -2.7667e-001
994 +7.909605667e+004 +7.909605667e+004 +7.919245667e+004 +7.919245667e+004 +5.2698e-001 -2.4836e+000 -9.1646e-001 -9.4546e-001 +8.2462e+000 +1.0949e+001 +8.3159e+000 -5.1593e+000 +1.4329e+000 -2.8562e+000
1063 +5.422093618e+004 +5.422093618e+004 +5.431733618e+004 +5.431733618e+004 -9.4339e-001 -2.0511e+000 -1.6813e+000 -6.3934e-001 +8.3803e+000 +7.8931e+000 +4.0267e+000 -1.1765e+000 +4.8003e+000 -3.7038e+000
1179 +1.966522474e+004 +1.966522474e+004 +1.976162474e+004 +1.976162474e+004 +1.3750e+000 -1.0991e+000 +2.9167e+000 +5.9839e-001 +3.3713e+000 +4.4751e+000 +2.6403e+000 -1.8206e+000 +2.2490e+000 -5.0910e-001
1213 +9.182645692e+003 +9.182645692e+003 +9.279045692e+003 +9.279045692e+003 -9.4339e-001 -2.0511e+000 -3.8556e+000 -6.3934e-001 +1.1349e+001 +7.8931e+000 +4.0267e+000 -5.4207e+000 +3.5541e+000 -3.7038e+000
1811 +5.787903938e+003 +5.787903938e+003 +5.884303938e+003 +5.884303938e+003 +1.0389e+000 -2.8303e+000 -3.1297e+000 +1.0446e-002 +6.2462e+000 +3.9529e+000 +3.9304e+000 -2.8274e+000 +5.3566e-001 -3.1407e+000
1894 +2.201072425e+003 +2.201072425e+003 +2.297472425e+003 +2.297472425e+003 +1.7105e-001 -7.8778e-001 -2.4986e+000 -6.1157e-001 +7.0117e+000 +6.9716e+000 +4.6053e+000 -3.9051e+000 +1.8919e+000 -1.3579e+000
% function evaluation | noise-free fitness - Fopt (-9.045000000000e+001) | best noise-free fitness - Fopt | measured fitness | best measured fitness | x1 | x2...
1 +3.368608563e+007 +3.368608563e+007 +3.368599518e+007 +3.368599518e+007 +5.7627e+000 +1.1525e+001 +7.9513e+000 +1.2313e+001 +6.1629e+000 +1.2388e+001 +1.0693e+001 +1.2254e+001 +1.0864e+001 +1.4074e+001
4 +9.571029635e+006 +9.571029635e+006 +9.570939185e+006 +9.570939185e+006 +1.3806e+001 +9.5278e+000 +6.8148e+000 +7.5234e+000 +5.9804e+000 +9.7893e+000 +5.8804e+000 +6.9449e+000 +6.9587e+000 +6.0865e+000
152 +5.466473465e+006 +5.466473465e+006 +5.466383015e+006 +5.466383015e+006 +1.1891e+001 +8.1573e+000 +4.8992e+000 +1.0349e+001 +9.3982e-001 +7.9746e+000 +8.3234e+000 +6.7562e+000 +6.9027e+000 +4.6061e+000
270 +3.694629075e+006 +3.694629075e+006 +3.694538625e+006 +3.694538625e+006 +9.9119e+000 +5.0971e+000 +4.4707e+000 +8.7831e+000 +7.4589e+000 +6.3610e+000 +3.9212e+000 +8.3876e+000 -5.2645e+000 +4.5277e+000
423 +2.387293998e+006 +2.387293998e+006 +2.387203548e+006 +2.387203548e+006 +1.3902e+001 +2.3625e+000 +8.9323e+000 +3.5732e+000 +3.6771e+000 +4.9128e+000 +9.4160e+000 +3.6271e+000 +4.9656e-001 +3.5459e+000
478 +1.261876750e+006 +1.261876750e+006 +1.261786300e+006 +1.261786300e+006 +9.8703e-001 +3.6363e+000 +1.1893e+000 -1.5829e+000 +1.9717e-001 +1.0071e+001 +1.0232e+000 +3.0117e+000 +8.1521e+000 +3.4020e+000
578 +4.337469276e+005 +4.337469276e+005 +4.336564776e+005 +4.336564776e+005 +8.6539e-001 +3.6363e+000 +1.6641e+000 +9.3554e+000 +1.9717e-001 +4.3828e+000 +1.0232e+000 +3.0117e+000 -1.4652e+000 +2.2820e+000
637 +3.270808725e+005 +3.270808725e+005 +3.269904225e+005 +3.269904225e+005 +5.3047e+000 -5.4909e+000 +1.5318e+000 +1.0403e+001 -9.7552e-001 -2.2459e+000 +1.3983e+001 +1.8540e+000 +3.0244e+000 +5.0400e+000
692 +1.708794424e+005 +1.708794424e+005 +1.707889924e+005 +1.707889924e+005 -2.9179e-001 +1.0779e+000 +3.7944e+000 +5.8656e+000 +2.5879e+000 +2.7806e+000 +7.7566e+000 +1.8352e+000 -2.2654e+000 -4.9619e-001
732 +7.934479810e+004 +7.934479810e+004 +7.925434810e+004 +7.925434810e+004 +5.1552e+000 -1.1359e+000 +3.0428e+000 +5.3796e+000 +3.2257e+000 -6.6181e-001 +9.8049e+000 +4.6051e-002 +1.3771e+000 -2.9767e-001
922 +5.184485519e+003 +5.184485519e+003 +5.094035519e+003 +5.094035519e+003 -2.6461e-001 +2.4002e+000 +1.4872e+000 +1.1701e+000 -1.6363e+000 +2.0421e+000 -4.9601e-001 +6.8985e-001 +2.2466e-001 +1.3853e+000
1680 +2.231433875e+003 +2.231433875e+003 +2.140983875e+003 +2.140983875e+003 -1.0342e+000 -1.0152e+000 +1.0675e+000 +2.2392e+000 -1.3800e+000 -1.3170e+000 +3.6765e+000 -1.5950e+000 +1.8017e+000 +5.3692e-001
2436 +1.541136844e+003 +1.541136844e+003 +1.450686844e+003 +1.450686844e+003 +1.6662e+000 -1.8950e+000 -3.0994e-002 +1.2385e+000 -5.3608e-001 +7.1511e-001 +3.7328e+000 -2.8891e-001 +1.7828e-001 +1.8373e+000
% function evaluation | noise-free fitness - Fopt (3.995000000000e+001) | best noise-free fitness - Fopt | measured fitness | best measured fitness | x1 | x2...
1 +4.554450896e+007 +4.554450896e+007 +4.554454891e+007 +4.554454891e+007 +1.1926e+001 +9.5321e+000 +1.3739e+001 +8.8698e+000 +9.7341e+000 +1.4200e+001 +1.3301e+001 +1.0151e+001 +1.2264e+001 +9.0520e+000
3 +3.379972373e+007 +3.379972373e+007 +3.379976368e+007 +3.379976368e+007 +1.1292e+001 +1.3790e+001 +1.2941e+001 +1.3824e+001 +1.2455e+001 +1.0344e+001 +8.8077e+000 +8.1859e+000 +9.4544e+000 +6.9775e+000
6 +1.000067040e+007 +1.000067040e+007 +1.000071035e+007 +1.000071035e+007 +1.2406e+001 +6.7200e+000 +1.0274e+001 +1.3029e+001 +6.7960e+000 +5.0180e+000 +7.5827e+000 +7.1167e+000 +9.2063e+000 +7.2840e+000
98 +9.251008785e+006 +9.251008785e+006 +9.251048735e+006 +9.251048735e+006 +6.6359e+000 +1.4078e+001 +8.7638e+000 +7.5574e+000 +6.6817e+000 +3.6256e+000 +5.9698e+000 +5.3869e+000 +9.1408e+000 +9.6071e+000
147 +5.978101092e+006 +5.978101092e+006 +5.978141042e+006 +5.978141042e+006 +6.3352e+000 +8.0073e+000 +1.1145e+001 +7.3960e+000 +4.2347e+000 +3.3381e+000 +1.0777e+001 +4.0022e+000 +8.6600e+000 +7.8419e+000
292 +2.238383526e+006 +2.238383526e+006 +2.238423476e+006 +2.238423476e+006 +5.2991e+000 +7.4806e+000 +6.8172e+000 +8.5194e+000 +2.9855e+000 +4.5642e-001 +1.7408e+000 +1.0330e+001 +4.4133e+000 +4.7338e+000
312 +8.620886071e+005 +8.620886071e+005 +8.621285571e+005 +8.621285571e+005 +2.1637e+000 +8.5772e+000 +1.1324e+000 +6.7393e+000 +6.3578e-001 +7.7030e+000 +4.3196e+000 +3.6181e+000 +4.0308e+000 +6.7396e+000
578 +9.563246979e+004 +9.563246979e+004 +9.567241979e+004 +9.567241979e+004 +2.0425e+000 +2.2863e+000 +1.2324e+000 +3.8841e+000 +1.5024e+000 -1.8217e+000 +1.3729e+000 +1.4215e+000 +2.2389e+000 +5.3413e+000
764 +7.727040108e+003 +7.727040108e+003 +7.766990108e+003 +7.766990108e+003 -1.9120e-001 +8.5097e-001 -7.7953e-001 +3.1062e+000 -1.2191e+000 +1.6830e+000 -3.7474e-001 +1.3094e+000 -5.7301e-002 +2.2489e+000
1209 +5.400337322e+003 +5.400337322e+003 +5.440287322e+003 +5.440287322e+003 +2.5674e+000 -1.8203e+000 +1.9343e+000 -3.9409e+000 +1.1630e+000 -1.3307e+000 +7.2642e-001 +1.0922e+000 -2.2624e+000 -3.4605e+000
1244 +2.131698655e+003 +2.131698655e+003 +2.171648655e+003 +2.171648655e+003 -1.6290e+000 +3.0988e-001 +1.3913e+000 +5.5305e-001 +2.2588e-001 -1.6441e+000 -1.3194e+000 +6.2759e-001 +3.4318e-001 +7.5339e-001
1455 +1.430919334e+003 +1.430919334e+003 +1.470869334e+003 +1.470869334e+003 -1.3552e+000 +9.3658e-001 +2.7931e-001 +7.9973e-001 +5.2058e-001 +8.2394e-001 +4.2917e-001 +2.0869e-001 +1.3828e+000 +2.7881e+000
1785 +6.986585487e+002 +6.986585487e+002 +7.386085487e+002 +7.386085487e+002 -2.5711e-001 +1.0216e+000 +3.8263e-001 -8.7716e-002 -3.9267e-001 +1.1537e+000 +8.3415e-001 +8.8730e-001 -3.3025e-001 +1.4672e+000
1979 +4.580559021e+002 +4.580559021e+002 +4.980059021e+002 +4.980059021e+002 +9.7319e-001 +2.3342e-001 +1.2374e-001 -8.1275e-001 +4.8408e-001 -1.9133e-002 -1.8800e-001 -2.2878e-001 -6.8636e-001 -8.2868e-001
2012 +3.134673948e+002 +3.134673948e+002 +3.534173948e+002 +3.534173948e+002 -5.0125e-001 +7.8260e-003 +4.5201e-002 +4.3122e-001 +1.2690e+000 +1.1394e+000 -4.6408e-001 +2.4820e-001 +1.0486e+000 +4.3546e-001
2084 +1.731784651e+002 +1.731784651e+002 +2.131284651e+002 +2.131284651e+002 -3.4502e-001 -1.4776e-001 +6.8624e-002 -4.3039e-001 +8.6729e-001 +1.1389e+000 +1.5294e-001 -8.0171e-002 +4.8839e-001 +1.0819e+000
% function evaluation | noise-free fitness - Fopt (7.762000000000e+001) | best noise-free fitness - Fopt | measured fitness | best measured fitness | x1 | x2...
1 +4.130007115e+007 +4.130007115e+007 +4.130014877e+007 +4.130014877e+007 +9.1767e+000 +7.6552e+000 +1.3595e+001 +1.4017e+001 +1.0989e+001 +1.0771e+001 +9.6832e+000 +1.1099e+001 +1.2747e+001 +8.3674e+000
3 +3.229147399e+007 +3.229147399e+007 +3.229155161e+007 +3.229155161e+007 +1.3887e+001 +8.0365e+000 +1.1171e+001 +1.4444e+001 +7.6829e+000 +1.2182e+001 +1.2726e+001 +9.8917e+000 +1.0149e+001 +7.6793e+000
4 +1.967055398e+007 +1.967055398e+007 +1.967063160e+007 +1.967063160e+007 +9.5094e+000 +1.0741e+001 +1.4445e+001 +5.3152e+000 +1.1474e+001 +6.8243e+000 +1.2467e+001 +8.4933e+000 +8.8266e+000 +5.1839e+000
12 +1.374486420e+007 +1.374486420e+007 +1.374494182e+007 +1.374494182e+007 +9.3539e+000 +1.1718e+001 +5.0552e+000 +7.5796e+000 +7.7802e+000 +1.3492e+001 +1.3429e+001 +6.3485e+000 +6.1068e+000 +5.0696e+000
182 +6.144929807e+006 +6.144929807e+006 +6.145007427e+006 +6.145007427e+006 +1.0107e+001 +7.2313e+000 +6.4546e+000 +4.7194e+000 +1.2696e+001 +2.4590e+000 +1.0525e+001 +1.0050e+001 +4.9825e+000 +2.2465e+000
426 +3.116865968e+006 +3.116865968e+006 +3.116943588e+006 +3.116943588e+006 +9.4682e+000 +3.0512e+000 +3.7895e+000 +7.3289e+000 +4.1615e+000 +1.1595e+001 +4.6452e+000 +2.9403e+000 +7.0687e+000 +4.7702e+000
437 +2.396170777e+006 +2.396170777e+006 +2.396248397e+006 +2.396248397e+006 +1.1304e+001 +3.1255e+000 +4.1483e+000 +6.5837e+000 +4.9108e+000 +6.9321e+000 +4.4996e-001 +4.9676e+000 +6.1374e+000 +4.6295e+000
547 +1.500095030e+006 +1.500095030e+006 +1.500172650e+006 +1.500172650e+006 +1.0331e+001 +7.4623e+000 +5.7366e+000 +5.4416e+000 +4.9090e+000 -3.0066e+000 -1.0864e+000 +2.8552e+000 +4.3337e+000 +2.8442e+000
636 +4.920675044e+005 +4.920675044e+005 +4.921451244e+005 +4.921451244e+005 +7.3484e+000 +1.7878e+000 -4.2489e-001 +2.4872e+000 +6.8922e+000 +5.3685e+000 -1.5023e+000 -6.4528e+000 +4.5572e+000 +1.1505e+000
820 +9.361863858e+004 +9.361863858e+004 +9.369625858e+004 +9.369625858e+004 +6.3220e+000 +5.6156e+000 -9.2833e-001 +2.7435e+000 -2.8261e+000 +5.9258e+000 +3.2334e+000 -1.6182e-001 -1.2191e-001 +2.9015e+000
1043 +3.893761144e+004 +3.893761144e+004 +3.901523144e+004 +3.901523144e+004 +3.9607e+000 +7.1659e+000 -3.1663e+000 +3.0185e+000 +2.3549e+000 +5.3643e+000 +2.6098e+000 -3.2192e+000 -9.1770e-001 +6.9272e+000
1175 +2.133555958e+004 +2.133555958e+004 +2.141317958e+004 +2.141317958e+004 -2.4030e+000 -1.7118e+000 -7.4230e-001 +1.8738e+000 +2.0567e+000 +5.4919e-001 -1.1272e+000 +2.6916e+000 -5.5171e-002 +2.2043e+000
1246 +1.016881588e+004 +1.016881588e+004 +1.024643588e+004 +1.024643588e+004 +2.0578e+000 +8.4119e-001 -1.2786e+000 -6.1961e-002 -3.6878e+000 +2.7106e+000 -5.6332e-001 -4.2133e+000 -2.5496e+000 +1.7440e+000
1387 +5.768764071e+003 +5.768764071e+003 +5.846384071e+003 +5.846384071e+003 +1.2812e+000 +6.2011e+000 -4.2447e+000 +2.6845e+000 +1.2063e+000 +7.7395e-001 +5.3672e-003 -2.5663e+000 -1.4738e+000 +3.3376e+000
1877 +3.365266854e+003 +3.365266854e+003 +3.442886854e+003 +3.442886854e+003 +3.1046e+000 +3.1510e+000 -2.2197e+000 -3.9074e-001 +1.0519e+000 +5.3829e+000 +1.8513e+000 -5.5605e+000 -5.0667e-001 +3.9527e+000
2073 +2.362358233e+003 +2.362358233e+003 +2.439978233e+003 +2.439978233e+003 +9.9130e-001 +2.3752e+000 -4.1854e+000 +1.2133e+000 +5.0944e-001 +1.6157e+000 -3.0359e-001 -9.0635e-001 -1.0158e+000 +3.9023e+000
% function evaluation | noise-free fitness - Fopt (-1.092400000000e+002) | best noise-free fitness - Fopt | measured fitness | best measured fitness | x1 | x2...
1 +1.023860571e+007 +1.023860571e+007 +1.023849647e+007 +1.023849647e+007 +7.1053e+000 +8.3144e+000 +1.1405e+001 +1.1789e+001 +1.4977e+001 +7.0390e+000 +1.3539e+001 +1.1031e+001 +6.3009e+000 +8.3772e+000
3 +8.103998335e+006 +8.103998335e+006 +8.103889095e+006 +8.103889095e+006 +7.1521e+000 +6.6455e+000 +6.3528e+000 +6.8231e+000 +8.1196e+000 +1.3077e+001 +1.2443e+001 +9.6882e+000 +7.8687e+000 +6.6101e+000
26 +4.425986911e+006 +4.425986911e+006 +4.425877671e+006 +4.425877671e+006 +5.9371e+000 +6.2204e+000 +5.4114e+000 +1.0630e+001 +1.0064e+001 +6.6830e+000 +8.8868e+000 +1.2661e+001 +6.5089e+000 +6.4285e+000
82 +3.425729918e+006 +3.425729918e+006 +3.425620678e+006 +3.425620678e+006 +5.6795e+000 +3.5196e+000 +4.2097e+000 +1.0578e+001 +8.2112e+000 +9.0557e+000 +9.8828e+000 +1.0945e+001 +3.5821e+000 +6.5283e+000
319 +2.200845984e+006 +2.200845984e+006 +2.200736744e+006 +2.200736744e+006 +1.8090e+000 +8.5084e+000 +7.0833e+000 +8.7005e+000 +3.2568e-001 +7.0716e+000 +8.2059e+000 +8.7821e+000 +8.0012e+000 +2.5296e+000
368 +1.431188983e+006 +1.431188983e+006 +1.431079743e+006 +1.431079743e+006 -3.3676e+000 +7.3644e+000 +8.3203e+000 +1.2724e+001 +4.4275e+000 +1.0977e+001 +8.0791e+000 +1.0775e+001 +7.5763e+000 +4.6476e+000
456 +8.655531575e+005 +8.655531575e+005 +8.654439175e+005 +8.654439175e+005 +4.1237e+000 +3.5709e+000 +3.7316e+000 +8.0435e+000 +1.7353e+000 +3.5814e+000 +5.3659e+000 +9.6729e+000 +1.5576e+000 +4.9845e+000
556 +6.161427330e+005 +6.161427330e+005 +6.160334930e+005 +6.160334930e+005 -3.4506e-001 +3.5709e+000 +3.7316e+000 +9.6791e+000 +3.4959e+000 +3.2130e+000 +5.3659e+000 +9.6729e+000 +1.5576e+000 +4.9845e+000
643 +3.423560372e+005 +3.423560372e+005 +3.422467972e+005 +3.422467972e+005 +2.0375e+000 +9.0074e-001 +4.1899e+000 +3.9929e+000 +4.2190e+000 +3.0072e+000 +6.3246e+000 +8.4204e+000 -1.4948e+000 +3.6716e+000
726 +1.652447442e+005 +1.652447442e+005 +1.651355042e+005 +1.651355042e+005 -7.7166e+000 +4.1708e+000 +5.6562e+000 +4.8685e+000 +2.8887e+000 +1.0284e+001 +3.7035e+000 +8.4022e+000 +6.9532e-001 +3.7258e+000
762 +8.016796308e+004 +8.016796308e+004 +8.005872308e+004 +8.005872308e+004 -1.0426e+000 +6.9475e-001 +2.1350e+000 +3.9176e+000 -9.5618e-001 +6.1084e+000 +2.9244e+000 +4.1282e+000 +5.2689e+000 +3.0684e+000
983 +6.210814105e+004 +6.210814105e+004 +6.199890105e+004 +6.199890105e+004 -3.6566e+000 +2.4865e+000 +2.2561e+000 +3.8367e+000 +5.4888e+000 +2.0086e+000 +4.2548e+000 +8.7261e+000 +2.4933e+000 +1.6905e+000
1337 +2.763641766e+004 +2.763641766e+004 +2.752717766e+004 +2.752717766e+004 -8.7398e+000 +1.7434e+000 +1.5448e+000 +3.1995e+000 +3.0281e+000 +5.9498e+000 +2.3762e+000 +6.7594e+000 +2.0137e+000 +1.5098e+000
1583 +6.691699959e+003 +6.691699959e+003 +6.582459959e+003 +6.582459959e+003 -3.6566e+000 -8.5722e-001 +1.3376e+000 +3.8367e+000 +1.6015e+000 +1.2694e+000 +1.5800e+000 +4.4258e+000 +2.7530e+000 +3.8395e-003
1933 +5.209949004e+003 +5.209949004e+003 +5.100709004e+003 +5.100709004e+003 -3.6566e+000 -8.5722e-001 +1.3376e+000 +1.3174e+000 +2.0803e+000 +1.2694e+000 +1.2921e+000 +4.4258e+000 +3.0308e+000 +3.8395e-003
