% function evaluation | noise-free fitness - Fopt (-5.494000000000e+001) | best noise-free fitness - Fopt | measured fitness | best measured fitness | x1 | x2...
1 +3.247051568e+006 +3.247051568e+006 +3.246996628e+006 +3.246996628e+006 -1.8058e+000 -3.0642e+000 -2.8732e-002
4 +5.866417503e+004 +5.866417503e+004 +5.860923503e+004 +5.860923503e+004 -3.2033e-001 -2.1311e+000 -1.9917e+000
34 +1.491664496e+004 +1.491664496e+004 +1.486170496e+004 +1.486170496e+004 -4.6812e+000 +2.5521e-001 +2.7655e+000
62 +5.764985287e+003 +5.764985287e+003 +5.710045287e+003 +5.710045287e+003 -2.5084e+000 +2.8459e-001 +4.2626e+000
100 +1.250280333e+003 +1.250280333e+003 +1.195340333e+003 +1.195340333e+003 -1.8243e+000 +5.6370e-001 +5.0654e+000
311 +9.855093854e+002 +9.855093854e+002 +9.305693854e+002 +9.305693854e+002 -2.1969e+000 +1.5284e+000 +8.1528e+000
343 +2.067518914e+002 +2.067518914e+002 +1.518118914e+002 +1.518118914e+002 -1.7658e+000 +8.9539e-001 +6.2241e+000
467 +5.280323375e+001 +5.280323375e+001 -2.136766249e+000 -2.136766249e+000 -1.6825e+000 +1.2673e-001 +3.8306e+000
891 +2.345258021e+001 +2.345258021e+001 -3.148741979e+001 -3.148741979e+001 -1.6438e+000 -1.9018e-001 +2.8468e+000
% function evaluation | noise-free fitness - Fopt (5.913000000000e+001) | best noise-free fitness - Fopt | measured fitness | best measured fitness | x1 | x2...
1 +1.785341957e+007 +1.785341957e+007 +1.785347870e+007 +1.785347870e+007 +6.8403e-001 -3.7894e+000 -4.5008e+000
4 +2.611850340e+006 +2.611850340e+006 +2.611909470e+006 +2.611909470e+006 +7.6702e-001 -2.4299e+000 +2.5348e+000
6 +1.555928385e+005 +1.555928385e+005 +1.556519685e+005 +1.556519685e+005 -7.5016e-001 -1.4481e-003 +4.6730e+000
46 +2.178627746e+004 +2.178627746e+004 +2.184540746e+004 +2.184540746e+004 +1.4666e+000 +7.3574e-001 -3.7719e+000
70 +3.162527244e+003 +3.162527244e+003 +3.221657244e+003 +3.221657244e+003 +4.5293e+000 -7.3977e-001 -5.3655e+000
277 +1.138628968e+003 +1.138628968e+003 +1.197758968e+003 +1.197758968e+003 +3.0081e+000 -5.3038e-002 -4.8954e+000
387 +6.797574768e+002 +6.797574768e+002 +7.388874768e+002 +7.388874768e+002 +3.5103e+000 -2.0574e-002 -5.9318e+000
570 +3.019038186e+002 +3.019038186e+002 +3.610338186e+002 +3.610338186e+002 +3.9201e+000 -2.4865e-002 -6.9670e+000
572 +2.169844493e+002 +2.169844493e+002 +2.761144493e+002 +2.761144493e+002 +4.5310e+000 -4.0523e-001 -6.8191e+000
1049 +1.476170053e+002 +1.476170053e+002 +2.067470053e+002 +2.067470053e+002 +4.6881e+000 -4.3349e-001 -7.0149e+000
% function evaluation | noise-free fitness - Fopt (-4.915300000000e+002) | best noise-free fitness - Fopt | measured fitness | best measured fitness | x1 | x2...
1 +1.406722521e+005 +1.406722521e+005 +1.401807221e+005 +1.401807221e+005 -3.1049e+000 +3.4568e+000 -3.7980e+000
3 +1.947352565e+004 +1.947352565e+004 +1.898199565e+004 +1.898199565e+004 -1.2969e+000 +1.6006e+000 -3.4060e+000
74 +1.154542205e+004 +1.154542205e+004 +1.105389205e+004 +1.105389205e+004 -3.8650e+000 -2.8122e+000 +6.1524e-001
102 +5.166668586e+003 +5.166668586e+003 +4.675138586e+003 +4.675138586e+003 -3.0698e+000 -5.0304e+000 +1.0920e+000
254 +3.005057330e+003 +3.005057330e+003 +2.513527330e+003 +2.513527330e+003 -7.4856e+000 -4.2593e+000 +3.5972e+000
406 +1.393297348e+003 +1.393297348e+003 +9.017673483e+002 +9.017673483e+002 -5.7274e+000 -4.2169e+000 +2.4905e+000
603 +4.078806477e+002 +4.078806477e+002 -8.364935231e+001 -8.364935231e+001 -7.5985e+000 -5.6400e+000 +4.4197e+000
850 +1.546332939e+002 +1.546332939e+002 -3.368967061e+002 -3.368967061e+002 -6.9989e+000 -5.7519e+000 +4.0881e+000
% function evaluation | noise-free fitness - Fopt (-1.702000000000e+002) | best noise-free fitness - Fopt | measured fitness | best measured fitness | x1 | x2...
1 +3.383869131e+006 +3.383869131e+006 +3.383698931e+006 +3.383698931e+006 -2.4693e+000 +8.5487e-001 -1.4935e+000
12 +9.462006105e+005 +9.462006105e+005 +9.460304105e+005 +9.460304105e+005 +1.9664e+000 -2.2143e+000 -4.4953e+000
14 +1.914218732e+005 +1.914218732e+005 +1.912516732e+005 +1.912516732e+005 -1.8926e+000 -1.4027e+000 -1.9325e+000
17 +1.516467718e+005 +1.516467718e+005 +1.514765718e+005 +1.514765718e+005 -7.7397e-001 -4.6472e+000 +9.2543e-001
56 +5.536115361e+004 +5.536115361e+004 +5.519095361e+004 +5.519095361e+004 -2.2501e+000 -1.9617e+000 -2.1128e+000
63 +2.990506895e+004 +2.990506895e+004 +2.973486895e+004 +2.973486895e+004 -2.1643e+000 -3.6111e+000 +8.0367e-001
68 +1.933995719e+004 +1.933995719e+004 +1.916975719e+004 +1.916975719e+004 -8.8997e+000 +6.1103e+000 -4.4953e+000
106 +3.810799025e+003 +3.810799025e+003 +3.640599025e+003 +3.640599025e+003 -6.8412e+000 +4.4328e+000 -4.5493e+000
408 +8.230568862e+002 +8.230568862e+002 +6.528568862e+002 +6.528568862e+002 -5.4123e+000 +7.8512e-001 -1.4159e+000
740 +4.547725607e+002 +4.547725607e+002 +2.845725607e+002 +2.845725607e+002 -5.7086e+000 +2.2971e+000 -3.0623e+000
995 +2.078927143e+002 +2.078927143e+002 +3.769271433e+001 +3.769271433e+001 -3.6239e-001 -4.8333e+000 -1.3175e-001
% function evaluation | noise-free fitness - Fopt (-4.697500000000e+002) | best noise-free fitness - Fopt | measured fitness | best measured fitness | x1 | x2...
1 +4.850645467e+007 +4.850645467e+007 +4.850598492e+007 +4.850598492e+007 -3.9052e+000 -3.9739e+000 -2.9993e+000
3 +3.557362290e+007 +3.557362290e+007 +3.557315315e+007 +3.557315315e+007 -2.4678e+000 +4.0352e+000 +9.9138e-001
5 +1.572526513e+007 +1.572526513e+007 +1.572479538e+007 +1.572479538e+007 -3.2226e+000 +2.8177e+000 +4.4702e+000
6 +2.214162331e+004 +2.214162331e+004 +2.167187331e+004 +2.167187331e+004 +1.2217e+000 -2.4799e+000 +3.0005e+000
62 +2.225671297e+003 +2.225671297e+003 +1.755921297e+003 +1.755921297e+003 +3.3134e+000 -5.6920e+000 -1.5689e+000
385 +1.500413061e+003 +1.500413061e+003 +1.030663061e+003 +1.030663061e+003 +3.0943e+000 -5.4693e+000 -1.1210e+000
487 +2.783264831e+002 +2.783264831e+002 -1.914235169e+002 -1.914235169e+002 +1.4780e-001 -2.6471e+000 +3.9582e+000
764 +1.098465796e+002 +1.098465796e+002 -3.599034204e+002 -3.599034204e+002 -3.7962e-001 -2.0667e+000 +4.9524e+000
966 +2.714961069e+001 +2.714961069e+001 -4.426003893e+002 -4.426003893e+002 -4.7821e-001 -2.5263e+000 +4.8029e+000
% function evaluation | noise-free fitness - Fopt (1.999100000000e+002) | best noise-free fitness - Fopt | measured fitness | best measured fitness | x1 | x2...
1 +6.296384073e+006 +6.296384073e+006 +6.296583983e+006 +6.296583983e+006 +4.1578e+000 +1.2450e+000 +4.8261e+000
5 +6.104540319e+005 +6.104540319e+005 +6.106539419e+005 +6.106539419e+005 -1.8922e+000 +4.6497e+000 -1.2268e+000
27 +3.105285383e+005 +3.105285383e+005 +3.107284483e+005 +3.107284483e+005 -3.1505e+000 +2.0741e+000 +2.0944e+000
32 +1.717895070e+004 +1.717895070e+004 +1.737886070e+004 +1.737886070e+004 +2.0112e+000 +3.4106e+000 +4.6473e+000
86 +6.762270643e+003 +6.762270643e+003 +6.962180643e+003 +6.962180643e+003 -1.5330e-001 +1.0204e+000 +6.6972e+000
182 +6.254139480e+003 +6.254139480e+003 +6.454049480e+003 +6.454049480e+003 -2.8029e+000 -2.4813e+000 +9.5715e+000
544 +3.521908757e+003 +3.521908757e+003 +3.721818757e+003 +3.721818757e+003 -1.3686e+000 +5.2233e+000 -1.4002e-002
731 +2.191110040e+003 +2.191110040e+003 +2.391020040e+003 +2.391020040e+003 -4.7215e+000 +7.9582e+000 -6.1571e+000
741 +5.690778221e+002 +5.690778221e+002 +7.689878221e+002 +7.689878221e+002 -8.3814e-001 -1.1566e+000 +9.1537e+000
800 +3.580656172e+002 +3.580656172e+002 +5.579756172e+002 +5.579756172e+002 -1.4656e+000 +2.2347e+000 +4.0159e+000
879 +2.237571377e+002 +2.237571377e+002 +4.236671377e+002 +4.236671377e+002 -1.7296e+000 +2.0325e-001 +6.6243e+000
% function evaluation | noise-free fitness - Fopt (-4.296000000000e+002) | best noise-free fitness - Fopt | measured fitness | best measured fitness | x1 | x2...
1 +1.812377091e+007 +1.812377091e+007 +1.812334131e+007 +1.812334131e+007 +3.5810e+000 +9.5612e-001 -1.6142e+000
3 +5.834341457e+005 +5.834341457e+005 +5.830045457e+005 +5.830045457e+005 -2.2148e+000 -2.1407e+000 +1.2967e+000
8 +1.278462686e+005 +1.278462686e+005 +1.274166686e+005 +1.274166686e+005 +4.0513e+000 +4.8413e+000 +3.5162e+000
26 +3.580089633e+004 +3.580089633e+004 +3.537129633e+004 +3.537129633e+004 -7.1954e-001 -4.3499e-001 +1.1158e+000
35 +3.270222816e+003 +3.270222816e+003 +2.840622816e+003 +2.840622816e+003 +1.0415e+000 +4.4397e+000 +1.3955e+000
213 +1.494961670e+003 +1.494961670e+003 +1.065361670e+003 +1.065361670e+003 +1.3381e+000 +6.4245e+000 +1.2990e+000
367 +4.888949969e+002 +4.888949969e+002 +5.929499688e+001 +5.929499688e+001 +1.7922e+000 +7.1740e+000 +1.5082e+000
725 +2.158237400e+002 +2.158237400e+002 -2.137762600e+002 -2.137762600e+002 +3.0815e+000 +7.6425e+000 +2.1996e+000
744 +1.042149804e+002 +1.042149804e+002 -3.253850196e+002 -3.253850196e+002 +1.4901e+000 +6.3933e+000 +1.4417e+000
1077 +8.642379422e+001 +8.642379422e+001 -3.431762058e+002 -3.431762058e+002 +9.9799e-001 +5.9738e+000 +1.1916e+000
1095 +2.915378281e+001 +2.915378281e+001 -4.004462172e+002 -4.004462172e+002 -1.8520e-002 +5.4724e+000 +6.7513e-001
% function evaluation | noise-free fitness - Fopt (1.000000000000e+003) | best noise-free fitness - Fopt | measured fitness | best measured fitness | x1 | x2...
1 +3.143355956e+005 +3.143355956e+005 +3.153355956e+005 +3.153355956e+005 -3.1299e+000 +1.2621e+000 -3.8639e+000
7 +8.756084085e+003 +8.756084085e+003 +9.756084085e+003 +9.756084085e+003 -2.1541e+000 +1.6618e+000 -2.4916e+000
118 +2.246764040e+003 +2.246764040e+003 +3.246764040e+003 +3.246764040e+003 -2.4128e+000 +2.6575e+000 -2.0650e+000
701 +3.208919038e+002 +3.208919038e+002 +1.320891904e+003 +1.320891904e+003 -1.8406e+000 +4.3299e+000 -9.2759e-001
885 +2.460696796e+002 +2.460696796e+002 +1.246069680e+003 +1.246069680e+003 -6.4428e-001 +4.1332e+000 -4.4707e-001
1036 +1.164477419e+002 +1.164477419e+002 +1.116447742e+003 +1.116447742e+003 +1.2424e+000 +5.2642e+000 +1.0700e+000
% function evaluation | noise-free fitness - Fopt (1.951500000000e+002) | best noise-free fitness - Fopt | measured fitness | best measured fitness | x1 | x2...
1 +1.041558188e+006 +1.041558188e+006 +1.041753338e+006 +1.041753338e+006 -4.3565e+000 -1.9586e+000 -4.6366e+000
8 +6.340020282e+005 +6.340020282e+005 +6.341971782e+005 +6.341971782e+005 -1.3849e-001 +4.4040e+000 +1.8052e+000
9 +1.862829124e+005 +1.862829124e+005 +1.864780624e+005 +1.864780624e+005 -4.5272e+000 +3.1677e+000 -4.5159e+000
20 +7.952470082e+004 +7.952470082e+004 +7.971985082e+004 +7.971985082e+004 -1.0002e+000 +2.3580e+000 +2.6517e-001
21 +2.758059904e+003 +2.758059904e+003 +2.953209904e+003 +2.953209904e+003 +2.3476e+000 +1.0939e+000 +3.7781e+000
55 +1.466193663e+003 +1.466193663e+003 +1.661343663e+003 +1.661343663e+003 +1.4080e+000 -3.8047e+000 +3.5470e+000
277 +4.169702012e+002 +4.169702012e+002 +6.121202012e+002 +6.121202012e+002 +1.0960e+000 -4.0820e+000 +3.2712e+000
668 +3.738271803e+002 +3.738271803e+002 +5.689771803e+002 +5.689771803e+002 +9.6298e-002 -6.3637e+000 +2.5666e+000
769 +2.440540723e+002 +2.440540723e+002 +4.392040723e+002 +4.392040723e+002 +1.4653e+000 -1.2607e+000 +3.2677e+000
810 +4.487563785e+001 +4.487563785e+001 +2.400256378e+002 +2.400256378e+002 +2.0206e+000 -6.9748e-002 +3.6702e+000
925 +2.227779409e+001 +2.227779409e+001 +2.174277941e+002 +2.174277941e+002 +2.2288e+000 +1.4558e+000 +3.6588e+000
% function evaluation | noise-free fitness - Fopt (-4.335000000000e+001) | best noise-free fitness - Fopt | measured fitness | best measured fitness | x1 | x2...
1 +1.006455055e+007 +1.006455055e+007 +1.006450720e+007 +1.006450720e+007 +6.1484e-001 -4.3249e-002 -9.2756e-001
4 +6.771364917e+005 +6.771364917e+005 +6.770931417e+005 +6.770931417e+005 +1.8892e+000 +2.0886e+000 +8.9123e-001
6 +5.494385605e+005 +5.494385605e+005 +5.493952105e+005 +5.493952105e+005 +1.4704e+000 +2.6831e+000 +2.2570e+000
22 +1.618134266e+005 +1.618134266e+005 +1.617700766e+005 +1.617700766e+005 +3.4810e+000 +2.0878e+000 +4.4951e+000
27 +1.469236021e+005 +1.469236021e+005 +1.468802521e+005 +1.468802521e+005 +2.2030e+000 +2.5210e+000 -2.5431e-001
48 +7.755195436e+004 +7.755195436e+004 +7.750860436e+004 +7.750860436e+004 +2.9132e+000 +2.5870e+000 +4.6079e+000
60 +6.797530291e+003 +6.797530291e+003 +6.754180291e+003 +6.754180291e+003 +3.5481e+000 +1.4955e+000 +4.5594e-003
296 +2.207888065e+003 +2.207888065e+003 +2.164538065e+003 +2.164538065e+003 -1.2785e+000 +7.3023e+000 +4.5594e-003
382 +8.293548126e+002 +8.293548126e+002 +7.860048126e+002 +7.860048126e+002 -2.3425e+000 +8.5816e+000 +5.4156e-001
471 +5.892852463e+002 +5.892852463e+002 +5.459352463e+002 +5.459352463e+002 -3.0235e+000 +9.4004e+000 +8.8524e-001
750 +7.092295408e+001 +7.092295408e+001 +2.757295408e+001 +2.757295408e+001 -3.3906e+000 +9.8057e+000 +1.2053e+000
% function evaluation | noise-free fitness - Fopt (2.790900000000e+002) | best noise-free fitness - Fopt | measured fitness | best measured fitness | x1 | x2...
1 +5.648963836e+007 +5.648963836e+007 +5.648991745e+007 +5.648991745e+007 -4.6511e+000 +4.3065e+000 -7.2681e-001
3 +5.779575674e+005 +5.779575674e+005 +5.782366574e+005 +5.782366574e+005 -1.1136e+000 -3.4599e+000 -6.6067e-001
5 +2.023936249e+005 +2.023936249e+005 +2.026727149e+005 +2.026727149e+005 -1.5738e+000 -3.5978e+000 +4.5701e+000
33 +1.112423464e+005 +1.112423464e+005 +1.115214364e+005 +1.115214364e+005 +1.4298e+000 -1.8758e+000 -1.7096e+000
34 +6.557820074e+004 +6.557820074e+004 +6.585729074e+004 +6.585729074e+004 -2.6837e+000 -4.7940e+000 +3.7410e+000
50 +5.851484783e+004 +5.851484783e+004 +5.879393783e+004 +5.879393783e+004 -6.4525e-001 -1.6646e+000 +2.5649e+000
69 +1.371673660e+004 +1.371673660e+004 +1.399582660e+004 +1.399582660e+004 -1.3574e+000 -4.9471e+000 +1.0454e+000
117 +9.300098179e+002 +9.300098179e+002 +1.209099818e+003 +1.209099818e+003 -4.0827e+000 -6.4492e+000 +6.0749e+000
193 +5.261170698e+002 +5.261170698e+002 +8.052070698e+002 +8.052070698e+002 -5.7819e+000 -8.2520e+000 +8.2759e+000
349 +3.237841828e+002 +3.237841828e+002 +6.028741828e+002 +6.028741828e+002 -1.0150e+000 -4.4986e+000 +3.1505e-001
558 +1.753988540e+002 +1.753988540e+002 +4.544888540e+002 +4.544888540e+002 -6.8396e-001 -3.7307e+000 +4.7240e-001
650 +1.465077991e+001 +1.465077991e+001 +2.937407799e+002 +2.937407799e+002 +1.4912e+000 -1.9909e+000 -3.1132e+000
% function evaluation | noise-free fitness - Fopt (1.000000000000e+003) | best noise-free fitness - Fopt | measured fitness | best measured fitness | x1 | x2...
1 +2.079956151e+006 +2.079956151e+006 +2.080956151e+006 +2.080956151e+006 -3.6897e+000 +9.3990e-001 -1.8856e+000
5 +2.141873393e+005 +2.141873393e+005 +2.151873393e+005 +2.151873393e+005 -3.2385e+000 +1.3369e+000 +2.0391e-001
15 +7.490935932e+003 +7.490935932e+003 +8.490935932e+003 +8.490935932e+003 -1.9669e-001 +2.1319e+000 +4.2359e+000
115 +1.116222892e+002 +1.116222892e+002 +1.111622289e+003 +1.111622289e+003 -2.7433e+000 +3.0705e+000 +3.6112e-001
979 +8.097394556e+001 +8.097394556e+001 +1.080973946e+003 +1.080973946e+003 -2.5638e+000 +4.2607e+000 -3.2989e-001
1020 +4.950420325e+001 +4.950420325e+001 +1.049504203e+003 +1.049504203e+003 -2.6177e+000 +3.7097e+000 +3.3308e-002
1071 +3.146525708e+001 +3.146525708e+001 +1.031465257e+003 +1.031465257e+003 -2.6380e+000 +3.0323e+000 +5.1246e-001
% function evaluation | noise-free fitness - Fopt (-1.148100000000e+002) | best noise-free fitness - Fopt | measured fitness | best measured fitness | x1 | x2...
1 +3.087061637e+006 +3.087061637e+006 +3.086946827e+006 +3.086946827e+006 +3.8826e+000 -1.2259e+000 -3.5281e+000
4 +2.189121512e+006 +2.189121512e+006 +2.189006702e+006 +2.189006702e+006 +3.8585e+000 +1.3116e+000 +4.0596e-003
5 +8.329105255e+005 +8.329105255e+005 +8.327957155e+005 +8.327957155e+005 -4.2879e+000 +3.6226e+000 +3.5316e+000
10 +8.700642851e+004 +8.700642851e+004 +8.689161851e+004 +8.689161851e+004 -3.8214e+000 +4.3514e+000 +2.4068e+000
42 +5.802062417e+004 +5.802062417e+004 +5.790581417e+004 +5.790581417e+004 -5.7409e-001 -4.9395e-001 +1.0070e+000
77 +5.500468938e+003 +5.500468938e+003 +5.385658938e+003 +5.385658938e+003 -1.1995e+000 -1.8290e+000 +1.1702e+000
216 +2.859702614e+003 +2.859702614e+003 +2.744892614e+003 +2.744892614e+003 -2.0557e+000 -2.2772e+000 +1.5141e+000
372 +2.451968118e+003 +2.451968118e+003 +2.337158118e+003 +2.337158118e+003 -5.3961e-002 -2.0951e+000 +5.7224e-001
430 +1.281983531e+003 +1.281983531e+003 +1.167173531e+003 +1.167173531e+003 +1.9980e+000 -2.3688e+000 -4.4576e-001
437 +5.938135748e+002 +5.938135748e+002 +4.790035748e+002 +4.790035748e+002 +3.6690e+000 -1.4848e+000 -1.3395e+000
587 +3.352508610e+002 +3.352508610e+002 +2.204408610e+002 +2.204408610e+002 -5.9217e+000 -5.2117e+000 +3.5499e+000
679 +1.571905420e+002 +1.571905420e+002 +4.238054205e+001 +4.238054205e+001 -5.9217e+000 -4.5506e+000 +3.5499e+000
967 +8.253762115e+001 +8.253762115e+001 -3.227237885e+001 -3.227237885e+001 -8.4180e+000 -5.3296e+000 +4.8054e+000
% function evaluation | noise-free fitness - Fopt (-3.505800000000e+002) | best noise-free fitness - Fopt | measured fitness | best measured fitness | x1 | x2...
1 +2.074243590e+006 +2.074243590e+006 +2.073893010e+006 +2.073893010e+006 -4.7598e+000 -1.7257e+000 -1.1088e+000
3 +2.913139740e+005 +2.913139740e+005 +2.909633940e+005 +2.909633940e+005 +1.9524e+000 -3.0364e+000 +2.1710e+000
12 +1.598228736e+005 +1.598228736e+005 +1.594722936e+005 +1.594722936e+005 -3.6637e+000 -1.4378e+000 +4.3304e-001
21 +1.230212063e+005 +1.230212063e+005 +1.226706263e+005 +1.226706263e+005 +1.7745e+000 -2.6432e+000 +4.2741e-001
44 +4.156457160e+004 +4.156457160e+004 +4.121399160e+004 +4.121399160e+004 +2.2623e+000 -2.7210e+000 -1.5812e+000
91 +1.316606092e+004 +1.316606092e+004 +1.281548092e+004 +1.281548092e+004 +1.8604e+000 -2.5812e+000 -8.4376e-001
123 +4.431815975e+003 +4.431815975e+003 +4.081235975e+003 +4.081235975e+003 +1.1820e+000 -1.4774e+000 -3.5487e+000
217 +3.300336407e+003 +3.300336407e+003 +2.949756407e+003 +2.949756407e+003 -4.7989e-001 -1.6206e-001 -5.8756e+000
344 +2.941438526e+002 +2.941438526e+002 -5.643614739e+001 -5.643614739e+001 +3.2790e-001 +7.7434e-001 -9.5136e+000
785 +2.038553350e+002 +2.038553350e+002 -1.467246650e+002 -1.467246650e+002 +5.9768e-001 +8.6900e-001 -1.0088e+001
914 +1.213298517e+002 +1.213298517e+002 -2.292501483e+002 -2.292501483e+002 +4.8956e-001 +3.7407e-001 -8.4815e+000
1103 +9.143219408e+001 +9.143219408e+001 -2.591478059e+002 -2.591478059e+002 +6.3285e-001 +5.0408e-001 -9.0171e+000
% function evaluation | noise-free fitness - Fopt (-5.700000000000e+000) | best noise-free fitness - Fopt | measured fitness | best measured fitness | x1 | x2...
1 +4.161102715e+007 +4.161102715e+007 +4.161102145e+007 +4.161102145e+007 -4.4915e+000 +1.3140e-001 +3.5287e+000
3 +2.952508897e+005 +2.952508897e+005 +2.952451897e+005 +2.952451897e+005 +3.6984e+000 +4.8399e+000 -2.7717e+000
11 +1.324805809e+005 +1.324805809e+005 +1.324748809e+005 +1.324748809e+005 +6.6836e-001 -2.6031e-001 -3.8798e+000
21 +1.708887530e+004 +1.708887530e+004 +1.708317530e+004 +1.708317530e+004 +2.1953e+000 +5.9378e-002 -5.2263e-002
37 +1.031802804e+004 +1.031802804e+004 +1.031232804e+004 +1.031232804e+004 +1.5786e+000 +1.3740e+000 -3.6384e+000
78 +8.164934569e+003 +8.164934569e+003 +8.159234569e+003 +8.159234569e+003 +1.9557e+000 -4.2283e-001 -5.2263e-002
104 +3.187586077e+003 +3.187586077e+003 +3.181886077e+003 +3.181886077e+003 +3.2811e+000 +3.9004e+000 -7.0276e-001
157 +1.952550204e+003 +1.952550204e+003 +1.946850204e+003 +1.946850204e+003 +2.8044e+000 +2.5369e+000 -5.4404e-001
236 +1.310553330e+002 +1.310553330e+002 +1.253553330e+002 +1.253553330e+002 +5.5228e-001 +3.0355e-002 -6.4219e+000
999 +8.888362959e+001 +8.888362959e+001 +8.318362959e+001 +8.318362959e+001 +2.4949e+000 +1.7063e+000 -7.8194e-001
1003 +3.459737717e+001 +3.459737717e+001 +2.889737717e+001 +2.889737717e+001 +3.0616e+000 +2.4129e+000 +5.1536e-001
