% function evaluation | noise-free fitness - Fopt (-5.494000000000e+001) | best noise-free fitness - Fopt | measured fitness | best measured fitness | x1 | x2...
1 +6.377031510e+007 +6.377031510e+007 +6.377026016e+007 +6.377026016e+007 +1.1405e+001 +1.1220e+001 +9.9862e+000 +8.8226e+000 +1.0417e+001 +1.1242e+001 +1.2743e+001 +1.1181e+001 +1.2250e+001 +1.0815e+001
3 +2.970689336e+007 +2.970689336e+007 +2.970683842e+007 +2.970683842e+007 +5.4691e+000 +5.5965e+000 +9.1481e+000 +7.7069e+000 +1.0921e+001 +7.6394e+000 +7.1521e+000 +1.4145e+001 +5.5314e+000 +9.7324e+000
18 +2.283335915e+007 +2.283335915e+007 +2.283330421e+007 +2.283330421e+007 +1.2540e+001 +5.1387e+000 +8.0771e+000 +9.0182e+000 +1.3239e+001 +7.1233e+000 +1.1544e+001 +1.3646e+001 +8.4875e+000 +1.3497e+001
32 +1.583587756e+007 +1.583587756e+007 +1.583582262e+007 +1.583582262e+007 +1.3710e+001 +5.2577e+000 +7.1773e+000 +6.1030e+000 +1.0745e+001 +1.3703e+001 +1.4487e+001 +1.3755e+001 +6.3593e+000 +5.6769e+000
56 +8.903316870e+006 +8.903316870e+006 +8.903261930e+006 +8.903261930e+006 +1.3414e+001 +5.1486e+000 +9.6608e+000 +6.1707e+000 +1.2420e+001 +2.5737e+000 +1.1535e+001 +1.0992e+001 +6.9217e+000 +8.5437e+000
230 +4.860643629e+006 +4.860643629e+006 +4.860588689e+006 +4.860588689e+006 +8.6015e+000 +4.2822e+000 +6.1452e+000 +1.1713e+001 +8.6651e+000 +5.2852e+000 +1.4162e+001 +1.7725e+001 +5.5120e+000 +5.4910e+000
342 +1.553016267e+006 +1.553016267e+006 +1.552961327e+006 +1.552961327e+006 +1.4143e+001 +3.4182e+000 +6.7206e+000 +5.0671e+000 +8.7561e+000 +2.9461e+000 +1.1230e+001 +1.5641e+001 +7.4860e+000 +7.0879e+000
505 +9.561667452e+005 +9.561667452e+005 +9.561118052e+005 +9.561118052e+005 +1.6536e+001 +3.7695e+000 +1.4913e+000 +6.7098e+000 +5.9536e+000 +4.2102e+000 +7.1081e+000 +1.8952e+001 +1.3602e+001 +7.5156e+000
1078 +6.092412400e+005 +6.092412400e+005 +6.091863000e+005 +6.091863000e+005 +7.4480e+000 +4.5852e+000 +5.3931e+000 -1.4341e+000 +5.3697e+000 +1.4945e+000 +1.4213e+000 +9.0904e+000 +1.3877e+001 +4.8359e+000
% function evaluation | noise-free fitness - Fopt (5.913000000000e+001) | best noise-free fitness - Fopt | measured fitness | best measured fitness | x1 | x2...
1 +2.281975703e+008 +2.281975703e+008 +2.281976294e+008 +2.281976294e+008 +6.5725e+000 +1.4707e+001 +7.0023e+000 +7.3421e+000 +1.0692e+001 +1.0921e+001 +5.3730e+000 +7.5306e+000 +1.2936e+001 +1.0672e+001
4 +7.560223812e+007 +7.560223812e+007 +7.560229725e+007 +7.560229725e+007 +1.2388e+001 +7.1187e+000 +1.2082e+001 +6.1042e+000 +1.3815e+001 +1.2565e+001 +1.0786e+001 +5.6511e+000 +1.3974e+001 +6.5743e+000
128 +5.406250429e+007 +5.406250429e+007 +5.406256342e+007 +5.406256342e+007 +3.6656e+000 +6.1298e+000 +7.8906e+000 +3.8482e+000 +7.9482e+000 +1.2108e+001 +8.1479e+000 +9.2000e+000 +9.4821e+000 +1.0230e+001
196 +2.256778739e+007 +2.256778739e+007 +2.256784652e+007 +2.256784652e+007 +1.3427e+000 +5.4788e+000 +1.2718e+001 -2.1978e-001 +4.7687e+000 +1.1636e+001 +4.1643e+000 +9.1293e+000 +1.4311e+001 +1.2387e+001
302 +1.554585363e+007 +1.554585363e+007 +1.554591276e+007 +1.554591276e+007 +4.4878e+000 +7.0312e+000 +1.1959e+001 -5.8483e+000 +1.4018e+001 +1.9408e+001 +8.6494e+000 +5.1917e+000 +2.9051e+000 +1.4607e+001
318 +7.344406241e+006 +7.344406241e+006 +7.344465371e+006 +7.344465371e+006 +1.1924e+001 +6.3535e-001 +1.0453e+001 -8.0300e-001 +4.3679e+000 +1.4898e+001 +3.5298e+000 +5.6987e+000 +1.8325e+000 +7.5796e+000
374 +4.227768917e+006 +4.227768917e+006 +4.227828047e+006 +4.227828047e+006 +1.0624e+001 +1.0307e+000 +1.4413e+001 +5.1574e+000 +1.2231e+000 +1.7140e+001 +6.9936e+000 -4.0772e+000 -5.0809e-001 +9.2451e+000
620 +3.480153858e+006 +3.480153858e+006 +3.480212988e+006 +3.480212988e+006 +1.1193e+000 +1.8042e+000 +1.0389e+001 +1.2003e+000 +1.1891e+001 +1.1099e+001 +9.9959e+000 -1.0844e-001 -1.6800e+001 +7.1054e+000
717 +8.212266974e+005 +8.212266974e+005 +8.212858274e+005 +8.212858274e+005 +7.8199e+000 -2.0740e+000 +1.0302e+001 +1.1281e+000 +3.5523e+000 +3.2693e+000 +6.0991e+000 -4.3776e+000 +4.2871e-001 +1.1911e+001
2243 +3.841180186e+005 +3.841180186e+005 +3.841771486e+005 +3.841771486e+005 +5.6333e+000 +9.7411e-001 +5.0856e-001 +4.9520e+000 -7.6328e-001 +1.0638e+001 +4.4046e+000 -6.6301e+000 -2.4436e+000 +7.3421e+000
% function evaluation | noise-free fitness - Fopt (-4.915300000000e+002) | best noise-free fitness - Fopt | measured fitness | best measured fitness | x1 | x2...
1 +9.638243958e+007 +9.638243958e+007 +9.638194805e+007 +9.638194805e+007 +1.3421e+001 +1.3813e+001 +1.0709e+001 +1.2383e+001 +1.3725e+001 +9.6391e+000 +5.7047e+000 +8.4554e+000 +5.1391e+000 +8.1795e+000
230 +3.731493399e+007 +3.731493399e+007 +3.731444246e+007 +3.731444246e+007 +1.3149e+001 +1.5104e+001 +1.0196e+001 +9.3773e+000 +1.1859e+001 -1.3917e-001 +3.6204e+000 +8.0742e+000 +7.2157e+000 +1.2118e+001
480 +2.120965929e+007 +2.120965929e+007 +2.120916776e+007 +2.120916776e+007 +1.6201e+001 +4.7696e+000 +1.0196e+001 +5.5309e+000 +1.0447e+001 +1.9194e+000 -9.5047e-001 +9.2360e+000 +4.3627e+000 +1.2118e+001
568 +1.533344404e+007 +1.533344404e+007 +1.533295251e+007 +1.533295251e+007 +1.5368e+001 +1.3274e+001 +7.2800e+000 +7.2624e+000 +7.7069e+000 +4.0483e-001 -8.0209e-001 +9.1874e+000 -5.7121e+000 +1.6332e+001
694 +1.192815318e+006 +1.192815318e+006 +1.192323788e+006 +1.192323788e+006 +2.5166e+001 +1.3316e+001 +9.6430e+000 +1.5524e+000 +1.6998e+001 -8.3818e+000 +5.1412e+000 +3.1834e+000 +8.9889e+000 +1.2693e+001
902 +9.192276874e+005 +9.192276874e+005 +9.187361574e+005 +9.187361574e+005 +1.5830e+001 +1.9479e+000 +1.1254e+001 +3.3909e+000 +5.5316e+000 -8.2475e+000 +1.6711e+000 +4.0330e+000 +1.6249e+001 +6.9964e+000
2156 +3.835779484e+005 +3.835779484e+005 +3.830864184e+005 +3.830864184e+005 +4.2308e+000 +2.6169e+000 +1.3961e+001 -4.9076e+000 +2.4539e+000 -1.0487e+001 +7.8786e-001 +5.6928e+000 +9.1558e+000 +2.1761e+001
% function evaluation | noise-free fitness - Fopt (-1.702000000000e+002) | best noise-free fitness - Fopt | measured fitness | best measured fitness | x1 | x2...
1 +4.912641194e+008 +4.912641194e+008 +4.912639492e+008 +4.912639492e+008 +8.4122e+000 +7.3645e+000 +5.4415e+000 +1.0236e+001 +1.2795e+001 +1.2736e+001 +1.3666e+001 +6.4647e+000 +7.0918e+000 +1.2471e+001
7 +3.458565132e+008 +3.458565132e+008 +3.458563430e+008 +3.458563430e+008 +1.3295e+001 +1.3352e+001 +1.3942e+001 +6.4127e+000 +5.9853e+000 +8.8422e+000 +1.2361e+001 +7.9916e+000 +5.4735e+000 +1.0879e+001
117 +1.877889092e+008 +1.877889092e+008 +1.877887390e+008 +1.877887390e+008 +8.0437e+000 +1.0753e+001 +1.0743e+001 +1.8829e+000 +8.8129e+000 +1.1470e+001 +6.3860e+000 +4.8177e+000 +7.4736e+000 +2.5320e+000
193 +1.559612440e+008 +1.559612440e+008 +1.559610738e+008 +1.559610738e+008 +6.3884e+000 +1.4492e+001 +8.5677e+000 -4.8929e-001 +1.2311e+001 +9.0303e+000 +5.8797e+000 +5.1971e+000 +9.2083e+000 +2.1808e-001
210 +9.675442574e+007 +9.675442574e+007 +9.675425554e+007 +9.675425554e+007 +8.3318e+000 +4.1273e+000 +8.8202e+000 +3.4521e-001 +4.4900e+000 +1.6295e+001 +6.3537e+000 +3.2545e+000 +7.5354e+000 +5.2707e+000
329 +5.349167688e+007 +5.349167688e+007 +5.349150668e+007 +5.349150668e+007 +2.1111e+000 +7.7704e+000 +5.7581e+000 +2.1925e+000 +5.6974e-002 +9.8263e+000 -1.9512e+000 +4.2872e+000 +1.1964e+001 +1.1457e+001
350 +2.647529768e+007 +2.647529768e+007 +2.647512748e+007 +2.647512748e+007 +2.6782e+000 +5.0969e+000 +8.6521e+000 +7.1347e+000 -3.7994e+000 +7.0959e+000 -2.9225e+000 +7.8087e+000 +1.6133e+001 +4.5166e+000
392 +1.773659660e+007 +1.773659660e+007 +1.773642640e+007 +1.773642640e+007 -1.5727e+000 +8.1501e+000 +2.4055e+000 +7.5544e+000 -3.2007e+000 +8.7541e+000 +8.5743e+000 +5.1033e+000 +1.2204e+001 +4.3945e+000
397 +1.307822342e+007 +1.307822342e+007 +1.307805322e+007 +1.307805322e+007 +3.3593e+000 +2.4332e+000 +6.9324e+000 +5.7985e+000 -5.6622e-001 +5.6389e+000 +6.1258e+000 +4.2352e+000 +8.2161e+000 -1.8344e-001
442 +8.659101508e+006 +8.659101508e+006 +8.658931308e+006 +8.658931308e+006 -1.5727e+000 +8.1501e+000 +2.4055e+000 +9.7219e+000 -3.2007e+000 +6.5508e+000 +2.4491e+000 +3.7748e+000 +1.6140e+001 +4.3945e+000
445 +6.144555004e+006 +6.144555004e+006 +6.144384804e+006 +6.144384804e+006 -6.1135e+000 +7.1465e+000 +6.1772e+000 +9.4514e+000 -7.6577e+000 +5.2586e+000 -4.8421e+000 +5.5934e+000 +7.6643e+000 +3.5967e+000
492 +3.474921493e+006 +3.474921493e+006 +3.474751293e+006 +3.474751293e+006 +1.7993e+000 +5.6593e+000 -5.3005e-001 +9.7219e+000 -5.1390e+000 +9.9937e+000 -1.2131e+001 +7.2796e+000 +1.1874e+001 +4.3945e+000
542 +1.901935870e+006 +1.901935870e+006 +1.901765670e+006 +1.901765670e+006 +1.7993e+000 +5.6593e+000 -5.3005e-001 -3.2229e+000 +6.6310e+000 +6.3688e+000 -1.2131e+001 +1.0842e+000 +1.0125e+001 +4.3945e+000
778 +1.343366816e+006 +1.343366816e+006 +1.343196616e+006 +1.343196616e+006 -2.6405e+000 -2.7879e+000 -7.0566e+000 -6.2443e+000 -1.3613e+000 -1.6148e+000 +1.5643e+001 +2.9023e+000 +1.5845e+001 +1.4917e+001
1045 +5.197272940e+005 +5.197272940e+005 +5.195570940e+005 +5.195570940e+005 -2.9366e-002 +3.2030e+000 -9.9229e-001 +9.4514e+000 -7.6577e+000 +1.7795e+000 +7.5973e-001 +5.4180e+000 +8.2562e+000 +6.0314e+000
% function evaluation | noise-free fitness - Fopt (-4.697500000000e+002) | best noise-free fitness - Fopt | measured fitness | best measured fitness | x1 | x2...
1 +1.108887844e+007 +1.108887844e+007 +1.108840869e+007 +1.108840869e+007 +8.1964e+000 +9.2038e+000 +8.3900e+000 +5.0459e+000 +7.3359e+000 +9.7823e+000 +8.6360e+000 +1.4880e+001 +1.0869e+001 +8.8188e+000
3 +6.439418135e+006 +6.439418135e+006 +6.438948385e+006 +6.438948385e+006 +8.1863e+000 +9.4200e+000 +9.2089e+000 +6.9073e+000 +5.0161e+000 +1.2035e+001 +1.4262e+001 +9.1788e+000 +6.2573e+000 +1.3913e+001
24 +2.602843589e+006 +2.602843589e+006 +2.602373839e+006 +2.602373839e+006 +8.8493e+000 +1.3662e+001 +6.7438e+000 +8.8422e+000 +6.3789e+000 +5.1967e+000 +9.6250e+000 +8.6201e+000 +9.1635e+000 +1.3705e+001
160 +1.070162410e+006 +1.070162410e+006 +1.069692660e+006 +1.069692660e+006 +3.1094e+000 +1.3456e+001 +8.1594e+000 +6.3137e+000 +1.0896e+001 +1.1592e+001 +5.8464e+000 +1.1497e+001 -3.8291e-003 +1.2114e+001
475 +8.820814700e+005 +8.820814700e+005 +8.816117200e+005 +8.816117200e+005 +7.2418e+000 +1.0610e+001 +8.4580e+000 +3.1564e+000 +3.7325e+000 +1.2641e+001 +1.2516e+001 +1.8427e+001 -2.3278e+000 +2.6476e+000
740 +3.593900521e+005 +3.593900521e+005 +3.589203021e+005 +3.589203021e+005 +7.2427e+000 +8.1586e+000 -8.4584e-001 +7.4095e+000 +8.7281e+000 +1.0317e+001 +1.1279e+001 +9.3953e+000 +1.3900e+001 +6.4802e+000
% function evaluation | noise-free fitness - Fopt (1.999100000000e+002) | best noise-free fitness - Fopt | measured fitness | best measured fitness | x1 | x2...
1 +7.612782219e+007 +7.612782219e+007 +7.612802210e+007 +7.612802210e+007 +6.5517e+000 +9.5293e+000 +1.1053e+001 +1.4910e+001 +8.7183e+000 +9.4089e+000 +7.5089e+000 +9.8887e+000 +1.0770e+001 +9.9582e+000
17 +5.307974006e+007 +5.307974006e+007 +5.307993997e+007 +5.307993997e+007 +6.0791e+000 +5.1148e+000 +6.1910e+000 +5.5340e+000 +9.7684e+000 +9.1682e+000 +8.2305e+000 +7.6413e+000 +8.7111e+000 +1.2977e+001
44 +3.853614187e+007 +3.853614187e+007 +3.853634178e+007 +3.853634178e+007 +1.0477e+001 +5.0244e+000 +6.3800e+000 +1.4314e+001 +1.4331e+001 +8.3937e+000 +6.5013e+000 +7.0044e+000 +1.1812e+001 +8.4046e+000
81 +2.504155343e+007 +2.504155343e+007 +2.504175334e+007 +2.504175334e+007 +7.5795e+000 +1.2441e+001 +1.1245e+001 +1.3584e+001 +1.4244e+001 +6.6745e+000 +6.2880e+000 +9.1384e+000 +1.3002e+001 +1.3575e+001
92 +1.567143027e+007 +1.567143027e+007 +1.567163018e+007 +1.567163018e+007 +1.0143e+001 +1.4576e+001 +5.9796e+000 +8.5163e+000 +6.8149e+000 +4.7784e+000 +4.4406e+000 +9.4540e+000 +1.2616e+001 +1.1470e+001
145 +8.777045105e+006 +8.777045105e+006 +8.777245015e+006 +8.777245015e+006 +1.5395e+001 +1.3682e+001 +7.4922e+000 +1.2546e+001 +1.4418e+001 +9.5042e+000 +3.6074e-001 +8.5425e+000 +8.5927e+000 +1.3257e+001
164 +4.192826193e+006 +4.192826193e+006 +4.193026103e+006 +4.193026103e+006 +1.5802e+001 +1.3020e+001 +2.2290e+000 +1.2446e+001 +8.3300e+000 +7.1169e+000 -1.5392e+000 +1.1761e+001 +1.5203e+001 +1.4935e+001
192 +1.351038492e+006 +1.351038492e+006 +1.351238402e+006 +1.351238402e+006 +1.0143e+001 +1.4576e+001 +5.9796e+000 +1.3112e+001 +1.5904e+001 +4.7784e+000 +4.4406e+000 +9.4540e+000 +1.2616e+001 +1.1470e+001
380 +8.074349716e+005 +8.074349716e+005 +8.076348816e+005 +8.076348816e+005 +1.3823e+001 +2.3259e+000 +6.1650e+000 +7.1366e+000 +1.1908e+001 +4.3607e+000 +1.4669e+000 +1.4335e+001 +3.1408e+000 +1.4112e+001
539 +5.901311460e+005 +5.901311460e+005 +5.903310560e+005 +5.903310560e+005 +9.0309e+000 +1.6321e+000 +7.8902e+000 +1.0578e+001 +2.2097e+001 +4.0895e+000 +4.9182e+000 +6.2428e+000 +1.2355e+001 +1.3579e+001
1902 +3.797081476e+005 +3.797081476e+005 +3.799080576e+005 +3.799080576e+005 +9.5031e+000 +3.6215e+000 +8.8257e+000 +1.1001e+001 +1.3860e+001 +8.9262e+000 -3.1952e+000 +1.2862e+001 +6.1124e+000 +1.4995e+001
% function evaluation | noise-free fitness - Fopt (-4.296000000000e+002) | best noise-free fitness - Fopt | measured fitness | best measured fitness | x1 | x2...
1 +1.788193214e+008 +1.788193214e+008 +1.788188918e+008 +1.788188918e+008 +5.0298e+000 +1.2916e+001 +8.7668e+000 +7.1873e+000 +7.8012e+000 +5.5927e+000 +5.9743e+000 +8.9255e+000 +1.1834e+001 +1.1077e+001
4 +8.448879797e+007 +8.448879797e+007 +8.448836837e+007 +8.448836837e+007 +9.2795e+000 +1.0103e+001 +6.5359e+000 +8.1496e+000 +1.2083e+001 +8.2795e+000 +9.5371e+000 +6.1867e+000 +9.6246e+000 +7.5164e+000
25 +5.208265922e+007 +5.208265922e+007 +5.208222962e+007 +5.208222962e+007 +1.1443e+001 +1.3674e+001 +7.2524e+000 +6.7134e+000 +1.3603e+001 +5.6064e+000 +6.6375e+000 +9.0690e+000 +5.3013e+000 +1.4060e+001
77 +1.905044545e+007 +1.905044545e+007 +1.905001585e+007 +1.905001585e+007 +9.4361e+000 +1.2911e+001 +1.0863e+001 +8.0583e+000 +1.2640e+001 +6.4919e+000 +1.0201e+001 +5.3424e+000 +1.5938e+000 +8.1039e+000
125 +9.332578566e+006 +9.332578566e+006 +9.332148966e+006 +9.332148966e+006 +1.1988e+001 +9.8365e+000 +9.3803e+000 +5.1447e+000 +1.3603e+001 +5.6064e+000 +6.6375e+000 +1.2520e+001 -1.9438e+000 +5.4322e+000
303 +1.781124513e+006 +1.781124513e+006 +1.780694913e+006 +1.780694913e+006 +9.0233e+000 +8.0646e+000 +1.8354e+001 +6.1830e-001 +1.4053e+001 +6.4852e+000 +1.4464e+001 +7.0325e+000 -3.4434e+000 +7.4956e+000
402 +1.281868422e+006 +1.281868422e+006 +1.281438822e+006 +1.281438822e+006 +7.1379e+000 +4.6286e+000 +1.2818e+001 +2.9409e+000 +1.6129e+001 +1.0934e+001 +1.1035e+001 +8.9255e+000 -6.9057e+000 +4.5320e+000
533 +6.265054607e+005 +6.265054607e+005 +6.260758607e+005 +6.260758607e+005 +9.8247e+000 +1.7116e+001 +9.0171e+000 +6.8540e+000 +9.7056e+000 +5.7916e-001 +6.3938e+000 +6.3184e+000 -2.8887e+000 +4.7975e+000
2270 +2.530758848e+005 +2.530758848e+005 +2.526462848e+005 +2.526462848e+005 -3.7617e+000 +5.6170e+000 +2.1338e+001 +4.5458e+000 +5.4587e+000 +3.3790e+000 +1.0163e+001 +1.0351e+001 -6.8424e+000 -3.3843e+000
% function evaluation | noise-free fitness - Fopt (1.000000000000e+003) | best noise-free fitness - Fopt | measured fitness | best measured fitness | x1 | x2...
1 +1.193993452e+008 +1.193993452e+008 +1.194003452e+008 +1.194003452e+008 +1.1950e+001 +5.8721e+000 +8.9869e+000 +1.3291e+001 +7.7497e+000 +1.4629e+001 +1.3828e+001 +9.3006e+000 +1.3719e+001 +1.3091e+001
3 +7.920263156e+007 +7.920263156e+007 +7.920363156e+007 +7.920363156e+007 +1.4185e+001 +5.3123e+000 +6.7702e+000 +1.0726e+001 +9.0808e+000 +1.3560e+001 +1.4387e+001 +5.2025e+000 +1.4014e+001 +1.2486e+001
11 +6.144722725e+007 +6.144722725e+007 +6.144822725e+007 +6.144822725e+007 +6.8484e+000 +1.1231e+001 +6.5957e+000 +1.3965e+001 +1.1951e+001 +5.7163e+000 +1.3922e+001 +1.4814e+001 +1.4799e+001 +5.2013e+000
82 +3.699313461e+007 +3.699313461e+007 +3.699413461e+007 +3.699413461e+007 +6.8759e+000 +3.8297e+000 +7.2826e+000 +1.0103e+001 +1.6764e+001 +8.7747e+000 +5.7824e+000 +9.6257e+000 +1.0431e+001 +1.2995e+001
212 +2.124676287e+007 +2.124676287e+007 +2.124776287e+007 +2.124776287e+007 +6.0202e+000 +9.2792e+000 +8.3449e+000 +3.9558e+000 +1.3241e+001 +6.7923e+000 +1.1405e+001 +3.0629e+000 +1.3271e+001 +1.1374e+001
261 +1.456321330e+007 +1.456321330e+007 +1.456421330e+007 +1.456421330e+007 +1.7966e-001 +1.4084e+001 +7.6066e+000 +1.7043e+001 +1.4325e+001 +1.5386e+000 +1.6756e+001 +4.5712e+000 +1.8482e+001 +5.4279e+000
350 +9.709092801e+006 +9.709092801e+006 +9.710092801e+006 +9.710092801e+006 +6.1113e+000 -2.0419e+000 -6.1839e+000 +9.8495e+000 +5.9689e+000 -3.4191e+000 +1.4007e+001 +6.1248e+000 +1.2869e+001 +1.2581e+001
475 +5.090234581e+006 +5.090234581e+006 +5.091234581e+006 +5.091234581e+006 +6.2239e+000 +1.7325e+000 -9.6213e+000 +1.2024e+001 +2.1683e+000 -8.5129e+000 +2.2749e+001 +6.8952e+000 +1.4112e+001 +1.0420e+001
701 +3.172593204e+006 +3.172593204e+006 +3.173593204e+006 +3.173593204e+006 +7.7597e+000 +2.2681e+001 -1.2827e+001 +5.7079e+000 +1.9134e+001 +6.8894e-001 +1.2233e+001 -1.2629e-001 +3.3193e+000 +2.0258e+001
1055 +1.233697979e+006 +1.233697979e+006 +1.234697979e+006 +1.234697979e+006 +1.4503e+000 +6.1542e+000 -7.3115e+000 +4.1504e+000 +5.9159e+000 -1.6592e+000 +8.5480e+000 +1.0017e+000 +6.0954e+000 +8.4301e+000
2095 +8.262603002e+005 +8.262603002e+005 +8.272603002e+005 +8.272603002e+005 +4.6956e+000 +2.0944e+001 -3.2862e+000 +1.0080e+000 +1.3100e+001 -4.9078e+000 +1.3486e+001 -1.4678e+000 +1.0260e+001 +3.1610e+000
% function evaluation | noise-free fitness - Fopt (1.951500000000e+002) | best noise-free fitness - Fopt | measured fitness | best measured fitness | x1 | x2...
1 +2.910776832e+008 +2.910776832e+008 +2.910778784e+008 +2.910778784e+008 +1.4613e+001 +7.0838e+000 +1.1571e+001 +1.0878e+001 +8.0502e+000 +6.4241e+000 +1.1384e+001 +1.4255e+001 +1.3906e+001 +8.0896e+000
7 +9.664993368e+007 +9.664993368e+007 +9.665012883e+007 +9.665012883e+007 +1.0460e+001 +7.0519e+000 +1.1966e+001 +8.2169e+000 +5.3279e+000 +1.2374e+001 +8.1937e+000 +7.0600e+000 +1.2283e+001 +6.3916e+000
179 +4.823714012e+007 +4.823714012e+007 +4.823733527e+007 +4.823733527e+007 +4.6364e+000 +8.0966e+000 +1.2431e+001 +5.8053e+000 +6.1743e+000 +1.2365e+001 +9.6764e+000 +1.6918e+001 +4.8823e+000 +9.4198e+000
206 +2.969487331e+007 +2.969487331e+007 +2.969506846e+007 +2.969506846e+007 +4.6357e+000 +5.3266e+000 +6.4173e+000 +9.6501e+000 +6.0861e+000 +1.0424e+001 +6.0490e+000 +1.1202e+001 -3.5064e+000 +7.2117e+000
290 +2.414991789e+007 +2.414991789e+007 +2.415011304e+007 +2.415011304e+007 +4.5968e+000 +7.3867e+000 +1.1601e+001 +4.1940e+000 +1.6761e-001 +1.4972e+001 +1.0541e+001 +1.9287e+001 +4.1817e+000 +1.6423e+001
359 +1.545182531e+007 +1.545182531e+007 +1.545202046e+007 +1.545202046e+007 +5.0793e+000 +1.3309e+001 +1.1421e+001 +6.7501e+000 -1.2256e+000 +1.3809e+001 +5.2061e+000 +6.5633e+000 +2.5665e+000 +6.0410e+000
403 +9.640582844e+006 +9.640582844e+006 +9.640777994e+006 +9.640777994e+006 +1.7420e+000 +2.9827e+000 +8.1612e+000 +3.6117e+000 +4.1305e+000 +3.0041e+000 +6.1585e+000 +1.7036e+001 +4.5618e-001 +9.6206e+000
432 +4.508028656e+006 +4.508028656e+006 +4.508223806e+006 +4.508223806e+006 +1.1334e+001 +1.8120e+000 +1.0712e+001 +6.8352e+000 -8.2604e+000 -6.3528e+000 +6.0253e+000 +1.3233e+001 +2.2908e+000 +1.4648e+001
606 +1.916919819e+006 +1.916919819e+006 +1.917114969e+006 +1.917114969e+006 -8.1100e+000 +7.7104e+000 +6.4173e+000 +2.9443e+000 +3.6525e+000 +8.4309e+000 +1.6868e+001 +1.1202e+001 -1.0634e+001 +7.2117e+000
609 +1.541682735e+006 +1.541682735e+006 +1.541877885e+006 +1.541877885e+006 +5.8138e+000 -3.4709e+000 +1.4339e+001 +4.6413e+000 +4.0425e+000 -3.6711e+000 +1.8434e+000 +1.0933e+001 -3.3829e+000 +1.2759e+001
636 +8.571023188e+005 +8.571023188e+005 +8.572974688e+005 +8.572974688e+005 -2.6496e-001 +7.0605e+000 +1.3158e+001 +2.1748e+000 +2.3245e+000 -6.0593e+000 +6.9796e+000 +1.5260e+001 +4.7778e-001 +5.2093e-001
1072 +3.726362414e+005 +3.726362414e+005 +3.728313914e+005 +3.728313914e+005 -4.1538e+000 +6.1760e+000 +8.1599e+000 +2.4441e+000 +2.6883e+000 -3.0339e+000 +5.5128e+000 +9.3864e+000 -2.1182e+000 +1.2710e+001
% function evaluation | noise-free fitness - Fopt (-4.335000000000e+001) | best noise-free fitness - Fopt | measured fitness | best measured fitness | x1 | x2...
1 +2.481848187e+008 +2.481848187e+008 +2.481847754e+008 +2.481847754e+008 +5.0528e+000 +6.9447e+000 +6.0814e+000 +7.9555e+000 +1.2366e+001 +8.4203e+000 +5.4615e+000 +1.3407e+001 +5.0164e+000 +9.4838e+000
166 +1.298108507e+008 +1.298108507e+008 +1.298108074e+008 +1.298108074e+008 +6.5543e+000 +4.9616e+000 +5.5988e+000 +7.2351e-001 +1.7611e+001 +1.4913e+001 +3.7299e+000 +1.0762e+001 +6.4027e+000 +7.1493e+000
222 +5.431445418e+007 +5.431445418e+007 +5.431441083e+007 +5.431441083e+007 +5.2034e+000 +1.0429e+000 -1.7242e+000 +5.1747e-001 +7.2556e+000 +1.6118e+001 +1.0423e+001 +1.1320e+001 +1.0016e+001 +5.5744e+000
325 +3.877297512e+007 +3.877297512e+007 +3.877293177e+007 +3.877293177e+007 -8.1205e-001 -7.5361e-001 +1.7044e+000 +7.3846e+000 +9.1947e+000 +2.0333e+000 +3.1088e+000 +4.0114e+000 +1.4082e+001 +1.4684e+001
377 +1.828451261e+007 +1.828451261e+007 +1.828446926e+007 +1.828446926e+007 +3.8057e+000 +1.4383e+000 -6.1478e+000 -8.2911e+000 +3.2429e+000 +1.5554e+001 +5.5235e+000 +5.0560e+000 +1.2990e+001 +4.6490e+000
433 +2.840144338e+006 +2.840144338e+006 +2.840100988e+006 +2.840100988e+006 +1.4529e+000 +7.2041e+000 +5.4579e-001 -2.1459e+000 +5.2160e+000 -2.0083e+000 +1.5751e+000 +1.4517e+000 -4.4630e+000 +5.4673e+000
670 +9.763553361e+004 +9.763553361e+004 +9.759218361e+004 +9.759218361e+004 +4.8195e+000 +3.3161e+000 +6.3954e-001 -8.3467e+000 +3.0001e+000 +1.0851e+000 +8.6245e-002 +6.5012e+000 -6.0089e+000 +8.5215e+000
% function evaluation | noise-free fitness - Fopt (2.790900000000e+002) | best noise-free fitness - Fopt | measured fitness | best measured fitness | x1 | x2...
1 +2.714368600e+008 +2.714368600e+008 +2.714371391e+008 +2.714371391e+008 +9.2247e+000 +7.8668e+000 +1.3470e+001 +9.4094e+000 +9.2022e+000 +9.6386e+000 +6.5682e+000 +6.9823e+000 +8.2586e+000 +8.6231e+000
8 +1.807911253e+008 +1.807911253e+008 +1.807914044e+008 +1.807914044e+008 +7.5497e+000 +5.1566e+000 +9.4777e+000 +8.9972e+000 +1.4603e+001 +1.3478e+001 +7.7905e+000 +5.7996e+000 +8.6883e+000 +9.4954e+000
130 +1.513454576e+008 +1.513454576e+008 +1.513457367e+008 +1.513457367e+008 +5.5963e+000 +6.6322e+000 +1.6711e+001 +5.7014e+000 +1.5462e+001 +6.6956e+000 +1.0913e+001 +7.0962e+000 +8.5524e+000 +9.0828e+000
179 +9.930810639e+007 +9.930810639e+007 +9.930838548e+007 +9.930838548e+007 +1.4492e+001 +5.1102e+000 +1.0977e+001 +3.0680e+000 +1.6984e+001 +3.4708e-001 +1.5832e+001 +9.9925e+000 +7.6564e+000 +5.7994e+000
255 +5.049731371e+007 +5.049731371e+007 +5.049759280e+007 +5.049759280e+007 +1.2550e+001 +1.0619e+001 +1.3002e+001 +1.1791e+001 +1.3601e+001 +9.7340e+000 +2.7853e+000 -4.6827e+000 +1.0621e+001 +6.3907e-001
266 +9.856422738e+006 +9.856422738e+006 +9.856701828e+006 +9.856701828e+006 +1.1573e+001 -3.0200e+000 +2.0603e+001 +8.6207e+000 +1.2780e+001 +3.0863e+000 +9.8442e+000 -6.7662e-002 +1.1820e+001 +2.5878e+000
465 +2.603055243e+006 +2.603055243e+006 +2.603334333e+006 +2.603334333e+006 +1.6939e+001 +2.7982e+000 +1.3473e+001 +7.3183e+000 +1.6104e+001 -1.4488e+000 -6.4825e+000 -1.5019e-001 +7.3353e+000 -1.4437e+000
634 +1.025201919e+006 +1.025201919e+006 +1.025481009e+006 +1.025481009e+006 +8.8386e+000 -1.5731e+000 +1.4970e+001 +5.9008e+000 +1.2192e+001 +3.9091e+000 -1.1295e+001 -1.0668e+000 +1.0947e+001 +4.3122e+000
890 +9.389492503e+005 +9.389492503e+005 +9.392283403e+005 +9.392283403e+005 +3.0379e+000 -3.6647e+000 +1.1711e+001 +5.2917e+000 +2.2131e+001 -1.1055e+000 +1.4547e+000 +4.9077e+000 +8.5516e+000 -3.4812e+000
1456 +4.282540341e+005 +4.282540341e+005 +4.285331241e+005 +4.285331241e+005 -1.7520e+000 -2.7512e+000 +1.3260e+001 +7.0772e+000 +1.2656e+001 +3.8147e+000 -1.2744e+001 -4.3763e-001 -9.5227e-001 +7.8927e+000
1765 +3.324282907e+005 +3.324282907e+005 +3.327073807e+005 +3.327073807e+005 +3.1027e+000 -2.9482e+000 +1.5297e+001 +6.8585e+000 +1.8911e+001 +4.9199e+000 -6.4825e+000 +1.6374e+000 -3.1757e-001 +5.8871e+000
% function evaluation | noise-free fitness - Fopt (1.000000000000e+003) | best noise-free fitness - Fopt | measured fitness | best measured fitness | x1 | x2...
1 +1.291204030e+008 +1.291204030e+008 +1.291214030e+008 +1.291214030e+008 +6.8863e+000 +1.0127e+001 +1.2682e+001 +1.1674e+001 +1.0406e+001 +6.9641e+000 +1.2224e+001 +9.5400e+000 +9.9773e+000 +1.4761e+001
3 +7.234140609e+007 +7.234140609e+007 +7.234240609e+007 +7.234240609e+007 +1.4204e+001 +9.9494e+000 +1.1666e+001 +1.3207e+001 +6.7660e+000 +1.0769e+001 +6.1953e+000 +6.8810e+000 +1.3289e+001 +1.4178e+001
14 +6.244830015e+007 +6.244830015e+007 +6.244930015e+007 +6.244930015e+007 +9.7005e+000 +1.3044e+001 +9.8684e+000 +1.0688e+001 +7.4484e+000 +1.2323e+001 +1.1768e+001 +5.5685e+000 +7.8444e+000 +8.0683e+000
135 +3.889567072e+007 +3.889567072e+007 +3.889667072e+007 +3.889667072e+007 +6.1206e+000 +5.6814e+000 +1.3458e+001 +1.2683e+001 +1.5109e+001 +7.6817e+000 +1.4805e+001 +3.6568e+000 +7.0522e+000 +8.4911e+000
209 +2.405433822e+007 +2.405433822e+007 +2.405533822e+007 +2.405533822e+007 +1.2303e+001 +6.5425e+000 +6.7191e+000 +1.2426e+001 +9.7222e+000 +7.2250e+000 +6.6943e+000 +2.3296e+000 +1.3526e+000 +8.6688e+000
222 +1.222659172e+007 +1.222659172e+007 +1.222759172e+007 +1.222759172e+007 +6.8924e+000 +2.8206e+000 +1.0865e+001 +1.3238e+001 +9.9086e+000 +1.8004e+000 +1.1785e+001 +2.1268e+000 +1.3184e+001 +1.0822e+001
304 +6.081676670e+006 +6.081676670e+006 +6.082676670e+006 +6.082676670e+006 +9.0683e+000 +6.7495e-001 +1.2670e+001 +1.9487e+001 +7.1827e+000 +5.4638e+000 +1.1049e+001 +1.2529e+000 +1.5812e+001 +1.3387e+001
328 +3.271941341e+006 +3.271941341e+006 +3.272941341e+006 +3.272941341e+006 +1.0174e+001 +8.4169e-001 +8.6918e+000 +2.3403e+001 +5.1297e+000 +4.1368e+000 +1.0635e+001 +3.5498e+000 +6.0219e+000 +3.6960e+000
431 +2.374419606e+006 +2.374419606e+006 +2.375419606e+006 +2.375419606e+006 +4.3144e+000 +6.5744e+000 +5.6170e+000 +1.4815e+001 +3.9786e+000 +5.0367e+000 +1.4180e+001 +1.4859e+000 +1.0820e+001 -5.1220e-001
624 +1.516992109e+006 +1.516992109e+006 +1.517992109e+006 +1.517992109e+006 +2.4881e+000 -8.9544e-001 +6.5881e+000 +1.0530e+001 +1.1920e+001 +5.5258e+000 +2.4886e+001 +3.2935e+000 +9.2044e-001 -6.4130e-002
654 +2.563563523e+005 +2.563563523e+005 +2.573563523e+005 +2.573563523e+005 -2.4041e+000 +2.6577e+000 +6.2057e+000 +1.7347e+001 +4.2184e+000 +2.8008e+000 +1.2190e+001 +1.7879e+000 +1.3978e+001 +1.4336e+000
% function evaluation | noise-free fitness - Fopt (-1.148100000000e+002) | best noise-free fitness - Fopt | measured fitness | best measured fitness | x1 | x2...
1 +4.738610373e+007 +4.738610373e+007 +4.738598892e+007 +4.738598892e+007 +8.8539e+000 +5.9103e+000 +1.4331e+001 +1.3257e+001 +6.0742e+000 +8.7472e+000 +5.2375e+000 +1.4910e+001 +1.3253e+001 +1.3638e+001
3 +6.835802470e+006 +6.835802470e+006 +6.835687660e+006 +6.835687660e+006 +8.2888e+000 +8.3003e+000 +9.1710e+000 +1.3691e+001 +1.0945e+001 +1.4384e+001 +1.1341e+001 +7.0257e+000 +9.5174e+000 +6.8987e+000
12 +3.822675244e+006 +3.822675244e+006 +3.822560434e+006 +3.822560434e+006 +1.0954e+001 +1.0671e+001 +7.4595e+000 +1.0380e+001 +6.3736e+000 +6.2085e+000 +1.2169e+001 +1.3071e+001 +1.2025e+001 +8.5824e+000
50 +2.059136457e+006 +2.059136457e+006 +2.059021647e+006 +2.059021647e+006 +7.6078e+000 +1.2436e+001 +8.2856e+000 +1.4233e+001 +8.6093e+000 +9.4994e+000 +9.3409e+000 +8.0080e+000 +9.4742e+000 +9.6980e+000
262 +7.956546788e+005 +7.956546788e+005 +7.955398688e+005 +7.955398688e+005 +5.1137e+000 +6.6072e+000 +7.4595e+000 +9.9358e+000 +1.5442e+001 +6.7137e+000 +8.6506e+000 +1.3071e+001 +9.1189e+000 +8.5824e+000
1008 +5.213501534e+005 +5.213501534e+005 +5.212353434e+005 +5.212353434e+005 +2.2831e+000 +8.7714e+000 +6.5466e+000 +1.0933e+001 +1.3006e+001 +6.4508e+000 +6.8203e+000 +1.9909e+001 +2.1417e+000 +1.3196e+001
1231 +3.899069030e+005 +3.899069030e+005 +3.897920930e+005 +3.897920930e+005 +4.8736e+000 +1.0782e+001 +5.7417e+000 +7.5175e+000 +4.7095e+000 +3.6934e+000 +5.8035e+000 +2.0604e+001 +4.1635e+000 +1.0621e+001
% function evaluation | noise-free fitness - Fopt (-3.505800000000e+002) | best noise-free fitness - Fopt | measured fitness | best measured fitness | x1 | x2...
1 +4.815133861e+007 +4.815133861e+007 +4.815098803e+007 +4.815098803e+007 +6.3897e+000 +1.0412e+001 +6.8332e+000 +1.0396e+001 +7.2361e+000 +9.9821e+000 +7.1857e+000 +6.7232e+000 +6.4290e+000 +1.0063e+001
9 +2.051686627e+007 +2.051686627e+007 +2.051651569e+007 +2.051651569e+007 +5.0923e+000 +1.4920e+001 +1.1953e+001 +1.3131e+001 +9.6493e+000 +9.4491e+000 +8.4674e+000 +5.0087e+000 +1.3353e+001 +1.3505e+001
135 +8.031984283e+006 +8.031984283e+006 +8.031633703e+006 +8.031633703e+006 +6.1557e+000 +1.0572e+001 +1.6839e+001 +1.3282e+001 +8.4050e+000 +4.4822e+000 +5.4716e+000 +3.1118e+000 +1.3188e+001 +1.0593e+001
248 +4.833635646e+006 +4.833635646e+006 +4.833285066e+006 +4.833285066e+006 +5.0248e+000 +1.4165e+001 +1.3829e+001 +1.4250e+001 +8.5135e+000 +7.2085e-001 +3.8523e+000 +4.5782e+000 +1.2137e+001 +1.3288e+001
426 +3.931514606e+006 +3.931514606e+006 +3.931164026e+006 +3.931164026e+006 +4.9117e+000 +1.1976e+001 +8.6962e+000 +1.8064e+001 +1.8021e+001 +3.7366e+000 +7.2838e+000 +1.1380e+000 +6.3260e+000 +1.0283e+001
486 +2.283663714e+006 +2.283663714e+006 +2.283313134e+006 +2.283313134e+006 +2.9365e-001 +1.4045e+001 +8.1945e+000 +1.1900e+001 +8.6205e+000 +4.1344e+000 +4.6149e+000 +4.8235e+000 +8.4224e+000 +7.3068e+000
912 +1.118852434e+006 +1.118852434e+006 +1.118501854e+006 +1.118501854e+006 +9.9498e-003 +2.0026e+001 +4.5834e+000 +1.5501e+001 +3.8672e-001 +9.8215e+000 +7.8752e+000 +6.5028e+000 +1.1261e+001 +7.9345e+000
1285 +8.116375989e+005 +8.116375989e+005 +8.112870189e+005 +8.112870189e+005 -1.0180e+000 +1.0666e+001 +3.6566e+000 +2.1245e+001 -4.2348e-001 +5.5657e+000 +5.4716e+000 +5.8475e+000 +9.2291e+000 +5.5932e+000
1581 +4.334743396e+005 +4.334743396e+005 +4.331237596e+005 +4.331237596e+005 -3.1327e+000 +1.5355e+001 +1.9228e+000 +8.2610e+000 +7.3909e+000 +1.1084e+001 +5.6733e+000 +5.1732e+000 -1.9875e+000 +1.6852e+000
2242 +3.632117348e+005 +3.632117348e+005 +3.628611548e+005 +3.628611548e+005 -3.5254e+000 +8.4696e+000 +3.0826e+000 +2.0888e+001 +1.4563e+001 +1.3752e+001 +5.6977e+000 -1.0165e+000 +5.4411e+000 +7.2587e+000
% function evaluation | noise-free fitness - Fopt (-5.700000000000e+000) | best noise-free fitness - Fopt | measured fitness | best measured fitness | x1 | x2...
1 +1.279286704e+008 +1.279286704e+008 +1.279286647e+008 +1.279286647e+008 +5.0282e+000 +9.7630e+000 +5.8864e+000 +1.2432e+001 +1.3424e+001 +8.6386e+000 +9.8853e+000 +1.0074e+001 +1.1296e+001 +1.1805e+001
3 +2.691014159e+007 +2.691014159e+007 +2.691013589e+007 +2.691013589e+007 +7.0594e+000 +1.0574e+001 +1.0771e+001 +5.7124e+000 +7.3229e+000 +1.1065e+001 +1.4633e+001 +5.1051e+000 +7.0156e+000 +8.7653e+000
63 +1.418087504e+007 +1.418087504e+007 +1.418086934e+007 +1.418086934e+007 +1.4106e+001 +1.4357e+001 +1.3970e+001 +6.3206e+000 +8.5034e+000 +6.9236e+000 +5.6532e+000 +8.2768e+000 +7.1586e+000 +1.6054e+000
203 +9.125329872e+006 +9.125329872e+006 +9.125324172e+006 +9.125324172e+006 +7.0594e+000 +1.3884e+001 +1.0771e+001 +8.5808e+000 +1.0181e+001 -1.2473e+000 +1.4633e+001 +5.1051e+000 +7.0156e+000 +7.7975e+000
300 +5.610971966e+006 +5.610971966e+006 +5.610966266e+006 +5.610966266e+006 +9.1197e+000 +1.4380e+001 +1.0783e+001 +8.1236e+000 +6.4849e+000 +4.0177e+000 +1.4547e+001 +6.6636e+000 +2.6019e+000 +6.3270e+000
338 +2.053022739e+006 +2.053022739e+006 +2.053017039e+006 +2.053017039e+006 +5.1761e+000 +1.6671e+001 +9.0052e+000 +5.8156e+000 +5.7178e+000 +1.1659e+001 +1.2530e+001 +7.5376e+000 +6.7313e+000 -9.4053e-001
442 +1.514390165e+006 +1.514390165e+006 +1.514384465e+006 +1.514384465e+006 +4.5610e+000 +1.6220e+001 +1.0620e+001 +7.0976e+000 +7.5858e+000 -1.7680e+000 +1.3085e+001 +4.8103e+000 -2.5477e+000 +6.2648e+000
727 +7.389338866e+005 +7.389338866e+005 +7.389281866e+005 +7.389281866e+005 -4.0403e-001 +1.6395e+001 +5.1245e+000 +2.1179e+000 +9.5594e+000 +3.6878e+000 +2.8969e+000 -7.1089e-001 +8.2674e+000 -9.8846e-001
777 +5.362553887e+005 +5.362553887e+005 +5.362496887e+005 +5.362496887e+005 +5.1372e+000 +1.6395e+001 +4.5238e+000 +2.1179e+000 +9.5594e+000 +3.6878e+000 +3.3605e+000 -6.1618e+000 +1.4328e+001 -3.3291e+000
1652 +1.806200284e+005 +1.806200284e+005 +1.806143284e+005 +1.806143284e+005 +1.8740e+001 +1.8586e+001 +9.6898e+000 +5.9536e+000 +5.1143e+000 +8.9716e+000 +1.0530e+001 -2.7444e+000 +1.9498e+001 -6.8019e+000
