% function evaluation | noise-free fitness - Fopt (2.997000000000e+001) | best noise-free fitness - Fopt | measured fitness | best measured fitness | x1 | x2...
1 +1.555394860e+003 +1.555394860e+003 +1.585364860e+003 +1.585364860e+003 -2.8679e+000 +4.3088e+000 +2.3540e+000
3 +8.535382642e+002 +8.535382642e+002 +8.835082642e+002 +8.835082642e+002 +4.9935e+000 +6.6657e-001 -4.0784e+000
22 +5.828389272e+002 +5.828389272e+002 +6.128089272e+002 +6.128089272e+002 +3.6535e+000 +5.5632e-002 -3.1921e+000
23 +2.034920487e+002 +2.034920487e+002 +2.334620487e+002 +2.334620487e+002 -1.0977e+000 -2.3261e-001 -4.7183e+000
84 +8.711871222e+001 +8.711871222e+001 +1.170887122e+002 +1.170887122e+002 +7.7958e-001 -1.2378e+000 -4.5285e+000
245 +5.547145774e+001 +5.547145774e+001 +8.544145774e+001 +8.544145774e+001 -2.1633e-001 -1.3171e-001 -5.2636e+000
369 +2.356185482e+001 +2.356185482e+001 +5.353185482e+001 +5.353185482e+001 +1.4147e+000 -2.6824e+000 -2.8897e+000
1087 +1.055152191e+001 +1.055152191e+001 +4.052152191e+001 +4.052152191e+001 +7.6516e-001 -1.5663e+000 -3.7148e+000
1095 +1.933926223e+000 +1.933926223e+000 +3.190392622e+001 +3.190392622e+001 +9.9812e-001 -1.9045e+000 -3.4890e+000
1872 +1.232737517e+000 +1.232737517e+000 +3.120273752e+001 +3.120273752e+001 +8.8630e-001 -1.7084e+000 -3.6512e+000
3005 +9.182928612e-001 +9.182928612e-001 +3.088829286e+001 +3.088829286e+001 +1.0061e+000 -1.9036e+000 -3.4887e+000
3019 +4.386556036e-001 +4.386556036e-001 +3.040865560e+001 +3.040865560e+001 +8.7623e-001 -1.7052e+000 -3.6623e+000
3511 +2.484043572e-001 +2.484043572e-001 +3.021840436e+001 +3.021840436e+001 +9.2981e-001 -1.7861e+000 -3.5868e+000
4012 +1.521244383e-001 +1.521244383e-001 +3.012212444e+001 +3.012212444e+001 +8.2946e-001 -1.6385e+000 -3.7189e+000
4208 +7.190881776e-002 +7.190881776e-002 +3.004190882e+001 +3.004190882e+001 +8.3603e-001 -1.6467e+000 -3.7112e+000
4681 +4.495000229e-002 +4.495000229e-002 +3.001495000e+001 +3.001495000e+001 +8.6657e-001 -1.6928e+000 -3.6710e+000
4805 +3.265314587e-002 +3.265314587e-002 +3.000265315e+001 +3.000265315e+001 +8.6299e-001 -1.6874e+000 -3.6757e+000
5104 +1.268370529e-002 +1.268370529e-002 +2.998268371e+001 +2.998268371e+001 +8.7378e-001 -1.7029e+000 -3.6617e+000
6479 +9.772317901e-003 +9.772317901e-003 +2.997977232e+001 +2.997977232e+001 +8.8415e-001 -1.7185e+000 -3.6480e+000
7001 +4.605017565e-003 +4.605017565e-003 +2.997460502e+001 +2.997460502e+001 +8.7885e-001 -1.7106e+000 -3.6549e+000
7164 +2.085935013e-003 +2.085935013e-003 +2.997208594e+001 +2.997208594e+001 +8.8291e-001 -1.7166e+000 -3.6496e+000
7740 +1.427370123e-003 +1.427370123e-003 +2.997142737e+001 +2.997142737e+001 +8.7112e-001 -1.6991e+000 -3.6651e+000
8464 +5.663403272e-004 +5.663403272e-004 +2.997056634e+001 +2.997056634e+001 +8.7701e-001 -1.7079e+000 -3.6574e+000
9264 +3.896452153e-004 +3.896452153e-004 +2.997038965e+001 +2.997038965e+001 +8.7739e-001 -1.7084e+000 -3.6569e+000
9885 +2.046046925e-004 +2.046046925e-004 +2.997020460e+001 +2.997020460e+001 +8.7705e-001 -1.7079e+000 -3.6573e+000
10101 +1.283982000e-004 +1.283982000e-004 +2.997012840e+001 +2.997012840e+001 +8.7576e-001 -1.7060e+000 -3.6590e+000
10831 +7.501552849e-005 +7.501552849e-005 +2.997007502e+001 +2.997007502e+001 +8.7367e-001 -1.7029e+000 -3.6618e+000
11103 +1.227683282e-005 +1.227683282e-005 +2.997001228e+001 +2.997001228e+001 +8.7451e-001 -1.7042e+000 -3.6607e+000
12739 +4.831254181e-006 +4.831254181e-006 +2.997000483e+001 +2.997000483e+001 +8.7428e-001 -1.7038e+000 -3.6610e+000
13432 +2.542235578e-006 +2.542235578e-006 +2.997000254e+001 +2.997000254e+001 +8.7446e-001 -1.7041e+000 -3.6607e+000
14282 +2.503703428e-006 +2.503703428e-006 +2.997000250e+001 +2.997000250e+001 +8.7420e-001 -1.7037e+000 -3.6611e+000
14325 +1.185600617e-006 +1.185600617e-006 +2.997000119e+001 +2.997000119e+001 +8.7461e-001 -1.7043e+000 -3.6605e+000
14692 +8.483911635e-007 +8.483911635e-007 +2.997000085e+001 +2.997000085e+001 +8.7434e-001 -1.7039e+000 -3.6609e+000
15222 +2.469996936e-007 +2.469996936e-007 +2.997000025e+001 +2.997000025e+001 +8.7443e-001 -1.7040e+000 -3.6608e+000
15967 +1.108552610e-007 +1.108552610e-007 +2.997000011e+001 +2.997000011e+001 +8.7438e-001 -1.7040e+000 -3.6608e+000
17100 +8.270135865e-008 +8.270135865e-008 +2.997000008e+001 +2.997000008e+001 +8.7444e-001 -1.7041e+000 -3.6607e+000
17211 +4.556576627e-008 +4.556576627e-008 +2.997000005e+001 +2.997000005e+001 +8.7443e-001 -1.7040e+000 -3.6608e+000
17928 +3.273062887e-008 +3.273062887e-008 +2.997000003e+001 +2.997000003e+001 +8.7438e-001 -1.7040e+000 -3.6608e+000
18367 +1.802739646e-008 +1.802739646e-008 +2.997000002e+001 +2.997000002e+001 +8.7441e-001 -1.7040e+000 -3.6608e+000
18486 +1.550658624e-008 +1.550658624e-008 +2.997000002e+001 +2.997000002e+001 +8.7442e-001 -1.7040e+000 -3.6608e+000
18819 +6.447478995e-009 +6.447478995e-009 +2.997000001e+001 +2.997000001e+001 +8.7440e-001 -1.7040e+000 -3.6608e+000
% function evaluation | noise-free fitness - Fopt (-5.171000000000e+001) | best noise-free fitness - Fopt | measured fitness | best measured fitness | x1 | x2...
1 +1.054597188e+003 +1.054597188e+003 +1.002887188e+003 +1.002887188e+003 -3.2759e+000 +1.7989e+000 +1.0252e+000
5 +8.218670576e+002 +8.218670576e+002 +7.701570576e+002 +7.701570576e+002 +3.4180e+000 +4.4453e-001 -4.8259e+000
9 +5.578235191e+002 +5.578235191e+002 +5.061135191e+002 +5.061135191e+002 +1.7551e+000 +2.4802e+000 -3.3912e-001
39 +9.797393641e+001 +9.797393641e+001 +4.626393641e+001 +4.626393641e+001 +3.9810e+000 +2.3358e+000 -2.6642e+000
299 +5.724722921e+001 +5.724722921e+001 +5.537229209e+000 +5.537229209e+000 +4.7164e+000 +2.1285e+000 -3.3246e+000
349 +2.979123503e+001 +2.979123503e+001 -2.191876497e+001 -2.191876497e+001 +3.1969e+000 +2.9920e+000 -3.3246e+000
388 +2.467070689e+001 +2.467070689e+001 -2.703929311e+001 -2.703929311e+001 +2.3646e+000 +3.3402e+000 -3.3907e+000
949 +7.835372671e+000 +7.835372671e+000 -4.387462733e+001 -4.387462733e+001 +3.1969e+000 +2.8970e+000 -3.3246e+000
1371 +4.711051864e+000 +4.711051864e+000 -4.699894814e+001 -4.699894814e+001 +1.7276e+000 +3.5310e+000 -3.4441e+000
1791 +3.185330240e+000 +3.185330240e+000 -4.852466976e+001 -4.852466976e+001 +2.1180e+000 +3.3412e+000 -3.4035e+000
2190 +1.997791413e+000 +1.997791413e+000 -4.971220859e+001 -4.971220859e+001 +2.6786e+000 +3.0895e+000 -3.3463e+000
2740 +1.391729170e+000 +1.391729170e+000 -5.031827083e+001 -5.031827083e+001 +2.1368e+000 +3.3461e+000 -3.4102e+000
2997 +8.764987064e-001 +8.764987064e-001 -5.083350129e+001 -5.083350129e+001 +2.8647e+000 +3.0164e+000 -3.3366e+000
3520 +6.206153150e-001 +6.206153150e-001 -5.108938469e+001 -5.108938469e+001 +2.7946e+000 +3.0437e+000 -3.3375e+000
3923 +3.696968265e-001 +3.696968265e-001 -5.134030317e+001 -5.134030317e+001 +2.2936e+000 +3.2747e+000 -3.3976e+000
4230 +7.470483397e-002 +7.470483397e-002 -5.163529517e+001 -5.163529517e+001 +2.7338e+000 +3.0738e+000 -3.3467e+000
5155 +4.336233843e-002 +4.336233843e-002 -5.166663766e+001 -5.166663766e+001 +2.6838e+000 +3.0967e+000 -3.3528e+000
5739 +2.725123546e-002 +2.725123546e-002 -5.168274876e+001 -5.168274876e+001 +2.7038e+000 +3.0875e+000 -3.3503e+000
6402 +1.579298641e-002 +1.579298641e-002 -5.169420701e+001 -5.169420701e+001 +2.6140e+000 +3.1282e+000 -3.3604e+000
6431 +9.754348560e-003 +9.754348560e-003 -5.170024565e+001 -5.170024565e+001 +2.5472e+000 +3.1586e+000 -3.3680e+000
7373 +2.852410059e-003 +2.852410059e-003 -5.170714759e+001 -5.170714759e+001 +2.6269e+000 +3.1224e+000 -3.3590e+000
8034 +2.498939570e-003 +2.498939570e-003 -5.170750106e+001 -5.170750106e+001 +2.5788e+000 +3.1442e+000 -3.3644e+000
8630 +1.577511900e-003 +1.577511900e-003 -5.170842249e+001 -5.170842249e+001 +2.6113e+000 +3.1295e+000 -3.3608e+000
9830 +4.479640604e-004 +4.479640604e-004 -5.170955204e+001 -5.170955204e+001 +2.5967e+000 +3.1361e+000 -3.3624e+000
10042 +3.816972177e-004 +3.816972177e-004 -5.170961830e+001 -5.170961830e+001 +2.6062e+000 +3.1318e+000 -3.3613e+000
11046 +2.330022392e-004 +2.330022392e-004 -5.170976700e+001 -5.170976700e+001 +2.6088e+000 +3.1306e+000 -3.3611e+000
11239 +1.296557951e-004 +1.296557951e-004 -5.170987034e+001 -5.170987034e+001 +2.6107e+000 +3.1297e+000 -3.3608e+000
11576 +9.383550484e-005 +9.383550484e-005 -5.170990616e+001 -5.170990616e+001 +2.6034e+000 +3.1331e+000 -3.3617e+000
11653 +5.322281733e-005 +5.322281733e-005 -5.170994678e+001 -5.170994678e+001 +2.6014e+000 +3.1340e+000 -3.3619e+000
11696 +3.432932812e-005 +3.432932812e-005 -5.170996567e+001 -5.170996567e+001 +2.6045e+000 +3.1326e+000 -3.3615e+000
12532 +1.343964397e-005 +1.343964397e-005 -5.170998656e+001 -5.170998656e+001 +2.6038e+000 +3.1329e+000 -3.3616e+000
13761 +9.485264485e-006 +9.485264485e-006 -5.170999051e+001 -5.170999051e+001 +2.6021e+000 +3.1336e+000 -3.3618e+000
14059 +4.716200351e-006 +4.716200351e-006 -5.170999528e+001 -5.170999528e+001 +2.6025e+000 +3.1335e+000 -3.3618e+000
14899 +2.817008365e-006 +2.817008365e-006 -5.170999718e+001 -5.170999718e+001 +2.6038e+000 +3.1329e+000 -3.3616e+000
14926 +2.428512744e-006 +2.428512744e-006 -5.170999757e+001 -5.170999757e+001 +2.6049e+000 +3.1324e+000 -3.3615e+000
14973 +7.392283621e-007 +7.392283621e-007 -5.170999926e+001 -5.170999926e+001 +2.6042e+000 +3.1327e+000 -3.3616e+000
15220 +6.283691718e-007 +6.283691718e-007 -5.170999937e+001 -5.170999937e+001 +2.6045e+000 +3.1326e+000 -3.3615e+000
16482 +2.622462461e-007 +2.622462461e-007 -5.170999974e+001 -5.170999974e+001 +2.6042e+000 +3.1327e+000 -3.3616e+000
17094 +1.895617814e-007 +1.895617814e-007 -5.170999981e+001 -5.170999981e+001 +2.6038e+000 +3.1329e+000 -3.3616e+000
17382 +1.538774441e-007 +1.538774441e-007 -5.170999985e+001 -5.170999985e+001 +2.6041e+000 +3.1327e+000 -3.3616e+000
17498 +8.544455454e-008 +8.544455454e-008 -5.170999991e+001 -5.170999991e+001 +2.6038e+000 +3.1329e+000 -3.3616e+000
17932 +5.273495418e-008 +5.273495418e-008 -5.170999995e+001 -5.170999995e+001 +2.6040e+000 +3.1328e+000 -3.3616e+000
18928 +2.651980680e-008 +2.651980680e-008 -5.170999997e+001 -5.170999997e+001 +2.6039e+000 +3.1328e+000 -3.3616e+000
19575 +1.497706847e-008 +1.497706847e-008 -5.170999999e+001 -5.170999999e+001 +2.6040e+000 +3.1328e+000 -3.3616e+000
20305 +8.157115872e-009 +8.157115872e-009 -5.170999999e+001 -5.170999999e+001 +2.6039e+000 +3.1328e+000 -3.3616e+000
% function evaluation | noise-free fitness - Fopt (-2.799500000000e+002) | best noise-free fitness - Fopt | measured fitness | best measured fitness | x1 | x2...
1 +1.192441169e+003 +1.192441169e+003 +9.124911694e+002 +9.124911694e+002 -2.2473e+000 -3.5796e+000 -2.3123e+000
7 +5.731823968e+002 +5.731823968e+002 +2.932323968e+002 +2.932323968e+002 -3.5847e+000 -2.7613e+000 +1.7717e+000
18 +3.745473571e+002 +3.745473571e+002 +9.459735711e+001 +9.459735711e+001 -6.5624e-001 -2.9872e+000 +4.9919e+000
34 +1.543988710e+002 +1.543988710e+002 -1.255511290e+002 -1.255511290e+002 -4.7690e+000 -4.4100e+000 +2.9574e+000
83 +7.266285496e+001 +7.266285496e+001 -2.072871450e+002 -2.072871450e+002 -3.0263e+000 -4.1376e+000 +2.7391e+000
432 +6.253281425e+001 +6.253281425e+001 -2.174171857e+002 -2.174171857e+002 -3.2197e+000 -4.8659e+000 +2.2129e+000
773 +3.787552232e+001 +3.787552232e+001 -2.420744777e+002 -2.420744777e+002 -3.6962e+000 -3.9158e+000 +3.1289e+000
854 +1.806800443e+001 +1.806800443e+001 -2.618819956e+002 -2.618819956e+002 -4.6408e+000 -3.0454e+000 +4.4163e+000
1015 +1.152368773e+001 +1.152368773e+001 -2.684263123e+002 -2.684263123e+002 -3.0955e+000 -4.4159e+000 +2.7792e+000
1158 +7.099109653e+000 +7.099109653e+000 -2.728508903e+002 -2.728508903e+002 -3.4599e+000 -4.0577e+000 +3.1305e+000
1789 +4.961714506e+000 +4.961714506e+000 -2.749882855e+002 -2.749882855e+002 -3.9925e+000 -3.5931e+000 +3.7201e+000
2245 +2.053395719e+000 +2.053395719e+000 -2.778966043e+002 -2.778966043e+002 -3.3767e+000 -4.1677e+000 +3.0350e+000
2879 +9.482234379e-001 +9.482234379e-001 -2.790017766e+002 -2.790017766e+002 -3.8468e+000 -3.7557e+000 +3.5183e+000
3422 +6.182652754e-001 +6.182652754e-001 -2.793317347e+002 -2.793317347e+002 -3.5507e+000 -4.0146e+000 +3.2088e+000
4137 +2.344489836e-001 +2.344489836e-001 -2.797155510e+002 -2.797155510e+002 -3.6082e+000 -3.9666e+000 +3.2690e+000
4887 +1.259063503e-001 +1.259063503e-001 -2.798240936e+002 -2.798240936e+002 -3.6278e+000 -3.9520e+000 +3.2852e+000
5515 +6.010644140e-002 +6.010644140e-002 -2.798898936e+002 -2.798898936e+002 -3.6396e+000 -3.9410e+000 +3.2987e+000
5713 +3.729820716e-002 +3.729820716e-002 -2.799127018e+002 -2.799127018e+002 -3.5655e+000 -4.0063e+000 +3.2206e+000
6851 +2.458122040e-002 +2.458122040e-002 -2.799254188e+002 -2.799254188e+002 -3.6271e+000 -3.9518e+000 +3.2858e+000
7401 +1.396642266e-002 +1.396642266e-002 -2.799360336e+002 -2.799360336e+002 -3.6056e+000 -3.9706e+000 +3.2633e+000
7740 +7.429958298e-003 +7.429958298e-003 -2.799425700e+002 -2.799425700e+002 -3.6380e+000 -3.9418e+000 +3.2978e+000
7913 +1.611939538e-003 +1.611939538e-003 -2.799483881e+002 -2.799483881e+002 -3.6206e+000 -3.9573e+000 +3.2792e+000
9582 +5.603324533e-004 +5.603324533e-004 -2.799494397e+002 -2.799494397e+002 -3.6204e+000 -3.9575e+000 +3.2790e+000
11159 +3.618298941e-004 +3.618298941e-004 -2.799496382e+002 -2.799496382e+002 -3.6162e+000 -3.9612e+000 +3.2745e+000
11461 +7.391376113e-005 +7.391376113e-005 -2.799499261e+002 -2.799499261e+002 -3.6184e+000 -3.9593e+000 +3.2769e+000
12125 +4.277142460e-005 +4.277142460e-005 -2.799499572e+002 -2.799499572e+002 -3.6188e+000 -3.9589e+000 +3.2773e+000
12412 +3.188295932e-005 +3.188295932e-005 -2.799499681e+002 -2.799499681e+002 -3.6180e+000 -3.9597e+000 +3.2764e+000
12832 +2.039426477e-005 +2.039426477e-005 -2.799499796e+002 -2.799499796e+002 -3.6183e+000 -3.9593e+000 +3.2768e+000
13521 +5.612483335e-006 +5.612483335e-006 -2.799499944e+002 -2.799499944e+002 -3.6168e+000 -3.9607e+000 +3.2752e+000
14857 +1.443177553e-006 +1.443177553e-006 -2.799499986e+002 -2.799499986e+002 -3.6175e+000 -3.9601e+000 +3.2759e+000
16509 +8.423102145e-007 +8.423102145e-007 -2.799499992e+002 -2.799499992e+002 -3.6173e+000 -3.9602e+000 +3.2757e+000
17039 +4.916632861e-007 +4.916632861e-007 -2.799499995e+002 -2.799499995e+002 -3.6177e+000 -3.9599e+000 +3.2761e+000
17125 +3.525438501e-007 +3.525438501e-007 -2.799499996e+002 -2.799499996e+002 -3.6178e+000 -3.9599e+000 +3.2762e+000
17728 +2.213868129e-007 +2.213868129e-007 -2.799499998e+002 -2.799499998e+002 -3.6175e+000 -3.9601e+000 +3.2759e+000
18449 +1.368192670e-007 +1.368192670e-007 -2.799499999e+002 -2.799499999e+002 -3.6175e+000 -3.9600e+000 +3.2759e+000
18646 +9.945426882e-008 +9.945426882e-008 -2.799499999e+002 -2.799499999e+002 -3.6175e+000 -3.9601e+000 +3.2759e+000
18955 +2.060210136e-008 +2.060210136e-008 -2.799500000e+002 -2.799500000e+002 -3.6176e+000 -3.9600e+000 +3.2760e+000
19991 +1.406601768e-008 +1.406601768e-008 -2.799500000e+002 -2.799500000e+002 -3.6176e+000 -3.9600e+000 +3.2760e+000
21128 +5.933941338e-009 +5.933941338e-009 -2.799500000e+002 -2.799500000e+002 -3.6176e+000 -3.9600e+000 +3.2760e+000
% function evaluation | noise-free fitness - Fopt (9.319900000000e+002) | best noise-free fitness - Fopt | measured fitness | best measured fitness | x1 | x2...
1 +2.122699498e+003 +2.122699498e+003 +3.054689498e+003 +3.054689498e+003 -4.6424e+000 +4.7865e+000 -3.9973e+000
3 +7.128564791e+002 +7.128564791e+002 +1.644846479e+003 +1.644846479e+003 -2.8220e+000 -1.9680e+000 +1.6451e+000
4 +4.165425123e+002 +4.165425123e+002 +1.348532512e+003 +1.348532512e+003 +3.7138e+000 +2.2533e+000 +1.0179e+000
5 +2.542597083e+002 +2.542597083e+002 +1.186249708e+003 +1.186249708e+003 +1.0663e+000 +1.1326e+000 +5.4081e-001
7 +5.903267311e+001 +5.903267311e+001 +9.910226731e+002 +9.910226731e+002 +2.2929e+000 +2.9023e+000 +2.5825e+000
400 +3.588853777e+001 +3.588853777e+001 +9.678785378e+002 +9.678785378e+002 +1.4840e+000 +8.3532e-001 +2.9405e+000
510 +1.545685224e+001 +1.545685224e+001 +9.474468522e+002 +9.474468522e+002 +9.7965e-001 +1.5558e-001 +3.0900e+000
1230 +8.090042426e+000 +8.090042426e+000 +9.400800424e+002 +9.400800424e+002 +1.5091e+000 +1.3040e+000 +2.8790e+000
1350 +4.863901594e+000 +4.863901594e+000 +9.368539016e+002 +9.368539016e+002 +1.0413e+000 +1.9960e-001 +3.1374e+000
1732 +3.954438669e+000 +3.954438669e+000 +9.359444387e+002 +9.359444387e+002 +1.5570e+000 +1.4137e+000 +2.7713e+000
2160 +1.646304416e+000 +1.646304416e+000 +9.336363044e+002 +9.336363044e+002 +1.3996e+000 +1.0299e+000 +2.9028e+000
2565 +1.558184714e+000 +1.558184714e+000 +9.335481847e+002 +9.335481847e+002 +1.4631e+000 +1.1657e+000 +2.8425e+000
2938 +8.258175220e-001 +8.258175220e-001 +9.328158175e+002 +9.328158175e+002 +1.4268e+000 +1.0955e+000 +2.8685e+000
3004 +3.711442908e-001 +3.711442908e-001 +9.323611443e+002 +9.323611443e+002 +1.3442e+000 +9.0038e-001 +2.9269e+000
4038 +1.977635724e-001 +1.977635724e-001 +9.321877636e+002 +9.321877636e+002 +1.3248e+000 +8.5334e-001 +2.9386e+000
4459 +1.008915789e-001 +1.008915789e-001 +9.320908916e+002 +9.320908916e+002 +1.3328e+000 +8.7063e-001 +2.9323e+000
4794 +7.883552439e-002 +7.883552439e-002 +9.320688355e+002 +9.320688355e+002 +1.3195e+000 +8.3915e-001 +2.9429e+000
5367 +2.520992709e-002 +2.520992709e-002 +9.320152099e+002 +9.320152099e+002 +1.3576e+000 +9.2810e-001 +2.9167e+000
6203 +5.839354121e-003 +5.839354121e-003 +9.319958394e+002 +9.319958394e+002 +1.3428e+000 +8.9338e-001 +2.9267e+000
7458 +2.296109925e-003 +2.296109925e-003 +9.319922961e+002 +9.319922961e+002 +1.3335e+000 +8.7167e-001 +2.9329e+000
7942 +7.729679525e-004 +7.729679525e-004 +9.319907730e+002 +9.319907730e+002 +1.3407e+000 +8.8861e-001 +2.9280e+000
8751 +3.208380132e-004 +3.208380132e-004 +9.319903208e+002 +9.319903208e+002 +1.3398e+000 +8.8657e-001 +2.9286e+000
9314 +2.480011004e-004 +2.480011004e-004 +9.319902480e+002 +9.319902480e+002 +1.3387e+000 +8.8392e-001 +2.9294e+000
10065 +1.416797285e-004 +1.416797285e-004 +9.319901417e+002 +9.319901417e+002 +1.3379e+000 +8.8213e-001 +2.9299e+000
10831 +6.979884199e-005 +6.979884199e-005 +9.319900698e+002 +9.319900698e+002 +1.3377e+000 +8.8160e-001 +2.9301e+000
11196 +2.424482898e-005 +2.424482898e-005 +9.319900242e+002 +9.319900242e+002 +1.3382e+000 +8.8270e-001 +2.9297e+000
12529 +4.949477784e-006 +4.949477784e-006 +9.319900049e+002 +9.319900049e+002 +1.3382e+000 +8.8279e-001 +2.9297e+000
13805 +2.898379762e-006 +2.898379762e-006 +9.319900029e+002 +9.319900029e+002 +1.3386e+000 +8.8374e-001 +2.9294e+000
14256 +1.477217893e-006 +1.477217893e-006 +9.319900015e+002 +9.319900015e+002 +1.3385e+000 +8.8333e-001 +2.9296e+000
14420 +7.191090390e-007 +7.191090390e-007 +9.319900007e+002 +9.319900007e+002 +1.3384e+000 +8.8325e-001 +2.9296e+000
15642 +4.912444638e-007 +4.912444638e-007 +9.319900005e+002 +9.319900005e+002 +1.3383e+000 +8.8308e-001 +2.9296e+000
16284 +3.353363809e-007 +3.353363809e-007 +9.319900003e+002 +9.319900003e+002 +1.3384e+000 +8.8325e-001 +2.9296e+000
16501 +2.000725772e-007 +2.000725772e-007 +9.319900002e+002 +9.319900002e+002 +1.3384e+000 +8.8311e-001 +2.9296e+000
16857 +1.261214493e-007 +1.261214493e-007 +9.319900001e+002 +9.319900001e+002 +1.3384e+000 +8.8322e-001 +2.9296e+000
17204 +9.551263247e-008 +9.551263247e-008 +9.319900001e+002 +9.319900001e+002 +1.3384e+000 +8.8312e-001 +2.9296e+000
17714 +5.185461305e-008 +5.185461305e-008 +9.319900001e+002 +9.319900001e+002 +1.3384e+000 +8.8324e-001 +2.9296e+000
18270 +5.785182111e-009 +5.785182111e-009 +9.319900000e+002 +9.319900000e+002 +1.3384e+000 +8.8321e-001 +2.9296e+000
% function evaluation | noise-free fitness - Fopt (1.133100000000e+002) | best noise-free fitness - Fopt | measured fitness | best measured fitness | x1 | x2...
1 +2.454962488e+002 +2.454962488e+002 +3.588062488e+002 +3.588062488e+002 +7.9375e-001 +1.3665e+000 +2.6292e+000
31 +8.944468061e+001 +8.944468061e+001 +2.027546806e+002 +2.027546806e+002 +1.9148e+000 +3.5431e+000 +1.1776e+000
366 +4.250649297e+001 +4.250649297e+001 +1.558164930e+002 +1.558164930e+002 +2.4288e+000 +3.5892e+000 -6.3399e-002
422 +2.541059522e+001 +2.541059522e+001 +1.387205952e+002 +1.387205952e+002 +2.0158e+000 +2.2347e+000 +1.5246e+000
705 +2.128703048e+001 +2.128703048e+001 +1.345970305e+002 +1.345970305e+002 +2.2195e+000 +2.9778e+000 +8.0667e-001
946 +5.518791583e-001 +5.518791583e-001 +1.138618792e+002 +1.138618792e+002 +2.1395e+000 +3.2628e+000 +4.6945e-001
2439 +3.648755485e-001 +3.648755485e-001 +1.136748755e+002 +1.136748755e+002 +2.1295e+000 +3.0896e+000 +6.5226e-001
3017 +1.076206841e-001 +1.076206841e-001 +1.134176207e+002 +1.134176207e+002 +2.1376e+000 +3.1982e+000 +5.3232e-001
3414 +5.067586031e-002 +5.067586031e-002 +1.133606759e+002 +1.133606759e+002 +2.1339e+000 +3.1434e+000 +5.9206e-001
4187 +3.507963440e-002 +3.507963440e-002 +1.133450796e+002 +1.133450796e+002 +2.1368e+000 +3.1937e+000 +5.3826e-001
4746 +1.970783974e-002 +1.970783974e-002 +1.133297078e+002 +1.133297078e+002 +2.1363e+000 +3.1847e+000 +5.4778e-001
5484 +1.576062194e-002 +1.576062194e-002 +1.133257606e+002 +1.133257606e+002 +2.1361e+000 +3.1819e+000 +5.5074e-001
5943 +9.673053183e-003 +9.673053183e-003 +1.133196731e+002 +1.133196731e+002 +2.1355e+000 +3.1701e+000 +5.6331e-001
6336 +3.999942648e-003 +3.999942648e-003 +1.133139999e+002 +1.133139999e+002 +2.1354e+000 +3.1699e+000 +5.6340e-001
6650 +2.527991959e-003 +2.527991959e-003 +1.133125280e+002 +1.133125280e+002 +2.1355e+000 +3.1716e+000 +5.6159e-001
7141 +2.360741177e-003 +2.360741177e-003 +1.133123607e+002 +1.133123607e+002 +2.1354e+000 +3.1693e+000 +5.6406e-001
7330 +1.311258076e-003 +1.311258076e-003 +1.133113113e+002 +1.133113113e+002 +2.1351e+000 +3.1641e+000 +5.6961e-001
7505 +9.753215331e-004 +9.753215331e-004 +1.133109753e+002 +1.133109753e+002 +2.1353e+000 +3.1675e+000 +5.6602e-001
8427 +5.810857085e-004 +5.810857085e-004 +1.133105811e+002 +1.133105811e+002 +2.1349e+000 +3.1608e+000 +5.7308e-001
8695 +2.860944984e-004 +2.860944984e-004 +1.133102861e+002 +1.133102861e+002 +2.1352e+000 +3.1651e+000 +5.6849e-001
9172 +1.101194207e-004 +1.101194207e-004 +1.133101101e+002 +1.133101101e+002 +2.1352e+000 +3.1649e+000 +5.6876e-001
9628 +7.519990575e-005 +7.519990575e-005 +1.133100752e+002 +1.133100752e+002 +2.1352e+000 +3.1648e+000 +5.6884e-001
10300 +9.092434880e-006 +9.092434880e-006 +1.133100091e+002 +1.133100091e+002 +2.1352e+000 +3.1649e+000 +5.6874e-001
11227 +5.461951361e-006 +5.461951361e-006 +1.133100055e+002 +1.133100055e+002 +2.1352e+000 +3.1654e+000 +5.6821e-001
12638 +3.540803206e-006 +3.540803206e-006 +1.133100035e+002 +1.133100035e+002 +2.1352e+000 +3.1654e+000 +5.6817e-001
12911 +1.194292267e-006 +1.194292267e-006 +1.133100012e+002 +1.133100012e+002 +2.1352e+000 +3.1656e+000 +5.6799e-001
13437 +7.307434373e-007 +7.307434373e-007 +1.133100007e+002 +1.133100007e+002 +2.1352e+000 +3.1656e+000 +5.6796e-001
14173 +1.692429805e-007 +1.692429805e-007 +1.133100002e+002 +1.133100002e+002 +2.1352e+000 +3.1656e+000 +5.6803e-001
15990 +1.304520367e-007 +1.304520367e-007 +1.133100001e+002 +1.133100001e+002 +2.1352e+000 +3.1656e+000 +5.6805e-001
16391 +3.227364687e-008 +3.227364687e-008 +1.133100000e+002 +1.133100000e+002 +2.1352e+000 +3.1656e+000 +5.6800e-001
16969 +1.634455771e-008 +1.634455771e-008 +1.133100000e+002 +1.133100000e+002 +2.1352e+000 +3.1656e+000 +5.6800e-001
17607 +1.199680355e-008 +1.199680355e-008 +1.133100000e+002 +1.133100000e+002 +2.1352e+000 +3.1656e+000 +5.6802e-001
18437 +4.850335245e-009 +4.850335245e-009 +1.133100000e+002 +1.133100000e+002 +2.1352e+000 +3.1656e+000 +5.6800e-001
% function evaluation | noise-free fitness - Fopt (-9.519000000000e+001) | best noise-free fitness - Fopt | measured fitness | best measured fitness | x1 | x2...
1 +6.298101294e+002 +6.298101294e+002 +5.346201294e+002 +5.346201294e+002 +3.0379e+000 +2.7065e+000 -1.6218e+000
9 +3.282943533e+002 +3.282943533e+002 +2.331043533e+002 +2.331043533e+002 +4.7766e-001 -1.4281e+000 -2.4823e+000
45 +1.654346303e+002 +1.654346303e+002 +7.024463027e+001 +7.024463027e+001 +2.1318e+000 -2.9234e+000 -3.5981e+000
86 +1.563001112e+002 +1.563001112e+002 +6.111011118e+001 +6.111011118e+001 +1.0023e+000 +1.0763e+000 -1.2223e+000
152 +7.014192046e+001 +7.014192046e+001 -2.504807954e+001 -2.504807954e+001 +1.2542e+000 -2.9869e-002 -1.6218e+000
342 +4.697398441e+001 +4.697398441e+001 -4.821601559e+001 -4.821601559e+001 +2.1542e+000 -2.3189e+000 -2.9285e+000
442 +2.768328365e+001 +2.768328365e+001 -6.750671635e+001 -6.750671635e+001 +2.2597e+000 -2.3189e+000 -2.9285e+000
565 +2.258673198e+001 +2.258673198e+001 -7.260326802e+001 -7.260326802e+001 +1.1831e+000 -4.2454e-001 -1.6064e+000
1188 +9.350981698e+000 +9.350981698e+000 -8.583901830e+001 -8.583901830e+001 +1.1364e+000 -3.6242e-001 -1.4897e+000
1849 +4.331410330e+000 +4.331410330e+000 -9.085858967e+001 -9.085858967e+001 +1.2966e+000 -6.1896e-001 -1.6341e+000
2386 +3.603861992e+000 +3.603861992e+000 -9.158613801e+001 -9.158613801e+001 +1.1033e+000 -3.2590e-001 -1.4230e+000
2650 +1.621742778e+000 +1.621742778e+000 -9.356825722e+001 -9.356825722e+001 +1.3455e+000 -6.6874e-001 -1.7030e+000
3471 +4.795980884e-001 +4.795980884e-001 -9.471040191e+001 -9.471040191e+001 +1.2263e+000 -4.9543e-001 -1.5598e+000
5221 +2.564309271e-001 +2.564309271e-001 -9.493356907e+001 -9.493356907e+001 +1.2796e+000 -5.7939e-001 -1.6271e+000
5378 +2.393694339e-001 +2.393694339e-001 -9.495063057e+001 -9.495063057e+001 +1.5318e+000 -9.7263e-001 -1.9435e+000
5557 +9.521289458e-002 +9.521289458e-002 -9.509478711e+001 -9.509478711e+001 +1.5057e+000 -9.3203e-001 -1.9113e+000
6456 +6.062472229e-002 +6.062472229e-002 -9.512937528e+001 -9.512937528e+001 +1.3321e+000 -6.6248e-001 -1.6935e+000
6588 +2.711019994e-002 +2.711019994e-002 -9.516288980e+001 -9.516288980e+001 +1.4061e+000 -7.7732e-001 -1.7863e+000
6670 +2.225269968e-002 +2.225269968e-002 -9.516774730e+001 -9.516774730e+001 +1.4116e+000 -7.8589e-001 -1.7932e+000
7206 +1.363467556e-002 +1.363467556e-002 -9.517636532e+001 -9.517636532e+001 +1.4020e+000 -7.7096e-001 -1.7811e+000
7615 +8.614814654e-003 +8.614814654e-003 -9.518138519e+001 -9.518138519e+001 +1.4270e+000 -8.1002e-001 -1.8126e+000
7734 +3.729239787e-003 +3.729239787e-003 -9.518627076e+001 -9.518627076e+001 +1.4156e+000 -7.9221e-001 -1.7983e+000
8873 +2.418077124e-003 +2.418077124e-003 -9.518758192e+001 -9.518758192e+001 +1.4180e+000 -7.9604e-001 -1.8013e+000
9562 +1.351128163e-003 +1.351128163e-003 -9.518864887e+001 -9.518864887e+001 +1.4063e+000 -7.7781e-001 -1.7866e+000
9802 +3.049620740e-004 +3.049620740e-004 -9.518969504e+001 -9.518969504e+001 +1.4144e+000 -7.9035e-001 -1.7968e+000
11490 +1.430109636e-004 +1.430109636e-004 -9.518985699e+001 -9.518985699e+001 +1.4122e+000 -7.8703e-001 -1.7941e+000
12062 +4.148167187e-005 +4.148167187e-005 -9.518995852e+001 -9.518995852e+001 +1.4133e+000 -7.8862e-001 -1.7954e+000
12722 +2.801634426e-005 +2.801634426e-005 -9.518997198e+001 -9.518997198e+001 +1.4157e+000 -7.9243e-001 -1.7984e+000
13002 +1.825211613e-005 +1.825211613e-005 -9.518998175e+001 -9.518998175e+001 +1.4155e+000 -7.9209e-001 -1.7982e+000
13871 +1.560196209e-005 +1.560196209e-005 -9.518998440e+001 -9.518998440e+001 +1.4147e+000 -7.9089e-001 -1.7972e+000
13959 +7.355254340e-006 +7.355254340e-006 -9.518999264e+001 -9.518999264e+001 +1.4141e+000 -7.8989e-001 -1.7964e+000
14722 +4.537196872e-006 +4.537196872e-006 -9.518999546e+001 -9.518999546e+001 +1.4139e+000 -7.8969e-001 -1.7962e+000
15232 +1.947715447e-006 +1.947715447e-006 -9.518999805e+001 -9.518999805e+001 +1.4142e+000 -7.9005e-001 -1.7965e+000
15849 +5.684611182e-007 +5.684611182e-007 -9.518999943e+001 -9.518999943e+001 +1.4145e+000 -7.9060e-001 -1.7970e+000
17231 +3.834575750e-007 +3.834575750e-007 -9.518999962e+001 -9.518999962e+001 +1.4144e+000 -7.9041e-001 -1.7968e+000
17630 +2.452456158e-007 +2.452456158e-007 -9.518999975e+001 -9.518999975e+001 +1.4145e+000 -7.9048e-001 -1.7969e+000
18298 +8.692538245e-008 +8.692538245e-008 -9.518999991e+001 -9.518999991e+001 +1.4144e+000 -7.9045e-001 -1.7968e+000
19212 +5.740817244e-008 +5.740817244e-008 -9.518999994e+001 -9.518999994e+001 +1.4144e+000 -7.9039e-001 -1.7968e+000
19581 +3.555990702e-008 +3.555990702e-008 -9.518999996e+001 -9.518999996e+001 +1.4144e+000 -7.9047e-001 -1.7969e+000
19647 +1.907400815e-008 +1.907400815e-008 -9.518999998e+001 -9.518999998e+001 +1.4144e+000 -7.9037e-001 -1.7968e+000
20104 +1.244787029e-008 +1.244787029e-008 -9.518999999e+001 -9.518999999e+001 +1.4144e+000 -7.9042e-001 -1.7968e+000
20439 +6.025700827e-009 +6.025700827e-009 -9.518999999e+001 -9.518999999e+001 +1.4144e+000 -7.9043e-001 -1.7968e+000
% function evaluation | noise-free fitness - Fopt (-7.663000000000e+001) | best noise-free fitness - Fopt | measured fitness | best measured fitness | x1 | x2...
1 +7.757951362e+002 +7.757951362e+002 +6.991651362e+002 +6.991651362e+002 -3.2089e-001 +2.9549e+000 +1.3718e+000
12 +5.957953639e+002 +5.957953639e+002 +5.191653639e+002 +5.191653639e+002 +9.3837e-001 -1.0846e+000 +1.8266e+000
13 +2.988946330e+002 +2.988946330e+002 +2.222646330e+002 +2.222646330e+002 -2.7378e+000 -2.2715e+000 +4.0754e+000
89 +1.308777415e+002 +1.308777415e+002 +5.424774150e+001 +5.424774150e+001 -1.3447e+000 -3.5750e+000 +4.0654e+000
184 +9.495349294e+001 +9.495349294e+001 +1.832349294e+001 +1.832349294e+001 +3.4635e-001 -2.1799e+000 +4.0526e+000
371 +3.731556450e+001 +3.731556450e+001 -3.931443550e+001 -3.931443550e+001 -3.1403e+000 -4.0349e+000 +3.6568e+000
663 +2.084726907e+001 +2.084726907e+001 -5.578273093e+001 -5.578273093e+001 -3.3732e+000 -3.9107e+000 +3.5720e+000
1081 +5.289764235e+000 +5.289764235e+000 -7.134023577e+001 -7.134023577e+001 -2.4283e+000 -3.3499e+000 +3.6093e+000
1628 +3.748544186e+000 +3.748544186e+000 -7.288145581e+001 -7.288145581e+001 -1.3749e+000 -2.6707e+000 +3.6940e+000
2156 +2.092407649e+000 +2.092407649e+000 -7.453759235e+001 -7.453759235e+001 -1.7039e+000 -2.8490e+000 +3.6652e+000
2704 +1.275540630e+000 +1.275540630e+000 -7.535445937e+001 -7.535445937e+001 -1.2380e+000 -2.5523e+000 +3.6927e+000
2868 +4.418336070e-001 +4.418336070e-001 -7.618816639e+001 -7.618816639e+001 -1.5669e+000 -2.7736e+000 +3.6757e+000
2922 +2.683968869e-001 +2.683968869e-001 -7.636160311e+001 -7.636160311e+001 -1.7124e+000 -2.8670e+000 +3.6650e+000
3636 +1.120549588e-001 +1.120549588e-001 -7.651794504e+001 -7.651794504e+001 -1.4482e+000 -2.6923e+000 +3.6828e+000
4793 +6.001204271e-002 +6.001204271e-002 -7.656998796e+001 -7.656998796e+001 -1.4969e+000 -2.7244e+000 +3.6797e+000
5517 +3.858453109e-002 +3.858453109e-002 -7.659141547e+001 -7.659141547e+001 -1.4981e+000 -2.7247e+000 +3.6795e+000
5617 +1.442440229e-002 +1.442440229e-002 -7.661557560e+001 -7.661557560e+001 -1.4566e+000 -2.6973e+000 +3.6822e+000
7083 +8.303853866e-003 +8.303853866e-003 -7.662169615e+001 -7.662169615e+001 -1.4317e+000 -2.6805e+000 +3.6838e+000
7351 +6.049523264e-003 +6.049523264e-003 -7.662395048e+001 -7.662395048e+001 -1.4325e+000 -2.6811e+000 +3.6838e+000
7454 +1.402362181e-003 +1.402362181e-003 -7.662859764e+001 -7.662859764e+001 -1.4338e+000 -2.6820e+000 +3.6837e+000
9259 +8.960868577e-004 +8.960868577e-004 -7.662910391e+001 -7.662910391e+001 -1.4271e+000 -2.6775e+000 +3.6842e+000
9694 +3.806647749e-004 +3.806647749e-004 -7.662961934e+001 -7.662961934e+001 -1.4246e+000 -2.6759e+000 +3.6843e+000
10320 +1.667565923e-004 +1.667565923e-004 -7.662983324e+001 -7.662983324e+001 -1.4251e+000 -2.6762e+000 +3.6843e+000
10875 +7.416998859e-005 +7.416998859e-005 -7.662992583e+001 -7.662992583e+001 -1.4266e+000 -2.6772e+000 +3.6842e+000
11909 +3.726352359e-005 +3.726352359e-005 -7.662996274e+001 -7.662996274e+001 -1.4315e+000 -2.6805e+000 +3.6839e+000
12186 +2.148453660e-005 +2.148453660e-005 -7.662997852e+001 -7.662997852e+001 -1.4285e+000 -2.6785e+000 +3.6841e+000
13069 +1.508132621e-005 +1.508132621e-005 -7.662998492e+001 -7.662998492e+001 -1.4308e+000 -2.6800e+000 +3.6839e+000
13295 +8.933913534e-006 +8.933913534e-006 -7.662999107e+001 -7.662999107e+001 -1.4288e+000 -2.6786e+000 +3.6841e+000
13524 +2.568433985e-006 +2.568433985e-006 -7.662999743e+001 -7.662999743e+001 -1.4292e+000 -2.6789e+000 +3.6840e+000
14615 +1.949807043e-006 +1.949807043e-006 -7.662999805e+001 -7.662999805e+001 -1.4295e+000 -2.6791e+000 +3.6840e+000
15093 +8.790195523e-007 +8.790195523e-007 -7.662999912e+001 -7.662999912e+001 -1.4296e+000 -2.6792e+000 +3.6840e+000
15825 +2.910857546e-007 +2.910857546e-007 -7.662999971e+001 -7.662999971e+001 -1.4294e+000 -2.6790e+000 +3.6840e+000
15840 +1.363122948e-007 +1.363122948e-007 -7.662999986e+001 -7.662999986e+001 -1.4295e+000 -2.6792e+000 +3.6840e+000
17237 +6.653523599e-008 +6.653523599e-008 -7.662999993e+001 -7.662999993e+001 -1.4296e+000 -2.6792e+000 +3.6840e+000
18092 +4.132965614e-008 +4.132965614e-008 -7.662999996e+001 -7.662999996e+001 -1.4296e+000 -2.6792e+000 +3.6840e+000
18149 +3.902343337e-008 +3.902343337e-008 -7.662999996e+001 -7.662999996e+001 -1.4296e+000 -2.6792e+000 +3.6840e+000
18151 +2.430591906e-008 +2.430591906e-008 -7.662999998e+001 -7.662999998e+001 -1.4295e+000 -2.6792e+000 +3.6840e+000
18752 +1.498067093e-008 +1.498067093e-008 -7.662999999e+001 -7.662999999e+001 -1.4296e+000 -2.6792e+000 +3.6840e+000
19687 +9.893255992e-009 +9.893255992e-009 -7.662999999e+001 -7.662999999e+001 -1.4296e+000 -2.6792e+000 +3.6840e+000
% function evaluation | noise-free fitness - Fopt (1.152600000000e+002) | best noise-free fitness - Fopt | measured fitness | best measured fitness | x1 | x2...
1 +7.114014896e+002 +7.114014896e+002 +8.266614896e+002 +8.266614896e+002 -2.1742e+000 +1.5957e+000 -1.3611e+000
4 +1.992111472e+002 +1.992111472e+002 +3.144711472e+002 +3.144711472e+002 +3.7271e+000 -3.5665e+000 -7.3091e-001
55 +1.535821661e+002 +1.535821661e+002 +2.688421661e+002 +2.688421661e+002 -1.2487e+000 -2.0209e+000 -9.8820e-001
104 +6.930948095e+001 +6.930948095e+001 +1.845694810e+002 +1.845694810e+002 +3.7271e+000 -4.9777e+000 -7.8926e-001
334 +3.099887863e+001 +3.099887863e+001 +1.462588786e+002 +1.462588786e+002 +2.0422e+000 -4.1272e+000 -8.0266e-001
652 +6.572175041e+000 +6.572175041e+000 +1.218321750e+002 +1.218321750e+002 +3.1403e+000 -4.4171e+000 -7.2620e-001
1359 +5.464459118e+000 +5.464459118e+000 +1.207244591e+002 +1.207244591e+002 +2.6211e+000 -4.2171e+000 -7.9269e-001
1494 +2.907916581e+000 +2.907916581e+000 +1.181679166e+002 +1.181679166e+002 +2.1432e+000 -4.0710e+000 -8.5505e-001
1957 +1.193766415e+000 +1.193766415e+000 +1.164537664e+002 +1.164537664e+002 +1.8718e+000 -3.9767e+000 -8.9580e-001
2040 +2.255707316e-001 +2.255707316e-001 +1.154855707e+002 +1.154855707e+002 +1.5801e+000 -3.8716e+000 -9.3303e-001
4918 +3.467007524e-002 +3.467007524e-002 +1.152946701e+002 +1.152946701e+002 +1.2865e+000 -3.7689e+000 -9.7129e-001
6254 +1.229910489e-002 +1.229910489e-002 +1.152722991e+002 +1.152722991e+002 +1.1723e+000 -3.7293e+000 -9.8609e-001
6810 +8.272499950e-003 +8.272499950e-003 +1.152682725e+002 +1.152682725e+002 +1.2358e+000 -3.7513e+000 -9.7786e-001
7290 +1.811125318e-003 +1.811125318e-003 +1.152618111e+002 +1.152618111e+002 +1.2273e+000 -3.7484e+000 -9.7894e-001
8806 +9.963033353e-004 +9.963033353e-004 +1.152609963e+002 +1.152609963e+002 +1.2236e+000 -3.7471e+000 -9.7942e-001
9380 +5.855431354e-004 +5.855431354e-004 +1.152605855e+002 +1.152605855e+002 +1.2374e+000 -3.7519e+000 -9.7762e-001
10008 +3.521925962e-004 +3.521925962e-004 +1.152603522e+002 +1.152603522e+002 +1.2262e+000 -3.7480e+000 -9.7909e-001
10110 +2.061613514e-004 +2.061613514e-004 +1.152602062e+002 +1.152602062e+002 +1.2359e+000 -3.7514e+000 -9.7782e-001
10471 +1.175641176e-004 +1.175641176e-004 +1.152601176e+002 +1.152601176e+002 +1.2342e+000 -3.7508e+000 -9.7805e-001
11162 +4.989988912e-005 +4.989988912e-005 +1.152600499e+002 +1.152600499e+002 +1.2391e+000 -3.7525e+000 -9.7740e-001
11340 +3.274785311e-005 +3.274785311e-005 +1.152600327e+002 +1.152600327e+002 +1.2345e+000 -3.7509e+000 -9.7800e-001
12404 +1.475766105e-005 +1.475766105e-005 +1.152600148e+002 +1.152600148e+002 +1.2384e+000 -3.7523e+000 -9.7749e-001
13043 +5.070582503e-006 +5.070582503e-006 +1.152600051e+002 +1.152600051e+002 +1.2364e+000 -3.7516e+000 -9.7776e-001
13165 +3.762459201e-006 +3.762459201e-006 +1.152600038e+002 +1.152600038e+002 +1.2385e+000 -3.7523e+000 -9.7749e-001
14403 +3.765271970e-007 +3.765271970e-007 +1.152600004e+002 +1.152600004e+002 +1.2375e+000 -3.7520e+000 -9.7761e-001
17259 +2.495517180e-007 +2.495517180e-007 +1.152600002e+002 +1.152600002e+002 +1.2375e+000 -3.7519e+000 -9.7762e-001
17265 +5.608110598e-008 +5.608110598e-008 +1.152600001e+002 +1.152600001e+002 +1.2377e+000 -3.7521e+000 -9.7758e-001
18054 +3.819745586e-008 +3.819745586e-008 +1.152600000e+002 +1.152600000e+002 +1.2376e+000 -3.7520e+000 -9.7760e-001
18169 +1.844765052e-008 +1.844765052e-008 +1.152600000e+002 +1.152600000e+002 +1.2377e+000 -3.7520e+000 -9.7759e-001
18960 +1.543686778e-008 +1.543686778e-008 +1.152600000e+002 +1.152600000e+002 +1.2376e+000 -3.7520e+000 -9.7760e-001
19570 +7.398398338e-009 +7.398398338e-009 +1.152600000e+002 +1.152600000e+002 +1.2376e+000 -3.7520e+000 -9.7760e-001
% function evaluation | noise-free fitness - Fopt (-1.000000000000e-001) | best noise-free fitness - Fopt | measured fitness | best measured fitness | x1 | x2...
1 +2.361295982e+002 +2.361295982e+002 +2.360295982e+002 +2.360295982e+002 +3.5422e+000 -1.9193e+000 -2.0386e+000
8 +1.343403612e+002 +1.343403612e+002 +1.342403612e+002 +1.342403612e+002 +3.6215e+000 -1.4289e+000 +2.9661e+000
140 +8.267073797e+001 +8.267073797e+001 +8.257073797e+001 +8.257073797e+001 +3.6816e+000 -2.3546e+000 +1.3067e+000
158 +3.344839046e+001 +3.344839046e+001 +3.334839046e+001 +3.334839046e+001 +3.8288e+000 -1.7581e+000 +2.9661e+000
353 +1.830022661e+001 +1.830022661e+001 +1.820022661e+001 +1.820022661e+001 +3.9882e+000 -1.8873e+000 +2.4952e+000
740 +1.400016335e+001 +1.400016335e+001 +1.390016335e+001 +1.390016335e+001 +4.0598e+000 -1.7624e+000 +3.2643e+000
968 +7.810245145e+000 +7.810245145e+000 +7.710245145e+000 +7.710245145e+000 +3.5230e+000 -2.2321e+000 +4.1339e-001
1178 +4.004772125e+000 +4.004772125e+000 +3.904772125e+000 +3.904772125e+000 +3.6441e+000 -2.0919e+000 +1.1750e+000
1398 +2.629949430e+000 +2.629949430e+000 +2.529949430e+000 +2.529949430e+000 +3.7897e+000 -1.9791e+000 +1.9479e+000
1527 +1.955868527e+000 +1.955868527e+000 +1.855868527e+000 +1.855868527e+000 +3.7678e+000 -2.0178e+000 +1.7636e+000
2197 +1.408095551e+000 +1.408095551e+000 +1.308095551e+000 +1.308095551e+000 +3.8524e+000 -1.9290e+000 +2.3212e+000
2363 +6.258514247e-001 +6.258514247e-001 +5.258514247e-001 +5.258514247e-001 +3.7202e+000 -2.0448e+000 +1.5519e+000
2913 +3.267975797e-001 +3.267975797e-001 +2.267975797e-001 +2.267975797e-001 +3.7939e+000 -1.9821e+000 +1.9796e+000
2969 +1.860450243e-001 +1.860450243e-001 +8.604502428e-002 +8.604502428e-002 +3.8242e+000 -1.9585e+000 +2.1463e+000
3438 +1.335409434e-001 +1.335409434e-001 +3.354094342e-002 +3.354094342e-002 +3.8021e+000 -1.9764e+000 +2.0230e+000
3985 +9.609296002e-002 +9.609296002e-002 -3.907039980e-003 -3.907039980e-003 +3.7890e+000 -1.9879e+000 +1.9481e+000
4279 +5.916731140e-002 +5.916731140e-002 -4.083268860e-002 -4.083268860e-002 +3.7580e+000 -2.0141e+000 +1.7700e+000
4353 +3.390589494e-002 +3.390589494e-002 -6.609410506e-002 -6.609410506e-002 +3.7602e+000 -2.0119e+000 +1.7852e+000
5110 +1.855141350e-002 +1.855141350e-002 -8.144858650e-002 -8.144858650e-002 +3.7620e+000 -2.0106e+000 +1.7939e+000
5563 +1.360619969e-002 +1.360619969e-002 -8.639380031e-002 -8.639380031e-002 +3.7818e+000 -1.9939e+000 +1.9064e+000
5702 +8.349434656e-003 +8.349434656e-003 -9.165056534e-002 -9.165056534e-002 +3.7604e+000 -2.0119e+000 +1.7849e+000
5874 +3.189306424e-003 +3.189306424e-003 -9.681069358e-002 -9.681069358e-002 +3.7622e+000 -2.0104e+000 +1.7952e+000
7001 +2.230848040e-003 +2.230848040e-003 -9.776915196e-002 -9.776915196e-002 +3.7717e+000 -2.0024e+000 +1.8492e+000
7597 +1.253538501e-003 +1.253538501e-003 -9.874646150e-002 -9.874646150e-002 +3.7724e+000 -2.0018e+000 +1.8530e+000
7845 +7.832420391e-004 +7.832420391e-004 -9.921675796e-002 -9.921675796e-002 +3.7726e+000 -2.0016e+000 +1.8541e+000
8469 +5.381490317e-004 +5.381490317e-004 -9.946185097e-002 -9.946185097e-002 +3.7695e+000 -2.0042e+000 +1.8367e+000
8759 +1.701370047e-004 +1.701370047e-004 -9.982986300e-002 -9.982986300e-002 +3.7686e+000 -2.0050e+000 +1.8315e+000
10249 +9.797265647e-005 +9.797265647e-005 -9.990202734e-002 -9.990202734e-002 +3.7701e+000 -2.0037e+000 +1.8402e+000
10914 +3.334276726e-005 +3.334276726e-005 -9.996665723e-002 -9.996665723e-002 +3.7694e+000 -2.0043e+000 +1.8360e+000
11706 +2.269235384e-005 +2.269235384e-005 -9.997730765e-002 -9.997730765e-002 +3.7685e+000 -2.0051e+000 +1.8309e+000
12483 +1.063208545e-005 +1.063208545e-005 -9.998936791e-002 -9.998936791e-002 +3.7688e+000 -2.0048e+000 +1.8328e+000
13451 +9.755700125e-006 +9.755700125e-006 -9.999024430e-002 -9.999024430e-002 +3.7689e+000 -2.0047e+000 +1.8334e+000
13855 +2.454095066e-006 +2.454095066e-006 -9.999754590e-002 -9.999754590e-002 +3.7686e+000 -2.0050e+000 +1.8316e+000
15072 +1.067947167e-006 +1.067947167e-006 -9.999893205e-002 -9.999893205e-002 +3.7688e+000 -2.0048e+000 +1.8329e+000
15572 +4.783216618e-007 +4.783216618e-007 -9.999952168e-002 -9.999952168e-002 +3.7688e+000 -2.0048e+000 +1.8328e+000
16253 +1.585679303e-007 +1.585679303e-007 -9.999984143e-002 -9.999984143e-002 +3.7688e+000 -2.0048e+000 +1.8325e+000
16441 +1.260999071e-007 +1.260999071e-007 -9.999987390e-002 -9.999987390e-002 +3.7688e+000 -2.0048e+000 +1.8329e+000
17968 +8.863642936e-008 +8.863642936e-008 -9.999991136e-002 -9.999991136e-002 +3.7688e+000 -2.0048e+000 +1.8329e+000
18017 +4.203956806e-008 +4.203956806e-008 -9.999995796e-002 -9.999995796e-002 +3.7688e+000 -2.0048e+000 +1.8329e+000
18740 +2.215005900e-008 +2.215005900e-008 -9.999997785e-002 -9.999997785e-002 +3.7688e+000 -2.0048e+000 +1.8329e+000
19190 +9.711762047e-009 +9.711762047e-009 -9.999999029e-002 -9.999999029e-002 +3.7688e+000 -2.0048e+000 +1.8328e+000
% function evaluation | noise-free fitness - Fopt (-1.502400000000e+002) | best noise-free fitness - Fopt | measured fitness | best measured fitness | x1 | x2...
1 +1.059767755e+003 +1.059767755e+003 +9.095277549e+002 +9.095277549e+002 +1.1385e+000 -9.4170e-002 +3.2077e+000
5 +5.565292877e+002 +5.565292877e+002 +4.062892877e+002 +4.062892877e+002 +3.9666e+000 -4.7852e+000 -1.8440e+000
11 +2.339032145e+001 +2.339032145e+001 -1.268496785e+002 -1.268496785e+002 +6.4225e-001 -3.9417e+000 -2.8776e+000
651 +1.399357335e+001 +1.399357335e+001 -1.362464266e+002 -1.362464266e+002 +4.3558e-001 -3.9145e+000 -2.5641e+000
1263 +6.199867285e+000 +6.199867285e+000 -1.440401327e+002 -1.440401327e+002 +1.1516e+000 -3.8363e+000 -2.7390e+000
1557 +2.765876179e+000 +2.765876179e+000 -1.474741238e+002 -1.474741238e+002 +1.5263e+000 -3.7550e+000 -2.8088e+000
2109 +1.045903951e+000 +1.045903951e+000 -1.491940960e+002 -1.491940960e+002 +9.4879e-001 -3.8569e+000 -2.7150e+000
2409 +7.858280878e-001 +7.858280878e-001 -1.494541719e+002 -1.494541719e+002 +9.4879e-001 -3.8569e+000 -2.7184e+000
2684 +5.192020458e-001 +5.192020458e-001 -1.497207980e+002 -1.497207980e+002 +1.3175e+000 -3.7896e+000 -2.7821e+000
2726 +2.739345346e-001 +2.739345346e-001 -1.499660655e+002 -1.499660655e+002 +1.2675e+000 -3.7971e+000 -2.7742e+000
4253 +2.506025907e-001 +2.506025907e-001 -1.499893974e+002 -1.499893974e+002 +1.2162e+000 -3.8071e+000 -2.7674e+000
4387 +1.403472566e-001 +1.403472566e-001 -1.500996527e+002 -1.500996527e+002 +1.4141e+000 -3.7702e+000 -2.8023e+000
4436 +9.351264952e-002 +9.351264952e-002 -1.501464874e+002 -1.501464874e+002 +1.4146e+000 -3.7706e+000 -2.8017e+000
5014 +4.374594097e-002 +4.374594097e-002 -1.501962541e+002 -1.501962541e+002 +1.2744e+000 -3.7966e+000 -2.7769e+000
5274 +3.357202189e-002 +3.357202189e-002 -1.502064280e+002 -1.502064280e+002 +1.3982e+000 -3.7733e+000 -2.7986e+000
5298 +1.179867914e-002 +1.179867914e-002 -1.502282013e+002 -1.502282013e+002 +1.3752e+000 -3.7777e+000 -2.7946e+000
6457 +9.384128024e-003 +9.384128024e-003 -1.502306159e+002 -1.502306159e+002 +1.3673e+000 -3.7792e+000 -2.7933e+000
6746 +6.023534188e-003 +6.023534188e-003 -1.502339765e+002 -1.502339765e+002 +1.3576e+000 -3.7811e+000 -2.7917e+000
6892 +3.627677182e-003 +3.627677182e-003 -1.502363723e+002 -1.502363723e+002 +1.3628e+000 -3.7801e+000 -2.7926e+000
7077 +6.238212282e-004 +6.238212282e-004 -1.502393762e+002 -1.502393762e+002 +1.3476e+000 -3.7829e+000 -2.7899e+000
9099 +1.325243339e-004 +1.325243339e-004 -1.502398675e+002 -1.502398675e+002 +1.3486e+000 -3.7827e+000 -2.7901e+000
10472 +8.614420452e-005 +8.614420452e-005 -1.502399139e+002 -1.502399139e+002 +1.3485e+000 -3.7828e+000 -2.7901e+000
11116 +2.875393281e-005 +2.875393281e-005 -1.502399712e+002 -1.502399712e+002 +1.3513e+000 -3.7822e+000 -2.7905e+000
12083 +1.861628806e-005 +1.861628806e-005 -1.502399814e+002 -1.502399814e+002 +1.3499e+000 -3.7825e+000 -2.7903e+000
12969 +3.998726612e-006 +3.998726612e-006 -1.502399960e+002 -1.502399960e+002 +1.3505e+000 -3.7824e+000 -2.7904e+000
13323 +3.743505431e-006 +3.743505431e-006 -1.502399963e+002 -1.502399963e+002 +1.3511e+000 -3.7823e+000 -2.7905e+000
13876 +1.542074386e-006 +1.542074386e-006 -1.502399985e+002 -1.502399985e+002 +1.3507e+000 -3.7823e+000 -2.7905e+000
14534 +9.036644428e-007 +9.036644428e-007 -1.502399991e+002 -1.502399991e+002 +1.3503e+000 -3.7824e+000 -2.7904e+000
14920 +5.060128103e-007 +5.060128103e-007 -1.502399995e+002 -1.502399995e+002 +1.3505e+000 -3.7824e+000 -2.7904e+000
16089 +3.248564724e-007 +3.248564724e-007 -1.502399997e+002 -1.502399997e+002 +1.3502e+000 -3.7824e+000 -2.7904e+000
16257 +1.333664272e-007 +1.333664272e-007 -1.502399999e+002 -1.502399999e+002 +1.3504e+000 -3.7824e+000 -2.7904e+000
17435 +9.263203538e-008 +9.263203538e-008 -1.502399999e+002 -1.502399999e+002 +1.3504e+000 -3.7824e+000 -2.7904e+000
17952 +5.586542784e-008 +5.586542784e-008 -1.502399999e+002 -1.502399999e+002 +1.3504e+000 -3.7824e+000 -2.7904e+000
18852 +1.864020760e-008 +1.864020760e-008 -1.502400000e+002 -1.502400000e+002 +1.3504e+000 -3.7824e+000 -2.7904e+000
19732 +1.227661528e-008 +1.227661528e-008 -1.502400000e+002 -1.502400000e+002 +1.3504e+000 -3.7824e+000 -2.7904e+000
20254 +8.363599591e-009 +8.363599591e-009 -1.502400000e+002 -1.502400000e+002 +1.3504e+000 -3.7824e+000 -2.7904e+000
% function evaluation | noise-free fitness - Fopt (7.470000000000e+001) | best noise-free fitness - Fopt | measured fitness | best measured fitness | x1 | x2...
1 +8.232811479e+002 +8.232811479e+002 +8.979811479e+002 +8.979811479e+002 +1.7845e+000 +4.0714e+000 -2.8459e+000
3 +5.097917206e+002 +5.097917206e+002 +5.844917206e+002 +5.844917206e+002 +3.7508e+000 +1.9260e-001 +3.5231e+000
19 +3.520939896e+002 +3.520939896e+002 +4.267939896e+002 +4.267939896e+002 +4.6048e+000 +4.9512e+000 +2.3210e+000
48 +2.329198686e+002 +2.329198686e+002 +3.076198686e+002 +3.076198686e+002 +2.1277e+000 +2.8026e+000 +4.3884e+000
68 +1.025211920e+002 +1.025211920e+002 +1.772211920e+002 +1.772211920e+002 +3.9275e+000 +4.2570e+000 +1.2065e+000
315 +8.259512459e+001 +8.259512459e+001 +1.572951246e+002 +1.572951246e+002 +3.0298e+000 +3.6493e+000 +2.8810e+000
402 +4.886441006e+001 +4.886441006e+001 +1.235644101e+002 +1.235644101e+002 +2.8739e+000 +3.2483e+000 +4.9914e+000
575 +3.044970995e+001 +3.044970995e+001 +1.051497099e+002 +1.051497099e+002 +3.2008e+000 +3.3568e+000 +3.7145e+000
587 +1.835609597e+001 +1.835609597e+001 +9.305609597e+001 +9.305609597e+001 +2.5600e+000 +3.4223e+000 +5.6155e+000
861 +1.017025975e+001 +1.017025975e+001 +8.487025975e+001 +8.487025975e+001 +2.7601e+000 +3.4282e+000 +4.9462e+000
1421 +9.313269296e+000 +9.313269296e+000 +8.401326930e+001 +8.401326930e+001 +3.0489e+000 +3.5293e+000 +3.8549e+000
1512 +5.484904475e+000 +5.484904475e+000 +8.018490447e+001 +8.018490447e+001 +3.1196e+000 +3.5292e+000 +3.6809e+000
1769 +1.768439132e+000 +1.768439132e+000 +7.646843913e+001 +7.646843913e+001 +3.3182e+000 +3.5346e+000 +2.9755e+000
1815 +1.131862322e+000 +1.131862322e+000 +7.583186232e+001 +7.583186232e+001 +3.3097e+000 +3.5381e+000 +3.0221e+000
2356 +7.556570696e-001 +7.556570696e-001 +7.545565707e+001 +7.545565707e+001 +3.4112e+000 +3.5457e+000 +2.6767e+000
2649 +3.115122608e-001 +3.115122608e-001 +7.501151226e+001 +7.501151226e+001 +3.3860e+000 +3.5440e+000 +2.7646e+000
3186 +2.196095010e-001 +2.196095010e-001 +7.491960950e+001 +7.491960950e+001 +3.2892e+000 +3.5268e+000 +3.1022e+000
3230 +8.139958636e-002 +8.139958636e-002 +7.478139959e+001 +7.478139959e+001 +3.2986e+000 +3.5285e+000 +3.0658e+000
3635 +1.950742844e-002 +1.950742844e-002 +7.471950743e+001 +7.471950743e+001 +3.3196e+000 +3.5323e+000 +2.9947e+000
4395 +1.512357131e-002 +1.512357131e-002 +7.471512357e+001 +7.471512357e+001 +3.3105e+000 +3.5307e+000 +3.0259e+000
6304 +9.439679613e-003 +9.439679613e-003 +7.470943968e+001 +7.470943968e+001 +3.2978e+000 +3.5285e+000 +3.0698e+000
6645 +3.816860834e-003 +3.816860834e-003 +7.470381686e+001 +7.470381686e+001 +3.3052e+000 +3.5298e+000 +3.0442e+000
7283 +1.987187946e-003 +1.987187946e-003 +7.470198719e+001 +7.470198719e+001 +3.2945e+000 +3.5280e+000 +3.0808e+000
8115 +6.461068157e-004 +6.461068157e-004 +7.470064611e+001 +7.470064611e+001 +3.2986e+000 +3.5287e+000 +3.0669e+000
8282 +5.404841174e-004 +5.404841174e-004 +7.470054048e+001 +7.470054048e+001 +3.2963e+000 +3.5283e+000 +3.0748e+000
8991 +3.733476679e-004 +3.733476679e-004 +7.470037335e+001 +7.470037335e+001 +3.2980e+000 +3.5286e+000 +3.0689e+000
9688 +2.411276574e-004 +2.411276574e-004 +7.470024113e+001 +7.470024113e+001 +3.2969e+000 +3.5284e+000 +3.0726e+000
10166 +8.935086740e-005 +8.935086740e-005 +7.470008935e+001 +7.470008935e+001 +3.2978e+000 +3.5286e+000 +3.0696e+000
10896 +1.426876213e-005 +1.426876213e-005 +7.470001427e+001 +7.470001427e+001 +3.2992e+000 +3.5288e+000 +3.0649e+000
13081 +9.682487061e-006 +9.682487061e-006 +7.470000968e+001 +7.470000968e+001 +3.2989e+000 +3.5287e+000 +3.0659e+000
13209 +1.565551642e-006 +1.565551642e-006 +7.470000157e+001 +7.470000157e+001 +3.2994e+000 +3.5288e+000 +3.0642e+000
14698 +7.213076003e-007 +7.213076003e-007 +7.470000072e+001 +7.470000072e+001 +3.2992e+000 +3.5288e+000 +3.0647e+000
15288 +4.481273805e-007 +4.481273805e-007 +7.470000045e+001 +7.470000045e+001 +3.2991e+000 +3.5288e+000 +3.0650e+000
15416 +3.138879379e-007 +3.138879379e-007 +7.470000031e+001 +7.470000031e+001 +3.2993e+000 +3.5288e+000 +3.0646e+000
16602 +2.014126750e-007 +2.014126750e-007 +7.470000020e+001 +7.470000020e+001 +3.2992e+000 +3.5288e+000 +3.0647e+000
17375 +6.338525793e-008 +6.338525793e-008 +7.470000006e+001 +7.470000006e+001 +3.2992e+000 +3.5288e+000 +3.0648e+000
18399 +5.734200670e-008 +5.734200670e-008 +7.470000006e+001 +7.470000006e+001 +3.2992e+000 +3.5288e+000 +3.0649e+000
18653 +2.444907921e-008 +2.444907921e-008 +7.470000002e+001 +7.470000002e+001 +3.2992e+000 +3.5288e+000 +3.0649e+000
20023 +8.431570109e-009 +8.431570109e-009 +7.470000001e+001 +7.470000001e+001 +3.2992e+000 +3.5288e+000 +3.0648e+000
% function evaluation | noise-free fitness - Fopt (-8.478000000000e+001) | best noise-free fitness - Fopt | measured fitness | best measured fitness | x1 | x2...
1 +2.323967678e+003 +2.323967678e+003 +2.239187678e+003 +2.239187678e+003 -1.9226e+000 +2.9451e+000 -4.0418e+000
3 +1.291117363e+003 +1.291117363e+003 +1.206337363e+003 +1.206337363e+003 +2.8710e+000 +8.5761e-001 -3.1157e+000
6 +8.563586334e+002 +8.563586334e+002 +7.715786334e+002 +7.715786334e+002 +2.5986e+000 -1.6670e-001 -4.5412e-001
7 +5.702397380e+002 +5.702397380e+002 +4.854597380e+002 +4.854597380e+002 +9.9216e-001 +3.7707e-001 +2.6663e+000
27 +3.599833206e+002 +3.599833206e+002 +2.752033206e+002 +2.752033206e+002 +1.3078e+000 +3.7853e+000 +1.5548e+000
44 +5.216869474e+001 +5.216869474e+001 -3.261130526e+001 -3.261130526e+001 +4.0992e+000 +2.4361e+000 +1.1210e+000
428 +3.817191730e+001 +3.817191730e+001 -4.660808270e+001 -4.660808270e+001 +2.7470e+000 +3.9039e+000 +1.5475e+000
625 +4.166260439e+000 +4.166260439e+000 -8.061373956e+001 -8.061373956e+001 +3.7702e+000 +2.3637e+000 +1.2768e+000
1912 +3.907678200e+000 +3.907678200e+000 -8.087232180e+001 -8.087232180e+001 +4.1708e+000 +1.5604e+000 +1.2602e+000
1981 +2.237666808e+000 +2.237666808e+000 -8.254233319e+001 -8.254233319e+001 +3.8456e+000 +2.2272e+000 +1.2782e+000
2347 +1.279318329e+000 +1.279318329e+000 -8.350068167e+001 -8.350068167e+001 +3.5482e+000 +2.7912e+000 +1.3238e+000
2560 +7.946544087e-001 +7.946544087e-001 -8.398534559e+001 -8.398534559e+001 +3.5864e+000 +2.7182e+000 +1.3164e+000
2902 +6.072064295e-001 +6.072064295e-001 -8.417279357e+001 -8.417279357e+001 +3.6107e+000 +2.6545e+000 +1.3194e+000
3331 +2.570120656e-001 +2.570120656e-001 -8.452298793e+001 -8.452298793e+001 +3.7595e+000 +2.3705e+000 +1.2994e+000
3426 +1.975406137e-001 +1.975406137e-001 -8.458245939e+001 -8.458245939e+001 +3.7449e+000 +2.3962e+000 +1.3027e+000
4128 +1.133937895e-001 +1.133937895e-001 -8.466660621e+001 -8.466660621e+001 +3.7251e+000 +2.4388e+000 +1.3034e+000
4281 +5.218896505e-002 +5.218896505e-002 -8.472781103e+001 -8.472781103e+001 +3.6934e+000 +2.5002e+000 +1.3070e+000
5010 +2.998552410e-002 +2.998552410e-002 -8.475001448e+001 -8.475001448e+001 +3.6932e+000 +2.5002e+000 +1.3074e+000
5027 +2.358471276e-002 +2.358471276e-002 -8.475641529e+001 -8.475641529e+001 +3.7109e+000 +2.4655e+000 +1.3055e+000
5147 +6.574983244e-003 +6.574983244e-003 -8.477342502e+001 -8.477342502e+001 +3.6996e+000 +2.4872e+000 +1.3068e+000
5684 +4.487243675e-003 +4.487243675e-003 -8.477551276e+001 -8.477551276e+001 +3.6853e+000 +2.5155e+000 +1.3082e+000
6147 +3.058419064e-003 +3.058419064e-003 -8.477694158e+001 -8.477694158e+001 +3.6991e+000 +2.4885e+000 +1.3068e+000
7325 +2.491940139e-003 +2.491940139e-003 -8.477750806e+001 -8.477750806e+001 +3.6928e+000 +2.5006e+000 +1.3074e+000
7742 +7.445061261e-004 +7.445061261e-004 -8.477925549e+001 -8.477925549e+001 +3.6922e+000 +2.5019e+000 +1.3075e+000
8752 +6.076068675e-004 +6.076068675e-004 -8.477939239e+001 -8.477939239e+001 +3.6944e+000 +2.4975e+000 +1.3073e+000
9266 +2.726315039e-004 +2.726315039e-004 -8.477972737e+001 -8.477972737e+001 +3.6953e+000 +2.4958e+000 +1.3072e+000
9672 +2.264885085e-004 +2.264885085e-004 -8.477977351e+001 -8.477977351e+001 +3.6919e+000 +2.5025e+000 +1.3075e+000
10699 +8.605202572e-005 +8.605202572e-005 -8.477991395e+001 -8.477991395e+001 +3.6964e+000 +2.4936e+000 +1.3071e+000
11483 +5.019064483e-005 +5.019064483e-005 -8.477994981e+001 -8.477994981e+001 +3.6948e+000 +2.4967e+000 +1.3072e+000
11838 +3.745815648e-005 +3.745815648e-005 -8.477996254e+001 -8.477996254e+001 +3.6956e+000 +2.4952e+000 +1.3072e+000
11854 +2.084441972e-005 +2.084441972e-005 -8.477997916e+001 -8.477997916e+001 +3.6957e+000 +2.4950e+000 +1.3071e+000
12951 +6.437622972e-006 +6.437622972e-006 -8.477999356e+001 -8.477999356e+001 +3.6951e+000 +2.4961e+000 +1.3072e+000
13304 +5.800005283e-006 +5.800005283e-006 -8.477999420e+001 -8.477999420e+001 +3.6951e+000 +2.4962e+000 +1.3072e+000
13827 +2.614900595e-006 +2.614900595e-006 -8.477999739e+001 -8.477999739e+001 +3.6952e+000 +2.4960e+000 +1.3072e+000
13963 +7.572713230e-007 +7.572713230e-007 -8.477999924e+001 -8.477999924e+001 +3.6953e+000 +2.4958e+000 +1.3072e+000
15338 +5.617176555e-007 +5.617176555e-007 -8.477999944e+001 -8.477999944e+001 +3.6953e+000 +2.4959e+000 +1.3072e+000
15733 +3.513968068e-007 +3.513968068e-007 -8.477999965e+001 -8.477999965e+001 +3.6952e+000 +2.4961e+000 +1.3072e+000
17103 +1.902610336e-007 +1.902610336e-007 -8.477999981e+001 -8.477999981e+001 +3.6952e+000 +2.4960e+000 +1.3072e+000
17437 +1.555306568e-007 +1.555306568e-007 -8.477999984e+001 -8.477999984e+001 +3.6952e+000 +2.4960e+000 +1.3072e+000
17759 +7.185896322e-008 +7.185896322e-008 -8.477999993e+001 -8.477999993e+001 +3.6952e+000 +2.4960e+000 +1.3072e+000
17921 +5.612037057e-008 +5.612037057e-008 -8.477999994e+001 -8.477999994e+001 +3.6952e+000 +2.4960e+000 +1.3072e+000
18152 +3.867431531e-008 +3.867431531e-008 -8.477999996e+001 -8.477999996e+001 +3.6952e+000 +2.4960e+000 +1.3072e+000
19330 +1.782393610e-008 +1.782393610e-008 -8.477999998e+001 -8.477999998e+001 +3.6952e+000 +2.4961e+000 +1.3072e+000
19785 +1.564151830e-008 +1.564151830e-008 -8.477999998e+001 -8.477999998e+001 +3.6952e+000 +2.4960e+000 +1.3072e+000
20303 +8.455501188e-009 +8.455501188e-009 -8.477999999e+001 -8.477999999e+001 +3.6952e+000 +2.4960e+000 +1.3072e+000
% function evaluation | noise-free fitness - Fopt (1.620500000000e+002) | best noise-free fitness - Fopt | measured fitness | best measured fitness | x1 | x2...
1 +1.439321846e+003 +1.439321846e+003 +1.601371846e+003 +1.601371846e+003 +3.3184e+000 +2.8427e+000 +3.5398e-001
3 +7.975165438e+002 +7.975165438e+002 +9.595665438e+002 +9.595665438e+002 -3.0383e+000 -6.9549e-001 -2.5525e+000
5 +2.455407722e+002 +2.455407722e+002 +4.075907722e+002 +4.075907722e+002 +9.6258e-001 -3.4732e+000 +3.1546e+000
112 +9.704384400e+001 +9.704384400e+001 +2.590938440e+002 +2.590938440e+002 +2.8902e+000 -3.3595e+000 +1.4364e+000
172 +2.578723260e+001 +2.578723260e+001 +1.878372326e+002 +1.878372326e+002 +2.4322e+000 -3.0467e+000 +2.0917e+000
205 +2.174273285e+001 +2.174273285e+001 +1.837927329e+002 +1.837927329e+002 +2.5918e+000 -3.4732e+000 +2.3878e+000
637 +1.030212430e+001 +1.030212430e+001 +1.723521243e+002 +1.723521243e+002 +2.1901e+000 -2.8948e+000 +1.8343e+000
791 +4.951286044e+000 +4.951286044e+000 +1.670012860e+002 +1.670012860e+002 +2.7057e+000 -3.5770e+000 +2.6888e+000
1810 +3.914843713e+000 +3.914843713e+000 +1.659648437e+002 +1.659648437e+002 +2.4011e+000 -3.1733e+000 +2.1895e+000
2048 +8.842433978e-001 +8.842433978e-001 +1.629342434e+002 +1.629342434e+002 +2.7688e+000 -3.6284e+000 +2.7960e+000
2733 +5.939731638e-001 +5.939731638e-001 +1.626439732e+002 +1.626439732e+002 +2.6546e+000 -3.4940e+000 +2.6256e+000
3310 +3.286032716e-001 +3.286032716e-001 +1.623786033e+002 +1.623786033e+002 +2.7141e+000 -3.5659e+000 +2.7117e+000
4054 +1.723211261e-001 +1.723211261e-001 +1.622223211e+002 +1.622223211e+002 +2.6687e+000 -3.5072e+000 +2.6369e+000
4368 +1.081594818e-001 +1.081594818e-001 +1.621581595e+002 +1.621581595e+002 +2.6809e+000 -3.5238e+000 +2.6567e+000
4806 +6.091504257e-002 +6.091504257e-002 +1.621109150e+002 +1.621109150e+002 +2.6810e+000 -3.5239e+000 +2.6578e+000
5333 +2.786178490e-002 +2.786178490e-002 +1.620778618e+002 +1.620778618e+002 +2.6566e+000 -3.4936e+000 +2.6191e+000
6058 +1.925424893e-002 +1.925424893e-002 +1.620692542e+002 +1.620692542e+002 +2.6838e+000 -3.5268e+000 +2.6612e+000
6287 +1.369775744e-002 +1.369775744e-002 +1.620636978e+002 +1.620636978e+002 +2.6774e+000 -3.5191e+000 +2.6515e+000
6742 +6.014562614e-003 +6.014562614e-003 +1.620560146e+002 +1.620560146e+002 +2.6611e+000 -3.4991e+000 +2.6258e+000
7247 +1.885331674e-003 +1.885331674e-003 +1.620518853e+002 +1.620518853e+002 +2.6645e+000 -3.5033e+000 +2.6312e+000
7925 +1.163687974e-003 +1.163687974e-003 +1.620511637e+002 +1.620511637e+002 +2.6590e+000 -3.4966e+000 +2.6226e+000
8002 +9.565919026e-004 +9.565919026e-004 +1.620509566e+002 +1.620509566e+002 +2.6669e+000 -3.5063e+000 +2.6350e+000
8974 +3.800988014e-004 +3.800988014e-004 +1.620503801e+002 +1.620503801e+002 +2.6632e+000 -3.5017e+000 +2.6292e+000
9650 +1.048721683e-004 +1.048721683e-004 +1.620501049e+002 +1.620501049e+002 +2.6629e+000 -3.5014e+000 +2.6287e+000
9817 +9.172032816e-005 +9.172032816e-005 +1.620500917e+002 +1.620500917e+002 +2.6627e+000 -3.5012e+000 +2.6285e+000
11136 +2.950938111e-005 +2.950938111e-005 +1.620500295e+002 +1.620500295e+002 +2.6629e+000 -3.5015e+000 +2.6288e+000
11599 +2.243804084e-005 +2.243804084e-005 +1.620500224e+002 +1.620500224e+002 +2.6629e+000 -3.5015e+000 +2.6288e+000
12175 +6.091812622e-006 +6.091812622e-006 +1.620500061e+002 +1.620500061e+002 +2.6621e+000 -3.5004e+000 +2.6275e+000
13514 +1.534981152e-006 +1.534981152e-006 +1.620500015e+002 +1.620500015e+002 +2.6624e+000 -3.5008e+000 +2.6279e+000
14340 +9.228831743e-007 +9.228831743e-007 +1.620500009e+002 +1.620500009e+002 +2.6625e+000 -3.5010e+000 +2.6282e+000
15950 +3.492318399e-007 +3.492318399e-007 +1.620500003e+002 +1.620500003e+002 +2.6624e+000 -3.5008e+000 +2.6279e+000
17065 +2.104398220e-007 +2.104398220e-007 +1.620500002e+002 +1.620500002e+002 +2.6624e+000 -3.5008e+000 +2.6280e+000
17325 +8.424225939e-008 +8.424225939e-008 +1.620500001e+002 +1.620500001e+002 +2.6624e+000 -3.5007e+000 +2.6279e+000
18009 +3.782645308e-008 +3.782645308e-008 +1.620500000e+002 +1.620500000e+002 +2.6624e+000 -3.5008e+000 +2.6280e+000
18922 +1.668959726e-008 +1.668959726e-008 +1.620500000e+002 +1.620500000e+002 +2.6624e+000 -3.5008e+000 +2.6280e+000
19297 +1.507191882e-008 +1.507191882e-008 +1.620500000e+002 +1.620500000e+002 +2.6624e+000 -3.5008e+000 +2.6280e+000
20251 +7.896005627e-009 +7.896005627e-009 +1.620500000e+002 +1.620500000e+002 +2.6624e+000 -3.5008e+000 +2.6280e+000
% function evaluation | noise-free fitness - Fopt (-3.549000000000e+001) | best noise-free fitness - Fopt | measured fitness | best measured fitness | x1 | x2...
1 +8.273731881e+002 +8.273731881e+002 +7.918831881e+002 +7.918831881e+002 -4.2278e+000 -2.4299e+000 +4.0524e+000
9 +4.906673472e+002 +4.906673472e+002 +4.551773472e+002 +4.551773472e+002 -4.9622e+000 -4.9665e+000 -2.4480e+000
16 +9.699944430e+001 +9.699944430e+001 +6.150944430e+001 +6.150944430e+001 -3.7204e+000 -2.0286e+000 -4.0264e+000
514 +3.949561981e+001 +3.949561981e+001 +4.005619810e+000 +4.005619810e+000 -1.4083e+000 -2.3481e+000 +1.8979e+000
586 +2.420556302e+001 +2.420556302e+001 -1.128443698e+001 -1.128443698e+001 -2.9618e+000 -1.9525e+000 -3.2342e+000
777 +8.936325429e+000 +8.936325429e+000 -2.655367457e+001 -2.655367457e+001 -2.5774e+000 -2.1533e+000 -1.6625e+000
1470 +5.725430359e+000 +5.725430359e+000 -2.976456964e+001 -2.976456964e+001 -2.3925e+000 -2.1806e+000 -1.2006e+000
1485 +2.343971027e+000 +2.343971027e+000 -3.314602897e+001 -3.314602897e+001 -2.2868e+000 -2.1605e+000 -9.5053e-001
1667 +7.394372836e-001 +7.394372836e-001 -3.475056272e+001 -3.475056272e+001 -2.2859e+000 -2.1820e+000 -8.8119e-001
2317 +3.191579660e-001 +3.191579660e-001 -3.517084203e+001 -3.517084203e+001 -2.2859e+000 -2.1768e+000 -8.9048e-001
2983 +2.310221875e-001 +2.310221875e-001 -3.525897781e+001 -3.525897781e+001 -2.3113e+000 -2.1716e+000 -9.7062e-001
4225 +4.602378890e-002 +4.602378890e-002 -3.544397621e+001 -3.544397621e+001 -2.3114e+000 -2.1702e+000 -9.7594e-001
5018 +3.530055174e-002 +3.530055174e-002 -3.545469945e+001 -3.545469945e+001 -2.2924e+000 -2.1748e+000 -9.1582e-001
5305 +1.301850179e-002 +1.301850179e-002 -3.547698150e+001 -3.547698150e+001 -2.2967e+000 -2.1738e+000 -9.2929e-001
6720 +4.457459184e-003 +4.457459184e-003 -3.548554254e+001 -3.548554254e+001 -2.3091e+000 -2.1706e+000 -9.6866e-001
7100 +3.795936980e-003 +3.795936980e-003 -3.548620406e+001 -3.548620406e+001 -2.3044e+000 -2.1718e+000 -9.5367e-001
7794 +2.126890223e-003 +2.126890223e-003 -3.548787311e+001 -3.548787311e+001 -2.3078e+000 -2.1709e+000 -9.6449e-001
7913 +1.186277830e-003 +1.186277830e-003 -3.548881372e+001 -3.548881372e+001 -2.3136e+000 -2.1693e+000 -9.8316e-001
8660 +8.915812258e-004 +8.915812258e-004 -3.548910842e+001 -3.548910842e+001 -2.3061e+000 -2.1713e+000 -9.5915e-001
8701 +4.608508819e-004 +4.608508819e-004 -3.548953915e+001 -3.548953915e+001 -2.3088e+000 -2.1706e+000 -9.6774e-001
9722 +3.314557003e-004 +3.314557003e-004 -3.548966854e+001 -3.548966854e+001 -2.3108e+000 -2.1701e+000 -9.7418e-001
9748 +1.159021729e-004 +1.159021729e-004 -3.548988410e+001 -3.548988410e+001 -2.3101e+000 -2.1703e+000 -9.7215e-001
10699 +3.596113540e-005 +3.596113540e-005 -3.548996404e+001 -3.548996404e+001 -2.3096e+000 -2.1704e+000 -9.7047e-001
10833 +1.659179357e-005 +1.659179357e-005 -3.548998341e+001 -3.548998341e+001 -2.3097e+000 -2.1704e+000 -9.7072e-001
12384 +1.013302530e-005 +1.013302530e-005 -3.548998987e+001 -3.548998987e+001 -2.3093e+000 -2.1705e+000 -9.6958e-001
13102 +9.997194773e-006 +9.997194773e-006 -3.548999000e+001 -3.548999000e+001 -2.3092e+000 -2.1705e+000 -9.6909e-001
13377 +6.007942396e-006 +6.007942396e-006 -3.548999399e+001 -3.548999399e+001 -2.3096e+000 -2.1704e+000 -9.7041e-001
13599 +3.119302669e-006 +3.119302669e-006 -3.548999688e+001 -3.548999688e+001 -2.3098e+000 -2.1704e+000 -9.7094e-001
13955 +2.017414509e-006 +2.017414509e-006 -3.548999798e+001 -3.548999798e+001 -2.3098e+000 -2.1704e+000 -9.7097e-001
14317 +1.296117297e-006 +1.296117297e-006 -3.548999870e+001 -3.548999870e+001 -2.3097e+000 -2.1704e+000 -9.7079e-001
14942 +6.716089302e-007 +6.716089302e-007 -3.548999933e+001 -3.548999933e+001 -2.3097e+000 -2.1704e+000 -9.7075e-001
15611 +3.552594947e-007 +3.552594947e-007 -3.548999964e+001 -3.548999964e+001 -2.3096e+000 -2.1704e+000 -9.7045e-001
15872 +2.422767125e-007 +2.422767125e-007 -3.548999976e+001 -3.548999976e+001 -2.3096e+000 -2.1704e+000 -9.7026e-001
16851 +6.735484703e-008 +6.735484703e-008 -3.548999993e+001 -3.548999993e+001 -2.3096e+000 -2.1704e+000 -9.7032e-001
17918 +5.640875855e-008 +5.640875855e-008 -3.548999994e+001 -3.548999994e+001 -2.3096e+000 -2.1704e+000 -9.7040e-001
18642 +8.837098164e-009 +8.837098164e-009 -3.548999999e+001 -3.548999999e+001 -2.3096e+000 -2.1704e+000 -9.7035e-001
% function evaluation | noise-free fitness - Fopt (1.762000000000e+002) | best noise-free fitness - Fopt | measured fitness | best measured fitness | x1 | x2...
1 +6.315813421e+002 +6.315813421e+002 +8.077813421e+002 +8.077813421e+002 +2.3637e+000 +7.8170e-001 +3.4405e+000
14 +6.032875264e+002 +6.032875264e+002 +7.794875264e+002 +7.794875264e+002 +8.6021e-001 -1.3449e+000 +3.3527e+000
17 +1.612975681e+002 +1.612975681e+002 +3.374975681e+002 +3.374975681e+002 -3.1025e+000 +1.1247e+000 +3.0401e+000
97 +6.677483245e+001 +6.677483245e+001 +2.429748324e+002 +2.429748324e+002 -9.2500e-001 +2.9413e-001 +5.2385e+000
359 +5.424472928e+001 +5.424472928e+001 +2.304447293e+002 +2.304447293e+002 +3.2639e-002 +1.4946e-001 +5.8648e+000
550 +2.699643350e+001 +2.699643350e+001 +2.031964335e+002 +2.031964335e+002 -3.8428e+000 +1.2566e+000 +3.6089e+000
917 +1.708325635e+001 +1.708325635e+001 +1.932832564e+002 +1.932832564e+002 -4.4643e+000 +1.5990e+000 +3.2593e+000
1174 +9.834164676e+000 +9.834164676e+000 +1.860341647e+002 +1.860341647e+002 -3.4574e+000 +1.2227e+000 +3.9095e+000
1246 +2.159507827e+000 +2.159507827e+000 +1.783595078e+002 +1.783595078e+002 -2.8119e+000 +1.0589e+000 +4.2114e+000
2243 +9.317728021e-001 +9.317728021e-001 +1.771317728e+002 +1.771317728e+002 -3.5517e+000 +1.2801e+000 +3.8182e+000
2861 +2.956517221e-001 +2.956517221e-001 +1.764956517e+002 +1.764956517e+002 -3.5350e+000 +1.2770e+000 +3.8240e+000
4062 +1.645510390e-001 +1.645510390e-001 +1.763645510e+002 +1.763645510e+002 -3.3581e+000 +1.2257e+000 +3.9192e+000
4138 +1.100572833e-001 +1.100572833e-001 +1.763100573e+002 +1.763100573e+002 -3.4389e+000 +1.2487e+000 +3.8743e+000
5218 +8.184027649e-002 +8.184027649e-002 +1.762818403e+002 +1.762818403e+002 -3.5084e+000 +1.2694e+000 +3.8372e+000
5315 +6.272305671e-002 +6.272305671e-002 +1.762627231e+002 +1.762627231e+002 -3.2955e+000 +1.2066e+000 +3.9530e+000
5660 +1.677396311e-002 +1.677396311e-002 +1.762167740e+002 +1.762167740e+002 -3.3428e+000 +1.2206e+000 +3.9271e+000
6448 +4.021722109e-004 +4.021722109e-004 +1.762004022e+002 +1.762004022e+002 -3.3834e+000 +1.2326e+000 +3.9050e+000
9446 +2.170730022e-004 +2.170730022e-004 +1.762002171e+002 +1.762002171e+002 -3.3938e+000 +1.2356e+000 +3.8993e+000
9994 +1.155496104e-004 +1.155496104e-004 +1.762001155e+002 +1.762001155e+002 -3.3910e+000 +1.2348e+000 +3.9009e+000
11101 +7.617948867e-005 +7.617948867e-005 +1.762000762e+002 +1.762000762e+002 -3.3925e+000 +1.2353e+000 +3.9000e+000
11202 +5.851623297e-005 +5.851623297e-005 +1.762000585e+002 +1.762000585e+002 -3.3898e+000 +1.2345e+000 +3.9015e+000
11988 +3.953842636e-005 +3.953842636e-005 +1.762000395e+002 +1.762000395e+002 -3.3883e+000 +1.2340e+000 +3.9023e+000
12770 +2.341265551e-005 +2.341265551e-005 +1.762000234e+002 +1.762000234e+002 -3.3900e+000 +1.2345e+000 +3.9014e+000
13096 +1.421499229e-005 +1.421499229e-005 +1.762000142e+002 +1.762000142e+002 -3.3893e+000 +1.2343e+000 +3.9018e+000
13151 +7.401429855e-006 +7.401429855e-006 +1.762000074e+002 +1.762000074e+002 -3.3887e+000 +1.2341e+000 +3.9021e+000
13811 +3.436241030e-006 +3.436241030e-006 +1.762000034e+002 +1.762000034e+002 -3.3898e+000 +1.2345e+000 +3.9015e+000
14857 +1.519798644e-006 +1.519798644e-006 +1.762000015e+002 +1.762000015e+002 -3.3891e+000 +1.2343e+000 +3.9018e+000
15847 +1.179430740e-007 +1.179430740e-007 +1.762000001e+002 +1.762000001e+002 -3.3896e+000 +1.2344e+000 +3.9016e+000
17128 +2.676031841e-008 +2.676031841e-008 +1.762000000e+002 +1.762000000e+002 -3.3896e+000 +1.2344e+000 +3.9016e+000
19125 +2.144275868e-008 +2.144275868e-008 +1.762000000e+002 +1.762000000e+002 -3.3896e+000 +1.2344e+000 +3.9016e+000
20245 +1.220502099e-008 +1.220502099e-008 +1.762000000e+002 +1.762000000e+002 -3.3896e+000 +1.2344e+000 +3.9016e+000
20315 +1.691461193e-009 +1.691461193e-009 +1.762000000e+002 +1.762000000e+002 -3.3896e+000 +1.2344e+000 +3.9016e+000
