% function evaluation | noise-free fitness - Fopt (-1.694000000000e+001) | best noise-free fitness - Fopt | measured fitness | best measured fitness | x1 | x2...
1 +4.375723790e+001 +4.375723790e+001 +2.681723790e+001 +2.681723790e+001 +4.1289e+000 -3.2870e+000 -9.1809e-001
3 +3.957898975e+001 +3.957898975e+001 +2.263898975e+001 +2.263898975e+001 -1.0781e+000 -2.9897e+000 +6.5272e-001
12 +1.213702919e+001 +1.213702919e+001 -4.802970808e+000 -4.802970808e+000 +3.9866e-001 +2.7501e+000 -3.9212e+000
24 +3.856290504e+000 +3.856290504e+000 -1.308370950e+001 -1.308370950e+001 +3.9315e+000 +1.4728e+000 -1.4362e+000
55 +2.290949821e+000 +2.290949821e+000 -1.464905018e+001 -1.464905018e+001 +4.5106e+000 +2.8897e+000 -1.2208e+000
295 +1.402951977e+000 +1.402951977e+000 -1.553704802e+001 -1.553704802e+001 +4.5106e+000 +2.8897e+000 -1.5733e+000
608 +7.301799110e-001 +7.301799110e-001 -1.620982009e+001 -1.620982009e+001 +3.3118e+000 +2.3560e+000 -1.1743e+000
660 +4.629833743e-001 +4.629833743e-001 -1.647701663e+001 -1.647701663e+001 +3.4133e+000 +2.4050e+000 -1.3945e+000
722 +2.106186933e-001 +2.106186933e-001 -1.672938131e+001 -1.672938131e+001 +3.6445e+000 +2.4582e+000 -1.4404e+000
1262 +1.173813613e-001 +1.173813613e-001 -1.682261864e+001 -1.682261864e+001 +3.6031e+000 +2.5364e+000 -1.4918e+000
1498 +6.717964674e-002 +6.717964674e-002 -1.687282035e+001 -1.687282035e+001 +3.6024e+000 +2.5468e+000 -1.4962e+000
1510 +3.397833168e-002 +3.397833168e-002 -1.690602167e+001 -1.690602167e+001 +3.6551e+000 +2.5597e+000 -1.5426e+000
2080 +2.473483162e-002 +2.473483162e-002 -1.691526517e+001 -1.691526517e+001 +3.6642e+000 +2.5489e+000 -1.5358e+000
2161 +1.220613486e-002 +1.220613486e-002 -1.692779387e+001 -1.692779387e+001 +3.6492e+000 +2.5360e+000 -1.5199e+000
2312 +5.299547593e-003 +5.299547593e-003 -1.693470045e+001 -1.693470045e+001 +3.6578e+000 +2.5515e+000 -1.5280e+000
2450 +3.804594707e-003 +3.804594707e-003 -1.693619541e+001 -1.693619541e+001 +3.6548e+000 +2.5470e+000 -1.5279e+000
2685 +1.298467958e-003 +1.298467958e-003 -1.693870153e+001 -1.693870153e+001 +3.6565e+000 +2.5497e+000 -1.5299e+000
3365 +9.756623923e-004 +9.756623923e-004 -1.693902434e+001 -1.693902434e+001 +3.6552e+000 +2.5488e+000 -1.5289e+000
3781 +5.560249872e-004 +5.560249872e-004 -1.693944398e+001 -1.693944398e+001 +3.6554e+000 +2.5488e+000 -1.5291e+000
4040 +2.392091951e-004 +2.392091951e-004 -1.693976079e+001 -1.693976079e+001 +3.6560e+000 +2.5498e+000 -1.5297e+000
4527 +1.258549451e-004 +1.258549451e-004 -1.693987415e+001 -1.693987415e+001 +3.6558e+000 +2.5494e+000 -1.5295e+000
4653 +3.815830732e-005 +3.815830732e-005 -1.693996184e+001 -1.693996184e+001 +3.6560e+000 +2.5496e+000 -1.5296e+000
5509 +1.838228679e-005 +1.838228679e-005 -1.693998162e+001 -1.693998162e+001 +3.6560e+000 +2.5496e+000 -1.5296e+000
5950 +2.367116135e-006 +2.367116135e-006 -1.693999763e+001 -1.693999763e+001 +3.6560e+000 +2.5496e+000 -1.5296e+000
6263 +9.179839395e-007 +9.179839395e-007 -1.693999908e+001 -1.693999908e+001 +3.6560e+000 +2.5496e+000 -1.5296e+000
6406 +5.869507405e-007 +5.869507405e-007 -1.693999941e+001 -1.693999941e+001 +3.6560e+000 +2.5496e+000 -1.5296e+000
6813 +3.818609997e-007 +3.818609997e-007 -1.693999962e+001 -1.693999962e+001 +3.6560e+000 +2.5496e+000 -1.5296e+000
7281 +2.378183979e-007 +2.378183979e-007 -1.693999976e+001 -1.693999976e+001 +3.6560e+000 +2.5496e+000 -1.5296e+000
7508 +1.278747810e-007 +1.278747810e-007 -1.693999987e+001 -1.693999987e+001 +3.6560e+000 +2.5496e+000 -1.5296e+000
7789 +5.868476194e-008 +5.868476194e-008 -1.693999994e+001 -1.693999994e+001 +3.6560e+000 +2.5496e+000 -1.5296e+000
8292 +2.307310254e-008 +2.307310254e-008 -1.693999998e+001 -1.693999998e+001 +3.6560e+000 +2.5496e+000 -1.5296e+000
8316 +1.265403071e-008 +1.265403071e-008 -1.693999999e+001 -1.693999999e+001 +3.6560e+000 +2.5496e+000 -1.5296e+000
8578 +8.296005660e-009 +8.296005660e-009 -1.693999999e+001 -1.693999999e+001 +3.6560e+000 +2.5496e+000 -1.5296e+000
% function evaluation | noise-free fitness - Fopt (1.881000000000e+001) | best noise-free fitness - Fopt | measured fitness | best measured fitness | x1 | x2...
1 +1.707256262e+001 +1.707256262e+001 +3.588256262e+001 +3.588256262e+001 +4.4189e+000 -2.4066e+000 +3.6137e+000
3 +1.395412833e+001 +1.395412833e+001 +3.276412833e+001 +3.276412833e+001 +3.1671e+000 -1.5768e+000 -4.5565e+000
6 +7.318041717e+000 +7.318041717e+000 +2.612804172e+001 +2.612804172e+001 +1.3820e-002 +3.7668e+000 -3.6802e+000
54 +4.389893862e+000 +4.389893862e+000 +2.319989386e+001 +2.319989386e+001 -9.2275e-001 +2.7315e+000 -2.6844e+000
69 +2.713203474e+000 +2.713203474e+000 +2.152320347e+001 +2.152320347e+001 -1.6625e+000 +4.3557e-001 -9.4198e-002
155 +2.145086631e+000 +2.145086631e+000 +2.095508663e+001 +2.095508663e+001 +1.9449e+000 +3.1365e+000 -2.4758e+000
187 +1.296725636e+000 +1.296725636e+000 +2.010672564e+001 +2.010672564e+001 -1.8128e-001 +1.5931e+000 -1.5085e+000
561 +5.938210083e-001 +5.938210083e-001 +1.940382101e+001 +1.940382101e+001 +6.0300e-001 +2.2174e+000 -1.2873e+000
848 +1.376614193e-001 +1.376614193e-001 +1.894766142e+001 +1.894766142e+001 -2.1322e-001 +1.7980e+000 -8.1329e-001
1270 +7.633615400e-002 +7.633615400e-002 +1.888633615e+001 +1.888633615e+001 -1.3572e-001 +1.8210e+000 -8.5500e-001
1301 +5.873207575e-002 +5.873207575e-002 +1.886873208e+001 +1.886873208e+001 -1.6229e-001 +1.8235e+000 -8.5674e-001
1674 +2.484409080e-002 +2.484409080e-002 +1.883484409e+001 +1.883484409e+001 -1.9411e-001 +1.7704e+000 -8.1505e-001
2167 +1.060878373e-002 +1.060878373e-002 +1.882060878e+001 +1.882060878e+001 -1.8651e-001 +1.7815e+000 -8.1966e-001
2395 +8.552048145e-003 +8.552048145e-003 +1.881855205e+001 +1.881855205e+001 -1.8784e-001 +1.7835e+000 -8.2147e-001
2469 +4.903271644e-003 +4.903271644e-003 +1.881490327e+001 +1.881490327e+001 -1.9321e-001 +1.7796e+000 -8.2022e-001
2514 +3.051787585e-003 +3.051787585e-003 +1.881305179e+001 +1.881305179e+001 -1.9207e-001 +1.7821e+000 -8.2140e-001
2954 +1.919605387e-003 +1.919605387e-003 +1.881191961e+001 +1.881191961e+001 -1.9104e-001 +1.7809e+000 -8.2364e-001
2988 +1.403839751e-003 +1.403839751e-003 +1.881140384e+001 +1.881140384e+001 -1.9104e-001 +1.7808e+000 -8.2285e-001
3352 +9.938065259e-004 +9.938065259e-004 +1.881099381e+001 +1.881099381e+001 -1.9035e-001 +1.7814e+000 -8.2256e-001
3428 +6.163470345e-004 +6.163470345e-004 +1.881061635e+001 +1.881061635e+001 -1.9038e-001 +1.7813e+000 -8.2286e-001
3536 +3.476923706e-004 +3.476923706e-004 +1.881034769e+001 +1.881034769e+001 -1.9117e-001 +1.7809e+000 -8.2251e-001
3610 +2.114612168e-004 +2.114612168e-004 +1.881021146e+001 +1.881021146e+001 -1.9115e-001 +1.7808e+000 -8.2231e-001
4130 +1.136591516e-004 +1.136591516e-004 +1.881011366e+001 +1.881011366e+001 -1.9117e-001 +1.7808e+000 -8.2243e-001
4335 +5.254319601e-005 +5.254319601e-005 +1.881005254e+001 +1.881005254e+001 -1.9120e-001 +1.7808e+000 -8.2241e-001
4371 +3.417212015e-005 +3.417212015e-005 +1.881003417e+001 +1.881003417e+001 -1.9119e-001 +1.7808e+000 -8.2241e-001
4913 +2.097911958e-005 +2.097911958e-005 +1.881002098e+001 +1.881002098e+001 -1.9119e-001 +1.7808e+000 -8.2240e-001
5093 +1.056583061e-005 +1.056583061e-005 +1.881001057e+001 +1.881001057e+001 -1.9120e-001 +1.7808e+000 -8.2240e-001
5233 +4.031006515e-006 +4.031006515e-006 +1.881000403e+001 +1.881000403e+001 -1.9120e-001 +1.7808e+000 -8.2240e-001
5451 +2.699759722e-006 +2.699759722e-006 +1.881000270e+001 +1.881000270e+001 -1.9120e-001 +1.7808e+000 -8.2240e-001
5574 +2.248474289e-006 +2.248474289e-006 +1.881000225e+001 +1.881000225e+001 -1.9120e-001 +1.7808e+000 -8.2240e-001
5672 +8.070993616e-007 +8.070993616e-007 +1.881000081e+001 +1.881000081e+001 -1.9120e-001 +1.7808e+000 -8.2240e-001
5999 +6.272333302e-007 +6.272333302e-007 +1.881000063e+001 +1.881000063e+001 -1.9120e-001 +1.7808e+000 -8.2240e-001
6261 +3.394365891e-007 +3.394365891e-007 +1.881000034e+001 +1.881000034e+001 -1.9120e-001 +1.7808e+000 -8.2240e-001
6530 +2.125371203e-007 +2.125371203e-007 +1.881000021e+001 +1.881000021e+001 -1.9120e-001 +1.7808e+000 -8.2240e-001
6627 +9.670062795e-008 +9.670062795e-008 +1.881000010e+001 +1.881000010e+001 -1.9120e-001 +1.7808e+000 -8.2240e-001
7019 +5.667456193e-008 +5.667456193e-008 +1.881000006e+001 +1.881000006e+001 -1.9120e-001 +1.7808e+000 -8.2240e-001
7292 +2.848000236e-008 +2.848000236e-008 +1.881000003e+001 +1.881000003e+001 -1.9120e-001 +1.7808e+000 -8.2240e-001
7341 +3.761858380e-009 +3.761858380e-009 +1.881000000e+001 +1.881000000e+001 -1.9120e-001 +1.7808e+000 -8.2240e-001
% function evaluation | noise-free fitness - Fopt (2.731500000000e+002) | best noise-free fitness - Fopt | measured fitness | best measured fitness | x1 | x2...
1 +6.948857555e+002 +6.948857555e+002 +9.680357555e+002 +9.680357555e+002 +2.5891e+000 -2.8735e+000 -4.4500e+000
3 +1.504676716e+002 +1.504676716e+002 +4.236176716e+002 +4.236176716e+002 -2.4157e+000 -4.0310e+000 -4.1258e+000
4 +2.783094732e+001 +2.783094732e+001 +3.009809473e+002 +3.009809473e+002 +3.3095e+000 +4.7927e+000 +6.6428e-001
5 +1.933965527e+001 +1.933965527e+001 +2.924896553e+002 +2.924896553e+002 -7.4476e-001 +4.3614e+000 -1.9755e+000
14 +5.137264131e+000 +5.137264131e+000 +2.782872641e+002 +2.782872641e+002 -3.2812e+000 +2.6509e+000 -7.5760e-001
26 +2.947961397e+000 +2.947961397e+000 +2.760979614e+002 +2.760979614e+002 -4.5840e+000 +3.1549e+000 -1.7963e-001
354 +2.115062275e+000 +2.115062275e+000 +2.752650623e+002 +2.752650623e+002 -3.7323e+000 +3.8238e+000 -9.0155e-001
390 +1.331275254e+000 +1.331275254e+000 +2.744812753e+002 +2.744812753e+002 -3.9768e+000 +3.7230e+000 -7.9642e-001
554 +5.733930188e-001 +5.733930188e-001 +2.737233930e+002 +2.737233930e+002 -3.6457e+000 +3.8349e+000 -2.8126e-001
708 +2.598022649e-001 +2.598022649e-001 +2.734098023e+002 +2.734098023e+002 -3.6563e+000 +3.5527e+000 -5.6280e-001
901 +2.143563566e-001 +2.143563566e-001 +2.733643564e+002 +2.733643564e+002 -3.6956e+000 +3.4175e+000 -5.7916e-001
1222 +1.044982632e-001 +1.044982632e-001 +2.732544983e+002 +2.732544983e+002 -3.5621e+000 +3.8246e+000 -4.5019e-001
1287 +4.335445220e-002 +4.335445220e-002 +2.731933545e+002 +2.731933545e+002 -3.5710e+000 +3.7610e+000 -4.6772e-001
1694 +3.717258165e-002 +3.717258165e-002 +2.731871726e+002 +2.731871726e+002 -3.5696e+000 +3.7454e+000 -4.8413e-001
2042 +2.411817619e-002 +2.411817619e-002 +2.731741182e+002 +2.731741182e+002 -3.5665e+000 +3.7398e+000 -4.6773e-001
2280 +1.254672514e-002 +1.254672514e-002 +2.731625467e+002 +2.731625467e+002 -3.5811e+000 +3.7457e+000 -4.7663e-001
2581 +5.039775140e-003 +5.039775140e-003 +2.731550398e+002 +2.731550398e+002 -3.5745e+000 +3.7594e+000 -4.7763e-001
3006 +3.414656949e-003 +3.414656949e-003 +2.731534147e+002 +2.731534147e+002 -3.5770e+000 +3.7566e+000 -4.7808e-001
3030 +5.659189485e-004 +5.659189485e-004 +2.731505659e+002 +2.731505659e+002 -3.5787e+000 +3.7544e+000 -4.7817e-001
3329 +2.726258400e-004 +2.726258400e-004 +2.731502726e+002 +2.731502726e+002 -3.5791e+000 +3.7537e+000 -4.7830e-001
3680 +2.481362739e-004 +2.481362739e-004 +2.731502481e+002 +2.731502481e+002 -3.5792e+000 +3.7534e+000 -4.7849e-001
4439 +1.151985396e-004 +1.151985396e-004 +2.731501152e+002 +2.731501152e+002 -3.5791e+000 +3.7538e+000 -4.7837e-001
4672 +5.881032718e-005 +5.881032718e-005 +2.731500588e+002 +2.731500588e+002 -3.5792e+000 +3.7536e+000 -4.7838e-001
4703 +3.241025314e-005 +3.241025314e-005 +2.731500324e+002 +2.731500324e+002 -3.5792e+000 +3.7536e+000 -4.7840e-001
5273 +1.405874895e-005 +1.405874895e-005 +2.731500141e+002 +2.731500141e+002 -3.5792e+000 +3.7536e+000 -4.7840e-001
6526 +9.730988268e-006 +9.730988268e-006 +2.731500097e+002 +2.731500097e+002 -3.5792e+000 +3.7536e+000 -4.7840e-001
6637 +6.307202568e-006 +6.307202568e-006 +2.731500063e+002 +2.731500063e+002 -3.5792e+000 +3.7536e+000 -4.7840e-001
6870 +3.619536358e-006 +3.619536358e-006 +2.731500036e+002 +2.731500036e+002 -3.5792e+000 +3.7536e+000 -4.7840e-001
6954 +2.050647140e-006 +2.050647140e-006 +2.731500021e+002 +2.731500021e+002 -3.5792e+000 +3.7536e+000 -4.7840e-001
7048 +1.045500994e-006 +1.045500994e-006 +2.731500010e+002 +2.731500010e+002 -3.5792e+000 +3.7536e+000 -4.7840e-001
7099 +9.753474046e-007 +9.753474046e-007 +2.731500010e+002 +2.731500010e+002 -3.5792e+000 +3.7536e+000 -4.7840e-001
7293 +6.244908377e-007 +6.244908377e-007 +2.731500006e+002 +2.731500006e+002 -3.5792e+000 +3.7536e+000 -4.7840e-001
7701 +3.832633411e-007 +3.832633411e-007 +2.731500004e+002 +2.731500004e+002 -3.5792e+000 +3.7536e+000 -4.7840e-001
8051 +1.851527713e-007 +1.851527713e-007 +2.731500002e+002 +2.731500002e+002 -3.5792e+000 +3.7536e+000 -4.7840e-001
8174 +8.220195014e-008 +8.220195014e-008 +2.731500001e+002 +2.731500001e+002 -3.5792e+000 +3.7536e+000 -4.7840e-001
8413 +6.244965789e-008 +6.244965789e-008 +2.731500001e+002 +2.731500001e+002 -3.5792e+000 +3.7536e+000 -4.7840e-001
8480 +3.606362498e-008 +3.606362498e-008 +2.731500000e+002 +2.731500000e+002 -3.5792e+000 +3.7536e+000 -4.7840e-001
8754 +2.192251713e-008 +2.192251713e-008 +2.731500000e+002 +2.731500000e+002 -3.5792e+000 +3.7536e+000 -4.7840e-001
8997 +1.296365326e-008 +1.296365326e-008 +2.731500000e+002 +2.731500000e+002 -3.5792e+000 +3.7536e+000 -4.7840e-001
9143 +8.079041436e-009 +8.079041436e-009 +2.731500000e+002 +2.731500000e+002 -3.5792e+000 +3.7536e+000 -4.7840e-001
9200 +3.122352155e-009 +3.122352155e-009 +2.731500000e+002 +2.731500000e+002 -3.5792e+000 +3.7536e+000 -4.7840e-001
% function evaluation | noise-free fitness - Fopt (3.718000000000e+001) | best noise-free fitness - Fopt | measured fitness | best measured fitness | x1 | x2...
1 +5.523775236e+001 +5.523775236e+001 +9.241775236e+001 +9.241775236e+001 -4.3306e+000 -3.4314e+000 -3.6272e+000
5 +2.876977784e+001 +2.876977784e+001 +6.594977784e+001 +6.594977784e+001 -4.9302e+000 -3.2841e+000 -2.9704e+000
6 +2.112372836e+001 +2.112372836e+001 +5.830372836e+001 +5.830372836e+001 -1.1117e+000 -4.5031e+000 +3.9049e+000
9 +1.455686097e+001 +1.455686097e+001 +5.173686097e+001 +5.173686097e+001 -1.6602e+000 -4.4286e+000 +1.1826e+000
11 +8.532777406e+000 +8.532777406e+000 +4.571277741e+001 +4.571277741e+001 -4.4319e+000 +7.9699e-001 +3.0267e+000
15 +4.319236387e+000 +4.319236387e+000 +4.149923639e+001 +4.149923639e+001 -4.9386e+000 +3.0891e+000 +2.6345e+000
46 +3.687282848e+000 +3.687282848e+000 +4.086728285e+001 +4.086728285e+001 -4.2135e+000 +6.3201e-001 +2.8293e+000
54 +1.635016001e+000 +1.635016001e+000 +3.881501600e+001 +3.881501600e+001 -2.6454e+000 +2.9205e+000 +1.8279e+000
115 +8.457221657e-001 +8.457221657e-001 +3.802572217e+001 +3.802572217e+001 -3.8193e+000 +2.0365e+000 +1.8436e+000
615 +4.053099980e-001 +4.053099980e-001 +3.758531000e+001 +3.758531000e+001 -4.2749e+000 +2.0573e+000 +2.0241e+000
742 +2.704278846e-001 +2.704278846e-001 +3.745042788e+001 +3.745042788e+001 -4.4234e+000 +1.9343e+000 +2.0035e+000
869 +2.160464433e-001 +2.160464433e-001 +3.739604644e+001 +3.739604644e+001 -3.9297e+000 +1.9647e+000 +1.9895e+000
1087 +8.232377473e-002 +8.232377473e-002 +3.726232377e+001 +3.726232377e+001 -3.7954e+000 +2.1133e+000 +2.0496e+000
1450 +5.915644111e-002 +5.915644111e-002 +3.723915644e+001 +3.723915644e+001 -3.8944e+000 +2.0866e+000 +2.0370e+000
1537 +2.873689862e-002 +2.873689862e-002 +3.720873690e+001 +3.720873690e+001 -3.9284e+000 +2.0585e+000 +2.0368e+000
1620 +1.668557604e-002 +1.668557604e-002 +3.719668558e+001 +3.719668558e+001 -3.8944e+000 +2.0666e+000 +2.0370e+000
1790 +7.888615329e-003 +7.888615329e-003 +3.718788862e+001 +3.718788862e+001 -3.8944e+000 +2.0584e+000 +2.0370e+000
2245 +5.662497649e-003 +5.662497649e-003 +3.718566250e+001 +3.718566250e+001 -3.8957e+000 +2.0585e+000 +2.0405e+000
2298 +1.439305833e-003 +1.439305833e-003 +3.718143931e+001 +3.718143931e+001 -3.9004e+000 +2.0602e+000 +2.0400e+000
2636 +8.513126615e-004 +8.513126615e-004 +3.718085131e+001 +3.718085131e+001 -3.8994e+000 +2.0596e+000 +2.0401e+000
2758 +5.630395743e-004 +5.630395743e-004 +3.718056304e+001 +3.718056304e+001 -3.8995e+000 +2.0599e+000 +2.0401e+000
2894 +1.782429707e-004 +1.782429707e-004 +3.718017824e+001 +3.718017824e+001 -3.8991e+000 +2.0600e+000 +2.0400e+000
3419 +1.550208948e-004 +1.550208948e-004 +3.718015502e+001 +3.718015502e+001 -3.8991e+000 +2.0600e+000 +2.0400e+000
3773 +8.451787748e-005 +8.451787748e-005 +3.718008452e+001 +3.718008452e+001 -3.8991e+000 +2.0600e+000 +2.0400e+000
3840 +3.389909092e-005 +3.389909092e-005 +3.718003390e+001 +3.718003390e+001 -3.8992e+000 +2.0600e+000 +2.0400e+000
4569 +1.737127494e-005 +1.737127494e-005 +3.718001737e+001 +3.718001737e+001 -3.8992e+000 +2.0600e+000 +2.0400e+000
4841 +1.166011496e-005 +1.166011496e-005 +3.718001166e+001 +3.718001166e+001 -3.8992e+000 +2.0600e+000 +2.0400e+000
4879 +9.516635096e-006 +9.516635096e-006 +3.718000952e+001 +3.718000952e+001 -3.8992e+000 +2.0600e+000 +2.0400e+000
4987 +1.590108610e-006 +1.590108610e-006 +3.718000159e+001 +3.718000159e+001 -3.8992e+000 +2.0600e+000 +2.0400e+000
5181 +1.023283900e-006 +1.023283900e-006 +3.718000102e+001 +3.718000102e+001 -3.8992e+000 +2.0600e+000 +2.0400e+000
5373 +6.889912001e-007 +6.889912001e-007 +3.718000069e+001 +3.718000069e+001 -3.8992e+000 +2.0600e+000 +2.0400e+000
5611 +5.923067121e-007 +5.923067121e-007 +3.718000059e+001 +3.718000059e+001 -3.8992e+000 +2.0600e+000 +2.0400e+000
5793 +3.274341651e-007 +3.274341651e-007 +3.718000033e+001 +3.718000033e+001 -3.8992e+000 +2.0600e+000 +2.0400e+000
6137 +9.538139523e-008 +9.538139523e-008 +3.718000010e+001 +3.718000010e+001 -3.8992e+000 +2.0600e+000 +2.0400e+000
6271 +5.861576113e-008 +5.861576113e-008 +3.718000006e+001 +3.718000006e+001 -3.8992e+000 +2.0600e+000 +2.0400e+000
6631 +2.804683419e-008 +2.804683419e-008 +3.718000003e+001 +3.718000003e+001 -3.8992e+000 +2.0600e+000 +2.0400e+000
6735 +6.174794009e-009 +6.174794009e-009 +3.718000001e+001 +3.718000001e+001 -3.8992e+000 +2.0600e+000 +2.0400e+000
% function evaluation | noise-free fitness - Fopt (-1.479000000000e+002) | best noise-free fitness - Fopt | measured fitness | best measured fitness | x1 | x2...
1 +9.129092859e+000 +9.129092859e+000 -1.387709071e+002 -1.387709071e+002 -1.9321e+000 -2.4749e+000 -7.4313e-001
17 +2.921826890e+000 +2.921826890e+000 -1.449781731e+002 -1.449781731e+002 -2.2470e+000 +2.2017e-001 -6.7346e-001
68 +2.002987243e+000 +2.002987243e+000 -1.458970128e+002 -1.458970128e+002 -1.4132e+000 +2.9496e-002 +1.3624e+000
185 +1.424986111e+000 +1.424986111e+000 -1.464750139e+002 -1.464750139e+002 -8.8800e-001 +1.9792e-001 +1.0683e+000
444 +6.959477670e-001 +6.959477670e-001 -1.472040522e+002 -1.472040522e+002 -1.4093e+000 +3.1602e-001 +1.2949e+000
527 +5.639577916e-001 +5.639577916e-001 -1.473360422e+002 -1.473360422e+002 -1.8190e+000 +3.1602e-001 +1.2949e+000
686 +3.671027932e-001 +3.671027932e-001 -1.475328972e+002 -1.475328972e+002 -1.7334e+000 +2.8394e-001 +1.3472e+000
907 +1.589008916e-001 +1.589008916e-001 -1.477410991e+002 -1.477410991e+002 -1.6797e+000 +1.9619e-001 +1.1850e+000
951 +8.285218051e-002 +8.285218051e-002 -1.478171478e+002 -1.478171478e+002 -1.6760e+000 +1.1993e-001 +1.1736e+000
1280 +4.244654114e-002 +4.244654114e-002 -1.478575535e+002 -1.478575535e+002 -1.6733e+000 +1.4475e-001 +1.1624e+000
1333 +3.870208297e-002 +3.870208297e-002 -1.478612979e+002 -1.478612979e+002 -1.6708e+000 +1.2431e-001 +1.1417e+000
1418 +1.459561980e-002 +1.459561980e-002 -1.478854044e+002 -1.478854044e+002 -1.6744e+000 +1.4284e-001 +1.1417e+000
1771 +9.473928011e-003 +9.473928011e-003 -1.478905261e+002 -1.478905261e+002 -1.6702e+000 +1.2954e-001 +1.1307e+000
2091 +2.951489761e-003 +2.951489761e-003 -1.478970485e+002 -1.478970485e+002 -1.6707e+000 +1.3317e-001 +1.1338e+000
2359 +1.912380024e-003 +1.912380024e-003 -1.478980876e+002 -1.478980876e+002 -1.6707e+000 +1.3524e-001 +1.1373e+000
2703 +1.413961825e-003 +1.413961825e-003 -1.478985860e+002 -1.478985860e+002 -1.6707e+000 +1.3581e-001 +1.1373e+000
2791 +2.897604087e-004 +2.897604087e-004 -1.478997102e+002 -1.478997102e+002 -1.6705e+000 +1.3509e-001 +1.1368e+000
3239 +2.335501306e-004 +2.335501306e-004 -1.478997664e+002 -1.478997664e+002 -1.6705e+000 +1.3519e-001 +1.1368e+000
3614 +1.432548970e-004 +1.432548970e-004 -1.478998567e+002 -1.478998567e+002 -1.6704e+000 +1.3528e-001 +1.1369e+000
3906 +9.075343519e-005 +9.075343519e-005 -1.478999092e+002 -1.478999092e+002 -1.6704e+000 +1.3523e-001 +1.1369e+000
3970 +3.252459581e-005 +3.252459581e-005 -1.478999675e+002 -1.478999675e+002 -1.6704e+000 +1.3520e-001 +1.1368e+000
4329 +2.176746207e-005 +2.176746207e-005 -1.478999782e+002 -1.478999782e+002 -1.6704e+000 +1.3520e-001 +1.1368e+000
4389 +1.293307892e-005 +1.293307892e-005 -1.478999871e+002 -1.478999871e+002 -1.6704e+000 +1.3519e-001 +1.1368e+000
4769 +5.710555570e-006 +5.710555570e-006 -1.478999943e+002 -1.478999943e+002 -1.6704e+000 +1.3520e-001 +1.1368e+000
4990 +3.811745358e-006 +3.811745358e-006 -1.478999962e+002 -1.478999962e+002 -1.6704e+000 +1.3520e-001 +1.1368e+000
5133 +1.648131217e-006 +1.648131217e-006 -1.478999984e+002 -1.478999984e+002 -1.6704e+000 +1.3520e-001 +1.1368e+000
5169 +7.918784775e-007 +7.918784775e-007 -1.478999992e+002 -1.478999992e+002 -1.6704e+000 +1.3520e-001 +1.1368e+000
5543 +3.945171443e-007 +3.945171443e-007 -1.478999996e+002 -1.478999996e+002 -1.6704e+000 +1.3520e-001 +1.1368e+000
5666 +2.220031092e-007 +2.220031092e-007 -1.478999998e+002 -1.478999998e+002 -1.6704e+000 +1.3520e-001 +1.1368e+000
6237 +4.827700195e-008 +4.827700195e-008 -1.479000000e+002 -1.479000000e+002 -1.6704e+000 +1.3520e-001 +1.1368e+000
6660 +2.604480187e-008 +2.604480187e-008 -1.479000000e+002 -1.479000000e+002 -1.6704e+000 +1.3520e-001 +1.1368e+000
6779 +1.962976626e-008 +1.962976626e-008 -1.479000000e+002 -1.479000000e+002 -1.6704e+000 +1.3520e-001 +1.1368e+000
6859 +1.090512569e-008 +1.090512569e-008 -1.479000000e+002 -1.479000000e+002 -1.6704e+000 +1.3520e-001 +1.1368e+000
7015 +9.538325685e-009 +9.538325685e-009 -1.479000000e+002 -1.479000000e+002 -1.6704e+000 +1.3520e-001 +1.1368e+000
% function evaluation | noise-free fitness - Fopt (1.162600000000e+002) | best noise-free fitness - Fopt | measured fitness | best measured fitness | x1 | x2...
1 +6.561141197e+001 +6.561141197e+001 +1.818714120e+002 +1.818714120e+002 +4.7539e+000 -4.1570e+000 -1.5188e+000
3 +3.079173850e+001 +3.079173850e+001 +1.470517385e+002 +1.470517385e+002 +1.0324e+000 +2.6893e+000 -3.2328e+000
4 +2.240723152e+001 +2.240723152e+001 +1.386672315e+002 +1.386672315e+002 -4.3495e+000 -2.4045e+000 +7.7874e-001
7 +1.576739357e+001 +1.576739357e+001 +1.320273936e+002 +1.320273936e+002 -1.9389e+000 -1.2447e-001 -3.4564e+000
9 +7.213803562e+000 +7.213803562e+000 +1.234738036e+002 +1.234738036e+002 +2.8182e+000 -4.1887e+000 -4.9401e+000
10 +1.893859230e+000 +1.893859230e+000 +1.181538592e+002 +1.181538592e+002 -4.3442e+000 -3.0643e+000 -2.1172e+000
228 +7.510890392e-001 +7.510890392e-001 +1.170110890e+002 +1.170110890e+002 -2.8226e+000 -3.7138e+000 -2.8038e+000
637 +6.071615903e-001 +6.071615903e-001 +1.168671616e+002 +1.168671616e+002 -2.5741e+000 -3.2948e+000 -3.1379e+000
945 +3.304264744e-001 +3.304264744e-001 +1.165904265e+002 +1.165904265e+002 -2.7879e+000 -3.3663e+000 -2.9723e+000
1040 +2.114774932e-001 +2.114774932e-001 +1.164714775e+002 +1.164714775e+002 -2.7311e+000 -3.3053e+000 -2.7127e+000
1194 +1.248974527e-001 +1.248974527e-001 +1.163848975e+002 +1.163848975e+002 -2.6410e+000 -3.3153e+000 -2.8878e+000
1457 +9.651592607e-002 +9.651592607e-002 +1.163565159e+002 +1.163565159e+002 -2.8029e+000 -3.3418e+000 -2.8863e+000
1550 +5.896862074e-002 +5.896862074e-002 +1.163189686e+002 +1.163189686e+002 -2.7630e+000 -3.3293e+000 -2.8618e+000
1765 +2.620911222e-002 +2.620911222e-002 +1.162862091e+002 +1.162862091e+002 -2.7396e+000 -3.3005e+000 -2.8499e+000
1813 +9.701655177e-003 +9.701655177e-003 +1.162697017e+002 +1.162697017e+002 -2.7299e+000 -3.3145e+000 -2.8573e+000
2398 +5.012642636e-003 +5.012642636e-003 +1.162650126e+002 +1.162650126e+002 -2.7312e+000 -3.3114e+000 -2.8596e+000
2623 +3.450937879e-003 +3.450937879e-003 +1.162634509e+002 +1.162634509e+002 -2.7321e+000 -3.3135e+000 -2.8598e+000
2778 +2.333437359e-003 +2.333437359e-003 +1.162623334e+002 +1.162623334e+002 -2.7378e+000 -3.3117e+000 -2.8574e+000
2846 +1.079836120e-003 +1.079836120e-003 +1.162610798e+002 +1.162610798e+002 -2.7338e+000 -3.3125e+000 -2.8585e+000
3270 +8.916108622e-004 +8.916108622e-004 +1.162608916e+002 +1.162608916e+002 -2.7343e+000 -3.3118e+000 -2.8581e+000
3325 +5.157638740e-004 +5.157638740e-004 +1.162605158e+002 +1.162605158e+002 -2.7341e+000 -3.3121e+000 -2.8585e+000
3412 +2.859809148e-004 +2.859809148e-004 +1.162602860e+002 +1.162602860e+002 -2.7344e+000 -3.3121e+000 -2.8584e+000
3465 +1.154744232e-004 +1.154744232e-004 +1.162601155e+002 +1.162601155e+002 -2.7345e+000 -3.3120e+000 -2.8584e+000
3644 +5.096104204e-005 +5.096104204e-005 +1.162600510e+002 +1.162600510e+002 -2.7344e+000 -3.3120e+000 -2.8584e+000
3951 +3.094047025e-005 +3.094047025e-005 +1.162600309e+002 +1.162600309e+002 -2.7344e+000 -3.3120e+000 -2.8584e+000
4551 +1.775518324e-005 +1.775518324e-005 +1.162600178e+002 +1.162600178e+002 -2.7344e+000 -3.3120e+000 -2.8584e+000
4775 +1.418925636e-005 +1.418925636e-005 +1.162600142e+002 +1.162600142e+002 -2.7344e+000 -3.3120e+000 -2.8584e+000
5157 +5.259464174e-006 +5.259464174e-006 +1.162600053e+002 +1.162600053e+002 -2.7344e+000 -3.3120e+000 -2.8584e+000
5443 +3.438552270e-006 +3.438552270e-006 +1.162600034e+002 +1.162600034e+002 -2.7344e+000 -3.3120e+000 -2.8584e+000
5605 +2.349749138e-006 +2.349749138e-006 +1.162600023e+002 +1.162600023e+002 -2.7344e+000 -3.3120e+000 -2.8584e+000
5686 +8.849228692e-007 +8.849228692e-007 +1.162600009e+002 +1.162600009e+002 -2.7344e+000 -3.3120e+000 -2.8584e+000
5841 +5.445373148e-007 +5.445373148e-007 +1.162600005e+002 +1.162600005e+002 -2.7344e+000 -3.3120e+000 -2.8584e+000
6133 +2.844436153e-007 +2.844436153e-007 +1.162600003e+002 +1.162600003e+002 -2.7344e+000 -3.3120e+000 -2.8584e+000
6497 +8.654014039e-008 +8.654014039e-008 +1.162600001e+002 +1.162600001e+002 -2.7344e+000 -3.3120e+000 -2.8584e+000
6842 +6.053062407e-008 +6.053062407e-008 +1.162600001e+002 +1.162600001e+002 -2.7344e+000 -3.3120e+000 -2.8584e+000
6983 +3.966577822e-008 +3.966577822e-008 +1.162600000e+002 +1.162600000e+002 -2.7344e+000 -3.3120e+000 -2.8584e+000
7298 +1.060857358e-008 +1.060857358e-008 +1.162600000e+002 +1.162600000e+002 -2.7344e+000 -3.3120e+000 -2.8584e+000
7453 +4.578367907e-009 +4.578367907e-009 +1.162600000e+002 +1.162600000e+002 -2.7344e+000 -3.3120e+000 -2.8584e+000
% function evaluation | noise-free fitness - Fopt (-1.000000000000e+003) | best noise-free fitness - Fopt | measured fitness | best measured fitness | x1 | x2...
1 +6.606026757e+001 +6.606026757e+001 -9.339397324e+002 -9.339397324e+002 -1.5580e+000 -3.7914e+000 +3.8627e+000
3 +3.356090514e+001 +3.356090514e+001 -9.664390949e+002 -9.664390949e+002 -1.2969e+000 -4.3609e+000 +2.2454e+000
6 +9.121746370e+000 +9.121746370e+000 -9.908782536e+002 -9.908782536e+002 -4.8713e-001 +1.9926e+000 -1.5051e+000
32 +5.430873225e+000 +5.430873225e+000 -9.945691268e+002 -9.945691268e+002 -3.9700e+000 -1.8984e+000 -2.6818e+000
54 +2.879374553e+000 +2.879374553e+000 -9.971206254e+002 -9.971206254e+002 -4.5387e+000 -1.2150e+000 -1.6650e+000
112 +1.561059869e+000 +1.561059869e+000 -9.984389401e+002 -9.984389401e+002 -3.4530e+000 -3.9654e-001 -2.6606e+000
455 +8.957895387e-001 +8.957895387e-001 -9.991042105e+002 -9.991042105e+002 -4.0143e+000 +3.9952e-001 -2.6383e+000
568 +3.002598735e-001 +3.002598735e-001 -9.996997401e+002 -9.996997401e+002 -3.5448e+000 +3.6307e-001 -2.3911e+000
796 +2.157754712e-001 +2.157754712e-001 -9.997842245e+002 -9.997842245e+002 -3.5183e+000 +3.1314e-001 -2.3804e+000
1126 +1.545670246e-001 +1.545670246e-001 -9.998454330e+002 -9.998454330e+002 -3.6210e+000 +3.0831e-001 -2.3784e+000
1257 +5.975809607e-002 +5.975809607e-002 -9.999402419e+002 -9.999402419e+002 -3.6448e+000 +3.9410e-001 -2.3647e+000
1466 +2.487178275e-002 +2.487178275e-002 -9.999751282e+002 -9.999751282e+002 -3.6403e+000 +3.9408e-001 -2.3748e+000
1784 +1.016503698e-002 +1.016503698e-002 -9.999898350e+002 -9.999898350e+002 -3.6365e+000 +3.9407e-001 -2.3754e+000
2111 +8.964907869e-003 +8.964907869e-003 -9.999910351e+002 -9.999910351e+002 -3.6477e+000 +3.9747e-001 -2.3781e+000
2131 +3.510427669e-003 +3.510427669e-003 -9.999964896e+002 -9.999964896e+002 -3.6464e+000 +3.9721e-001 -2.3793e+000
2264 +1.372803994e-003 +1.372803994e-003 -9.999986272e+002 -9.999986272e+002 -3.6454e+000 +3.9631e-001 -2.3795e+000
2883 +6.327039193e-004 +6.327039193e-004 -9.999993673e+002 -9.999993673e+002 -3.6452e+000 +3.9710e-001 -2.3796e+000
3163 +3.525535240e-004 +3.525535240e-004 -9.999996474e+002 -9.999996474e+002 -3.6456e+000 +3.9630e-001 -2.3793e+000
3218 +2.484027308e-004 +2.484027308e-004 -9.999997516e+002 -9.999997516e+002 -3.6456e+000 +3.9621e-001 -2.3792e+000
3582 +1.445794658e-004 +1.445794658e-004 -9.999998554e+002 -9.999998554e+002 -3.6456e+000 +3.9598e-001 -2.3792e+000
3785 +3.403921403e-005 +3.403921403e-005 -9.999999660e+002 -9.999999660e+002 -3.6456e+000 +3.9600e-001 -2.3792e+000
4247 +1.103506281e-005 +1.103506281e-005 -9.999999890e+002 -9.999999890e+002 -3.6456e+000 +3.9600e-001 -2.3792e+000
4694 +8.717066635e-006 +8.717066635e-006 -9.999999913e+002 -9.999999913e+002 -3.6456e+000 +3.9599e-001 -2.3792e+000
4858 +5.701513146e-006 +5.701513146e-006 -9.999999943e+002 -9.999999943e+002 -3.6456e+000 +3.9600e-001 -2.3792e+000
4879 +1.935786031e-006 +1.935786031e-006 -9.999999981e+002 -9.999999981e+002 -3.6456e+000 +3.9600e-001 -2.3792e+000
5072 +1.547148031e-006 +1.547148031e-006 -9.999999985e+002 -9.999999985e+002 -3.6456e+000 +3.9600e-001 -2.3792e+000
5409 +6.880356977e-007 +6.880356977e-007 -9.999999993e+002 -9.999999993e+002 -3.6456e+000 +3.9600e-001 -2.3792e+000
5501 +6.302414022e-007 +6.302414022e-007 -9.999999994e+002 -9.999999994e+002 -3.6456e+000 +3.9600e-001 -2.3792e+000
5755 +2.997729780e-007 +2.997729780e-007 -9.999999997e+002 -9.999999997e+002 -3.6456e+000 +3.9600e-001 -2.3792e+000
6152 +2.046482450e-007 +2.046482450e-007 -9.999999998e+002 -9.999999998e+002 -3.6456e+000 +3.9600e-001 -2.3792e+000
6436 +1.127452833e-007 +1.127452833e-007 -9.999999999e+002 -9.999999999e+002 -3.6456e+000 +3.9600e-001 -2.3792e+000
6688 +5.918434454e-008 +5.918434454e-008 -9.999999999e+002 -9.999999999e+002 -3.6456e+000 +3.9600e-001 -2.3792e+000
6778 +2.218939699e-008 +2.218939699e-008 -1.000000000e+003 -1.000000000e+003 -3.6456e+000 +3.9600e-001 -2.3792e+000
7046 +7.243784239e-009 +7.243784239e-009 -1.000000000e+003 -1.000000000e+003 -3.6456e+000 +3.9600e-001 -2.3792e+000
% function evaluation | noise-free fitness - Fopt (-9.193000000000e+001) | best noise-free fitness - Fopt | measured fitness | best measured fitness | x1 | x2...
1 +2.623855710e+001 +2.623855710e+001 -6.569144290e+001 -6.569144290e+001 +2.6913e+000 -1.1978e+000 +3.9540e+000
3 +1.027100358e+001 +1.027100358e+001 -8.165899642e+001 -8.165899642e+001 +4.6342e+000 -3.5879e+000 -4.0020e+000
11 +8.160917051e+000 +8.160917051e+000 -8.376908295e+001 -8.376908295e+001 +7.0592e-001 -4.9130e+000 -2.7686e+000
32 +5.678168541e+000 +5.678168541e+000 -8.625183146e+001 -8.625183146e+001 +3.2800e+000 -3.1100e+000 -2.6190e+000
97 +6.344951620e-001 +6.344951620e-001 -9.129550484e+001 -9.129550484e+001 +5.6471e-001 -3.4461e+000 -1.3324e+000
281 +1.647061566e-001 +1.647061566e-001 -9.176529384e+001 -9.176529384e+001 +7.2211e-001 -3.3699e+000 -9.8442e-001
936 +1.415807234e-001 +1.415807234e-001 -9.178841928e+001 -9.178841928e+001 +8.4905e-001 -3.6128e+000 -1.1314e+000
1200 +9.694306183e-002 +9.694306183e-002 -9.183305694e+001 -9.183305694e+001 +8.0201e-001 -3.5362e+000 -1.1138e+000
1361 +2.329229858e-002 +2.329229858e-002 -9.190670770e+001 -9.190670770e+001 +7.6258e-001 -3.4622e+000 -1.0569e+000
1645 +8.295075809e-003 +8.295075809e-003 -9.192170492e+001 -9.192170492e+001 +7.5751e-001 -3.4617e+000 -1.0547e+000
2153 +4.732014884e-003 +4.732014884e-003 -9.192526799e+001 -9.192526799e+001 +7.5976e-001 -3.4715e+000 -1.0578e+000
2247 +3.767377670e-003 +3.767377670e-003 -9.192623262e+001 -9.192623262e+001 +7.6381e-001 -3.4728e+000 -1.0580e+000
2762 +2.123511157e-003 +2.123511157e-003 -9.192787649e+001 -9.192787649e+001 +7.6278e-001 -3.4727e+000 -1.0582e+000
2909 +1.213794252e-003 +1.213794252e-003 -9.192878621e+001 -9.192878621e+001 +7.6141e-001 -3.4703e+000 -1.0574e+000
3191 +6.353334192e-004 +6.353334192e-004 -9.192936467e+001 -9.192936467e+001 +7.6195e-001 -3.4704e+000 -1.0568e+000
3284 +5.017852286e-004 +5.017852286e-004 -9.192949821e+001 -9.192949821e+001 +7.6181e-001 -3.4703e+000 -1.0568e+000
3445 +2.497864637e-004 +2.497864637e-004 -9.192975021e+001 -9.192975021e+001 +7.6153e-001 -3.4703e+000 -1.0569e+000
3791 +1.040678001e-004 +1.040678001e-004 -9.192989593e+001 -9.192989593e+001 +7.6157e-001 -3.4703e+000 -1.0568e+000
3913 +3.634886248e-005 +3.634886248e-005 -9.192996365e+001 -9.192996365e+001 +7.6160e-001 -3.4704e+000 -1.0568e+000
4415 +1.612924039e-005 +1.612924039e-005 -9.192998387e+001 -9.192998387e+001 +7.6161e-001 -3.4704e+000 -1.0568e+000
4592 +1.327544642e-005 +1.327544642e-005 -9.192998672e+001 -9.192998672e+001 +7.6161e-001 -3.4704e+000 -1.0568e+000
4910 +9.657093287e-006 +9.657093287e-006 -9.192999034e+001 -9.192999034e+001 +7.6161e-001 -3.4704e+000 -1.0568e+000
5322 +5.452731799e-006 +5.452731799e-006 -9.192999455e+001 -9.192999455e+001 +7.6160e-001 -3.4704e+000 -1.0568e+000
5379 +3.747352196e-006 +3.747352196e-006 -9.192999625e+001 -9.192999625e+001 +7.6160e-001 -3.4704e+000 -1.0568e+000
5539 +1.502245070e-006 +1.502245070e-006 -9.192999850e+001 -9.192999850e+001 +7.6160e-001 -3.4704e+000 -1.0568e+000
5770 +7.603559311e-007 +7.603559311e-007 -9.192999924e+001 -9.192999924e+001 +7.6160e-001 -3.4704e+000 -1.0568e+000
5889 +4.391530979e-007 +4.391530979e-007 -9.192999956e+001 -9.192999956e+001 +7.6160e-001 -3.4704e+000 -1.0568e+000
6322 +3.930834538e-007 +3.930834538e-007 -9.192999961e+001 -9.192999961e+001 +7.6160e-001 -3.4704e+000 -1.0568e+000
6500 +1.226284070e-007 +1.226284070e-007 -9.192999988e+001 -9.192999988e+001 +7.6160e-001 -3.4704e+000 -1.0568e+000
6651 +8.302998822e-008 +8.302998822e-008 -9.192999992e+001 -9.192999992e+001 +7.6160e-001 -3.4704e+000 -1.0568e+000
6778 +3.607991061e-008 +3.607991061e-008 -9.192999996e+001 -9.192999996e+001 +7.6160e-001 -3.4704e+000 -1.0568e+000
7282 +2.411607625e-008 +2.411607625e-008 -9.192999998e+001 -9.192999998e+001 +7.6160e-001 -3.4704e+000 -1.0568e+000
7369 +1.103722980e-008 +1.103722980e-008 -9.192999999e+001 -9.192999999e+001 +7.6160e-001 -3.4704e+000 -1.0568e+000
7447 +9.382020494e-009 +9.382020494e-009 -9.192999999e+001 -9.192999999e+001 +7.6160e-001 -3.4704e+000 -1.0568e+000
% function evaluation | noise-free fitness - Fopt (1.487500000000e+002) | best noise-free fitness - Fopt | measured fitness | best measured fitness | x1 | x2...
1 +1.226369831e+001 +1.226369831e+001 +1.610136983e+002 +1.610136983e+002 -3.8862e-001 +1.8935e+000 +4.9668e-001
5 +6.433351664e+000 +6.433351664e+000 +1.551833517e+002 +1.551833517e+002 +4.9494e+000 -1.6162e+000 +5.8472e-001
18 +4.395983250e+000 +4.395983250e+000 +1.531459833e+002 +1.531459833e+002 +1.0472e+000 -1.2496e+000 -8.5540e-001
64 +3.598283058e+000 +3.598283058e+000 +1.523482831e+002 +1.523482831e+002 +3.4547e+000 -2.5361e+000 -1.7151e-003
213 +7.763889890e-001 +7.763889890e-001 +1.495263890e+002 +1.495263890e+002 +2.3902e+000 -3.5148e+000 -1.6477e-001
381 +4.578485640e-001 +4.578485640e-001 +1.492078486e+002 +1.492078486e+002 +2.4099e+000 -3.3996e+000 -2.9517e-002
808 +3.876650366e-001 +3.876650366e-001 +1.491376650e+002 +1.491376650e+002 +2.0205e+000 -3.1332e+000 -1.3136e-001
897 +6.341431007e-002 +6.341431007e-002 +1.488134143e+002 +1.488134143e+002 +2.2458e+000 -3.2901e+000 -2.0692e-001
1434 +1.172424677e-002 +1.172424677e-002 +1.487617242e+002 +1.487617242e+002 +2.2459e+000 -3.2908e+000 -2.2678e-001
1921 +6.227895318e-003 +6.227895318e-003 +1.487562279e+002 +1.487562279e+002 +2.2375e+000 -3.2841e+000 -2.2052e-001
2310 +3.061996080e-003 +3.061996080e-003 +1.487530620e+002 +1.487530620e+002 +2.2342e+000 -3.2828e+000 -2.1993e-001
2390 +1.096869799e-003 +1.096869799e-003 +1.487510969e+002 +1.487510969e+002 +2.2315e+000 -3.2805e+000 -2.1876e-001
3057 +9.377554702e-004 +9.377554702e-004 +1.487509378e+002 +1.487509378e+002 +2.2308e+000 -3.2806e+000 -2.1828e-001
3146 +5.073689246e-004 +5.073689246e-004 +1.487505074e+002 +1.487505074e+002 +2.2313e+000 -3.2807e+000 -2.1834e-001
3287 +3.339841411e-004 +3.339841411e-004 +1.487503340e+002 +1.487503340e+002 +2.2313e+000 -3.2810e+000 -2.1850e-001
3505 +1.862803925e-004 +1.862803925e-004 +1.487501863e+002 +1.487501863e+002 +2.2311e+000 -3.2808e+000 -2.1842e-001
3705 +1.545250968e-004 +1.545250968e-004 +1.487501545e+002 +1.487501545e+002 +2.2312e+000 -3.2808e+000 -2.1846e-001
3996 +3.046422850e-005 +3.046422850e-005 +1.487500305e+002 +1.487500305e+002 +2.2312e+000 -3.2808e+000 -2.1840e-001
4547 +1.324921715e-005 +1.324921715e-005 +1.487500132e+002 +1.487500132e+002 +2.2312e+000 -3.2808e+000 -2.1840e-001
4795 +9.946686333e-006 +9.946686333e-006 +1.487500099e+002 +1.487500099e+002 +2.2312e+000 -3.2808e+000 -2.1839e-001
5323 +4.508456328e-006 +4.508456328e-006 +1.487500045e+002 +1.487500045e+002 +2.2312e+000 -3.2808e+000 -2.1840e-001
5433 +1.953893616e-006 +1.953893616e-006 +1.487500020e+002 +1.487500020e+002 +2.2312e+000 -3.2808e+000 -2.1840e-001
5570 +1.300234544e-006 +1.300234544e-006 +1.487500013e+002 +1.487500013e+002 +2.2312e+000 -3.2808e+000 -2.1840e-001
5626 +7.034449538e-007 +7.034449538e-007 +1.487500007e+002 +1.487500007e+002 +2.2312e+000 -3.2808e+000 -2.1840e-001
5925 +6.238644801e-007 +6.238644801e-007 +1.487500006e+002 +1.487500006e+002 +2.2312e+000 -3.2808e+000 -2.1840e-001
6298 +2.715411256e-007 +2.715411256e-007 +1.487500003e+002 +1.487500003e+002 +2.2312e+000 -3.2808e+000 -2.1840e-001
6414 +2.409605884e-007 +2.409605884e-007 +1.487500002e+002 +1.487500002e+002 +2.2312e+000 -3.2808e+000 -2.1840e-001
6622 +1.578117974e-007 +1.578117974e-007 +1.487500002e+002 +1.487500002e+002 +2.2312e+000 -3.2808e+000 -2.1840e-001
6722 +4.213936222e-008 +4.213936222e-008 +1.487500000e+002 +1.487500000e+002 +2.2312e+000 -3.2808e+000 -2.1840e-001
6971 +2.217760198e-008 +2.217760198e-008 +1.487500000e+002 +1.487500000e+002 +2.2312e+000 -3.2808e+000 -2.1840e-001
7062 +1.536196237e-008 +1.536196237e-008 +1.487500000e+002 +1.487500000e+002 +2.2312e+000 -3.2808e+000 -2.1840e-001
7245 +8.983391808e-009 +8.983391808e-009 +1.487500000e+002 +1.487500000e+002 +2.2312e+000 -3.2808e+000 -2.1840e-001
% function evaluation | noise-free fitness - Fopt (-1.483000000000e+002) | best noise-free fitness - Fopt | measured fitness | best measured fitness | x1 | x2...
1 +1.608876870e+001 +1.608876870e+001 -1.322112313e+002 -1.322112313e+002 -1.3609e+000 -1.5760e+000 +7.0219e-001
3 +6.078810171e+000 +6.078810171e+000 -1.422211898e+002 -1.422211898e+002 +1.0643e+000 -1.5979e+000 -2.0939e+000
28 +3.775195985e+000 +3.775195985e+000 -1.445248040e+002 -1.445248040e+002 +1.7411e+000 -4.1888e-001 -3.9295e+000
128 +7.085789416e-001 +7.085789416e-001 -1.475914211e+002 -1.475914211e+002 +2.1384e+000 +1.1496e+000 -3.0236e+000
333 +2.651022880e-001 +2.651022880e-001 -1.480348977e+002 -1.480348977e+002 +2.3471e+000 +9.1599e-001 -2.7727e+000
671 +1.677912230e-001 +1.677912230e-001 -1.481322088e+002 -1.481322088e+002 +2.3255e+000 +1.0605e+000 -2.7522e+000
1044 +1.499631369e-001 +1.499631369e-001 -1.481500369e+002 -1.481500369e+002 +2.2988e+000 +1.2292e+000 -2.8491e+000
1148 +8.793144895e-002 +8.793144895e-002 -1.482120686e+002 -1.482120686e+002 +2.2788e+000 +1.2414e+000 -2.8668e+000
1363 +5.659230859e-002 +5.659230859e-002 -1.482434077e+002 -1.482434077e+002 +2.2605e+000 +1.1548e+000 -2.8369e+000
1471 +2.375612290e-002 +2.375612290e-002 -1.482762439e+002 -1.482762439e+002 +2.2783e+000 +1.1985e+000 -2.8658e+000
1888 +1.415738408e-002 +1.415738408e-002 -1.482858426e+002 -1.482858426e+002 +2.2870e+000 +1.1676e+000 -2.8574e+000
1961 +9.222028241e-003 +9.222028241e-003 -1.482907780e+002 -1.482907780e+002 +2.2812e+000 +1.1644e+000 -2.8580e+000
2068 +2.344430188e-003 +2.344430188e-003 -1.482976556e+002 -1.482976556e+002 +2.2843e+000 +1.1576e+000 -2.8546e+000
2492 +1.134426076e-003 +1.134426076e-003 -1.482988656e+002 -1.482988656e+002 +2.2858e+000 +1.1558e+000 -2.8544e+000
2500 +9.730954435e-004 +9.730954435e-004 -1.482990269e+002 -1.482990269e+002 +2.2854e+000 +1.1576e+000 -2.8546e+000
2901 +5.506388560e-004 +5.506388560e-004 -1.482994494e+002 -1.482994494e+002 +2.2859e+000 +1.1568e+000 -2.8546e+000
3047 +2.404325767e-004 +2.404325767e-004 -1.482997596e+002 -1.482997596e+002 +2.2856e+000 +1.1569e+000 -2.8543e+000
3702 +1.096795961e-004 +1.096795961e-004 -1.482998903e+002 -1.482998903e+002 +2.2855e+000 +1.1568e+000 -2.8544e+000
3804 +2.961247685e-005 +2.961247685e-005 -1.482999704e+002 -1.482999704e+002 +2.2856e+000 +1.1568e+000 -2.8544e+000
4349 +1.658383070e-005 +1.658383070e-005 -1.482999834e+002 -1.482999834e+002 +2.2856e+000 +1.1568e+000 -2.8544e+000
4601 +1.010801552e-005 +1.010801552e-005 -1.482999899e+002 -1.482999899e+002 +2.2856e+000 +1.1568e+000 -2.8544e+000
4691 +3.967227144e-006 +3.967227144e-006 -1.482999960e+002 -1.482999960e+002 +2.2856e+000 +1.1568e+000 -2.8544e+000
5020 +2.293486290e-006 +2.293486290e-006 -1.482999977e+002 -1.482999977e+002 +2.2856e+000 +1.1568e+000 -2.8544e+000
5133 +8.683755368e-007 +8.683755368e-007 -1.482999991e+002 -1.482999991e+002 +2.2856e+000 +1.1568e+000 -2.8544e+000
5437 +5.549865989e-007 +5.549865989e-007 -1.482999994e+002 -1.482999994e+002 +2.2856e+000 +1.1568e+000 -2.8544e+000
6178 +3.954608871e-007 +3.954608871e-007 -1.482999996e+002 -1.482999996e+002 +2.2856e+000 +1.1568e+000 -2.8544e+000
6410 +1.566378955e-007 +1.566378955e-007 -1.482999998e+002 -1.482999998e+002 +2.2856e+000 +1.1568e+000 -2.8544e+000
6600 +8.905246318e-008 +8.905246318e-008 -1.482999999e+002 -1.482999999e+002 +2.2856e+000 +1.1568e+000 -2.8544e+000
6712 +6.190072099e-008 +6.190072099e-008 -1.482999999e+002 -1.482999999e+002 +2.2856e+000 +1.1568e+000 -2.8544e+000
6933 +3.053796149e-008 +3.053796149e-008 -1.483000000e+002 -1.483000000e+002 +2.2856e+000 +1.1568e+000 -2.8544e+000
6980 +1.481808454e-008 +1.481808454e-008 -1.483000000e+002 -1.483000000e+002 +2.2856e+000 +1.1568e+000 -2.8544e+000
7277 +6.301405620e-009 +6.301405620e-009 -1.483000000e+002 -1.483000000e+002 +2.2856e+000 +1.1568e+000 -2.8544e+000
% function evaluation | noise-free fitness - Fopt (1.702000000000e+001) | best noise-free fitness - Fopt | measured fitness | best measured fitness | x1 | x2...
1 +7.531197437e+001 +7.531197437e+001 +9.233197437e+001 +9.233197437e+001 +4.4227e+000 +4.1643e+000 -1.4629e+000
3 +1.123521114e+001 +1.123521114e+001 +2.825521114e+001 +2.825521114e+001 +4.9252e+000 -4.7237e+000 +4.4370e+000
5 +8.646400723e+000 +8.646400723e+000 +2.566640072e+001 +2.566640072e+001 +4.5810e+000 +1.0103e+000 +3.5570e+000
13 +6.240193226e+000 +6.240193226e+000 +2.326019323e+001 +2.326019323e+001 +4.1739e+000 +1.6412e-002 +1.2895e+000
39 +2.696091128e+000 +2.696091128e+000 +1.971609113e+001 +1.971609113e+001 +3.5287e+000 -5.6128e-001 +1.0119e+000
75 +2.337412867e+000 +2.337412867e+000 +1.935741287e+001 +1.935741287e+001 +2.1197e+000 -8.4765e-001 +1.7498e+000
174 +1.109795857e+000 +1.109795857e+000 +1.812979586e+001 +1.812979586e+001 +3.0885e+000 -6.5993e-001 +2.9855e+000
347 +3.994268600e-001 +3.994268600e-001 +1.741942686e+001 +1.741942686e+001 +3.2845e+000 -1.2131e+000 +2.1531e+000
487 +2.963807722e-001 +2.963807722e-001 +1.731638077e+001 +1.731638077e+001 +3.2950e+000 -1.1611e+000 +2.1606e+000
698 +2.361670515e-001 +2.361670515e-001 +1.725616705e+001 +1.725616705e+001 +3.0765e+000 -1.1637e+000 +2.1728e+000
818 +1.520434664e-001 +1.520434664e-001 +1.717204347e+001 +1.717204347e+001 +3.0813e+000 -1.0835e+000 +2.2937e+000
854 +9.664316967e-002 +9.664316967e-002 +1.711664317e+001 +1.711664317e+001 +3.1834e+000 -1.1259e+000 +2.1180e+000
1202 +4.074898418e-002 +4.074898418e-002 +1.706074898e+001 +1.706074898e+001 +3.1513e+000 -1.0992e+000 +2.1851e+000
1344 +3.169146574e-002 +3.169146574e-002 +1.705169147e+001 +1.705169147e+001 +3.1718e+000 -1.1040e+000 +2.1467e+000
1515 +1.268426861e-002 +1.268426861e-002 +1.703268427e+001 +1.703268427e+001 +3.1531e+000 -1.1040e+000 +2.2165e+000
1908 +8.907393577e-003 +8.907393577e-003 +1.702890739e+001 +1.702890739e+001 +3.1529e+000 -1.1087e+000 +2.2183e+000
2036 +5.479775930e-003 +5.479775930e-003 +1.702547978e+001 +1.702547978e+001 +3.1568e+000 -1.1106e+000 +2.2127e+000
2215 +3.378649662e-003 +3.378649662e-003 +1.702337865e+001 +1.702337865e+001 +3.1572e+000 -1.1110e+000 +2.2095e+000
2351 +1.907573231e-003 +1.907573231e-003 +1.702190757e+001 +1.702190757e+001 +3.1573e+000 -1.1105e+000 +2.2093e+000
2357 +6.666892996e-004 +6.666892996e-004 +1.702066669e+001 +1.702066669e+001 +3.1576e+000 -1.1103e+000 +2.2089e+000
2762 +2.556436730e-004 +2.556436730e-004 +1.702025564e+001 +1.702025564e+001 +3.1577e+000 -1.1104e+000 +2.2089e+000
2929 +2.496882914e-004 +2.496882914e-004 +1.702024969e+001 +1.702024969e+001 +3.1576e+000 -1.1104e+000 +2.2090e+000
3141 +1.155209989e-004 +1.155209989e-004 +1.702011552e+001 +1.702011552e+001 +3.1576e+000 -1.1103e+000 +2.2088e+000
3357 +7.760576752e-005 +7.760576752e-005 +1.702007761e+001 +1.702007761e+001 +3.1576e+000 -1.1105e+000 +2.2088e+000
3509 +4.136828884e-005 +4.136828884e-005 +1.702004137e+001 +1.702004137e+001 +3.1576e+000 -1.1104e+000 +2.2088e+000
3539 +3.284555559e-005 +3.284555559e-005 +1.702003285e+001 +1.702003285e+001 +3.1576e+000 -1.1104e+000 +2.2088e+000
4000 +1.786657227e-005 +1.786657227e-005 +1.702001787e+001 +1.702001787e+001 +3.1576e+000 -1.1104e+000 +2.2088e+000
4078 +1.494439085e-005 +1.494439085e-005 +1.702001494e+001 +1.702001494e+001 +3.1576e+000 -1.1104e+000 +2.2088e+000
4295 +9.813827866e-007 +9.813827866e-007 +1.702000098e+001 +1.702000098e+001 +3.1576e+000 -1.1104e+000 +2.2088e+000
5118 +6.209009804e-007 +6.209009804e-007 +1.702000062e+001 +1.702000062e+001 +3.1576e+000 -1.1104e+000 +2.2088e+000
5301 +1.347112786e-007 +1.347112786e-007 +1.702000013e+001 +1.702000013e+001 +3.1576e+000 -1.1104e+000 +2.2088e+000
5652 +9.050797445e-008 +9.050797445e-008 +1.702000009e+001 +1.702000009e+001 +3.1576e+000 -1.1104e+000 +2.2088e+000
5851 +6.216411208e-008 +6.216411208e-008 +1.702000006e+001 +1.702000006e+001 +3.1576e+000 -1.1104e+000 +2.2088e+000
6107 +1.658568038e-008 +1.658568038e-008 +1.702000002e+001 +1.702000002e+001 +3.1576e+000 -1.1104e+000 +2.2088e+000
6259 +1.223296309e-008 +1.223296309e-008 +1.702000001e+001 +1.702000001e+001 +3.1576e+000 -1.1104e+000 +2.2088e+000
6346 +9.603418505e-009 +9.603418505e-009 +1.702000001e+001 +1.702000001e+001 +3.1576e+000 -1.1104e+000 +2.2088e+000
6350 +5.815099513e-009 +5.815099513e-009 +1.702000001e+001 +1.702000001e+001 +3.1576e+000 -1.1104e+000 +2.2088e+000
% function evaluation | noise-free fitness - Fopt (-2.202000000000e+002) | best noise-free fitness - Fopt | measured fitness | best measured fitness | x1 | x2...
1 +6.510356089e+002 +6.510356089e+002 +4.308356089e+002 +4.308356089e+002 +3.3056e+000 +2.7308e+000 -4.1562e+000
3 +1.723753053e+001 +1.723753053e+001 -2.029624695e+002 -2.029624695e+002 -1.4796e+000 -4.6444e+000 +4.6073e+000
8 +9.579037334e+000 +9.579037334e+000 -2.106209627e+002 -2.106209627e+002 -4.1049e+000 +7.9770e-001 +3.9422e+000
31 +3.572463689e+000 +3.572463689e+000 -2.166275363e+002 -2.166275363e+002 -2.2765e+000 -2.6929e+000 +1.7370e+000
191 +2.340808344e+000 +2.340808344e+000 -2.178591917e+002 -2.178591917e+002 -4.0987e+000 -1.0432e+000 +1.2558e+000
239 +1.457823756e+000 +1.457823756e+000 -2.187421762e+002 -2.187421762e+002 -4.2935e+000 -1.7886e+000 -1.5377e-001
513 +9.101395246e-001 +9.101395246e-001 -2.192898605e+002 -2.192898605e+002 -3.8714e+000 -7.4019e-001 -7.4862e-001
580 +5.250160251e-001 +5.250160251e-001 -2.196749840e+002 -2.196749840e+002 -3.4956e+000 -9.5764e-001 -2.5492e-001
621 +3.502255077e-001 +3.502255077e-001 -2.198497745e+002 -2.198497745e+002 -3.6867e+000 -9.1628e-001 -3.5265e-001
896 +2.168430595e-001 +2.168430595e-001 -2.199831569e+002 -2.199831569e+002 -3.9009e+000 -9.2166e-001 -2.5365e-001
1299 +1.368940404e-001 +1.368940404e-001 -2.200631060e+002 -2.200631060e+002 -3.8261e+000 -8.5395e-001 -2.4479e-001
1482 +3.117506976e-002 +3.117506976e-002 -2.201688249e+002 -2.201688249e+002 -3.7653e+000 -9.1226e-001 -1.6844e-001
1588 +1.740749052e-002 +1.740749052e-002 -2.201825925e+002 -2.201825925e+002 -3.7744e+000 -9.1088e-001 -1.8491e-001
2140 +1.387830137e-002 +1.387830137e-002 -2.201861217e+002 -2.201861217e+002 -3.7779e+000 -9.0739e-001 -2.1044e-001
2339 +8.333325987e-003 +8.333325987e-003 -2.201916667e+002 -2.201916667e+002 -3.7675e+000 -9.1538e-001 -1.8701e-001
2552 +4.719884019e-003 +4.719884019e-003 -2.201952801e+002 -2.201952801e+002 -3.7672e+000 -9.1440e-001 -1.9254e-001
2624 +3.657744104e-003 +3.657744104e-003 -2.201963423e+002 -2.201963423e+002 -3.7671e+000 -9.1316e-001 -1.9384e-001
2818 +2.415484596e-003 +2.415484596e-003 -2.201975845e+002 -2.201975845e+002 -3.7679e+000 -9.1296e-001 -1.9105e-001
3002 +1.429280611e-003 +1.429280611e-003 -2.201985707e+002 -2.201985707e+002 -3.7689e+000 -9.1290e-001 -1.9459e-001
3016 +4.604136030e-004 +4.604136030e-004 -2.201995396e+002 -2.201995396e+002 -3.7686e+000 -9.1286e-001 -1.9344e-001
3369 +2.957321852e-004 +2.957321852e-004 -2.201997043e+002 -2.201997043e+002 -3.7688e+000 -9.1290e-001 -1.9356e-001
3504 +2.341284603e-004 +2.341284603e-004 -2.201997659e+002 -2.201997659e+002 -3.7688e+000 -9.1275e-001 -1.9344e-001
3692 +1.456756289e-004 +1.456756289e-004 -2.201998543e+002 -2.201998543e+002 -3.7688e+000 -9.1281e-001 -1.9352e-001
3923 +3.424538758e-005 +3.424538758e-005 -2.201999658e+002 -2.201999658e+002 -3.7688e+000 -9.1280e-001 -1.9358e-001
4395 +1.118632892e-005 +1.118632892e-005 -2.201999888e+002 -2.201999888e+002 -3.7688e+000 -9.1280e-001 -1.9358e-001
5126 +9.955899060e-006 +9.955899060e-006 -2.201999900e+002 -2.201999900e+002 -3.7688e+000 -9.1280e-001 -1.9358e-001
5309 +1.116596707e-006 +1.116596707e-006 -2.201999989e+002 -2.201999989e+002 -3.7688e+000 -9.1280e-001 -1.9360e-001
5790 +8.325097269e-007 +8.325097269e-007 -2.201999992e+002 -2.201999992e+002 -3.7688e+000 -9.1280e-001 -1.9360e-001
5935 +6.025323387e-007 +6.025323387e-007 -2.201999994e+002 -2.201999994e+002 -3.7688e+000 -9.1280e-001 -1.9360e-001
6316 +3.499358172e-007 +3.499358172e-007 -2.201999997e+002 -2.201999997e+002 -3.7688e+000 -9.1280e-001 -1.9360e-001
6537 +2.449399972e-007 +2.449399972e-007 -2.201999998e+002 -2.201999998e+002 -3.7688e+000 -9.1280e-001 -1.9360e-001
6661 +1.490070645e-007 +1.490070645e-007 -2.201999999e+002 -2.201999999e+002 -3.7688e+000 -9.1280e-001 -1.9360e-001
6810 +8.248036920e-008 +8.248036920e-008 -2.201999999e+002 -2.201999999e+002 -3.7688e+000 -9.1280e-001 -1.9360e-001
6995 +5.862256103e-008 +5.862256103e-008 -2.201999999e+002 -2.201999999e+002 -3.7688e+000 -9.1280e-001 -1.9360e-001
7089 +3.552068506e-008 +3.552068506e-008 -2.202000000e+002 -2.202000000e+002 -3.7688e+000 -9.1280e-001 -1.9360e-001
7181 +2.390157761e-008 +2.390157761e-008 -2.202000000e+002 -2.202000000e+002 -3.7688e+000 -9.1280e-001 -1.9360e-001
7515 +1.403989813e-008 +1.403989813e-008 -2.202000000e+002 -2.202000000e+002 -3.7688e+000 -9.1280e-001 -1.9360e-001
7554 +9.868244888e-009 +9.868244888e-009 -2.202000000e+002 -2.202000000e+002 -3.7688e+000 -9.1280e-001 -1.9360e-001
% function evaluation | noise-free fitness - Fopt (-2.041000000000e+001) | best noise-free fitness - Fopt | measured fitness | best measured fitness | x1 | x2...
1 +4.116681565e+001 +4.116681565e+001 +2.075681565e+001 +2.075681565e+001 +2.4652e+000 -1.8776e+000 +5.6710e-001
3 +2.462842155e+001 +2.462842155e+001 +4.218421548e+000 +4.218421548e+000 -2.4805e+000 +2.5969e+000 -1.1929e+000
8 +3.082408450e+000 +3.082408450e+000 -1.732759155e+001 -1.732759155e+001 -3.4197e+000 -4.9618e+000 -2.9677e+000
149 +1.487817700e+000 +1.487817700e+000 -1.892218230e+001 -1.892218230e+001 -2.9212e+000 -3.5769e+000 -3.2744e+000
403 +8.836814555e-001 +8.836814555e-001 -1.952631854e+001 -1.952631854e+001 -3.0630e+000 -1.6929e+000 -3.7005e+000
577 +6.305947082e-001 +6.305947082e-001 -1.977940529e+001 -1.977940529e+001 -3.0668e+000 -1.6415e+000 -3.8975e+000
663 +1.250884264e-001 +1.250884264e-001 -2.028491157e+001 -2.028491157e+001 -3.2190e+000 -1.8613e+000 -3.8401e+000
866 +9.443618794e-002 +9.443618794e-002 -2.031556381e+001 -2.031556381e+001 -3.2311e+000 -1.8410e+000 -3.8954e+000
944 +5.730551053e-002 +5.730551053e-002 -2.035269449e+001 -2.035269449e+001 -3.2383e+000 -1.7884e+000 -3.8976e+000
1498 +1.890227688e-002 +1.890227688e-002 -2.039109772e+001 -2.039109772e+001 -3.2167e+000 -1.8566e+000 -3.8653e+000
1689 +8.570825602e-003 +8.570825602e-003 -2.040142917e+001 -2.040142917e+001 -3.2197e+000 -1.8505e+000 -3.8726e+000
2115 +3.068611897e-003 +3.068611897e-003 -2.040693139e+001 -2.040693139e+001 -3.2180e+000 -1.8615e+000 -3.8696e+000
2334 +1.931816336e-003 +1.931816336e-003 -2.040806818e+001 -2.040806818e+001 -3.2180e+000 -1.8618e+000 -3.8683e+000
2391 +1.153531437e-003 +1.153531437e-003 -2.040884647e+001 -2.040884647e+001 -3.2180e+000 -1.8604e+000 -3.8687e+000
2589 +8.517250972e-004 +8.517250972e-004 -2.040914827e+001 -2.040914827e+001 -3.2186e+000 -1.8614e+000 -3.8685e+000
2805 +2.651046240e-004 +2.651046240e-004 -2.040973490e+001 -2.040973490e+001 -3.2185e+000 -1.8606e+000 -3.8688e+000
3239 +2.295607631e-004 +2.295607631e-004 -2.040977044e+001 -2.040977044e+001 -3.2185e+000 -1.8608e+000 -3.8688e+000
3429 +7.423312232e-005 +7.423312232e-005 -2.040992577e+001 -2.040992577e+001 -3.2184e+000 -1.8608e+000 -3.8688e+000
3627 +2.988814119e-005 +2.988814119e-005 -2.040997011e+001 -2.040997011e+001 -3.2184e+000 -1.8608e+000 -3.8688e+000
4687 +1.381788201e-005 +1.381788201e-005 -2.040998618e+001 -2.040998618e+001 -3.2184e+000 -1.8608e+000 -3.8688e+000
5195 +9.676453232e-006 +9.676453232e-006 -2.040999032e+001 -2.040999032e+001 -3.2184e+000 -1.8608e+000 -3.8688e+000
5487 +4.972031675e-006 +4.972031675e-006 -2.040999503e+001 -2.040999503e+001 -3.2184e+000 -1.8608e+000 -3.8688e+000
5508 +2.922130882e-006 +2.922130882e-006 -2.040999708e+001 -2.040999708e+001 -3.2184e+000 -1.8608e+000 -3.8688e+000
5627 +9.354280586e-007 +9.354280586e-007 -2.040999906e+001 -2.040999906e+001 -3.2184e+000 -1.8608e+000 -3.8688e+000
6063 +5.734912172e-007 +5.734912172e-007 -2.040999943e+001 -2.040999943e+001 -3.2184e+000 -1.8608e+000 -3.8688e+000
6139 +3.733957286e-007 +3.733957286e-007 -2.040999963e+001 -2.040999963e+001 -3.2184e+000 -1.8608e+000 -3.8688e+000
6627 +2.238128332e-007 +2.238128332e-007 -2.040999978e+001 -2.040999978e+001 -3.2184e+000 -1.8608e+000 -3.8688e+000
6689 +1.439579620e-007 +1.439579620e-007 -2.040999986e+001 -2.040999986e+001 -3.2184e+000 -1.8608e+000 -3.8688e+000
6890 +7.949816094e-008 +7.949816094e-008 -2.040999992e+001 -2.040999992e+001 -3.2184e+000 -1.8608e+000 -3.8688e+000
6988 +1.497607727e-008 +1.497607727e-008 -2.040999999e+001 -2.040999999e+001 -3.2184e+000 -1.8608e+000 -3.8688e+000
7321 +9.612598717e-009 +9.612598717e-009 -2.040999999e+001 -2.040999999e+001 -3.2184e+000 -1.8608e+000 -3.8688e+000
% function evaluation | noise-free fitness - Fopt (6.081000000000e+001) | best noise-free fitness - Fopt | measured fitness | best measured fitness | x1 | x2...
1 +1.267278187e+002 +1.267278187e+002 +1.875378187e+002 +1.875378187e+002 +9.8345e-001 +4.2796e+000 -4.4412e+000
3 +4.568461352e+000 +4.568461352e+000 +6.537846135e+001 +6.537846135e+001 -5.0169e-001 +1.6121e+000 +2.7825e+000
81 +3.027138547e+000 +3.027138547e+000 +6.383713855e+001 +6.383713855e+001 +1.9283e+000 +1.2005e+000 +3.2847e+000
172 +2.123812618e+000 +2.123812618e+000 +6.293381262e+001 +6.293381262e+001 +1.4892e+000 +2.7310e+000 +3.9500e+000
324 +1.345609829e+000 +1.345609829e+000 +6.215560983e+001 +6.215560983e+001 +1.0646e+000 +3.1879e+000 +3.6016e+000
497 +6.875402071e-001 +6.875402071e-001 +6.149754021e+001 +6.149754021e+001 +1.0317e+000 +2.8845e+000 +3.5256e+000
563 +6.120047421e-001 +6.120047421e-001 +6.142200474e+001 +6.142200474e+001 +1.1434e+000 +2.3319e+000 +3.3129e+000
614 +3.113453204e-001 +3.113453204e-001 +6.112134532e+001 +6.112134532e+001 +7.7915e-001 +2.3011e+000 +3.1345e+000
752 +2.455927805e-001 +2.455927805e-001 +6.105559278e+001 +6.105559278e+001 +7.8994e-001 +2.2786e+000 +3.1451e+000
1147 +1.382270993e-001 +1.382270993e-001 +6.094822710e+001 +6.094822710e+001 +1.0966e+000 +2.6489e+000 +3.3082e+000
1306 +7.270706053e-002 +7.270706053e-002 +6.088270706e+001 +6.088270706e+001 +1.0944e+000 +2.6701e+000 +3.4074e+000
1382 +4.522462987e-002 +4.522462987e-002 +6.085522463e+001 +6.085522463e+001 +1.0616e+000 +2.6563e+000 +3.3560e+000
1690 +1.053682125e-002 +1.053682125e-002 +6.082053682e+001 +6.082053682e+001 +1.0857e+000 +2.6521e+000 +3.3683e+000
1791 +8.221724352e-003 +8.221724352e-003 +6.081822172e+001 +6.081822172e+001 +1.0961e+000 +2.6616e+000 +3.3755e+000
2474 +5.460796834e-003 +5.460796834e-003 +6.081546080e+001 +6.081546080e+001 +1.0968e+000 +2.6625e+000 +3.3761e+000
2506 +2.448941603e-003 +2.448941603e-003 +6.081244894e+001 +6.081244894e+001 +1.0926e+000 +2.6593e+000 +3.3733e+000
2852 +1.432676182e-003 +1.432676182e-003 +6.081143268e+001 +6.081143268e+001 +1.0943e+000 +2.6618e+000 +3.3747e+000
2859 +9.923349040e-004 +9.923349040e-004 +6.081099233e+001 +6.081099233e+001 +1.0948e+000 +2.6621e+000 +3.3747e+000
3227 +6.307636653e-004 +6.307636653e-004 +6.081063076e+001 +6.081063076e+001 +1.0949e+000 +2.6622e+000 +3.3747e+000
3584 +3.313650624e-004 +3.313650624e-004 +6.081033137e+001 +6.081033137e+001 +1.0944e+000 +2.6616e+000 +3.3743e+000
3679 +2.303793566e-004 +2.303793566e-004 +6.081023038e+001 +6.081023038e+001 +1.0943e+000 +2.6614e+000 +3.3744e+000
3836 +1.337504151e-004 +1.337504151e-004 +6.081013375e+001 +6.081013375e+001 +1.0944e+000 +2.6615e+000 +3.3744e+000
3844 +5.737085193e-005 +5.737085193e-005 +6.081005737e+001 +6.081005737e+001 +1.0944e+000 +2.6616e+000 +3.3744e+000
4202 +3.726075930e-005 +3.726075930e-005 +6.081003726e+001 +6.081003726e+001 +1.0944e+000 +2.6616e+000 +3.3744e+000
4888 +2.212089950e-005 +2.212089950e-005 +6.081002212e+001 +6.081002212e+001 +1.0944e+000 +2.6616e+000 +3.3744e+000
4980 +1.243689693e-005 +1.243689693e-005 +6.081001244e+001 +6.081001244e+001 +1.0944e+000 +2.6616e+000 +3.3744e+000
5571 +9.653874301e-006 +9.653874301e-006 +6.081000965e+001 +6.081000965e+001 +1.0944e+000 +2.6616e+000 +3.3744e+000
% function evaluation | noise-free fitness - Fopt (-6.176300000000e+002) | best noise-free fitness - Fopt | measured fitness | best measured fitness | x1 | x2...
1 +2.096221972e+001 +2.096221972e+001 -5.966677803e+002 -5.966677803e+002 +2.4908e+000 +7.5232e-001 +2.2332e+000
8 +4.833280687e+000 +4.833280687e+000 -6.127967193e+002 -6.127967193e+002 +3.0108e+000 -4.8679e+000 -3.5932e+000
68 +3.818618211e+000 +3.818618211e+000 -6.138113818e+002 -6.138113818e+002 -3.5970e-001 -2.9501e+000 -4.4200e+000
164 +1.670184781e+000 +1.670184781e+000 -6.159598152e+002 -6.159598152e+002 +6.9469e-001 -3.3327e+000 -3.6541e+000
314 +1.292983463e+000 +1.292983463e+000 -6.163370165e+002 -6.163370165e+002 -1.2488e+000 -2.6752e+000 -3.8469e+000
414 +8.687093561e-001 +8.687093561e-001 -6.167612906e+002 -6.167612906e+002 -1.0245e+000 -2.5359e+000 -3.3985e+000
586 +5.679713276e-001 +5.679713276e-001 -6.170620287e+002 -6.170620287e+002 -1.4581e+000 -2.4732e+000 -3.8835e+000
621 +3.710704817e-001 +3.710704817e-001 -6.172589295e+002 -6.172589295e+002 -1.0012e+000 -2.4520e+000 -3.5218e+000
767 +2.295703428e-001 +2.295703428e-001 -6.174004297e+002 -6.174004297e+002 -1.6704e+000 -1.9611e+000 -3.5505e+000
1255 +1.272197941e-001 +1.272197941e-001 -6.175027802e+002 -6.175027802e+002 -1.5129e+000 -2.1384e+000 -3.5426e+000
1296 +8.725968299e-002 +8.725968299e-002 -6.175427403e+002 -6.175427403e+002 -1.3254e+000 -2.2673e+000 -3.4703e+000
1340 +5.812107559e-002 +5.812107559e-002 -6.175718789e+002 -6.175718789e+002 -1.3636e+000 -2.2410e+000 -3.5003e+000
1516 +3.080126207e-002 +3.080126207e-002 -6.175991987e+002 -6.175991987e+002 -1.3037e+000 -2.2752e+000 -3.4840e+000
2020 +1.582931224e-002 +1.582931224e-002 -6.176141707e+002 -6.176141707e+002 -1.3327e+000 -2.2566e+000 -3.4851e+000
2295 +9.613989556e-003 +9.613989556e-003 -6.176203860e+002 -6.176203860e+002 -1.3370e+000 -2.2570e+000 -3.4921e+000
2558 +5.793612580e-003 +5.793612580e-003 -6.176242064e+002 -6.176242064e+002 -1.3351e+000 -2.2550e+000 -3.4910e+000
2629 +2.661695833e-003 +2.661695833e-003 -6.176273383e+002 -6.176273383e+002 -1.3275e+000 -2.2614e+000 -3.4911e+000
2677 +1.933682174e-003 +1.933682174e-003 -6.176280663e+002 -6.176280663e+002 -1.3269e+000 -2.2615e+000 -3.4900e+000
3267 +1.359297057e-003 +1.359297057e-003 -6.176286407e+002 -6.176286407e+002 -1.3274e+000 -2.2609e+000 -3.4908e+000
3396 +9.839950553e-004 +9.839950553e-004 -6.176290160e+002 -6.176290160e+002 -1.3274e+000 -2.2609e+000 -3.4907e+000
3597 +5.127037491e-004 +5.127037491e-004 -6.176294873e+002 -6.176294873e+002 -1.3278e+000 -2.2608e+000 -3.4905e+000
3623 +1.263285089e-004 +1.263285089e-004 -6.176298737e+002 -6.176298737e+002 -1.3280e+000 -2.2608e+000 -3.4904e+000
4051 +4.599924546e-005 +4.599924546e-005 -6.176299540e+002 -6.176299540e+002 -1.3280e+000 -2.2608e+000 -3.4904e+000
4305 +3.223842953e-005 +3.223842953e-005 -6.176299678e+002 -6.176299678e+002 -1.3280e+000 -2.2608e+000 -3.4904e+000
4842 +2.316046164e-005 +2.316046164e-005 -6.176299768e+002 -6.176299768e+002 -1.3280e+000 -2.2608e+000 -3.4904e+000
5001 +1.299161192e-005 +1.299161192e-005 -6.176299870e+002 -6.176299870e+002 -1.3280e+000 -2.2608e+000 -3.4904e+000
5069 +7.085890616e-006 +7.085890616e-006 -6.176299929e+002 -6.176299929e+002 -1.3280e+000 -2.2608e+000 -3.4904e+000
5075 +4.614981208e-006 +4.614981208e-006 -6.176299954e+002 -6.176299954e+002 -1.3280e+000 -2.2608e+000 -3.4904e+000
5358 +3.366136866e-006 +3.366136866e-006 -6.176299966e+002 -6.176299966e+002 -1.3280e+000 -2.2608e+000 -3.4904e+000
5408 +2.134143415e-006 +2.134143415e-006 -6.176299979e+002 -6.176299979e+002 -1.3280e+000 -2.2608e+000 -3.4904e+000
5524 +9.665689049e-007 +9.665689049e-007 -6.176299990e+002 -6.176299990e+002 -1.3280e+000 -2.2608e+000 -3.4904e+000
5754 +5.976263537e-007 +5.976263537e-007 -6.176299994e+002 -6.176299994e+002 -1.3280e+000 -2.2608e+000 -3.4904e+000
6338 +3.252192755e-007 +3.252192755e-007 -6.176299997e+002 -6.176299997e+002 -1.3280e+000 -2.2608e+000 -3.4904e+000
6482 +1.681129334e-007 +1.681129334e-007 -6.176299998e+002 -6.176299998e+002 -1.3280e+000 -2.2608e+000 -3.4904e+000
6557 +1.569175083e-007 +1.569175083e-007 -6.176299998e+002 -6.176299998e+002 -1.3280e+000 -2.2608e+000 -3.4904e+000
6735 +8.957795217e-008 +8.957795217e-008 -6.176299999e+002 -6.176299999e+002 -1.3280e+000 -2.2608e+000 -3.4904e+000
6790 +4.502828688e-008 +4.502828688e-008 -6.176300000e+002 -6.176300000e+002 -1.3280e+000 -2.2608e+000 -3.4904e+000
7014 +3.814943739e-008 +3.814943739e-008 -6.176300000e+002 -6.176300000e+002 -1.3280e+000 -2.2608e+000 -3.4904e+000
7174 +2.149045031e-008 +2.149045031e-008 -6.176300000e+002 -6.176300000e+002 -1.3280e+000 -2.2608e+000 -3.4904e+000
7416 +1.435444119e-008 +1.435444119e-008 -6.176300000e+002 -6.176300000e+002 -1.3280e+000 -2.2608e+000 -3.4904e+000
7518 +8.824258657e-009 +8.824258657e-009 -6.176300000e+002 -6.176300000e+002 -1.3280e+000 -2.2608e+000 -3.4904e+000
7533 +5.479932952e-009 +5.479932952e-009 -6.176300000e+002 -6.176300000e+002 -1.3280e+000 -2.2608e+000 -3.4904e+000
