% function evaluation | noise-free fitness - Fopt (-4.620900000000e+002) | best noise-free fitness - Fopt | measured fitness | best measured fitness | x1 | x2...
1 +2.644724648e+005 +2.644724648e+005 +2.640103748e+005 +2.640103748e+005 +1.4610e+001 +1.0598e+001 +5.7902e+000 +1.4449e+001 +6.5865e+000 +7.5944e+000 +1.1919e+001 +8.8490e+000 +1.2477e+001 +7.2567e+000 +1.3347e+001 +9.6821e+000 +8.6599e+000 +1.1841e+001 +1.0665e+001 +1.2739e+001 +1.3972e+001 +7.5572e+000 +1.0157e+001 +7.6139e+000
3 +2.356302384e+005 +2.356302384e+005 +2.351681484e+005 +2.351681484e+005 +1.0341e+001 +1.0653e+001 +1.0422e+001 +5.0219e+000 +1.2043e+001 +1.2033e+001 +9.3992e+000 +7.0311e+000 +5.8278e+000 +6.3580e+000 +9.1855e+000 +1.3095e+001 +9.6345e+000 +5.5241e+000 +8.1929e+000 +1.0852e+001 +8.3964e+000 +8.5267e+000 +9.8249e+000 +1.4696e+001
4 +1.568417930e+005 +1.568417930e+005 +1.563797030e+005 +1.563797030e+005 +1.3747e+001 +1.3972e+001 +8.2425e+000 +1.1849e+001 +1.2344e+001 +6.9007e+000 +1.1157e+001 +6.9248e+000 +1.3624e+001 +1.3734e+001 +1.0147e+001 +1.1956e+001 +1.0730e+001 +8.4423e+000 +1.3704e+001 +7.9848e+000 +6.5508e+000 +6.5946e+000 +6.9573e+000 +1.3984e+001
8 +8.180337895e+004 +8.180337895e+004 +8.134128895e+004 +8.134128895e+004 +9.3049e+000 +5.5067e+000 +5.6544e+000 +7.2440e+000 +7.5861e+000 +5.1655e+000 +1.2904e+001 +5.7848e+000 +9.0060e+000 +5.9365e+000 +1.0408e+001 +6.4913e+000 +9.6673e+000 +8.7603e+000 +8.9231e+000 +1.0417e+001 +8.0906e+000 +8.6301e+000 +6.2333e+000 +6.4808e+000
150 +2.612692551e+004 +2.612692551e+004 +2.566483551e+004 +2.566483551e+004 +1.1790e+001 +1.2596e+001 -1.9890e+000 +6.5384e+000 +5.4009e+000 +4.2619e+000 +1.3036e+001 +2.6920e+000 +2.4535e+000 +9.0525e+000 +8.7349e+000 +5.5432e+000 +5.2847e+000 +6.1074e+000 +7.3676e+000 +4.6565e+000 +7.0078e+000 +1.2527e+001 +3.8266e+000 +6.1500e+000
631 +2.352588594e+004 +2.352588594e+004 +2.306379594e+004 +2.306379594e+004 +1.2725e+001 +1.0944e+001 +6.7110e+000 +7.6866e+000 +3.5210e+000 +4.1438e+000 +1.6451e+001 +6.0235e+000 +1.6904e+000 +7.5397e+000 +1.0841e+001 +6.6029e+000 +4.2570e+000 +7.3158e+000 +7.0178e+000 +4.6336e+000 +4.5254e+000 +7.7776e+000 +2.4273e+000 +7.2526e+000
732 +1.546850393e+004 +1.546850393e+004 +1.500641393e+004 +1.500641393e+004 +1.4085e+001 +8.4706e+000 -7.5147e+000 +4.5226e+000 +7.1263e+000 +6.9720e+000 +1.7209e+001 +2.6064e+000 +3.6042e+000 +1.0296e+001 +8.7110e+000 -2.7477e-002 +8.2983e+000 +3.7434e+000 +2.1130e+000 +5.2432e+000 +1.8809e+000 +9.4871e+000 -1.8642e+000 +6.7958e+000
829 +9.517621353e+003 +9.517621353e+003 +9.055531353e+003 +9.055531353e+003 +1.2156e+001 +1.6362e+001 -9.8441e+000 +1.5504e+001 +7.3605e+000 +6.1714e+000 +5.9818e+000 -3.2918e-001 +1.7179e+000 +9.8966e+000 +7.2015e+000 +8.6688e-001 +4.5259e+000 -2.2640e+000 +4.7967e+000 +4.1450e+000 +3.8605e+000 +4.1435e+000 -1.2962e+000 +7.1063e+000
903 +5.431955230e+003 +5.431955230e+003 +4.969865230e+003 +4.969865230e+003 +1.0319e+001 +1.0677e+001 -4.3535e+000 +4.0464e+000 +6.8160e+000 +3.8047e+000 +1.3914e+001 +1.4059e+000 +2.2618e+000 +6.6627e+000 +6.1475e+000 -4.5007e+000 +4.9668e+000 -1.0852e+000 +4.8993e+000 +1.9268e-001 +3.0725e+000 +8.3304e+000 +1.0063e+000 +2.2898e+000
994 +3.916011881e+003 +3.916011881e+003 +3.453921881e+003 +3.453921881e+003 +1.2422e+001 +1.0753e+001 -9.5683e+000 +5.4082e+000 +8.8859e+000 +2.9442e+000 +1.2083e+001 +1.2728e+000 +1.5604e+000 +6.9952e+000 +5.6426e+000 -4.0564e+000 +5.1225e+000 +1.3929e+000 +3.9353e+000 -9.5587e-002 +1.5423e+000 +5.5057e+000 -1.6966e+000 +3.4087e+000
1170 +2.386179688e+003 +2.386179688e+003 +1.924089688e+003 +1.924089688e+003 +1.2903e+001 +9.3448e+000 -1.2648e+001 +5.1508e+000 +7.7770e+000 +1.9796e+000 +1.1669e+001 +5.8308e-001 -9.3684e-002 +3.7947e+000 +4.4092e+000 -4.5732e+000 +3.8717e+000 -1.3491e+000 +2.1562e+000 -8.3149e-001 -8.4965e-003 +3.2990e+000 -2.7106e+000 +6.0723e-001
1378 +1.485397707e+003 +1.485397707e+003 +1.023307707e+003 +1.023307707e+003 +1.1313e+001 +7.6222e+000 -1.1020e+001 +3.5471e+000 +6.5396e+000 +1.7554e+000 +1.1322e+001 +9.9245e-001 -6.7375e-001 +2.0728e+000 +2.7958e+000 -7.6236e+000 +2.4533e+000 -3.3625e+000 +3.1307e-001 -2.3772e+000 -1.1241e+000 +3.7169e+000 -3.1415e+000 +9.8243e-001
1648 +9.708011334e+002 +9.708011334e+002 +5.087111334e+002 +5.087111334e+002 +1.1352e+001 +5.2079e+000 -4.0341e+000 +2.4878e+000 +6.4472e+000 +2.2935e+000 +1.1442e+001 +5.3231e-001 -4.3479e-001 +1.0612e+000 -6.1993e-001 -7.6417e+000 -8.3985e-001 -4.7819e+000 -6.1133e-002 -3.9113e+000 -1.4742e+000 +2.1962e+000 -3.7876e+000 +8.7136e-001
2091 +6.298493276e+002 +6.298493276e+002 +1.677593276e+002 +1.677593276e+002 +8.2126e+000 +6.9480e+000 -1.5412e+000 -4.9654e-001 +4.0960e+000 +1.4050e+000 +9.6030e+000 +1.5930e+000 -3.5360e-002 -1.7509e+000 -3.2131e+000 -4.8534e+000 +4.2394e-001 -5.1960e+000 -1.4829e+000 -3.4249e+000 -2.3219e+000 +2.1333e+000 -3.9202e+000 +5.8854e-001
3188 +3.971662630e+002 +3.971662630e+002 -6.492373705e+001 -6.492373705e+001 +6.5933e+000 +4.9434e+000 +5.9510e-001 +7.2200e-001 +2.8412e+000 +1.9074e+000 +7.6206e+000 +2.6069e+000 -6.4015e-001 +2.6815e-001 -3.0243e+000 -4.3628e+000 -1.2317e+000 -4.8993e+000 -2.2380e+000 -3.4569e+000 -2.0356e+000 +2.1886e+000 -3.4647e+000 +8.5007e-001
5558 +2.460831240e+002 +2.460831240e+002 -2.160068760e+002 -2.160068760e+002 +7.3410e+000 +5.0095e+000 +1.1924e+000 +7.8282e-001 +3.0294e+000 +2.8270e+000 +6.1337e+000 +2.0138e+000 +1.1711e-001 +6.5193e-001 -2.7562e+000 -4.3955e+000 -6.5860e-001 -3.8231e+000 -1.8737e+000 -3.1737e+000 -2.1941e+000 +3.3080e+000 -3.4417e+000 +1.1704e+000
7788 +1.575109827e+002 +1.575109827e+002 -3.045790173e+002 -3.045790173e+002 +1.7021e+000 +4.8116e+000 +2.3119e+000 +9.5408e-001 +3.5513e+000 +2.1999e+000 +4.0127e+000 +2.0346e+000 +7.4342e-003 +3.7934e-002 -2.7541e+000 -4.4057e+000 -6.1627e-001 -3.4678e+000 -1.7680e+000 -3.3001e+000 -2.1510e+000 +2.8334e+000 -3.5556e+000 +1.1620e+000
% function evaluation | noise-free fitness - Fopt (7.766000000000e+001) | best noise-free fitness - Fopt | measured fitness | best measured fitness | x1 | x2...
1 +3.805672180e+005 +3.805672180e+005 +3.806448780e+005 +3.806448780e+005 +7.1919e+000 +1.4398e+001 +1.2921e+001 +1.0388e+001 +1.1870e+001 +1.4245e+001 +1.2145e+001 +9.3171e+000 +9.4737e+000 +9.0134e+000 +6.3531e+000 +6.5018e+000 +1.3707e+001 +5.1953e+000 +5.4975e+000 +1.2838e+001 +1.4969e+001 +7.7954e+000 +9.8781e+000 +1.2189e+001
7 +1.775932651e+005 +1.775932651e+005 +1.776709251e+005 +1.776709251e+005 +5.8216e+000 +1.1641e+001 +1.3793e+001 +6.5831e+000 +6.8262e+000 +8.0920e+000 +9.4963e+000 +8.0753e+000 +1.0424e+001 +1.1543e+001 +1.4100e+001 +8.9345e+000 +1.2186e+001 +1.2892e+001 +6.1956e+000 +1.0913e+001 +6.6568e+000 +1.2472e+001 +8.6400e+000 +5.5771e+000
9 +1.335093801e+005 +1.335093801e+005 +1.335870401e+005 +1.335870401e+005 +1.0295e+001 +9.3685e+000 +1.3721e+001 +8.8843e+000 +1.4242e+001 +6.9353e+000 +6.5978e+000 +5.6915e+000 +1.4875e+001 +1.0099e+001 +1.0153e+001 +1.1154e+001 +7.8339e+000 +6.8830e+000 +5.0656e+000 +8.8533e+000 +1.0788e+001 +1.1475e+001 +6.6487e+000 +5.0722e+000
30 +8.579401280e+004 +8.579401280e+004 +8.587167280e+004 +8.587167280e+004 +1.1513e+001 +1.2224e+001 +1.2058e+001 +7.8715e+000 +1.1138e+001 +5.5402e+000 +1.0773e+001 +6.1777e+000 +6.6030e+000 +8.4133e+000 +6.8846e+000 +6.0231e+000 +1.1010e+001 +6.2825e+000 +6.5792e+000 +8.7660e+000 +1.2612e+001 +6.7288e+000 +1.2818e+001 +7.1128e+000
77 +5.301912019e+004 +5.301912019e+004 +5.309678019e+004 +5.309678019e+004 +1.2658e+001 +9.5410e+000 +1.2437e+001 +8.0245e+000 +1.0717e+001 +1.0845e+001 +9.6679e+000 +1.2143e+001 +7.6327e+000 +6.9810e+000 +1.2094e+001 +7.5245e+000 +6.4234e+000 +4.5304e+000 +5.2809e+000 +1.2859e+001 +1.0015e+001 +6.1573e+000 +1.0887e+001 +6.6310e+000
187 +3.476380749e+004 +3.476380749e+004 +3.484146749e+004 +3.484146749e+004 +8.1423e+000 +1.2617e+001 +1.4420e+001 +6.6360e+000 +6.9664e+000 +1.1674e+001 +1.2020e+001 +1.1332e+001 +8.2230e+000 +5.5504e+000 +5.0726e+000 +1.1117e+001 +6.0894e+000 +7.6326e+000 +7.8818e+000 +1.0531e+001 +5.5494e+000 +4.9422e+000 +9.4738e+000 +5.2426e+000
518 +1.465048109e+004 +1.465048109e+004 +1.472814109e+004 +1.472814109e+004 +1.0728e+001 +5.1129e+000 +1.0679e+001 +7.3625e+000 +6.2096e+000 +9.0140e+000 +1.8470e+001 +7.2424e+000 +9.3397e+000 +4.0159e+000 +1.2474e+001 +1.0496e+001 +8.2003e+000 +7.9466e+000 +4.7923e+000 +4.6439e+000 +5.6980e+000 -7.2016e-001 +2.3155e+000 -1.7001e+000
771 +9.870546846e+003 +9.870546846e+003 +9.948206846e+003 +9.948206846e+003 +9.3687e+000 +1.0371e+001 +1.6207e+001 +5.7280e+000 +7.3849e+000 +7.7591e+000 +1.5618e+001 +6.8589e+000 +7.6748e+000 +2.1844e-001 +1.1738e+001 +6.1076e+000 +6.9096e+000 +7.3296e+000 +1.4936e+000 +2.5418e+000 +4.5296e+000 -9.8267e-001 -2.2508e+000 +4.1192e-001
996 +6.015082601e+003 +6.015082601e+003 +6.092742601e+003 +6.092742601e+003 +1.2707e+001 +8.8888e+000 +9.6789e+000 +1.8894e+000 +7.5916e+000 +8.2569e+000 +1.2791e+001 +5.6562e+000 +5.5941e+000 +1.5722e+000 +7.6811e+000 +4.1847e+000 +5.9048e+000 +7.1775e+000 -3.2784e+000 +5.2673e+000 +4.9021e+000 -1.9626e+000 +1.9851e-001 -1.8881e+000
1330 +3.913540350e+003 +3.913540350e+003 +3.991200350e+003 +3.991200350e+003 +1.1063e+001 +2.1848e+000 +1.2878e+001 +1.2851e+000 +5.7853e+000 +8.2312e+000 +1.1479e+001 +4.9633e+000 +5.3971e+000 -2.7609e+000 +4.0285e+000 +1.0085e+000 +5.3819e+000 +5.1613e+000 -4.5777e+000 +4.8784e+000 +3.5538e+000 -3.6128e+000 -1.3904e+000 -2.4487e+000
1594 +2.498874281e+003 +2.498874281e+003 +2.576534281e+003 +2.576534281e+003 +1.2903e+001 +3.1330e+000 +9.5571e+000 +1.5218e+000 +7.7341e+000 +6.1885e+000 +6.8154e+000 +4.3707e+000 +6.3036e+000 -2.0998e+000 +5.7274e+000 +1.6224e+000 +5.0390e+000 +4.1101e+000 -4.1184e+000 +3.4195e+000 +3.6136e+000 -3.0710e+000 -4.4934e-001 -2.1119e+000
1870 +1.539710787e+003 +1.539710787e+003 +1.617370787e+003 +1.617370787e+003 +1.2952e+001 -4.0213e-001 +9.2015e+000 +3.8010e+000 +6.2065e+000 +5.2353e+000 +5.8039e+000 +5.1113e+000 +4.9003e+000 -2.4030e+000 +2.6914e+000 -8.8931e-001 +3.9717e+000 +2.2930e+000 -6.2496e+000 +3.3227e+000 +2.5274e+000 -4.1209e+000 +1.8161e+000 -2.2276e+000
2370 +9.922881569e+002 +9.922881569e+002 +1.069948157e+003 +1.069948157e+003 +1.1751e+001 +2.3382e+000 +2.8428e+000 +2.6318e+000 +5.9341e+000 +4.4755e+000 +3.4732e+000 +3.2875e+000 +5.2224e+000 -4.1124e+000 +4.0865e+000 +1.0525e+000 +3.2990e+000 +1.6398e+000 -4.3874e+000 +2.7599e+000 +1.4274e+000 -5.3851e+000 +2.0434e+000 -2.6596e+000
2946 +6.133040401e+002 +6.133040401e+002 +6.909640401e+002 +6.909640401e+002 +1.0835e+001 -1.8927e+000 +2.0668e+000 +4.1247e+000 +3.4772e+000 +4.4325e+000 +2.4545e+000 +2.1213e+000 +4.2209e+000 -4.5705e+000 +2.2179e+000 +1.5043e+000 +2.9538e+000 -3.1555e-001 -4.5785e+000 +2.6025e+000 +1.5243e+000 -4.1288e+000 +2.0505e+000 -3.5184e+000
3809 +3.590540755e+002 +3.590540755e+002 +4.367140755e+002 +4.367140755e+002 +7.4754e+000 -1.7479e+000 +5.5523e-001 +3.9941e+000 +1.0474e+000 +3.2260e+000 +1.5718e+000 +2.3177e+000 +3.4290e+000 -4.9824e+000 +2.3832e+000 +1.8049e+000 +3.0469e+000 -4.5314e-001 -4.3956e+000 +2.1950e+000 +1.5061e+000 -3.7644e+000 +1.8181e+000 -3.7202e+000
6041 +2.433219044e+002 +2.433219044e+002 +3.209819044e+002 +3.209819044e+002 +5.5457e+000 -6.6891e-001 -3.7739e-001 +4.1988e+000 -1.2780e+000 +1.4429e+000 +1.3050e+000 +2.0424e+000 +3.3063e+000 -4.4249e+000 +2.4943e+000 +1.8212e+000 +2.9207e+000 -3.6439e-001 -4.0933e+000 +1.7938e+000 +1.4993e+000 -3.5271e+000 +2.0014e+000 -3.7426e+000
% function evaluation | noise-free fitness - Fopt (1.156800000000e+002) | best noise-free fitness - Fopt | measured fitness | best measured fitness | x1 | x2...
1 +1.234647735e+005 +1.234647735e+005 +1.235804535e+005 +1.235804535e+005 +1.4558e+001 +1.2252e+001 +1.0879e+001 +1.1057e+001 +5.4274e+000 +8.4025e+000 +1.0720e+001 +1.1844e+001 +7.5379e+000 +6.1955e+000 +6.2605e+000 +5.7129e+000 +1.0243e+001 +6.0422e+000 +7.5764e+000 +5.0475e+000 +1.3937e+001 +1.3067e+001 +6.3532e+000 +1.0152e+001
3 +5.779934273e+004 +5.779934273e+004 +5.791502273e+004 +5.791502273e+004 +8.4424e+000 +1.1049e+001 +1.0169e+001 +1.2574e+001 +6.5856e+000 +5.2882e+000 +5.0688e+000 +1.3294e+001 +1.4639e+001 +6.6608e+000 +1.3492e+001 +6.8080e+000 +1.1232e+001 +5.9272e+000 +5.7829e+000 +1.0857e+001 +1.0152e+001 +6.6140e+000 +1.2492e+001 +5.3068e+000
288 +3.490512890e+004 +3.490512890e+004 +3.502080890e+004 +3.502080890e+004 +8.9239e+000 +1.8470e+001 +1.5314e+001 +1.0557e+001 +6.9022e+000 +7.5907e+000 +1.4000e+001 +9.7629e+000 +1.0801e+001 +8.6887e+000 +6.6987e+000 +8.9071e+000 +6.2549e+000 +6.6845e+000 +5.9927e+000 +5.6398e+000 +1.0646e+001 +1.0645e+001 +6.4665e+000 +5.2812e+000
562 +1.828817127e+004 +1.828817127e+004 +1.840385127e+004 +1.840385127e+004 +1.2672e+001 +1.7164e+001 +1.0201e+001 +7.2416e+000 +4.5709e+000 +1.0511e+001 +1.6903e+000 +1.2255e+001 +7.7528e+000 +1.0088e+001 +9.9009e+000 +7.9963e+000 +2.2555e+000 +5.8314e+000 +6.5797e+000 +6.0034e+000 +4.2853e+000 +9.3797e+000 +4.5332e+000 +5.5848e+000
750 +1.544934812e+004 +1.544934812e+004 +1.556502812e+004 +1.556502812e+004 +1.3086e+001 +1.6212e+001 +1.0417e+001 +1.1165e+001 +8.8399e+000 +8.3659e+000 +3.2151e+000 +8.6981e+000 +8.7242e+000 +7.8579e+000 +1.0104e+001 +6.7184e+000 +3.2332e+000 +7.0274e+000 +5.4310e+000 +7.1828e+000 +1.8402e+000 +5.3151e+000 +5.0673e+000 +5.0511e+000
884 +9.493479935e+003 +9.493479935e+003 +9.609159935e+003 +9.609159935e+003 +1.2987e+001 +1.8893e+001 +7.5109e+000 +9.7076e+000 +5.8398e+000 +7.3195e+000 +1.4976e+000 +1.0741e+001 +8.0984e+000 +7.9392e+000 +8.5394e+000 +5.9667e+000 +9.7306e-001 +2.5073e+000 +2.4485e+000 +5.8481e+000 +2.9501e+000 +7.1570e+000 +2.0119e+000 +4.6494e+000
1074 +5.805507742e+003 +5.805507742e+003 +5.921187742e+003 +5.921187742e+003 +1.4153e+001 +1.7379e+001 +8.9733e+000 +1.0122e+001 +5.8558e+000 +5.8880e+000 -1.9667e+000 +1.0947e+001 +5.1940e+000 +7.7610e+000 +7.7563e+000 +4.8527e+000 -2.8477e-001 +2.3982e+000 +1.4096e+000 +3.3947e+000 -1.1272e+000 +6.7385e+000 -6.2606e-002 +3.8188e+000
1341 +3.976823723e+003 +3.976823723e+003 +4.092503723e+003 +4.092503723e+003 +1.6804e+001 +1.4392e+001 +8.1786e+000 +1.0109e+001 +7.5059e+000 +2.3118e+000 -3.0056e-001 +1.0702e+001 -1.2155e-001 +7.0657e+000 +5.1765e+000 +3.7583e+000 -1.6016e+000 -9.6301e-002 +4.0065e-002 -2.2274e-002 -6.0713e+000 +6.0038e+000 -2.8829e+000 +2.1827e+000
1712 +2.504994446e+003 +2.504994446e+003 +2.620674446e+003 +2.620674446e+003 +1.6940e+001 +1.1641e+001 +7.3769e+000 +9.5939e+000 +3.5282e+000 +1.7608e+000 -9.1237e-001 +1.0156e+001 -9.2143e-001 +4.6795e+000 +4.9375e+000 +2.3220e+000 -1.3371e+000 +6.5751e-001 -1.7860e-002 -2.2885e+000 -5.2174e+000 +5.4280e+000 +1.4295e+000 +1.7189e+000
2086 +1.581557748e+003 +1.581557748e+003 +1.697237748e+003 +1.697237748e+003 +1.7701e+001 +9.4154e+000 +7.0819e+000 +8.8168e+000 +1.6860e+000 -1.5013e+000 -1.9418e+000 +6.6701e+000 -3.3177e+000 +3.7971e+000 +5.2694e+000 +2.0283e+000 -1.9800e+000 +1.6596e+000 -3.2836e+000 -2.3467e+000 -6.4071e+000 +5.7795e+000 +9.7311e-001 +8.4076e-001
2615 +9.839853857e+002 +9.839853857e+002 +1.099665386e+003 +1.099665386e+003 +1.6339e+001 +7.6069e+000 +5.1050e+000 +6.1048e+000 +9.1025e-001 -3.7004e-001 -2.3979e+000 +5.9164e+000 -2.6078e+000 +1.6303e+000 +4.7557e+000 +9.0957e-001 -1.6378e+000 +2.6310e+000 -2.2576e+000 -2.1974e+000 -2.3639e+000 +4.6618e+000 +3.1694e+000 +1.7718e-001
4418 +6.280948773e+002 +6.280948773e+002 +7.437748773e+002 +7.437748773e+002 +1.6037e+001 +5.2978e+000 +4.3142e+000 +5.4039e+000 +5.4540e-001 -2.4771e+000 -2.3458e+000 +5.1703e+000 -2.8596e+000 -3.0512e-001 +4.2796e+000 -2.1409e-001 -1.8597e+000 +2.1293e+000 -2.4699e+000 -2.3308e+000 -1.1890e+000 +4.6963e+000 +3.3793e+000 -3.0690e-002
% function evaluation | noise-free fitness - Fopt (-3.710000000000e+000) | best noise-free fitness - Fopt | measured fitness | best measured fitness | x1 | x2...
1 +1.052566551e+005 +1.052566551e+005 +1.052529451e+005 +1.052529451e+005 +1.1449e+001 +5.7560e+000 +1.1660e+001 +1.4551e+001 +1.0192e+001 +1.1013e+001 +1.1679e+001 +6.7170e+000 +1.0527e+001 +1.4743e+001 +1.4627e+001 +1.1535e+001 +1.3953e+001 +1.0985e+001 +1.2089e+001 +5.4001e+000 +1.2926e+001 +1.0286e+001 +7.6939e+000 +8.6932e+000
7 +7.094370753e+004 +7.094370753e+004 +7.093999753e+004 +7.093999753e+004 +1.3390e+001 +1.0916e+001 +5.6475e+000 +1.0486e+001 +6.3930e+000 +1.2727e+001 +1.0732e+001 +1.3591e+001 +6.3199e+000 +9.1471e+000 +8.5968e+000 +8.9152e+000 +6.5916e+000 +1.1080e+001 +7.0090e+000 +6.7604e+000 +1.3060e+001 +9.1957e+000 +1.4569e+001 +5.5118e+000
9 +5.149480137e+004 +5.149480137e+004 +5.149109137e+004 +5.149109137e+004 +9.9512e+000 +7.5017e+000 +7.1841e+000 +7.4543e+000 +7.3173e+000 +8.9642e+000 +5.3211e+000 +1.1337e+001 +5.0265e+000 +1.1732e+001 +5.6257e+000 +7.4829e+000 +9.5174e+000 +7.0537e+000 +9.8900e+000 +7.1083e+000 +1.2341e+001 +7.5075e+000 +1.0587e+001 +7.6254e+000
234 +3.785483139e+004 +3.785483139e+004 +3.785112139e+004 +3.785112139e+004 +1.2581e+001 +1.5718e+000 +7.2582e+000 +1.1790e+001 +1.3084e+001 +7.6539e+000 +7.3608e+000 +1.1487e+001 +1.6295e+001 +1.3683e+001 +5.5612e-001 +1.2589e+001 +1.4160e+001 +1.0455e+001 +8.0829e+000 +2.5415e+000 +8.4190e+000 +6.6915e+000 +6.1949e+000 +4.0507e+000
522 +2.378880570e+004 +2.378880570e+004 +2.378509570e+004 +2.378509570e+004 +9.1948e+000 +9.8607e+000 +1.0213e+001 +7.6384e+000 +6.5541e+000 +1.2226e+001 +8.9332e-001 +1.2902e+001 +1.0782e+001 +9.4197e+000 +1.3355e+001 +7.6836e+000 +1.1726e+001 +4.8010e+000 +5.4991e+000 +6.5078e+000 +1.1605e+001 +7.6468e+000 +1.4586e+000 +9.5314e-002
725 +1.206520475e+004 +1.206520475e+004 +1.206149475e+004 +1.206149475e+004 +9.6944e+000 +5.5306e+000 +1.0157e+001 +1.9803e+000 +1.2205e+001 +1.3103e+001 +7.7228e+000 +1.1224e+001 +8.6061e+000 +9.3441e+000 +8.6457e+000 +3.9590e+000 +9.3719e+000 -1.3709e+000 +3.0861e+000 +5.1307e+000 +5.1100e+000 +8.7676e+000 +4.5419e+000 -3.6805e+000
839 +9.777812447e+003 +9.777812447e+003 +9.774102447e+003 +9.774102447e+003 +8.3859e+000 +6.4494e+000 +1.0540e+001 +1.0032e+001 +7.6352e+000 +1.3872e+001 +6.7991e+000 +1.0887e+001 +7.9777e+000 +7.7019e+000 +1.0339e+001 +4.9005e+000 +9.6671e+000 -5.9419e+000 +3.5547e+000 +3.6604e+000 +3.9659e+000 +8.2479e+000 +5.6155e+000 -1.0565e+000
1068 +5.882471921e+003 +5.882471921e+003 +5.878761921e+003 +5.878761921e+003 +7.5118e+000 +9.8298e+000 +1.2160e+001 +1.0411e+001 +4.5635e+000 +1.3749e+001 +7.6200e+000 +9.3523e+000 +8.5466e+000 +7.0141e+000 +9.5165e+000 +3.3049e+000 +6.9499e+000 -7.8469e+000 +3.1574e+000 +8.3897e-001 +4.2999e+000 +7.4080e+000 +5.7071e+000 -1.3861e+000
1282 +3.843514736e+003 +3.843514736e+003 +3.839804736e+003 +3.839804736e+003 +7.3542e+000 +8.0141e+000 +1.1888e+001 +9.2569e+000 +1.6777e+000 +1.4233e+001 +7.6697e+000 +8.5435e+000 +7.2337e+000 +6.0725e+000 +9.4364e+000 +2.8785e+000 +7.2453e+000 -5.1850e+000 +2.3389e+000 -9.6870e-001 +3.7139e-001 +6.5037e+000 +2.9748e+000 -1.4194e+000
1782 +2.493924598e+003 +2.493924598e+003 +2.490214598e+003 +2.490214598e+003 +7.7478e+000 +4.1663e+000 +1.1384e+001 +9.6240e+000 +7.0978e-001 +1.2583e+001 +7.6924e+000 +6.8825e+000 +6.4930e+000 +5.9341e+000 +8.9707e+000 +1.0037e+000 +6.1036e+000 -5.3739e+000 +5.5536e-001 -2.9080e+000 -5.4972e-001 +3.3681e+000 +3.2396e+000 -1.7352e+000
2665 +1.564842591e+003 +1.564842591e+003 +1.561132591e+003 +1.561132591e+003 +7.3035e+000 +3.3446e+000 +1.0970e+001 +6.2093e+000 -1.3687e-004 +1.1728e+001 +6.4868e+000 +3.9601e+000 +5.3684e+000 +4.1716e+000 +7.8328e+000 +9.8919e-001 +4.8339e+000 -1.2430e+000 +1.4987e+000 -2.6681e+000 -5.3635e-002 +1.7348e+000 +2.7986e+000 -2.0656e+000
3585 +9.973313829e+002 +9.973313829e+002 +9.936213829e+002 +9.936213829e+002 +7.4331e+000 +1.3751e+000 +1.1190e+001 +4.4993e+000 +5.6053e-001 +1.1882e+001 +6.0203e+000 +1.4525e+000 +2.7227e+000 +4.0517e+000 +7.2533e+000 +6.3036e-001 +4.5158e+000 -1.5284e+000 +2.4449e+000 -1.9801e+000 +9.1246e-001 +1.1701e+000 +3.5054e+000 -2.2334e+000
6865 +6.296004049e+002 +6.296004049e+002 +6.258904049e+002 +6.258904049e+002 +7.1229e+000 +2.8895e-001 +1.0978e+001 +4.7920e+000 +7.6449e-001 +1.1577e+001 +5.6133e+000 -1.3057e+000 -4.7151e-001 +3.6110e+000 +7.2650e+000 +9.9807e-001 +4.1142e+000 -1.2617e+000 +1.4298e+000 -2.3946e+000 +1.5466e+000 +1.5669e+000 +4.2692e+000 -2.5888e+000
% function evaluation | noise-free fitness - Fopt (1.321800000000e+002) | best noise-free fitness - Fopt | measured fitness | best measured fitness | x1 | x2...
1 +4.329823553e+004 +4.329823553e+004 +4.343041553e+004 +4.343041553e+004 +7.7364e+000 +1.4780e+001 +1.4119e+001 +9.2032e+000 +1.2258e+001 +5.2513e+000 +1.2691e+001 +1.0663e+001 +1.3272e+001 +1.4433e+001 +6.1144e+000 +1.3709e+001 +1.0424e+001 +1.1651e+001 +8.6042e+000 +1.2572e+001 +6.0142e+000 +9.7986e+000 +5.2912e+000 +5.8346e+000
11 +3.249734614e+004 +3.249734614e+004 +3.262952614e+004 +3.262952614e+004 +6.6960e+000 +6.8889e+000 +1.3007e+001 +6.4943e+000 +8.6641e+000 +6.2474e+000 +9.4712e+000 +6.1832e+000 +7.8065e+000 +8.1943e+000 +1.3142e+001 +1.0998e+001 +6.1419e+000 +1.0520e+001 +5.3144e+000 +7.7604e+000 +8.3337e+000 +6.0571e+000 +9.0401e+000 +8.1695e+000
249 +2.234204009e+004 +2.234204009e+004 +2.247422009e+004 +2.247422009e+004 +5.6876e+000 +1.2138e+000 +4.6159e+000 +1.3210e+001 +8.1104e+000 +1.2494e+001 +1.2649e+001 +3.0970e+000 +1.5235e+001 +1.0069e+001 +1.0235e+001 +1.2597e+001 +4.4603e-001 +7.1492e+000 +3.6293e+000 +5.7694e+000 +5.7122e+000 +1.9798e+000 +6.3282e+000 +7.4970e+000
623 +1.185355101e+004 +1.185355101e+004 +1.198573101e+004 +1.198573101e+004 +9.3642e+000 +7.7577e+000 +1.0625e+001 +1.0313e+001 +8.7638e+000 +1.0958e+001 +7.2625e+000 +1.3609e+000 +1.0322e+001 +5.5461e+000 +1.0505e+001 +1.0072e+001 +3.1273e+000 +3.2430e+000 +4.2484e+000 +8.5478e+000 +5.7404e+000 +5.5067e+000 +3.2796e+000 +7.4116e+000
695 +8.932479479e+003 +8.932479479e+003 +9.064659479e+003 +9.064659479e+003 +8.3557e+000 +6.5372e+000 +8.6117e+000 +1.2649e+001 +7.8682e+000 +1.0942e+001 +7.0534e+000 +2.7443e+000 +1.2057e+001 +5.2709e+000 +6.8852e+000 +9.9057e+000 +3.4250e+000 +5.5335e+000 +3.4278e+000 +6.9133e+000 +6.0752e+000 +4.2567e+000 +3.1087e+000 +6.3091e+000
832 +5.980322197e+003 +5.980322197e+003 +6.112502197e+003 +6.112502197e+003 +9.6224e+000 +8.4700e+000 +4.4038e+000 +1.1717e+001 +9.9439e+000 +8.0358e+000 +5.7669e+000 +2.6918e+000 +1.0015e+001 +4.5337e+000 +6.1835e+000 +8.8262e+000 +1.9728e+000 +5.6205e+000 +2.2799e+000 +6.0108e+000 +6.4099e+000 +3.6990e+000 +9.2566e-001 +6.0670e+000
990 +3.552380364e+003 +3.552380364e+003 +3.684560364e+003 +3.684560364e+003 +7.8167e+000 +1.0453e+001 +6.6740e+000 +9.4136e+000 +3.9933e+000 +9.4048e+000 +5.1303e+000 -6.3062e-001 +9.6502e+000 +3.3117e+000 +4.2463e+000 +5.2778e+000 +1.8878e+000 +6.2597e+000 +1.3733e+000 +4.0099e+000 +6.0142e+000 +5.8209e+000 -2.1994e+000 +4.9754e+000
1107 +2.312101273e+003 +2.312101273e+003 +2.444281273e+003 +2.444281273e+003 +1.0743e+001 +8.0501e+000 +3.0663e+000 +7.7050e+000 +4.6465e+000 +5.5808e+000 +1.7700e+000 -3.7634e+000 +6.9121e+000 +3.8006e+000 +2.5053e+000 +3.0792e+000 -4.4086e-001 +4.6719e+000 +9.5911e-001 +3.8310e+000 +5.4613e+000 +4.3105e+000 -5.1437e-001 +5.1525e+000
1342 +1.575589358e+003 +1.575589358e+003 +1.707769358e+003 +1.707769358e+003 +1.1419e+001 +8.5577e+000 -1.0707e+000 +9.2966e+000 +2.8782e+000 +2.9435e+000 -5.4593e-001 -6.3586e+000 +5.3591e+000 +2.7809e+000 -1.5728e-001 +1.6463e+000 -1.4550e+000 +4.4617e+000 -1.3485e-001 +2.3154e+000 +4.4994e+000 +4.3801e+000 -2.5093e+000 +4.2196e+000
1592 +9.732088183e+002 +9.732088183e+002 +1.105388818e+003 +1.105388818e+003 +6.7123e+000 +9.2911e+000 -3.8694e-001 +3.8628e+000 +2.2985e-001 +2.1336e+000 +1.2959e+000 -5.9109e+000 +2.9208e+000 +1.4304e+000 -1.1967e+000 +6.8853e-001 -2.2290e+000 +4.1969e+000 -4.0160e-001 +1.7958e+000 +4.9383e+000 +3.8714e+000 -3.3942e+000 +3.0924e+000
1977 +5.382752812e+002 +5.382752812e+002 +6.704552812e+002 +6.704552812e+002 +5.9810e+000 +9.2151e+000 +4.1344e-001 -1.9345e+000 -2.7133e+000 +1.1293e+000 -3.2599e-001 -2.6098e+000 +2.3116e+000 +1.0959e+000 -2.0877e+000 +2.4626e-001 -4.2802e-002 +4.1484e+000 -1.0194e+000 +1.5334e+000 +3.2513e+000 +3.5497e+000 -2.5782e+000 +2.0865e+000
2392 +3.966885218e+002 +3.966885218e+002 +5.288685218e+002 +5.288685218e+002 +3.6323e+000 +9.3030e+000 +6.0368e-001 -2.9465e+000 -2.4790e+000 +9.2288e-001 -2.6700e-001 -2.6987e+000 +2.7229e+000 +1.0027e+000 -2.1453e+000 +2.0496e+000 -1.0221e+000 +4.3267e+000 -1.8895e+000 +1.1598e+000 +3.0739e+000 +3.5076e+000 -2.0913e+000 +2.4780e+000
3858 +2.442751283e+002 +2.442751283e+002 +3.764551283e+002 +3.764551283e+002 +5.1374e-002 +8.1717e+000 +1.6670e+000 -2.1171e+000 -3.2773e+000 +4.9979e-001 -7.1455e-001 +1.9300e-002 +2.0367e+000 +9.2728e-001 -2.0523e+000 +2.5846e+000 -8.9614e-001 +3.7901e+000 -2.3473e+000 +1.9069e+000 +2.7216e+000 +2.4642e+000 -1.7736e+000 +2.0634e+000
5367 +1.535542512e+002 +1.535542512e+002 +2.857342512e+002 +2.857342512e+002 -6.4195e-001 +6.8849e+000 +1.8297e+000 -1.9173e+000 -3.1673e+000 +4.6453e-001 -1.0490e+000 +1.9168e-001 +1.5926e+000 +9.5026e-001 -2.0466e+000 +2.5070e+000 -8.6242e-001 +3.7787e+000 -2.6196e+000 +1.8949e+000 +2.5421e+000 +2.6507e+000 -1.7312e+000 +2.0116e+000
7231 +9.882053313e+001 +9.882053313e+001 +2.310005331e+002 +2.310005331e+002 -7.0966e-001 +6.0322e+000 +2.5536e+000 -1.9639e+000 -3.3025e+000 +5.0571e-001 -1.0314e+000 +1.3345e-001 +1.5040e+000 +9.6327e-001 -2.0140e+000 +2.5803e+000 -9.7656e-001 +3.7636e+000 -2.6546e+000 +1.9350e+000 +2.5083e+000 +3.1287e+000 -1.7102e+000 +1.6887e+000
% function evaluation | noise-free fitness - Fopt (-4.174000000000e+001) | best noise-free fitness - Fopt | measured fitness | best measured fitness | x1 | x2...
1 +1.490291283e+005 +1.490291283e+005 +1.489873883e+005 +1.489873883e+005 +9.2267e+000 +1.3915e+001 +7.8024e+000 +5.0585e+000 +7.8517e+000 +7.1745e+000 +1.4267e+001 +1.1150e+001 +9.1450e+000 +1.3107e+001 +1.2261e+001 +1.0179e+001 +1.0492e+001 +1.2376e+001 +7.5010e+000 +1.2513e+001 +9.9668e+000 +6.1292e+000 +1.0374e+001 +1.4135e+001
4 +4.536768808e+004 +4.536768808e+004 +4.532594808e+004 +4.532594808e+004 +8.6141e+000 +7.3299e+000 +1.1641e+001 +8.4735e+000 +7.9633e+000 +5.2241e+000 +9.9168e+000 +5.3205e+000 +1.1151e+001 +8.3306e+000 +6.0241e+000 +1.3477e+001 +8.6463e+000 +9.3050e+000 +5.3343e+000 +7.3310e+000 +9.5180e+000 +7.5947e+000 +6.0291e+000 +1.2643e+001
142 +3.015854712e+004 +3.015854712e+004 +3.011680712e+004 +3.011680712e+004 +1.0748e+001 +9.0161e+000 +1.2506e+001 +1.4984e+001 +8.8999e+000 +1.7322e+001 +1.1124e+001 +8.9216e+000 +8.1882e+000 +1.0037e+001 +1.1364e+001 +9.9314e+000 +6.0479e+000 +4.9821e+000 +6.0914e+000 +5.2235e+000 +2.4454e+000 +8.6338e+000 +6.7148e+000 +2.0096e+000
244 +1.627104742e+004 +1.627104742e+004 +1.622930742e+004 +1.622930742e+004 +8.4614e+000 +6.1636e+000 +1.1449e+001 +1.4249e+001 +8.1964e+000 +1.5436e+001 +1.0491e+001 +8.2714e+000 +3.8742e+000 +9.9878e+000 +8.0559e+000 +1.4023e+001 +7.7532e+000 +1.5511e+000 +1.6298e+000 +4.1374e+000 +3.5025e+000 +9.0808e+000 +3.8658e+000 -1.3603e+000
484 +1.462963820e+004 +1.462963820e+004 +1.458789820e+004 +1.458789820e+004 +6.2903e+000 +8.2768e+000 +1.6118e+001 +1.2028e+001 +4.6040e+000 +1.3848e+001 +1.3517e+001 +7.7084e+000 +1.0821e+001 +1.4096e+001 +4.7102e+000 +1.2471e+001 +4.4566e+000 +1.8311e+000 +5.2880e+000 +2.0741e+000 +4.3000e+000 +3.7662e+000 +4.1131e+000 +7.3062e+000
721 +9.587016484e+003 +9.587016484e+003 +9.545276484e+003 +9.545276484e+003 +1.0856e+001 +7.3582e+000 +1.6351e+001 +1.5139e+001 +6.2138e+000 +1.7441e+001 +1.1341e+001 +6.0778e+000 +8.1288e+000 +1.3202e+001 +3.8490e+000 +1.2795e+001 +6.5794e+000 -1.5840e-001 +1.1983e+000 +1.5278e+000 +3.8755e+000 +6.0883e+000 +2.3246e+000 +1.8128e+000
1146 +5.915165605e+003 +5.915165605e+003 +5.873425605e+003 +5.873425605e+003 +1.0588e+001 +6.1706e+000 +1.3860e+001 +1.3617e+001 +7.8013e+000 +1.7543e+001 +1.0344e+001 +4.1302e+000 +7.0662e+000 +1.1966e+001 -4.8125e-001 +1.1885e+001 +3.9536e+000 -1.4320e+000 -1.6404e+000 +9.8893e-001 +2.3416e+000 +4.2415e+000 -1.4609e+000 +2.0746e+000
1567 +3.961511547e+003 +3.961511547e+003 +3.919771547e+003 +3.919771547e+003 +1.0355e+001 +4.0858e+000 +1.2363e+001 +1.0960e+001 +4.6268e+000 +1.4732e+001 +1.0136e+001 +3.1871e+000 +6.8236e+000 +9.2758e+000 -5.3620e+000 +9.6328e+000 +3.2461e+000 +1.1773e-001 -2.3139e+000 -2.4877e-001 +1.8829e+000 +4.9552e+000 -2.2264e+000 +3.8296e+000
1804 +2.470339333e+003 +2.470339333e+003 +2.428599333e+003 +2.428599333e+003 +1.0528e+001 +5.0695e+000 +9.5467e+000 +1.3697e+001 +4.4413e+000 +1.1105e+001 +1.0528e+001 +2.4583e+000 +6.9589e+000 +8.0450e+000 -4.6355e+000 +8.9866e+000 +3.7611e+000 -1.0254e+000 -3.3495e+000 +2.6514e-004 +1.5115e+000 +3.7989e+000 -2.8157e+000 +4.7208e+000
2236 +1.583653761e+003 +1.583653761e+003 +1.541913761e+003 +1.541913761e+003 +1.1553e+001 +4.9506e+000 +8.4853e+000 +1.4098e+001 +3.2024e+000 +7.2902e+000 +1.0004e+001 +1.6078e+000 +2.1374e+000 +7.9170e+000 -2.0765e+000 +7.6256e+000 +3.3952e+000 -1.1076e+000 -3.1252e+000 -1.4899e-001 +1.1601e+000 +3.7261e+000 -2.5004e+000 +5.2296e+000
2796 +9.828868865e+002 +9.828868865e+002 +9.411468865e+002 +9.411468865e+002 +1.1345e+001 +5.6478e+000 +8.7088e+000 +1.4217e+001 +2.9709e+000 +2.5061e+000 +9.0781e+000 +6.5830e-001 +7.8469e-001 +5.6079e+000 -4.9141e+000 +6.4924e+000 +2.9319e+000 -1.3156e+000 -3.3808e+000 +1.0274e+000 +6.0883e-001 +2.7023e+000 -2.1919e+000 +4.8530e+000
4163 +6.087556845e+002 +6.087556845e+002 +5.670156845e+002 +5.670156845e+002 +1.1103e+001 +5.7781e+000 +4.1963e+000 +1.2835e+001 +2.1574e+000 +1.7767e+000 +8.4379e+000 +1.1784e-001 -1.8265e+000 +6.3890e+000 -4.0238e+000 +5.2361e+000 +9.2246e-001 -1.8192e+000 -2.7460e+000 +7.5106e-001 +4.1137e-001 +2.5469e+000 -1.5588e+000 +4.5267e+000
% function evaluation | noise-free fitness - Fopt (-4.948600000000e+002) | best noise-free fitness - Fopt | measured fitness | best measured fitness | x1 | x2...
1 +1.362909529e+005 +1.362909529e+005 +1.357960929e+005 +1.357960929e+005 +1.1773e+001 +1.0137e+001 +1.2730e+001 +6.4598e+000 +1.2495e+001 +7.7019e+000 +6.7798e+000 +7.4221e+000 +7.3912e+000 +7.8591e+000 +7.5388e+000 +1.2821e+001 +9.1118e+000 +9.6177e+000 +1.1410e+001 +8.0309e+000 +8.4758e+000 +6.3042e+000 +1.4696e+001 +1.1862e+001
3 +9.353117333e+004 +9.353117333e+004 +9.303631333e+004 +9.303631333e+004 +1.0438e+001 +1.4838e+001 +1.4521e+001 +5.7563e+000 +1.4338e+001 +9.5725e+000 +1.3578e+001 +1.1919e+001 +7.2557e+000 +1.4102e+001 +1.0130e+001 +9.1734e+000 +6.7230e+000 +6.4427e+000 +5.3453e+000 +1.1167e+001 +9.4158e+000 +1.3033e+001 +1.1090e+001 +7.1991e+000
12 +5.965807514e+004 +5.965807514e+004 +5.916321514e+004 +5.916321514e+004 +7.8185e+000 +8.7598e+000 +5.4827e+000 +1.4925e+001 +9.2283e+000 +6.6467e+000 +1.1419e+001 +1.4085e+001 +1.2469e+001 +7.4759e+000 +9.2029e+000 +1.0995e+001 +6.0184e+000 +1.1007e+001 +7.2401e+000 +7.3785e+000 +1.1591e+001 +6.2406e+000 +9.4208e+000 +6.0045e+000
150 +3.431117255e+004 +3.431117255e+004 +3.381631255e+004 +3.381631255e+004 +1.0264e+001 +8.3261e+000 +7.7844e+000 +5.5520e+000 +7.7124e+000 +1.1778e+001 +1.5453e+001 +6.2433e+000 +9.8880e+000 +1.4136e+001 +1.3135e+001 +5.3033e+000 +7.2405e+000 +9.4475e+000 +7.0489e+000 +5.8123e+000 +8.4179e+000 +3.5690e+000 +4.5195e+000 +6.6800e+000
281 +2.395847486e+004 +2.395847486e+004 +2.346361486e+004 +2.346361486e+004 +9.5128e+000 +4.5896e+000 +9.5944e+000 +3.6527e+000 +1.0729e+001 +1.4870e+001 +7.0703e+000 +8.1489e+000 +8.9698e+000 +4.3475e+000 +6.8048e+000 +5.2906e+000 +1.0745e+001 +5.6122e+000 +6.7322e+000 +2.2654e+000 +8.1466e+000 +1.0975e+001 +8.5199e+000 +7.6461e+000
643 +1.540112374e+004 +1.540112374e+004 +1.490626374e+004 +1.490626374e+004 +7.2031e+000 +1.1643e+001 +9.7091e+000 +1.2297e+001 +1.4806e+001 +1.0901e+001 +2.7550e+000 -2.0540e+000 +8.4429e+000 +7.1040e+000 +8.2206e+000 +4.0113e+000 +7.6087e+000 +6.1868e+000 +8.1109e+000 +3.3685e+000 +6.9476e+000 +8.1431e+000 +4.3519e+000 +6.0596e+000
868 +9.542793653e+003 +9.542793653e+003 +9.047933653e+003 +9.047933653e+003 +9.4500e+000 +9.6449e+000 +1.0377e+001 +1.1502e+001 +1.4195e+001 +9.4371e+000 +2.0306e+000 +4.7364e-001 +8.3021e+000 +4.4155e+000 +8.3086e+000 +3.0018e+000 +7.9030e+000 +2.6054e+000 +8.4003e+000 +1.8164e+000 +3.9994e+000 +7.0996e+000 +5.0892e+000 +3.3556e+000
1046 +6.298442366e+003 +6.298442366e+003 +5.803582366e+003 +5.803582366e+003 +1.5421e+001 +5.4073e+000 +9.9616e+000 +1.0302e+001 +1.5783e+001 +1.2214e+001 +1.2952e+000 +4.0418e-001 +7.8848e+000 +5.2608e+000 +8.0712e+000 +5.8497e+000 +7.4378e+000 +9.9230e-001 +3.9523e+000 +5.6177e-001 +4.8463e+000 +5.0283e+000 +3.5253e+000 +2.6331e+000
1248 +3.928185009e+003 +3.928185009e+003 +3.433325009e+003 +3.433325009e+003 +1.0017e+001 +7.7624e+000 +8.5936e+000 +1.1301e+001 +1.1593e+001 +5.3052e+000 +3.1242e+000 -3.7826e+000 +6.4803e+000 +2.0253e+000 +6.9418e+000 +2.5024e+000 +6.0065e+000 -1.2682e+000 +4.3309e+000 +5.8702e-001 +2.5292e+000 +6.1838e+000 +1.6324e+000 +1.7598e+000
1478 +2.462995776e+003 +2.462995776e+003 +1.968135776e+003 +1.968135776e+003 +5.8861e+000 +4.9392e+000 +9.1363e+000 +1.1877e+001 +9.0835e+000 +5.4123e+000 +2.7694e+000 -6.0432e+000 +6.7263e+000 +3.4689e+000 +5.1332e+000 +6.5345e-001 +5.5763e+000 -9.2956e-001 +2.4493e+000 +1.1369e+000 +1.6967e+000 +3.9628e+000 +1.9785e+000 +2.4687e+000
1691 +1.521497376e+003 +1.521497376e+003 +1.026637376e+003 +1.026637376e+003 +4.6957e+000 +5.8532e+000 +8.3556e+000 +1.1593e+001 +7.1007e+000 +3.1155e+000 +2.3860e+000 -5.2533e+000 +6.1469e+000 +2.0598e+000 +4.1097e+000 +1.7092e-001 +6.1648e+000 -1.3431e+000 +8.6732e-001 -4.8625e-001 +2.2356e+000 +3.5336e+000 +1.4495e+000 +1.7540e+000
1939 +9.694708716e+002 +9.694708716e+002 +4.746108716e+002 +4.746108716e+002 +2.5265e+000 +3.4040e+000 +7.3944e+000 +9.8479e+000 +5.5850e+000 +3.6613e-001 +1.9800e+000 -5.0525e+000 +4.7341e+000 +5.3997e-001 +3.1476e+000 +9.5178e-001 +5.0570e+000 -3.7024e-001 -3.5867e-001 -1.5276e+000 +2.7428e+000 +3.7088e+000 +1.6443e+000 +1.9262e+000
2230 +6.023336015e+002 +6.023336015e+002 +1.074736015e+002 +1.074736015e+002 +1.1606e+000 +3.2143e+000 +7.7073e+000 +8.8215e+000 +9.6175e-001 +5.8056e-001 +1.1836e+000 -3.6144e+000 +3.4734e+000 +4.5209e-001 +3.0164e+000 +1.2346e+000 +4.4165e+000 -1.6543e+000 -8.6113e-001 -1.8862e+000 +2.2667e+000 +2.6231e+000 +2.0003e+000 +1.1507e+000
2855 +3.602950608e+002 +3.602950608e+002 -1.345649392e+002 -1.345649392e+002 -1.5849e+000 +1.3921e+000 +7.4088e+000 +6.2481e+000 -6.9245e-001 -1.7051e+000 +6.6754e-001 -2.0193e+000 +3.1101e+000 +2.8571e+000 +3.1298e+000 +1.3244e+000 +4.5945e+000 -3.4111e+000 -8.7232e-001 -2.1117e+000 +1.8974e+000 +2.3075e+000 +2.4474e+000 +1.1072e+000
3344 +2.390908751e+002 +2.390908751e+002 -2.557691249e+002 -2.557691249e+002 -1.6977e+000 +1.7917e+000 +7.1143e+000 +4.6095e+000 -1.3710e+000 -1.0473e+000 +2.8526e-001 -1.3958e+000 +2.9240e+000 +2.9469e+000 +3.9987e+000 +7.3888e-001 +4.3921e+000 -3.1798e+000 -9.5701e-001 -2.5392e+000 +1.6810e+000 +2.4773e+000 +2.7823e+000 +7.4947e-001
4840 +1.407033881e+002 +1.407033881e+002 -3.541566119e+002 -3.541566119e+002 -1.8084e+000 +1.4708e+000 +7.1242e+000 +2.0258e+000 -1.3094e+000 -2.5718e+000 +2.5029e-001 -7.9197e-001 +2.8406e+000 +2.8360e+000 +4.1978e+000 +6.0909e-001 +4.6633e+000 -3.2893e+000 -8.9888e-001 -2.4878e+000 +1.3822e+000 +2.1236e+000 +2.5083e+000 +1.3306e+000
% function evaluation | noise-free fitness - Fopt (3.484000000000e+002) | best noise-free fitness - Fopt | measured fitness | best measured fitness | x1 | x2...
1 +1.027427700e+005 +1.027427700e+005 +1.030911700e+005 +1.030911700e+005 +1.4141e+001 +9.3379e+000 +1.3959e+001 +9.6750e+000 +9.6510e+000 +6.5577e+000 +1.2294e+001 +1.2628e+001 +1.1427e+001 +1.2176e+001 +5.2413e+000 +1.0318e+001 +1.2428e+001 +1.0397e+001 +7.2534e+000 +9.2772e+000 +1.0806e+001 +7.3625e+000 +6.1087e+000 +9.7259e+000
27 +7.325908295e+004 +7.325908295e+004 +7.360748295e+004 +7.360748295e+004 +6.2484e+000 +1.2080e+001 +1.4246e+001 +9.1556e+000 +1.2676e+001 +7.6658e+000 +8.4020e+000 +5.7024e+000 +7.8710e+000 +6.7452e+000 +6.5373e+000 +9.0629e+000 +1.2156e+001 +6.8327e+000 +7.3427e+000 +1.0129e+001 +8.5613e+000 +1.1623e+001 +7.1985e+000 +9.6171e+000
77 +4.596723519e+004 +4.596723519e+004 +4.631563519e+004 +4.631563519e+004 +6.8182e+000 +7.5451e+000 +1.0587e+001 +5.2121e+000 +8.4054e+000 +1.4566e+001 +8.2574e+000 +1.3139e+001 +1.4280e+001 +1.4647e+001 +5.9082e+000 +4.9814e+000 +9.9081e+000 +1.2554e+001 +8.8856e+000 +7.8187e+000 +6.4566e+000 +1.1845e+001 +5.2035e+000 +4.5244e+000
577 +3.170375568e+004 +3.170375568e+004 +3.205215568e+004 +3.205215568e+004 +1.2569e+001 +8.1314e+000 +4.2458e+000 +1.2784e+000 +9.1540e+000 +1.5381e+001 +5.5052e+000 +1.1777e+001 +1.0805e+001 +8.3580e+000 +8.5884e+000 +4.3392e+000 +9.6955e+000 +9.5375e+000 +4.8591e+000 +9.1460e+000 +6.8555e+000 +8.4297e+000 +5.0132e+000 +5.2547e+000
825 +2.389877156e+004 +2.389877156e+004 +2.424717156e+004 +2.424717156e+004 +7.6906e+000 +8.5999e+000 +1.3381e+001 +6.1652e+000 +8.3842e+000 +1.7248e+001 +3.3336e-001 +9.9944e+000 +6.9584e+000 -1.8240e+000 +5.3810e+000 +4.8665e+000 +9.4932e+000 +1.1149e+001 +7.0413e+000 +6.1849e+000 +4.4666e+000 +5.4035e+000 +5.1583e+000 -4.5750e-001
1005 +1.517573395e+004 +1.517573395e+004 +1.552413395e+004 +1.552413395e+004 +1.2761e+001 +9.7811e+000 +1.3835e+001 +2.0335e+000 +1.3686e+001 +1.0379e+001 +3.3834e+000 +5.8488e+000 +4.9237e+000 +2.7591e+000 +4.3887e+000 +2.1778e+000 +8.5039e+000 +1.0282e+001 +2.7272e+000 +6.0016e+000 +6.0244e+000 +6.2250e+000 +2.3470e+000 +3.4501e-001
1276 +9.534807664e+003 +9.534807664e+003 +9.883207664e+003 +9.883207664e+003 +1.0841e+001 +8.9673e+000 +7.3428e+000 -4.9359e+000 +2.0016e+000 +1.1383e+001 +9.6414e-001 +5.5120e+000 +7.8152e+000 +2.6072e+000 +2.0571e+000 +3.6274e+000 +7.0652e+000 +7.5578e+000 +1.1298e+000 +5.7665e+000 +5.0677e+000 +4.2738e+000 +2.3320e+000 +6.4221e-001
1623 +6.174071118e+003 +6.174071118e+003 +6.522471118e+003 +6.522471118e+003 +1.1746e+001 +7.8137e+000 +6.4592e+000 -5.3340e+000 +5.7715e+000 +6.0291e+000 -8.2295e-001 -3.1395e+000 +1.1857e+000 +5.4581e+000 +1.0087e+000 +2.2834e+000 +6.0892e+000 +6.1079e+000 +6.7616e-001 +5.5291e+000 +4.4796e+000 +5.3573e+000 -9.3173e-001 -9.5297e-001
1927 +3.965574032e+003 +3.965574032e+003 +4.313974032e+003 +4.313974032e+003 +1.2417e+001 +7.0602e+000 +4.5852e-001 -5.0136e+000 +1.6142e+000 +5.4844e+000 -2.4178e+000 -5.0080e+000 +1.1156e+000 +6.6674e+000 -8.4070e-001 +2.1616e+000 +4.9630e+000 +4.3877e+000 +3.8091e-001 +5.3997e+000 +3.6185e+000 +4.1100e+000 -1.8059e+000 -1.3748e+000
2241 +2.435484909e+003 +2.435484909e+003 +2.783884909e+003 +2.783884909e+003 +1.1770e+001 +6.1241e+000 -3.9016e+000 -5.4289e+000 +1.8442e+000 +5.5688e+000 -1.3449e+000 -3.9000e+000 +1.3064e+000 +4.8077e+000 -9.5310e-001 +2.7289e+000 +4.0112e+000 +4.2349e+000 +4.9409e-001 +4.8773e+000 +2.6843e+000 +3.7938e+000 -2.2292e+000 -7.7306e-001
2657 +1.577147931e+003 +1.577147931e+003 +1.925547931e+003 +1.925547931e+003 +1.1978e+001 +6.5807e+000 -5.9538e+000 -3.0779e+000 +2.4344e+000 +4.6607e+000 -4.0555e+000 -6.5593e+000 +3.4038e+000 +5.6199e+000 -1.6926e+000 +3.1473e+000 +1.7775e+000 +1.6592e+000 +7.7928e-001 +4.0939e+000 +1.2765e+000 +2.7015e+000 -2.7740e+000 -7.8536e-001
3316 +9.885181546e+002 +9.885181546e+002 +1.336918155e+003 +1.336918155e+003 +1.1161e+001 +5.5533e+000 -6.5262e+000 -3.4090e+000 +1.0353e+000 +4.2910e+000 -7.6987e-001 -5.1334e+000 +4.7699e+000 +6.0539e+000 -7.7156e-001 +3.2055e+000 -1.0272e-001 +2.6205e+000 +8.6081e-001 +2.6850e+000 -1.8391e-001 +1.8498e+000 -3.5681e+000 -5.0129e-001
5159 +6.278081541e+002 +6.278081541e+002 +9.762081541e+002 +9.762081541e+002 +1.0407e+001 +5.6066e+000 -4.9404e+000 -4.5534e+000 -8.7044e-001 +3.5632e+000 -7.1000e-001 -4.2444e+000 +4.8006e+000 +5.5003e+000 -1.4941e+000 +3.1384e+000 -3.3101e-001 +1.6002e+000 +8.6850e-001 +8.7049e-001 -2.1679e+000 +1.3219e+000 -3.0969e+000 -4.2619e-001
% function evaluation | noise-free fitness - Fopt (3.770000000000e+000) | best noise-free fitness - Fopt | measured fitness | best measured fitness | x1 | x2...
1 +1.653236103e+005 +1.653236103e+005 +1.653273803e+005 +1.653273803e+005 +8.3637e+000 +1.4109e+001 +8.7678e+000 +9.0839e+000 +1.3409e+001 +7.0888e+000 +6.2325e+000 +1.2419e+001 +6.1381e+000 +6.6951e+000 +8.0779e+000 +7.9662e+000 +1.3984e+001 +9.7530e+000 +5.7129e+000 +1.0565e+001 +1.0897e+001 +1.0711e+001 +8.4417e+000 +1.4151e+001
3 +1.578762449e+005 +1.578762449e+005 +1.578800149e+005 +1.578800149e+005 +1.1331e+001 +1.2231e+001 +1.4316e+001 +8.4313e+000 +1.4159e+001 +1.3074e+001 +1.3026e+001 +6.1826e+000 +5.7437e+000 +1.2618e+001 +6.7180e+000 +1.2220e+001 +1.2708e+001 +1.1476e+001 +9.5772e+000 +1.1098e+001 +8.5631e+000 +1.1336e+001 +1.0957e+001 +1.1763e+001
5 +8.076486382e+004 +8.076486382e+004 +8.076863382e+004 +8.076863382e+004 +9.0566e+000 +1.0391e+001 +1.4992e+001 +1.3422e+001 +1.1186e+001 +9.8967e+000 +7.2020e+000 +1.2044e+001 +8.9632e+000 +5.3417e+000 +1.0089e+001 +5.9018e+000 +1.1718e+001 +9.4546e+000 +6.4994e+000 +6.7994e+000 +1.0891e+001 +7.6873e+000 +9.3385e+000 +1.2890e+001
7 +4.468170206e+004 +4.468170206e+004 +4.468547206e+004 +4.468547206e+004 +1.3103e+001 +1.3989e+001 +5.2022e+000 +1.3012e+001 +6.7126e+000 +6.7997e+000 +7.7159e+000 +1.3819e+001 +8.4477e+000 +1.1937e+001 +6.1410e+000 +7.1560e+000 +1.1100e+001 +7.6176e+000 +7.0100e+000 +1.2816e+001 +8.1055e+000 +7.8131e+000 +9.4441e+000 +6.0359e+000
256 +2.956303046e+004 +2.956303046e+004 +2.956680046e+004 +2.956680046e+004 +8.8780e+000 +1.6849e+001 +1.2345e+001 +1.4654e+001 +7.0666e+000 +1.0350e+001 +1.2080e+001 +2.0919e+001 +7.6739e+000 +6.3796e+000 +1.0488e+001 +9.4043e+000 -6.3029e-001 +6.4703e+000 +3.4139e+000 +4.8848e+000 +8.8929e+000 +2.9591e+000 +8.6864e+000 +9.8839e+000
551 +2.300601259e+004 +2.300601259e+004 +2.300978259e+004 +2.300978259e+004 +1.1880e+001 +1.9407e+001 +1.1559e+001 +8.0111e+000 +4.4923e+000 +7.5903e+000 +1.2476e+001 +1.1268e+001 +9.3147e+000 +9.5378e+000 +9.0286e+000 +9.8358e+000 +1.1886e+000 +4.9817e+000 +6.3729e+000 +5.2431e+000 +8.7560e+000 +4.5485e+000 +8.4317e+000 +7.3459e+000
789 +1.496428979e+004 +1.496428979e+004 +1.496805979e+004 +1.496805979e+004 +1.3181e+001 +2.0186e+001 +7.4090e+000 +1.1001e+001 +1.1731e+001 +8.5528e+000 +1.2572e+001 +1.3465e+001 +5.9371e+000 +7.4477e+000 +8.3501e+000 +9.2017e+000 +7.5374e+000 +3.2298e+000 +5.6917e+000 +9.2310e+000 +3.8726e+000 +3.8444e+000 +6.1589e+000 -1.0973e-002
951 +9.626410560e+003 +9.626410560e+003 +9.630180560e+003 +9.630180560e+003 +1.1687e+001 +1.8532e+001 +8.3189e+000 +1.0425e+001 +8.4005e+000 +5.6006e+000 +1.1968e+001 +9.7009e+000 +4.6048e+000 +8.2853e+000 +9.9739e+000 +4.9307e+000 +1.6005e+000 +1.6450e+000 +5.8540e+000 +8.5688e+000 +5.2269e+000 +4.1703e-001 +6.0611e+000 +3.3896e+000
1194 +5.869771535e+003 +5.869771535e+003 +5.873541535e+003 +5.873541535e+003 +1.2860e+001 +1.7797e+001 +4.8908e+000 +5.4111e+000 +6.9683e+000 +8.3687e+000 +1.2180e+001 +1.0861e+001 +2.3248e+000 +8.7698e+000 +9.1830e+000 +5.2030e+000 -2.7508e+000 +9.3992e-001 +3.1386e+000 +5.8255e+000 +4.8023e+000 -9.0243e-003 +5.5266e+000 +3.2931e+000
1451 +3.842103994e+003 +3.842103994e+003 +3.845873994e+003 +3.845873994e+003 +1.0958e+001 +1.7253e+001 +2.7338e+000 +6.0218e+000 +8.2969e+000 +6.1979e+000 +1.1004e+001 +8.3545e+000 +1.0245e+000 +8.6795e+000 +9.1606e+000 +4.3160e+000 -4.9018e+000 +2.9907e-001 +1.0357e+000 +4.1242e+000 +2.9725e+000 -1.3544e+000 +3.7819e+000 +1.3776e+000
1870 +2.470297890e+003 +2.470297890e+003 +2.474067890e+003 +2.474067890e+003 +7.7370e+000 +1.5283e+001 +2.0839e+000 +5.8465e+000 +6.9451e+000 +5.3763e+000 +1.1374e+001 +6.8217e+000 +5.9688e-001 +8.0452e+000 +3.8853e+000 +4.0113e+000 -4.7486e+000 -9.4803e-001 -1.0842e+000 +3.9189e+000 +1.6878e+000 -1.3806e+000 +3.0504e+000 +1.0878e+000
2695 +1.570851080e+003 +1.570851080e+003 +1.574621080e+003 +1.574621080e+003 +8.1223e+000 +1.4862e+001 +9.6465e-001 +4.2812e+000 +5.1112e+000 +4.5370e+000 +1.1425e+001 +5.9090e+000 -1.8028e+000 +5.2958e+000 +3.2815e+000 +3.2672e+000 -5.0013e+000 -3.2617e+000 -3.1781e+000 +3.0897e+000 +1.8589e-001 -4.6343e-001 +2.4047e+000 +1.9240e+000
4426 +9.703267135e+002 +9.703267135e+002 +9.740967135e+002 +9.740967135e+002 +6.1336e+000 +1.4765e+001 +2.2296e-001 +4.4713e+000 -1.6747e+000 +5.1307e+000 +1.1351e+001 +4.8222e+000 -3.0908e+000 +2.2077e+000 +3.1728e+000 +3.5518e+000 -2.8403e+000 -3.5106e+000 -3.9564e+000 +2.6123e+000 -2.9672e-001 -1.2171e+000 +2.7464e+000 +2.0081e+000
% function evaluation | noise-free fitness - Fopt (3.770000000000e+001) | best noise-free fitness - Fopt | measured fitness | best measured fitness | x1 | x2...
1 +1.429472315e+005 +1.429472315e+005 +1.429849315e+005 +1.429849315e+005 +1.1622e+001 +1.2909e+001 +5.5754e+000 +8.9032e+000 +8.6170e+000 +1.3218e+001 +9.0815e+000 +7.8082e+000 +1.3354e+001 +8.5412e+000 +6.3489e+000 +1.4027e+001 +1.3539e+001 +7.2562e+000 +1.3410e+001 +1.3459e+001 +1.4203e+001 +5.2167e+000 +8.2783e+000 +5.7788e+000
4 +8.104297982e+004 +8.104297982e+004 +8.108067982e+004 +8.108067982e+004 +1.1715e+001 +1.2040e+001 +8.5521e+000 +6.1626e+000 +5.0420e+000 +9.5795e+000 +9.5804e+000 +1.2390e+001 +9.4887e+000 +8.9903e+000 +5.9881e+000 +9.3538e+000 +9.6351e+000 +1.0485e+001 +5.4436e+000 +6.4256e+000 +6.9962e+000 +1.1049e+001 +8.8200e+000 +1.2121e+001
17 +4.165011021e+004 +4.165011021e+004 +4.168781021e+004 +4.168781021e+004 +1.2951e+001 +5.7161e+000 +9.1314e+000 +1.2943e+001 +1.1194e+001 +1.4132e+001 +1.2758e+001 +1.3507e+001 +5.8556e+000 +1.1148e+001 +5.5130e+000 +5.8726e+000 +1.3621e+001 +8.9356e+000 +1.3722e+001 +9.5636e+000 +5.5765e+000 +6.3243e+000 +9.2663e+000 +7.4772e+000
105 +3.681925915e+004 +3.681925915e+004 +3.685695915e+004 +3.685695915e+004 +1.1660e+001 +6.9326e+000 +1.0200e+001 +7.4033e+000 +1.3130e+001 +8.5598e+000 +1.4262e+001 +7.9732e+000 +1.2263e+001 +5.2370e+000 +8.2134e+000 +9.9837e+000 +1.0226e+001 +4.6693e+000 +1.2116e+001 +1.1535e+001 +8.0181e+000 +8.0111e+000 +1.1127e+001 +1.5779e+000
307 +1.648794259e+004 +1.648794259e+004 +1.652564259e+004 +1.652564259e+004 +5.4554e+000 +1.0566e+001 +1.3694e+001 +7.0145e+000 +9.6845e+000 +1.6349e+001 +1.0673e+001 +1.3393e+001 +1.4108e+001 +8.5824e+000 +7.6746e+000 +5.9862e+000 +9.4703e+000 +7.5651e+000 +2.2923e+000 +7.2924e+000 +5.3675e+000 +2.3918e+000 +4.7515e+000 +4.0001e+000
668 +1.379555017e+004 +1.379555017e+004 +1.383325017e+004 +1.383325017e+004 +4.4960e+000 +1.1928e+001 +1.1492e+001 +2.5653e+000 +1.2241e+001 +1.8876e+001 +9.0763e+000 +1.3477e+001 +1.1282e+001 +7.0331e+000 +6.3052e+000 +8.0086e+000 +7.6679e+000 +5.8527e+000 +5.9559e+000 +7.7825e+000 +3.2314e+000 +1.3448e+000 +3.9241e+000 +5.3884e+000
884 +9.859219851e+003 +9.859219851e+003 +9.896919851e+003 +9.896919851e+003 +6.4209e+000 +1.2156e+001 +1.5153e+001 +6.4029e+000 +8.9961e+000 +1.8164e+001 +6.5626e+000 +1.3106e+001 +1.1783e+001 +5.3281e+000 +7.4241e+000 +4.2811e+000 +6.0147e+000 +4.2838e+000 -2.4029e+000 +4.3244e+000 +3.0293e+000 -1.1979e+000 +3.1779e-002 +1.3676e+000
1142 +5.928430034e+003 +5.928430034e+003 +5.966130034e+003 +5.966130034e+003 +6.2867e-001 +9.6392e+000 +1.2072e+001 +6.4061e+000 +1.0573e+001 +1.8324e+001 +6.9520e+000 +7.5254e+000 +1.0937e+001 +6.4129e+000 +6.0287e+000 +2.6272e+000 +6.9586e+000 +1.2010e+000 +1.5678e+000 +3.3269e+000 +1.9839e+000 -5.9945e-001 +1.8040e+000 +1.5890e+000
1368 +3.730258828e+003 +3.730258828e+003 +3.767958828e+003 +3.767958828e+003 +2.6556e+000 +7.8989e+000 +1.1870e+001 +6.5564e+000 +1.0708e+001 +1.4267e+001 +6.2180e+000 +4.0124e+000 +5.8881e+000 +1.6061e+000 +5.3950e+000 +2.3742e+000 +7.7870e+000 +2.7182e-001 +8.9971e-001 +1.0478e+000 +1.7186e+000 -9.7282e-001 +4.7391e-001 +2.4854e+000
1576 +2.463786171e+003 +2.463786171e+003 +2.501486171e+003 +2.501486171e+003 -4.9791e+000 +1.2661e+001 +7.4407e+000 +3.5448e+000 +9.0080e+000 +1.1448e+001 +9.2831e+000 +2.8704e+000 +5.8594e+000 +1.1252e+000 +4.7594e+000 +1.1967e+000 +6.3420e+000 -1.2058e+000 +4.3231e-001 +2.5243e+000 +4.8544e-001 +3.4816e-001 -1.2197e+000 +1.1486e+000
1944 +1.516464602e+003 +1.516464602e+003 +1.554164602e+003 +1.554164602e+003 -3.7162e+000 +8.7805e+000 +9.4740e+000 +4.3644e+000 +5.4401e+000 +8.6611e+000 +6.1551e+000 -4.3656e-001 +5.5265e+000 -8.4244e-001 +3.5257e+000 -1.3474e+000 +5.6523e+000 -8.8566e-001 +1.8485e+000 +1.1017e+000 -7.8108e-001 +1.0481e+000 -6.8478e-001 +8.9975e-001
2269 +9.786979122e+002 +9.786979122e+002 +1.016397912e+003 +1.016397912e+003 -2.1176e+000 +7.3158e+000 +3.0514e+000 +4.2083e+000 +3.8953e+000 +8.0972e+000 +4.9809e+000 -5.2738e-001 +3.9122e+000 +1.0721e+000 +3.2649e+000 -1.0423e+000 +5.1675e+000 -4.9711e-001 +3.6907e+000 +7.6028e-001 -1.0651e+000 +4.8512e-001 -5.0154e-001 +1.1615e+000
2947 +6.176775834e+002 +6.176775834e+002 +6.553775834e+002 +6.553775834e+002 -1.6879e+000 +6.6890e+000 -2.5259e+000 +2.2780e+000 +4.1362e+000 +5.2542e+000 +1.5909e+000 -1.3603e+000 +4.7947e+000 +1.1862e+000 +2.9252e+000 -1.6997e+000 +5.0994e+000 +3.2241e-001 +2.6307e+000 +5.5964e-001 -2.0579e+000 +8.5927e-001 +1.6754e+000 +1.4263e+000
4977 +3.950640366e+002 +3.950640366e+002 +4.327640366e+002 +4.327640366e+002 -2.0225e+000 +7.0794e+000 -8.4648e-001 +1.7073e+000 +2.4269e+000 +3.9576e+000 +1.2702e+000 -1.5251e+000 +5.0373e+000 +1.0945e+000 +2.5685e+000 -1.3086e+000 +4.4455e+000 +2.2867e-001 +2.7682e+000 +1.0553e+000 -1.5406e+000 -8.6445e-001 +4.0157e+000 +1.5896e+000
% function evaluation | noise-free fitness - Fopt (6.956900000000e+002) | best noise-free fitness - Fopt | measured fitness | best measured fitness | x1 | x2...
1 +3.728162317e+005 +3.728162317e+005 +3.735119217e+005 +3.735119217e+005 +5.1625e+000 +1.2018e+001 +5.8374e+000 +1.1666e+001 +6.2990e+000 +8.4775e+000 +1.2712e+001 +1.1537e+001 +1.4730e+001 +1.1433e+001 +5.0101e+000 +1.4816e+001 +5.9090e+000 +1.0909e+001 +1.3923e+001 +5.2682e+000 +8.2937e+000 +5.0244e+000 +7.3876e+000 +1.4974e+001
3 +8.077214447e+004 +8.077214447e+004 +8.146783447e+004 +8.146783447e+004 +1.4916e+001 +7.8120e+000 +6.2448e+000 +1.1981e+001 +5.8551e+000 +9.2118e+000 +1.2379e+001 +9.6037e+000 +1.0157e+001 +1.1209e+001 +8.6480e+000 +1.1710e+001 +8.4409e+000 +1.4497e+001 +9.9641e+000 +9.3503e+000 +5.9409e+000 +1.1003e+001 +6.9526e+000 +5.4554e+000
221 +4.505986867e+004 +4.505986867e+004 +4.575555867e+004 +4.575555867e+004 +4.4090e+000 +4.0246e+000 +8.1918e+000 +9.4637e+000 +1.0983e+001 +1.0059e+001 +1.3846e+001 +4.3663e+000 +1.1563e+001 +1.4194e+000 +9.1555e+000 +5.7381e+000 +8.7770e+000 +1.0905e+001 +9.6359e+000 +3.3690e+000 +1.2775e+001 +7.5072e+000 +5.2209e+000 +7.2243e+000
265 +3.580095935e+004 +3.580095935e+004 +3.649664935e+004 +3.649664935e+004 +1.3019e+001 +1.3527e+001 +1.2246e+001 +1.0840e+001 +5.4188e+000 +2.4413e+000 +6.8385e+000 +1.2418e+001 +9.0814e+000 +6.8133e+000 +1.1347e+001 +1.1055e+001 +1.3088e+001 +7.0871e+000 +8.7943e+000 +3.0814e+000 +8.8486e+000 +1.0538e+001 +2.6671e+000 +6.2369e+000
664 +2.289475392e+004 +2.289475392e+004 +2.359044392e+004 +2.359044392e+004 +1.2242e+001 +7.4152e+000 +1.1824e+001 +4.5703e+000 +6.8003e+000 +3.3659e+000 +8.1899e+000 +1.0527e+001 +3.9544e+000 +9.2732e+000 +9.0550e+000 +6.2721e+000 +1.3009e+001 +2.4628e+000 +7.7786e+000 +2.8012e+000 +4.4275e+000 +8.0490e+000 +9.8706e-001 +6.8239e+000
846 +1.572142088e+004 +1.572142088e+004 +1.641711088e+004 +1.641711088e+004 +1.3917e+001 +5.1290e+000 +1.3690e+001 +6.3124e+000 +8.1010e+000 +1.5913e+000 +8.5788e+000 +1.2169e+001 +3.3810e+000 +7.4196e+000 +6.5713e+000 +4.5545e+000 +1.1925e+001 +3.0990e+000 +8.4664e+000 +2.2105e+000 +2.8602e+000 +7.0770e+000 +1.1443e+000 +4.5963e+000
1069 +8.458674828e+003 +8.458674828e+003 +9.154364828e+003 +9.154364828e+003 +1.8079e+001 +6.9205e+000 +1.2789e+001 +6.3609e+000 +8.8044e+000 -3.0754e+000 +1.1085e+001 +1.0612e+001 +2.4606e+000 +5.2115e+000 +7.5995e+000 +5.8247e-001 +8.4764e+000 +4.4661e+000 +6.7739e+000 +2.2057e+000 +4.7259e+000 +6.0678e+000 -7.3347e-001 +3.2408e+000
1283 +6.307392188e+003 +6.307392188e+003 +7.003082188e+003 +7.003082188e+003 +1.8942e+001 +4.2325e+000 +1.2399e+001 +6.9330e+000 +8.3516e+000 -1.3105e+000 +8.5312e+000 +1.1423e+001 -1.3929e+000 +5.4176e+000 +7.7780e+000 +4.6558e-001 +8.4142e+000 +2.9717e+000 +6.3119e+000 +1.3290e+000 +2.9485e+000 +5.2425e+000 -1.0367e+000 +1.7005e+000
1622 +3.789963551e+003 +3.789963551e+003 +4.485653551e+003 +4.485653551e+003 +1.6470e+001 -1.4895e-001 +1.4585e+001 +5.5437e+000 +5.5939e+000 -3.6320e-001 +7.9970e+000 +1.0382e+001 -4.6769e+000 +4.4992e+000 +6.0281e+000 -3.6184e-001 +7.6823e+000 +1.6460e+000 +4.8456e+000 +2.7814e-001 +3.6834e+000 +4.4870e+000 -1.0956e+000 +7.2098e-001
2203 +2.501100851e+003 +2.501100851e+003 +3.196790851e+003 +3.196790851e+003 +1.4032e+001 -1.8557e+000 +1.4542e+001 +5.2152e+000 +4.4669e+000 -1.4869e+000 +6.4403e+000 +9.6722e+000 -6.4725e+000 +4.3643e+000 +3.4483e+000 -3.2561e-001 +6.3370e+000 +1.2931e+000 +2.1459e+000 -6.4579e-001 +4.1797e+000 +3.6249e+000 -8.3444e-001 +4.1648e-001
3204 +1.580219085e+003 +1.580219085e+003 +2.275909085e+003 +2.275909085e+003 +1.4655e+001 -3.1641e+000 +1.4359e+001 +3.9017e+000 +4.1412e+000 -1.7547e+000 +4.6991e+000 +1.6520e+000 -6.5079e+000 +3.4928e+000 +2.8100e+000 -3.1041e+000 +4.6438e+000 -1.2199e-001 +1.0809e+000 -1.1157e+000 +2.8554e+000 +3.3485e+000 -2.7785e+000 +3.8311e-002
% function evaluation | noise-free fitness - Fopt (-1.180300000000e+002) | best noise-free fitness - Fopt | measured fitness | best measured fitness | x1 | x2...
1 +1.421678808e+005 +1.421678808e+005 +1.420498508e+005 +1.420498508e+005 +1.3386e+001 +1.4273e+001 +8.5119e+000 +9.7812e+000 +1.2258e+001 +8.2757e+000 +1.4057e+001 +1.1524e+001 +9.9901e+000 +7.5547e+000 +8.3902e+000 +9.5132e+000 +1.0071e+001 +5.2308e+000 +1.2002e+001 +1.4898e+001 +1.4178e+001 +1.1381e+001 +9.0880e+000 +8.6591e+000
7 +9.354476017e+004 +9.354476017e+004 +9.342673017e+004 +9.342673017e+004 +1.0678e+001 +1.2850e+001 +1.2117e+001 +9.4766e+000 +1.3216e+001 +1.1502e+001 +7.7956e+000 +1.3863e+001 +6.8300e+000 +6.9325e+000 +1.1913e+001 +1.2171e+001 +9.7786e+000 +1.0357e+001 +1.3339e+001 +7.3840e+000 +1.4343e+001 +1.0833e+001 +1.1548e+001 +5.7551e+000
9 +6.144904188e+004 +6.144904188e+004 +6.133101188e+004 +6.133101188e+004 +1.2673e+001 +1.2676e+001 +6.3083e+000 +1.4209e+001 +8.8796e+000 +1.1351e+001 +1.0307e+001 +1.3579e+001 +5.2509e+000 +7.8806e+000 +8.8935e+000 +1.2148e+001 +1.0912e+001 +5.8418e+000 +1.3327e+001 +8.8082e+000 +1.0487e+001 +7.9934e+000 +6.8940e+000 +6.4875e+000
253 +2.330509044e+004 +2.330509044e+004 +2.318706044e+004 +2.318706044e+004 +6.3333e+000 +1.0337e+001 +2.4586e+000 +1.1066e+001 +9.2318e+000 +9.5388e+000 +4.4086e+000 +6.5335e+000 -2.1108e-002 +1.6837e+000 +9.4376e+000 +8.7481e+000 +6.3090e+000 +6.4843e+000 +1.1180e+001 +3.0693e+000 +1.0245e+001 -1.6104e+000 +8.8842e+000 +2.8926e+000
715 +1.561262767e+004 +1.561262767e+004 +1.549459767e+004 +1.549459767e+004 +4.3724e+000 +1.2200e+001 +6.0959e+000 +6.8741e+000 +1.0057e+001 +1.0720e+001 -5.0406e+000 +5.1280e+000 -1.6308e+000 -3.3893e+000 +3.3149e+000 +8.6146e+000 +7.0776e+000 +7.7054e+000 +8.6979e+000 +4.4302e+000 +1.0154e+001 -9.0480e-001 +9.4310e+000 +1.1592e+000
851 +9.277985680e+003 +9.277985680e+003 +9.159955680e+003 +9.159955680e+003 +4.3606e+000 +1.0386e+001 +3.4915e+000 +7.1225e+000 +8.7798e+000 +8.1626e+000 +9.6093e-001 +5.7045e+000 -5.0144e+000 -4.0696e+000 +5.8287e+000 +7.1158e+000 +6.6434e+000 +3.8956e+000 +8.7100e+000 +1.1321e+000 +9.7312e+000 -8.3694e+000 +7.3063e+000 +4.0937e-001
1076 +6.223652178e+003 +6.223652178e+003 +6.105622178e+003 +6.105622178e+003 +4.5787e+000 +9.9008e+000 +3.4572e+000 +5.3393e+000 +1.0065e+001 +7.8657e+000 +1.7246e+000 +6.4468e+000 -6.1300e+000 -3.5229e+000 +3.1638e+000 +6.0438e+000 +5.7826e+000 +2.2822e+000 +6.5542e+000 -1.7365e+000 +8.2904e+000 -8.8417e+000 +7.2080e+000 -4.8585e-001
1263 +3.858430083e+003 +3.858430083e+003 +3.740400083e+003 +3.740400083e+003 +1.1254e+001 +1.0472e+001 +3.7976e+000 +6.2291e+000 +6.7956e+000 +7.2374e+000 +1.3739e-001 +5.4623e+000 -6.4577e+000 +1.6019e+000 +1.4590e+000 +2.8774e+000 +4.7947e+000 +7.4932e-001 +6.2445e+000 -3.2261e+000 +5.8427e+000 -7.5688e+000 +6.9636e+000 -1.4937e+000
1470 +2.088906233e+003 +2.088906233e+003 +1.970876233e+003 +1.970876233e+003 +3.0341e+000 +9.5232e+000 +2.9500e+000 -5.0207e-001 +4.1148e+000 +7.5675e+000 -7.1164e-002 +4.0317e+000 -4.0809e+000 +1.1738e-001 -2.5458e+000 +4.1330e+000 +5.5580e+000 -8.0669e-001 +3.6015e+000 -7.2984e+000 +6.6809e+000 -2.1681e-002 +6.5915e+000 -2.7524e+000
1712 +1.550352213e+003 +1.550352213e+003 +1.432322213e+003 +1.432322213e+003 +7.2429e+000 +9.8863e+000 +5.7942e+000 -3.5441e-001 -3.1019e-001 +7.1046e+000 -2.3647e-001 +3.7112e+000 -6.8463e+000 -1.7422e-001 -5.4884e-001 +1.9591e+000 +6.4930e+000 +1.1352e+000 +2.4812e+000 -3.2320e+000 +6.4129e+000 +1.7635e+000 +5.8121e+000 -3.0286e+000
2098 +9.933038068e+002 +9.933038068e+002 +8.752738068e+002 +8.752738068e+002 +4.0708e+000 +1.1075e+001 +3.0791e+000 -4.4797e+000 -1.5202e+000 +6.7154e+000 -8.3352e-001 +4.5485e+000 -2.1528e+000 -1.5693e-001 -2.0774e+000 +9.0767e-001 +5.8809e+000 -1.8534e+000 +9.6103e-001 -3.6892e+000 +5.1225e+000 +1.2611e+000 +5.7155e+000 -3.4720e+000
2877 +6.275963681e+002 +6.275963681e+002 +5.095663681e+002 +5.095663681e+002 +9.4796e-001 +1.0431e+001 +1.7992e-001 -3.3753e+000 -2.4005e+000 +5.0677e+000 -3.4505e-001 +3.4462e+000 -2.8731e+000 +1.2524e+000 -1.8726e+000 -4.8907e-001 +4.6747e+000 -1.8536e+000 +8.8133e-001 -6.6469e-001 +5.0487e+000 +1.1167e+000 +4.6126e+000 -4.0063e+000
3408 +3.948140322e+002 +3.948140322e+002 +2.767840322e+002 +2.767840322e+002 -1.8810e-001 +1.0349e+001 +5.5273e-001 -1.7496e+000 -2.3993e+000 +3.0937e+000 -6.3323e-001 +2.4922e+000 -2.9983e+000 +4.6310e-001 -1.5787e+000 -3.1085e-001 +4.4241e+000 -2.3285e+000 +4.1720e-001 +7.2213e-002 +5.1258e+000 +1.2072e+000 +4.0561e+000 -3.6941e+000
4998 +2.403127808e+002 +2.403127808e+002 +1.222827808e+002 +1.222827808e+002 -9.0984e-002 +1.0360e+001 +5.1260e-001 -2.3018e+000 -2.1126e+000 +6.7298e-001 -6.2835e-001 +1.2391e+000 -2.7921e+000 +3.6724e-001 -2.2572e+000 -5.2478e-001 +3.7655e+000 -2.3355e+000 +6.0566e-001 -4.3053e-003 +5.0523e+000 +1.1909e+000 +3.9786e+000 -3.6455e+000
% function evaluation | noise-free fitness - Fopt (4.816000000000e+001) | best noise-free fitness - Fopt | measured fitness | best measured fitness | x1 | x2...
1 +3.773763694e+005 +3.773763694e+005 +3.774245294e+005 +3.774245294e+005 +1.2895e+001 +5.7715e+000 +1.3560e+001 +1.3493e+001 +1.3255e+001 +1.4416e+001 +7.0232e+000 +8.4425e+000 +5.5809e+000 +7.9827e+000 +1.4314e+001 +6.4028e+000 +1.0355e+001 +5.1071e+000 +6.8125e+000 +5.9253e+000 +1.4801e+001 +1.2804e+001 +1.3052e+001 +1.4009e+001
3 +1.020664836e+005 +1.020664836e+005 +1.021146436e+005 +1.021146436e+005 +7.6758e+000 +1.3189e+001 +1.0883e+001 +1.3137e+001 +7.8789e+000 +1.2752e+001 +1.1312e+001 +1.0442e+001 +9.2562e+000 +1.1310e+001 +6.1575e+000 +1.2937e+001 +5.1027e+000 +1.3431e+001 +1.4996e+001 +5.0536e+000 +5.7775e+000 +7.3430e+000 +8.8709e+000 +1.0010e+001
8 +9.976987422e+004 +9.976987422e+004 +9.981803422e+004 +9.981803422e+004 +9.6132e+000 +1.3199e+001 +7.8384e+000 +1.4612e+001 +1.0363e+001 +6.5908e+000 +9.2907e+000 +9.2020e+000 +1.0120e+001 +9.5715e+000 +1.1166e+001 +5.6665e+000 +1.2455e+001 +1.4478e+001 +6.7366e+000 +1.2006e+001 +1.0137e+001 +1.3375e+001 +1.1397e+001 +5.5121e+000
18 +5.241769521e+004 +5.241769521e+004 +5.246585521e+004 +5.246585521e+004 +1.4830e+001 +5.1008e+000 +1.1598e+001 +1.4753e+001 +1.1283e+001 +7.5768e+000 +8.4818e+000 +1.4754e+001 +1.4231e+001 +1.1589e+001 +1.0866e+001 +1.2763e+001 +1.3262e+001 +1.2196e+001 +9.3813e+000 +6.7291e+000 +5.9377e+000 +5.5555e+000 +6.0447e+000 +5.4840e+000
90 +3.240873637e+004 +3.240873637e+004 +3.245689637e+004 +3.245689637e+004 +7.2718e+000 +2.6096e+000 +3.7902e+000 +5.9355e+000 +1.1400e+001 +6.7855e+000 +9.5445e+000 +1.3016e+001 +1.2608e+001 +5.5184e+000 +9.5919e+000 +6.7598e+000 +1.1250e+001 +1.3562e+001 +7.1062e+000 +6.8828e+000 +1.0350e+001 +5.6531e+000 +5.1226e+000 +6.9373e+000
320 +2.109897714e+004 +2.109897714e+004 +2.114713714e+004 +2.114713714e+004 +6.6623e+000 +7.8843e+000 +1.5587e+001 +1.3321e+001 +2.9334e+000 +1.3869e+001 +9.4015e+000 +9.5703e+000 +1.0146e+001 +7.1223e+000 +9.0219e+000 +8.0181e+000 +7.8456e+000 +1.2252e+001 +2.8866e+000 +5.5609e+000 +6.1614e+000 +3.7251e+000 +6.7929e-001 +8.0501e+000
664 +1.546816870e+004 +1.546816870e+004 +1.551632870e+004 +1.551632870e+004 +1.1109e+001 +1.0933e+001 +1.8163e+001 +8.8888e+000 +6.0117e+000 +1.4921e+001 +1.2154e+001 +7.7340e+000 +7.6303e+000 +7.8717e+000 +1.0236e+001 +5.1385e+000 +1.0419e+001 +1.0888e+000 +5.1484e+000 +5.3970e+000 +8.7014e+000 +5.5321e+000 -7.7861e-001 +4.5093e+000
953 +9.752669874e+003 +9.752669874e+003 +9.800829874e+003 +9.800829874e+003 +1.0569e+001 +4.8642e+000 +1.8589e+001 +1.3282e+001 +3.5399e+000 +1.2852e+001 +7.9437e+000 +9.3818e-001 +1.0159e+001 +7.5687e+000 +9.7327e+000 +6.7635e+000 +1.0940e+001 +8.3414e+000 +2.8822e+000 +2.7542e+000 +6.3490e+000 +2.8634e+000 +2.1452e+000 +1.8803e+000
1189 +6.166058153e+003 +6.166058153e+003 +6.214218153e+003 +6.214218153e+003 +1.4984e+001 +9.4744e+000 +1.8069e+001 +1.8098e+001 +4.2650e+000 +1.2630e+001 +4.3588e+000 +1.0118e+000 +9.0548e+000 +7.4858e+000 +6.0635e+000 +2.7333e+000 +7.0117e+000 +7.5053e+000 +1.2225e+000 +1.6667e+000 +6.6560e+000 +6.4722e+000 +2.4774e-001 -7.0830e-001
1509 +3.967923712e+003 +3.967923712e+003 +4.016083712e+003 +4.016083712e+003 +1.2379e+001 +2.2118e+000 +1.6442e+001 +1.7439e+001 +4.3821e+000 +9.3184e+000 +3.8025e+000 +2.2435e-001 +6.9598e+000 +6.5763e+000 +4.8696e+000 +2.2698e+000 +7.9577e+000 +6.2376e+000 +3.2107e-001 +1.7082e+000 +5.3687e+000 +3.8528e+000 -2.5712e+000 -1.3516e+000
2009 +2.504539878e+003 +2.504539878e+003 +2.552699878e+003 +2.552699878e+003 +7.6709e+000 -8.9777e+000 +1.6123e+001 +1.4839e+001 +4.2158e+000 +2.4902e+000 -1.9404e-002 +1.0259e+000 +5.8181e+000 +4.6565e+000 +2.3473e+000 +9.8268e-001 +5.6616e+000 +5.9812e+000 -1.8826e+000 +1.0871e+000 +3.9573e+000 +3.8726e+000 -4.0459e-001 -2.2797e+000
2905 +1.504432124e+003 +1.504432124e+003 +1.552592124e+003 +1.552592124e+003 +4.0267e+000 -9.6807e+000 +1.4977e+001 +1.0637e+001 +3.2364e+000 +3.4419e+000 -1.2896e+000 -1.5547e-001 +9.9301e-001 +3.3804e+000 +1.9148e+000 -4.3035e-001 +4.4344e+000 +5.8595e+000 -2.1772e+000 +8.0135e-001 +3.9368e+000 +2.8865e+000 -1.1011e+000 -1.5396e+000
3573 +9.945404009e+002 +9.945404009e+002 +1.042700401e+003 +1.042700401e+003 +3.7884e+000 -1.6782e+000 +1.5090e+001 +5.0679e+000 +2.5496e+000 +2.6106e+000 -1.5580e+000 -1.4649e+000 +1.1724e+000 +3.0932e+000 +1.8955e+000 -1.9572e-001 +4.2311e+000 +5.7342e+000 -2.6437e+000 +9.2543e-001 +3.7364e+000 +3.1980e+000 -1.0973e+000 -1.3953e+000
% function evaluation | noise-free fitness - Fopt (8.384000000000e+001) | best noise-free fitness - Fopt | measured fitness | best measured fitness | x1 | x2...
1 +5.099664001e+005 +5.099664001e+005 +5.100502401e+005 +5.100502401e+005 +5.0158e+000 +1.0057e+001 +7.7421e+000 +1.2145e+001 +1.3353e+001 +6.8954e+000 +9.8176e+000 +6.0901e+000 +1.3966e+001 +7.0084e+000 +1.0565e+001 +7.1687e+000 +1.0299e+001 +5.4191e+000 +1.4536e+001 +1.4169e+001 +9.0690e+000 +1.1940e+001 +1.3416e+001 +1.2058e+001
3 +1.349711656e+005 +1.349711656e+005 +1.350550056e+005 +1.350550056e+005 +5.3338e+000 +1.4057e+001 +8.4688e+000 +1.3416e+001 +1.2072e+001 +1.2058e+001 +6.8545e+000 +1.1340e+001 +1.1671e+001 +9.4571e+000 +1.3975e+001 +6.9482e+000 +1.4661e+001 +1.1097e+001 +7.4999e+000 +1.4492e+001 +1.1249e+001 +7.1488e+000 +6.7605e+000 +8.3320e+000
4 +6.563710942e+004 +6.563710942e+004 +6.572094942e+004 +6.572094942e+004 +7.5922e+000 +1.3651e+001 +8.7889e+000 +1.2475e+001 +1.4923e+001 +1.1268e+001 +1.2818e+001 +1.1981e+001 +1.0591e+001 +1.2079e+001 +8.1231e+000 +8.5815e+000 +7.5918e+000 +9.1693e+000 +5.1551e+000 +1.0361e+001 +1.0874e+001 +1.2443e+001 +5.0424e+000 +5.9342e+000
27 +6.079342965e+004 +6.079342965e+004 +6.087726965e+004 +6.087726965e+004 +9.5356e+000 +1.4437e+001 +6.4930e+000 +1.1277e+001 +8.2190e+000 +8.9832e+000 +1.1426e+001 +1.4119e+001 +5.6590e+000 +1.0039e+001 +8.4270e+000 +1.0700e+001 +1.0268e+001 +1.2665e+001 +1.2814e+001 +9.7454e+000 +5.5480e+000 +7.1801e+000 +6.8457e+000 +5.7984e+000
514 +3.829657463e+004 +3.829657463e+004 +3.838041463e+004 +3.838041463e+004 +1.0109e+001 +1.5175e+001 +1.1513e+001 +8.8259e+000 +8.5100e+000 +1.0528e+001 +9.3886e+000 +1.3700e+001 +9.3381e+000 +1.4093e+001 +1.0268e+001 +6.6928e+000 +8.3720e+000 +9.8542e+000 +1.1472e+001 +5.1033e+000 +5.5659e+000 +1.6100e+000 +3.1330e+000 +5.6869e+000
771 +2.364000583e+004 +2.364000583e+004 +2.372384583e+004 +2.372384583e+004 +4.0544e+000 +1.3196e+001 +9.1302e+000 -8.4745e+000 +9.5042e+000 +1.2115e+001 +8.0915e+000 +8.6789e+000 +5.1206e+000 +1.2245e+001 +7.0553e+000 +8.9977e+000 +4.0741e+000 +1.0889e+001 +6.4900e+000 +2.8149e+000 +6.8422e+000 -1.8694e-001 +6.4320e-001 +4.8444e+000
973 +1.009909139e+004 +1.009909139e+004 +1.018293139e+004 +1.018293139e+004 +3.7227e+000 +1.5644e+001 +1.2724e+001 +1.4941e+001 +1.0485e+001 +1.1802e+001 +6.3648e+000 +6.1812e+000 +7.2264e+000 +6.4818e+000 +8.2785e+000 +8.9564e+000 +3.3226e+000 +9.1592e+000 +6.3867e+000 +6.0376e+000 +3.6366e+000 +1.0288e+000 -8.0732e-001 +1.8259e+000
1051 +8.952973396e+003 +8.952973396e+003 +9.036813396e+003 +9.036813396e+003 +3.1100e+000 +1.5287e+001 +1.2250e+001 +1.1575e+001 +1.0318e+001 +1.1691e+001 +7.0623e+000 +6.1474e+000 +6.7320e+000 +5.2386e+000 +8.7180e+000 +8.9351e+000 +2.4128e+000 +9.3898e+000 +6.0103e+000 +5.3006e+000 +3.0730e+000 +9.6019e-001 -1.4701e+000 +1.8651e+000
1170 +6.259328537e+003 +6.259328537e+003 +6.343168537e+003 +6.343168537e+003 +1.2840e+000 +1.5785e+001 +1.1964e+001 +1.3348e+001 +7.3662e+000 +1.1002e+001 +7.8375e+000 +5.8173e+000 +1.6000e+000 +4.2292e+000 +7.3814e+000 +7.1769e+000 +1.2275e+000 +8.3165e+000 +5.0794e+000 +4.3405e+000 +4.0893e+000 +4.6244e-001 +8.9344e-001 +3.2970e-001
1401 +3.709288209e+003 +3.709288209e+003 +3.793128209e+003 +3.793128209e+003 -2.0637e+000 +1.5853e+001 +8.6327e+000 +7.5510e+000 +7.3728e+000 +1.0000e+001 +3.7209e+000 +4.6662e+000 +2.8307e+000 +4.8438e+000 +6.1562e+000 +7.1181e+000 +9.2085e-001 +8.1621e+000 +5.9291e+000 +3.5875e+000 +2.9961e+000 +1.8617e+000 -2.6176e+000 -1.4083e+000
1589 +2.493169924e+003 +2.493169924e+003 +2.577009924e+003 +2.577009924e+003 -3.1733e+000 +1.6189e+001 +6.6960e+000 +7.3756e+000 +5.7718e+000 +9.3252e+000 +2.8616e+000 +3.1748e+000 +2.8079e+000 +9.9566e-001 +7.0124e+000 +6.7330e+000 +1.4646e-001 +6.9008e+000 +4.6879e+000 +3.6650e+000 +1.3830e+000 -7.9258e-001 -3.7241e+000 -2.2299e+000
1864 +1.362625475e+003 +1.362625475e+003 +1.446465475e+003 +1.446465475e+003 -7.8254e+000 +1.5993e+001 +3.0163e+000 +4.0911e+000 +6.1271e+000 +8.3064e+000 +2.6668e+000 +9.3994e-001 +1.6887e+000 +7.8941e-001 +3.8386e+000 +4.2092e+000 -2.5188e+000 +4.6995e+000 +3.9831e+000 +5.3553e+000 +1.5138e+000 +8.2608e-001 -5.0550e+000 -4.7572e+000
2060 +9.975871803e+002 +9.975871803e+002 +1.081427180e+003 +1.081427180e+003 -1.0991e+001 +1.6790e+001 +4.2823e+000 +2.3929e+000 +4.6362e+000 +5.9368e+000 +5.0805e-001 +3.8557e-002 +7.2754e-001 -7.1334e-001 +2.6361e+000 +4.5730e+000 -2.6101e+000 +4.4328e+000 +2.6447e+000 +3.4752e+000 +9.9047e-001 +9.1141e-001 -5.3770e+000 -4.9496e+000
2522 +5.996603270e+002 +5.996603270e+002 +6.835003270e+002 +6.835003270e+002 -8.1985e+000 +1.4698e+001 -1.3921e+000 +1.0171e-003 +4.4146e+000 +4.6705e+000 +5.6923e-001 -7.5994e-002 +3.4401e-001 -3.3090e+000 +2.7455e+000 +2.5906e+000 -3.4608e+000 +3.1984e+000 +1.9397e+000 +3.3869e+000 +1.2295e+000 +1.9557e+000 -5.4103e+000 -5.5787e+000
3513 +3.904435253e+002 +3.904435253e+002 +4.742835253e+002 +4.742835253e+002 -3.4171e+000 +1.3053e+001 -2.2548e+000 +5.1554e-002 +3.8831e+000 +4.3163e+000 -4.1311e-001 +1.2891e-001 -2.8422e-001 -2.3055e+000 +1.3389e+000 +2.2720e+000 -4.0882e+000 +2.6196e+000 +1.5952e+000 +2.8813e+000 +5.1960e-001 +1.9307e+000 -4.4706e+000 -4.6427e+000
6847 +2.432299670e+002 +2.432299670e+002 +3.270699670e+002 +3.270699670e+002 -1.5996e+000 +1.3023e+001 -4.8171e-001 +1.4921e-002 +3.8833e+000 +3.0391e+000 -2.1629e-001 -1.1877e+000 -6.5841e-001 -2.1402e+000 +1.2464e+000 +9.7873e-001 -3.8596e+000 +2.6881e+000 +1.9590e+000 +2.1431e+000 +5.6937e-001 +1.8425e+000 -4.5518e+000 -3.6364e+000
% function evaluation | noise-free fitness - Fopt (1.536000000000e+001) | best noise-free fitness - Fopt | measured fitness | best measured fitness | x1 | x2...
1 +1.543677207e+005 +1.543677207e+005 +1.543830807e+005 +1.543830807e+005 +1.3458e+001 +1.0142e+001 +1.2344e+001 +7.1843e+000 +6.5653e+000 +1.1318e+001 +1.2803e+001 +8.0796e+000 +9.3780e+000 +9.7906e+000 +5.7646e+000 +1.1280e+001 +7.1856e+000 +1.1858e+001 +1.0359e+001 +1.4977e+001 +5.4653e+000 +5.4845e+000 +9.2047e+000 +6.9568e+000
4 +8.871606571e+004 +8.871606571e+004 +8.873142571e+004 +8.873142571e+004 +9.5984e+000 +1.4319e+001 +1.0050e+001 +5.6155e+000 +9.5399e+000 +1.4028e+001 +1.4045e+001 +1.1454e+001 +5.1855e+000 +6.5289e+000 +6.1903e+000 +5.3051e+000 +1.3454e+001 +6.4211e+000 +7.9042e+000 +1.1217e+001 +1.0972e+001 +1.4772e+001 +5.1335e+000 +5.4487e+000
46 +5.938106254e+004 +5.938106254e+004 +5.939642254e+004 +5.939642254e+004 +1.4583e+001 +8.1932e+000 +5.6995e+000 +1.1627e+001 +1.3336e+001 +1.0143e+001 +1.4314e+001 +1.4255e+001 +7.8385e+000 +9.4676e+000 +9.9689e+000 +5.1502e+000 +5.7176e+000 +8.1005e+000 +8.2910e+000 +9.1434e+000 +5.3890e+000 +7.1051e+000 +7.8319e+000 +7.5818e+000
252 +3.854589096e+004 +3.854589096e+004 +3.856125096e+004 +3.856125096e+004 +1.2492e+001 +1.0883e+001 +1.5596e+001 +1.3251e+001 +9.4417e+000 +1.0034e+001 +5.4988e+000 +1.3605e+001 +7.1150e+000 +8.6511e+000 +7.3710e+000 +3.3647e+000 +6.8105e+000 +8.7507e+000 +7.1724e+000 +7.8719e+000 +7.1536e+000 +7.7996e+000 +6.4488e+000 +7.4111e+000
654 +2.467334720e+004 +2.467334720e+004 +2.468870720e+004 +2.468870720e+004 +1.4387e+001 +1.3395e+001 +1.0522e+001 +1.6978e+001 +4.6132e+000 +1.1270e+001 +8.8622e+000 +8.4414e+000 +1.0014e+001 +7.1586e+000 +8.7193e+000 +3.8186e+000 +5.6971e+000 +8.3304e+000 +1.1697e+001 +1.4184e+000 +4.5413e+000 +7.5786e+000 +6.2793e+000 +3.2945e+000
849 +1.514995794e+004 +1.514995794e+004 +1.516531794e+004 +1.516531794e+004 +1.4090e+001 +1.6600e+001 +1.0358e+001 +1.2176e+001 +5.9883e+000 +8.7329e+000 +9.2739e+000 +6.6870e+000 +9.5887e-001 +3.5629e+000 +2.3162e+000 +4.5179e+000 +4.1675e+000 +8.1106e+000 +9.0121e+000 +2.0173e+000 +2.4435e+000 +7.4387e+000 +5.7202e+000 -7.3119e-001
1155 +9.244444726e+003 +9.244444726e+003 +9.259804726e+003 +9.259804726e+003 +1.4594e+001 +1.6485e+001 +7.6648e+000 +9.5660e+000 -9.0986e-001 +6.9079e+000 +8.2585e+000 +7.1995e+000 +2.6838e+000 +8.1803e-001 -5.4906e-001 +1.6722e+000 +3.3302e+000 +6.8644e+000 +6.8923e+000 +1.4128e-002 +2.8309e+000 +7.9387e+000 +4.0877e+000 -1.9506e+000
1312 +6.087551910e+003 +6.087551910e+003 +6.102911910e+003 +6.102911910e+003 +1.3453e+001 +1.7426e+001 +2.2161e+000 +7.2072e+000 -1.6093e+000 +5.3460e+000 +7.7281e+000 +6.4030e+000 +1.4989e-002 -3.6299e+000 -2.7818e+000 +3.0480e-001 +2.0204e+000 +6.0408e+000 +5.0251e+000 -3.3627e-001 +1.7447e+000 +7.1104e+000 +3.4193e+000 -2.4576e+000
1481 +3.928758650e+003 +3.928758650e+003 +3.944118650e+003 +3.944118650e+003 +1.1757e+001 +1.8017e+001 +1.6584e+000 +5.4337e+000 +6.9517e-001 +4.9920e+000 +8.5481e+000 +6.8738e+000 -1.8935e+000 -3.6017e+000 -3.2967e+000 -7.4225e-001 +7.5574e-001 +4.9215e+000 +4.7357e+000 -2.3920e+000 +3.3172e+000 +6.9686e+000 +2.3078e+000 -2.8622e+000
1730 +2.478749127e+003 +2.478749127e+003 +2.494109127e+003 +2.494109127e+003 +1.1758e+001 +1.7324e+001 +3.0436e-001 +3.7122e+000 -2.0042e+000 +4.4518e+000 +8.3981e+000 +5.8035e+000 -1.2518e+000 -6.3673e+000 -5.0868e+000 -1.2606e+000 -7.4437e-001 +3.8125e+000 +5.3715e+000 -3.2954e+000 +2.7884e+000 +6.6975e+000 -6.7846e-002 -2.4063e+000
2297 +1.563476361e+003 +1.563476361e+003 +1.578836361e+003 +1.578836361e+003 +9.1643e+000 +1.8666e+001 +9.9622e-001 -6.4796e+000 -1.5983e+000 +3.7682e+000 +6.2144e+000 +4.2768e+000 -8.6032e-001 -6.3080e+000 -5.8554e+000 -2.4799e+000 -3.1173e+000 +7.5869e-001 +4.2106e+000 -2.9378e+000 +2.3229e+000 +6.3967e+000 -2.0155e+000 -2.0595e+000
3607 +9.892137898e+002 +9.892137898e+002 +1.004573790e+003 +1.004573790e+003 +4.2251e+000 +1.8858e+001 -1.1740e+000 -3.3954e+000 -1.1176e+000 +2.6370e+000 +4.9092e+000 +2.1637e+000 -1.5812e+000 -5.7576e+000 -4.3389e+000 -2.6733e+000 -8.7520e-001 +5.5758e-001 +3.6740e+000 -2.9089e+000 +1.9796e+000 +5.5945e+000 -2.4853e+000 -2.6732e+000
5902 +6.193065644e+002 +6.193065644e+002 +6.346665644e+002 +6.346665644e+002 +3.0561e+000 +1.8747e+001 -2.1237e+000 -2.5878e+000 -2.1919e+000 +1.2454e+000 -1.3175e+000 +1.3657e+000 -1.1034e+000 -5.8419e+000 -3.3614e+000 -2.1257e+000 -1.2756e+000 +7.1238e-001 +3.8214e+000 -2.4514e+000 +2.9009e+000 +5.4767e+000 -2.8047e+000 -1.9835e+000
