% function evaluation | noise-free fitness - Fopt (-5.235000000000e+001) | best noise-free fitness - Fopt | measured fitness | best measured fitness | x1 | x2...
1 +1.590596383e+002 +1.590596383e+002 +1.067096383e+002 +1.067096383e+002 +4.0661e+000 -2.9824e+000 -2.2320e+000 +2.9140e+000 -4.6363e+000
4 +1.326189220e+002 +1.326189220e+002 +8.026892201e+001 +8.026892201e+001 +4.0685e+000 +1.0321e+000 +8.6571e-001 -2.6600e+000 +3.2775e+000
7 +3.180517776e+001 +3.180517776e+001 -2.054482224e+001 -2.054482224e+001 +2.3836e+000 -1.6982e+000 +5.1386e-001 -1.4169e+000 +1.1827e-001
13 +2.508589049e+001 +2.508589049e+001 -2.726410951e+001 -2.726410951e+001 -1.5818e+000 -1.9940e+000 +2.4538e+000 -9.0711e-001 +3.5452e+000
16 +1.387099810e+001 +1.387099810e+001 -3.847900190e+001 -3.847900190e+001 -1.9249e+000 -4.3707e+000 -1.2941e+000 +7.3737e-001 -4.1434e+000
40 +8.572556275e+000 +8.572556275e+000 -4.377744373e+001 -4.377744373e+001 +8.1982e-001 +2.3111e+000 +1.7308e+000 -4.2654e+000 -1.5385e+000
84 +3.670056856e+000 +3.670056856e+000 -4.867994314e+001 -4.867994314e+001 +1.5747e+000 -4.4478e-001 +1.9732e+000 -2.3061e+000 -2.2303e+000
279 +2.076181714e+000 +2.076181714e+000 -5.027381829e+001 -5.027381829e+001 -2.6809e+000 -3.0400e-001 +3.2112e+000 -2.1700e+000 -1.9592e+000
513 +1.213605200e+000 +1.213605200e+000 -5.113639480e+001 -5.113639480e+001 -1.5881e+000 -1.3626e+000 +3.1099e+000 -2.3888e+000 -6.7857e-001
602 +7.971246886e-001 +7.971246886e-001 -5.155287531e+001 -5.155287531e+001 -6.1967e-001 -1.8851e+000 +2.1973e+000 -2.7967e+000 -1.1261e+000
787 +5.956965612e-001 +5.956965612e-001 -5.175430344e+001 -5.175430344e+001 -7.7718e-001 -1.8158e+000 +2.2501e+000 -2.4466e+000 -1.1020e+000
891 +3.172442266e-001 +3.172442266e-001 -5.203275577e+001 -5.203275577e+001 -1.2202e+000 -1.5343e+000 +2.2541e+000 -2.2387e+000 -1.1470e+000
931 +1.434168936e-001 +1.434168936e-001 -5.220658311e+001 -5.220658311e+001 -1.0739e+000 -1.1644e+000 +2.2678e+000 -2.6500e+000 -1.5074e+000
1395 +9.412299078e-002 +9.412299078e-002 -5.225587701e+001 -5.225587701e+001 -1.0739e+000 -1.2448e+000 +2.2678e+000 -2.4902e+000 -1.5074e+000
1572 +6.049032938e-002 +6.049032938e-002 -5.228950967e+001 -5.228950967e+001 -9.2823e-001 -1.2422e+000 +2.6169e+000 -2.3279e+000 -1.4050e+000
1614 +2.334777359e-002 +2.334777359e-002 -5.232665223e+001 -5.232665223e+001 -8.9147e-001 -1.2713e+000 +2.5267e+000 -2.4357e+000 -1.3947e+000
1997 +1.287123056e-002 +1.287123056e-002 -5.233712877e+001 -5.233712877e+001 -9.9284e-001 -1.3531e+000 +2.6073e+000 -2.4903e+000 -1.5432e+000
2038 +9.087863857e-003 +9.087863857e-003 -5.234091214e+001 -5.234091214e+001 -8.9662e-001 -1.2255e+000 +2.4582e+000 -2.3768e+000 -1.4015e+000
2585 +5.997153054e-003 +5.997153054e-003 -5.234400285e+001 -5.234400285e+001 -8.4607e-001 -1.2297e+000 +2.5201e+000 -2.2713e+000 -1.5451e+000
2699 +2.895945292e-003 +2.895945292e-003 -5.234710405e+001 -5.234710405e+001 -8.0883e-001 -1.2102e+000 +2.5439e+000 -2.2552e+000 -1.4987e+000
2933 +2.173996798e-003 +2.173996798e-003 -5.234782600e+001 -5.234782600e+001 -8.8156e-001 -1.2338e+000 +2.5028e+000 -2.3883e+000 -1.5273e+000
3004 +1.184024921e-003 +1.184024921e-003 -5.234881598e+001 -5.234881598e+001 -8.4740e-001 -1.2111e+000 +2.4806e+000 -2.3328e+000 -1.5113e+000
3161 +6.746655428e-004 +6.746655428e-004 -5.234932533e+001 -5.234932533e+001 -8.6037e-001 -1.2151e+000 +2.4744e+000 -2.3492e+000 -1.5011e+000
% function evaluation | noise-free fitness - Fopt (-1.795400000000e+002) | best noise-free fitness - Fopt | measured fitness | best measured fitness | x1 | x2...
1 +4.428759855e+001 +4.428759855e+001 -1.352524014e+002 -1.352524014e+002 +2.6597e+000 -3.1962e+000 -2.6481e+000 +4.9416e+000 +9.8257e-001
3 +1.967371821e+001 +1.967371821e+001 -1.598662818e+002 -1.598662818e+002 -1.0854e+000 +3.1060e+000 +3.5738e+000 +2.9053e+000 +2.4168e+000
5 +1.263605001e+001 +1.263605001e+001 -1.669039500e+002 -1.669039500e+002 -1.1087e+000 +1.0708e+000 +1.7597e+000 -3.1268e-001 +3.9088e+000
35 +4.818155174e+000 +4.818155174e+000 -1.747218448e+002 -1.747218448e+002 -1.5116e-001 +1.6854e+000 -3.9509e+000 +4.0037e+000 +1.9628e-001
167 +3.069736507e+000 +3.069736507e+000 -1.764702635e+002 -1.764702635e+002 +7.1234e-001 -4.5615e-002 -5.5050e+000 +3.7553e+000 +2.0766e+000
330 +2.294348429e+000 +2.294348429e+000 -1.772456516e+002 -1.772456516e+002 +7.1234e-001 +1.1273e+000 -4.6774e+000 +1.2431e+000 +2.6030e+000
344 +1.521801350e+000 +1.521801350e+000 -1.780181986e+002 -1.780181986e+002 +1.1969e+000 +1.0319e-001 -3.8100e+000 +2.1881e+000 +2.3280e+000
395 +9.488913359e-001 +9.488913359e-001 -1.785911087e+002 -1.785911087e+002 +1.0153e-001 +1.0864e+000 -4.0717e+000 +2.2544e+000 +3.7555e+000
570 +5.430537471e-001 +5.430537471e-001 -1.789969463e+002 -1.789969463e+002 +1.0197e+000 +1.4032e-001 -3.9749e+000 +2.7813e+000 +3.6569e+000
768 +3.699710865e-001 +3.699710865e-001 -1.791700289e+002 -1.791700289e+002 +1.1941e+000 +1.8458e-001 -3.2833e+000 +2.7360e+000 +3.5120e+000
896 +2.363856871e-001 +2.363856871e-001 -1.793036143e+002 -1.793036143e+002 +1.0985e+000 +1.9806e-001 -3.1354e+000 +2.2089e+000 +3.4857e+000
1047 +1.123808714e-001 +1.123808714e-001 -1.794276191e+002 -1.794276191e+002 +5.5494e-001 +2.2350e-001 -3.4281e+000 +2.0700e+000 +3.7069e+000
1081 +9.570062211e-002 +9.570062211e-002 -1.794442994e+002 -1.794442994e+002 +9.6256e-001 +1.8274e-001 -3.4397e+000 +2.1379e+000 +3.6077e+000
1349 +5.019758006e-002 +5.019758006e-002 -1.794898024e+002 -1.794898024e+002 +1.0428e+000 +5.3753e-001 -3.3951e+000 +2.6978e+000 +3.8594e+000
1459 +3.830315940e-002 +3.830315940e-002 -1.795016968e+002 -1.795016968e+002 +8.0017e-001 +6.3181e-001 -3.4103e+000 +2.5291e+000 +3.8551e+000
1533 +1.543242782e-002 +1.543242782e-002 -1.795245676e+002 -1.795245676e+002 +6.5771e-001 +5.9339e-001 -3.4274e+000 +2.4354e+000 +3.8856e+000
2064 +6.285780799e-003 +6.285780799e-003 -1.795337142e+002 -1.795337142e+002 +8.5193e-001 +5.4040e-001 -3.4141e+000 +2.5379e+000 +3.8675e+000
2240 +1.588334050e-003 +1.588334050e-003 -1.795384117e+002 -1.795384117e+002 +8.0721e-001 +4.8743e-001 -3.4518e+000 +2.3706e+000 +3.8331e+000
2246 +8.184506796e-004 +8.184506796e-004 -1.795391815e+002 -1.795391815e+002 +7.6260e-001 +5.0572e-001 -3.4500e+000 +2.3938e+000 +3.8533e+000
5677 +5.565537280e-004 +5.565537280e-004 -1.795394434e+002 -1.795394434e+002 +7.8639e-001 +4.9024e-001 -3.4505e+000 +2.3364e+000 +3.8240e+000
6074 +2.687287543e-004 +2.687287543e-004 -1.795397313e+002 -1.795397313e+002 +8.1217e-001 +5.1148e-001 -3.4505e+000 +2.3817e+000 +3.8427e+000
6180 +2.013838940e-004 +2.013838940e-004 -1.795397986e+002 -1.795397986e+002 +8.0134e-001 +5.0637e-001 -3.4519e+000 +2.3784e+000 +3.8428e+000
6324 +1.534721769e-004 +1.534721769e-004 -1.795398465e+002 -1.795398465e+002 +7.6830e-001 +5.2576e-001 -3.4500e+000 +2.3917e+000 +3.8597e+000
% function evaluation | noise-free fitness - Fopt (7.731000000000e+001) | best noise-free fitness - Fopt | measured fitness | best measured fitness | x1 | x2...
1 +8.045012149e+001 +8.045012149e+001 +1.577601215e+002 +1.577601215e+002 -4.5552e+000 -1.7334e+000 +2.2203e+000 +4.4512e+000 +2.4377e+000
3 +2.185248541e+001 +2.185248541e+001 +9.916248541e+001 +9.916248541e+001 -1.5296e+000 +3.6861e+000 +1.7675e+000 +2.3801e+000 +3.4716e+000
7 +9.047932536e+000 +9.047932536e+000 +8.635793254e+001 +8.635793254e+001 +2.4928e+000 -2.9192e+000 -2.0191e+000 -3.1935e+000 -2.8235e+000
30 +5.710401461e+000 +5.710401461e+000 +8.302040146e+001 +8.302040146e+001 +3.3342e+000 -2.4179e+000 -1.9295e+000 -4.7780e+000 +2.9715e+000
34 +3.722412447e+000 +3.722412447e+000 +8.103241245e+001 +8.103241245e+001 +7.1612e-001 +1.4093e+000 -1.4955e+000 -2.4663e-001 +1.2340e+000
101 +2.387606023e+000 +2.387606023e+000 +7.969760602e+001 +7.969760602e+001 -3.4437e-001 +6.4383e-001 -2.7240e+000 -9.9865e-001 +1.0950e+000
402 +1.520736204e+000 +1.520736204e+000 +7.883073620e+001 +7.883073620e+001 +8.5895e-001 +1.6801e-001 -2.8357e+000 -2.6882e+000 -1.5271e-001
497 +7.715362169e-001 +7.715362169e-001 +7.808153622e+001 +7.808153622e+001 +3.2796e-001 -8.9767e-001 -2.9522e+000 -1.5605e+000 +1.3347e+000
524 +5.677401504e-001 +5.677401504e-001 +7.787774015e+001 +7.787774015e+001 +6.3845e-001 -5.2814e-001 -2.6893e+000 -1.3093e+000 +1.5770e+000
750 +2.095720918e-001 +2.095720918e-001 +7.751957209e+001 +7.751957209e+001 +1.1361e+000 -9.1910e-001 -2.2107e+000 -1.8904e+000 +1.0166e+000
1003 +1.518323301e-001 +1.518323301e-001 +7.746183233e+001 +7.746183233e+001 +1.0704e+000 -6.1755e-001 -1.8575e+000 -1.5544e+000 +1.0091e+000
1124 +6.239247714e-002 +6.239247714e-002 +7.737239248e+001 +7.737239248e+001 +1.0309e+000 -8.1848e-001 -1.8754e+000 -1.7342e+000 +9.8577e-001
1275 +3.815849672e-002 +3.815849672e-002 +7.734815850e+001 +7.734815850e+001 +8.1861e-001 -6.1626e-001 -2.3252e+000 -1.7190e+000 +1.0644e+000
1315 +2.212106630e-002 +2.212106630e-002 +7.733212107e+001 +7.733212107e+001 +8.2127e-001 -7.0438e-001 -2.2907e+000 -1.7708e+000 +1.0733e+000
1777 +3.574154263e-003 +3.574154263e-003 +7.731357415e+001 +7.731357415e+001 +8.9055e-001 -5.7321e-001 -2.2503e+000 -1.8884e+000 +1.0124e+000
2426 +2.007329427e-003 +2.007329427e-003 +7.731200733e+001 +7.731200733e+001 +9.4841e-001 -5.2066e-001 -2.1867e+000 -1.8971e+000 +9.8403e-001
2792 +1.387160863e-003 +1.387160863e-003 +7.731138716e+001 +7.731138716e+001 +9.3989e-001 -5.3649e-001 -2.1909e+000 -1.8838e+000 +9.8992e-001
2997 +5.260950089e-004 +5.260950089e-004 +7.731052610e+001 +7.731052610e+001 +9.1596e-001 -5.6589e-001 -2.1438e+000 -1.8991e+000 +9.9213e-001
3144 +2.822610162e-004 +2.822610162e-004 +7.731028226e+001 +7.731028226e+001 +8.9792e-001 -5.9895e-001 -2.1537e+000 -1.8771e+000 +1.0039e+000
3170 +6.532363128e-005 +6.532363128e-005 +7.731006532e+001 +7.731006532e+001 +8.9707e-001 -5.9608e-001 -2.1590e+000 -1.8808e+000 +1.0039e+000
3458 +3.204244872e-005 +3.204244872e-005 +7.731003204e+001 +7.731003204e+001 +8.8965e-001 -6.0724e-001 -2.1437e+000 -1.8844e+000 +1.0048e+000
3937 +2.202743390e-005 +2.202743390e-005 +7.731002203e+001 +7.731002203e+001 +8.9517e-001 -6.0500e-001 -2.1279e+000 -1.8881e+000 +1.0009e+000
4034 +1.392621819e-005 +1.392621819e-005 +7.731001393e+001 +7.731001393e+001 +8.9609e-001 -6.0341e-001 -2.1299e+000 -1.8880e+000 +1.0007e+000
4279 +3.887009427e-006 +3.887009427e-006 +7.731000389e+001 +7.731000389e+001 +8.9833e-001 -6.0227e-001 -2.1261e+000 -1.8894e+000 +9.9929e-001
% function evaluation | noise-free fitness - Fopt (3.992000000000e+001) | best noise-free fitness - Fopt | measured fitness | best measured fitness | x1 | x2...
1 +1.222987481e+001 +1.222987481e+001 +5.214987481e+001 +5.214987481e+001 +1.0486e+000 -3.4242e+000 +3.7744e+000 -3.2301e+000 -2.4584e+000
12 +3.673899666e+000 +3.673899666e+000 +4.359389967e+001 +4.359389967e+001 +2.2872e+000 -2.0250e+000 +2.9862e+000 -3.3467e-001 -1.8643e+000
134 +2.402306131e+000 +2.402306131e+000 +4.232230613e+001 +4.232230613e+001 +2.5919e+000 -8.1129e-001 +5.8426e-001 -1.9005e+000 -9.3846e-001
342 +1.090298329e+000 +1.090298329e+000 +4.101029833e+001 +4.101029833e+001 +4.2391e+000 -1.4891e-001 +2.1067e+000 -3.0463e+000 -1.9189e+000
470 +8.025591431e-001 +8.025591431e-001 +4.072255914e+001 +4.072255914e+001 +3.8973e+000 -6.3082e-002 +2.3948e+000 -2.2523e+000 -2.4126e+000
561 +2.258188966e-001 +2.258188966e-001 +4.014581890e+001 +4.014581890e+001 +4.1468e+000 -8.9733e-001 +2.1948e+000 -1.9181e+000 -1.7821e+000
1881 +1.492467762e-001 +1.492467762e-001 +4.006924678e+001 +4.006924678e+001 +3.8153e+000 -9.3063e-001 +2.3909e+000 -2.1636e+000 -2.1136e+000
1968 +9.337502575e-002 +9.337502575e-002 +4.001337503e+001 +4.001337503e+001 +4.0213e+000 -1.0821e+000 +2.6231e+000 -2.2508e+000 -1.6936e+000
2152 +4.986729580e-002 +4.986729580e-002 +3.996986730e+001 +3.996986730e+001 +3.8706e+000 -1.1215e+000 +2.4137e+000 -2.3729e+000 -1.9613e+000
2225 +3.455508409e-002 +3.455508409e-002 +3.995455508e+001 +3.995455508e+001 +4.0101e+000 -1.0356e+000 +2.3886e+000 -2.2583e+000 -2.0465e+000
2312 +2.317064510e-002 +2.317064510e-002 +3.994317065e+001 +3.994317065e+001 +3.8706e+000 -1.1889e+000 +2.4137e+000 -2.3729e+000 -2.0501e+000
2701 +5.176791541e-003 +5.176791541e-003 +3.992517679e+001 +3.992517679e+001 +3.9882e+000 -1.1295e+000 +2.3212e+000 -2.3178e+000 -1.9540e+000
2750 +3.362505905e-003 +3.362505905e-003 +3.992336251e+001 +3.992336251e+001 +3.9177e+000 -1.0576e+000 +2.4148e+000 -2.2333e+000 -2.1342e+000
2993 +1.807128435e-003 +1.807128435e-003 +3.992180713e+001 +3.992180713e+001 +3.9387e+000 -1.1024e+000 +2.4146e+000 -2.3145e+000 -1.9926e+000
3481 +1.425845870e-003 +1.425845870e-003 +3.992142585e+001 +3.992142585e+001 +3.9371e+000 -1.0965e+000 +2.4257e+000 -2.3197e+000 -1.9901e+000
4020 +8.152187182e-004 +8.152187182e-004 +3.992081522e+001 +3.992081522e+001 +3.9075e+000 -1.0814e+000 +2.4324e+000 -2.2856e+000 -2.0888e+000
4043 +5.646691411e-004 +5.646691411e-004 +3.992056467e+001 +3.992056467e+001 +3.9057e+000 -1.0810e+000 +2.4436e+000 -2.2925e+000 -2.0764e+000
4548 +3.859645788e-004 +3.859645788e-004 +3.992038596e+001 +3.992038596e+001 +3.9195e+000 -1.0825e+000 +2.4187e+000 -2.2850e+000 -2.0722e+000
4749 +2.209998183e-004 +2.209998183e-004 +3.992022100e+001 +3.992022100e+001 +3.9302e+000 -1.0803e+000 +2.4100e+000 -2.2892e+000 -2.0545e+000
4820 +1.239372169e-004 +1.239372169e-004 +3.992012394e+001 +3.992012394e+001 +3.9477e+000 -1.0701e+000 +2.3972e+000 -2.2918e+000 -2.0331e+000
4844 +7.887066797e-005 +7.887066797e-005 +3.992007887e+001 +3.992007887e+001 +3.9396e+000 -1.0736e+000 +2.4025e+000 -2.2902e+000 -2.0451e+000
4879 +4.157264428e-005 +4.157264428e-005 +3.992004157e+001 +3.992004157e+001 +3.9555e+000 -1.0714e+000 +2.3726e+000 -2.2885e+000 -2.0399e+000
4941 +1.973687934e-005 +1.973687934e-005 +3.992001974e+001 +3.992001974e+001 +3.9576e+000 -1.0676e+000 +2.3751e+000 -2.2895e+000 -2.0351e+000
5226 +1.490899489e-005 +1.490899489e-005 +3.992001491e+001 +3.992001491e+001 +3.9512e+000 -1.0696e+000 +2.3785e+000 -2.2858e+000 -2.0472e+000
5966 +6.089149018e-006 +6.089149018e-006 +3.992000609e+001 +3.992000609e+001 +3.9453e+000 -1.0683e+000 +2.3873e+000 -2.2842e+000 -2.0546e+000
6076 +3.873701381e-006 +3.873701381e-006 +3.992000387e+001 +3.992000387e+001 +3.9466e+000 -1.0686e+000 +2.3860e+000 -2.2853e+000 -2.0518e+000
6472 +2.308731709e-006 +2.308731709e-006 +3.992000231e+001 +3.992000231e+001 +3.9458e+000 -1.0699e+000 +2.3873e+000 -2.2864e+000 -2.0508e+000
6559 +1.276241051e-006 +1.276241051e-006 +3.992000128e+001 +3.992000128e+001 +3.9472e+000 -1.0696e+000 +2.3859e+000 -2.2867e+000 -2.0489e+000
7166 +9.604539386e-007 +9.604539386e-007 +3.992000096e+001 +3.992000096e+001 +3.9477e+000 -1.0687e+000 +2.3863e+000 -2.2866e+000 -2.0481e+000
7254 +6.064606168e-007 +6.064606168e-007 +3.992000061e+001 +3.992000061e+001 +3.9491e+000 -1.0691e+000 +2.3852e+000 -2.2877e+000 -2.0451e+000
7346 +3.537723785e-007 +3.537723785e-007 +3.992000035e+001 +3.992000035e+001 +3.9493e+000 -1.0690e+000 +2.3859e+000 -2.2882e+000 -2.0437e+000
7358 +1.967965702e-007 +1.967965702e-007 +3.992000020e+001 +3.992000020e+001 +3.9497e+000 -1.0693e+000 +2.3854e+000 -2.2886e+000 -2.0428e+000
7396 +6.872031122e-008 +6.872031122e-008 +3.992000007e+001 +3.992000007e+001 +3.9504e+000 -1.0694e+000 +2.3856e+000 -2.2895e+000 -2.0402e+000
7574 +6.035351419e-008 +6.035351419e-008 +3.992000006e+001 +3.992000006e+001 +3.9511e+000 -1.0698e+000 +2.3856e+000 -2.2904e+000 -2.0377e+000
8264 +1.580618658e-008 +1.580618658e-008 +3.992000002e+001 +3.992000002e+001 +3.9508e+000 -1.0697e+000 +2.3857e+000 -2.2901e+000 -2.0387e+000
8337 +7.702816163e-009 +7.702816163e-009 +3.992000001e+001 +3.992000001e+001 +3.9505e+000 -1.0696e+000 +2.3857e+000 -2.2898e+000 -2.0396e+000
% function evaluation | noise-free fitness - Fopt (-5.661000000000e+001) | best noise-free fitness - Fopt | measured fitness | best measured fitness | x1 | x2...
1 +6.715942638e+000 +6.715942638e+000 -4.989405736e+001 -4.989405736e+001 +2.7677e+000 -7.1044e-001 +3.6874e+000 -2.6760e+000 -3.0042e+000
115 +6.227497800e+000 +6.227497800e+000 -5.038250220e+001 -5.038250220e+001 +4.3027e-001 -8.1681e-001 +2.5050e+000 -2.7573e+000 -4.9068e+000
134 +9.065618601e-001 +9.065618601e-001 -5.570343814e+001 -5.570343814e+001 +1.3530e+000 +3.0939e+000 +3.3134e+000 -3.4151e+000 -2.0037e+000
464 +5.788955775e-001 +5.788955775e-001 -5.603110442e+001 -5.603110442e+001 +1.3530e+000 +3.0939e+000 +3.3134e+000 -3.4151e+000 -3.5870e+000
733 +1.736454650e-001 +1.736454650e-001 -5.643635454e+001 -5.643635454e+001 +2.1318e+000 +3.1441e+000 +2.8626e+000 -3.4726e+000 -2.9605e+000
977 +1.139626465e-001 +1.139626465e-001 -5.649603735e+001 -5.649603735e+001 +2.2285e+000 +2.9630e+000 +2.9720e+000 -3.5269e+000 -3.2277e+000
1138 +9.833477587e-002 +9.833477587e-002 -5.651166522e+001 -5.651166522e+001 +2.2823e+000 +3.0074e+000 +3.0543e+000 -3.4426e+000 -3.3279e+000
1394 +5.123888123e-002 +5.123888123e-002 -5.655876112e+001 -5.655876112e+001 +2.1188e+000 +3.0015e+000 +2.9852e+000 -3.2086e+000 -3.3742e+000
1773 +2.847330041e-002 +2.847330041e-002 -5.658152670e+001 -5.658152670e+001 +2.0528e+000 +3.0785e+000 +3.0883e+000 -3.2530e+000 -3.3317e+000
1848 +1.282874054e-002 +1.282874054e-002 -5.659717126e+001 -5.659717126e+001 +2.0675e+000 +2.9796e+000 +3.1483e+000 -3.2840e+000 -3.2111e+000
2130 +9.932361589e-003 +9.932361589e-003 -5.660006764e+001 -5.660006764e+001 +2.0739e+000 +2.9458e+000 +3.2249e+000 -3.3905e+000 -3.1170e+000
2161 +5.090239296e-003 +5.090239296e-003 -5.660490976e+001 -5.660490976e+001 +2.0721e+000 +2.9188e+000 +3.2159e+000 -3.3581e+000 -3.1254e+000
2334 +2.191111663e-003 +2.191111663e-003 -5.660780889e+001 -5.660780889e+001 +1.9857e+000 +2.9188e+000 +3.2159e+000 -3.2868e+000 -3.1074e+000
2586 +7.421165008e-004 +7.421165008e-004 -5.660925788e+001 -5.660925788e+001 +1.9743e+000 +2.9116e+000 +3.2240e+000 -3.3024e+000 -3.0775e+000
2641 +3.347822655e-004 +3.347822655e-004 -5.660966522e+001 -5.660966522e+001 +1.9459e+000 +2.9106e+000 +3.2232e+000 -3.2836e+000 -3.0697e+000
3161 +1.104306542e-004 +1.104306542e-004 -5.660988957e+001 -5.660988957e+001 +1.9698e+000 +2.9242e+000 +3.1955e+000 -3.2851e+000 -3.0975e+000
3456 +9.657458210e-005 +9.657458210e-005 -5.660990343e+001 -5.660990343e+001 +1.9837e+000 +2.9279e+000 +3.1886e+000 -3.2917e+000 -3.1059e+000
3869 +5.016129163e-005 +5.016129163e-005 -5.660994984e+001 -5.660994984e+001 +1.9701e+000 +2.9284e+000 +3.1881e+000 -3.2821e+000 -3.1033e+000
4045 +3.017963498e-005 +3.017963498e-005 -5.660996982e+001 -5.660996982e+001 +1.9585e+000 +2.9263e+000 +3.1926e+000 -3.2777e+000 -3.0959e+000
4079 +2.208291914e-005 +2.208291914e-005 -5.660997792e+001 -5.660997792e+001 +1.9552e+000 +2.9250e+000 +3.1951e+000 -3.2768e+000 -3.0932e+000
4744 +1.411543097e-005 +1.411543097e-005 -5.660998588e+001 -5.660998588e+001 +1.9437e+000 +2.9227e+000 +3.2048e+000 -3.2718e+000 -3.0875e+000
4760 +1.760763780e-006 +1.760763780e-006 -5.660999824e+001 -5.660999824e+001 +1.9489e+000 +2.9230e+000 +3.2036e+000 -3.2743e+000 -3.0898e+000
% function evaluation | noise-free fitness - Fopt (1.686600000000e+002) | best noise-free fitness - Fopt | measured fitness | best measured fitness | x1 | x2...
1 +3.348235090e+001 +3.348235090e+001 +2.021423509e+002 +2.021423509e+002 +3.0570e+000 -2.3480e+000 +2.2092e+000 +1.7006e+000 -1.8290e-001
8 +2.434839582e+001 +2.434839582e+001 +1.930083958e+002 +1.930083958e+002 -1.2559e+000 -2.1140e-001 -1.3316e+000 -2.7581e+000 +1.5861e+000
14 +1.484964562e+001 +1.484964562e+001 +1.835096456e+002 +1.835096456e+002 +1.1527e+000 -3.9502e+000 +3.8112e-001 +2.9911e+000 +3.1857e+000
20 +7.181463855e+000 +7.181463855e+000 +1.758414639e+002 +1.758414639e+002 -3.8704e+000 -2.2927e+000 -1.3862e+000 -2.9868e-001 +1.4759e-001
55 +5.290370919e+000 +5.290370919e+000 +1.739503709e+002 +1.739503709e+002 -7.1875e-001 -6.1792e-001 -2.2778e+000 -8.3225e-001 +1.3178e+000
64 +2.986743854e+000 +2.986743854e+000 +1.716467439e+002 +1.716467439e+002 -2.2003e+000 -5.6362e-001 -3.4943e+000 -2.8476e-001 +1.3553e+000
301 +1.728508552e+000 +1.728508552e+000 +1.703885086e+002 +1.703885086e+002 -3.1793e+000 -1.8526e+000 -4.2996e+000 +2.5746e-001 +2.7050e+000
383 +1.394475172e+000 +1.394475172e+000 +1.700544752e+002 +1.700544752e+002 -3.1793e+000 -2.1709e+000 -3.8769e+000 +2.5746e-001 +2.7050e+000
476 +3.719433488e-001 +3.719433488e-001 +1.690319433e+002 +1.690319433e+002 -3.8163e+000 -2.8290e+000 -2.7921e+000 +1.0735e+000 +1.9991e+000
987 +1.804041528e-001 +1.804041528e-001 +1.688404042e+002 +1.688404042e+002 -3.8012e+000 -2.5712e+000 -3.3349e+000 +1.2007e+000 +2.2035e+000
1060 +1.001667654e-001 +1.001667654e-001 +1.687601668e+002 +1.687601668e+002 -3.6474e+000 -2.4250e+000 -3.3209e+000 +1.3850e+000 +2.4439e+000
1128 +3.788506211e-002 +3.788506211e-002 +1.686978851e+002 +1.686978851e+002 -3.6560e+000 -2.4610e+000 -3.2553e+000 +1.5074e+000 +2.3923e+000
1315 +1.900547335e-002 +1.900547335e-002 +1.686790055e+002 +1.686790055e+002 -3.7297e+000 -2.4052e+000 -3.0240e+000 +1.3115e+000 +2.2863e+000
1605 +1.503978695e-002 +1.503978695e-002 +1.686750398e+002 +1.686750398e+002 -3.7716e+000 -2.3884e+000 -3.0842e+000 +1.2865e+000 +2.3632e+000
1998 +7.713773339e-003 +7.713773339e-003 +1.686677138e+002 +1.686677138e+002 -3.7601e+000 -2.3260e+000 -2.9918e+000 +1.2848e+000 +2.3975e+000
2022 +2.683722332e-003 +2.683722332e-003 +1.686626837e+002 +1.686626837e+002 -3.7301e+000 -2.3798e+000 -3.0506e+000 +1.3205e+000 +2.2634e+000
2337 +2.236179857e-003 +2.236179857e-003 +1.686622362e+002 +1.686622362e+002 -3.7052e+000 -2.4092e+000 -3.0520e+000 +1.3191e+000 +2.2603e+000
2375 +1.062442079e-003 +1.062442079e-003 +1.686610624e+002 +1.686610624e+002 -3.7214e+000 -2.3845e+000 -3.0349e+000 +1.3089e+000 +2.2837e+000
2622 +1.908450893e-004 +1.908450893e-004 +1.686601908e+002 +1.686601908e+002 -3.7240e+000 -2.3750e+000 -3.0441e+000 +1.3217e+000 +2.2933e+000
% function evaluation | noise-free fitness - Fopt (4.076900000000e+002) | best noise-free fitness - Fopt | measured fitness | best measured fitness | x1 | x2...
1 +2.473876957e+001 +2.473876957e+001 +4.324287696e+002 +4.324287696e+002 +9.1589e-001 -4.9398e+000 +4.5446e+000 +2.4682e-001 -2.6823e+000
7 +6.251239339e+000 +6.251239339e+000 +4.139412393e+002 +4.139412393e+002 +8.0953e-001 -7.3746e-001 +3.2272e+000 +1.2725e+000 -4.3248e+000
117 +2.657983992e+000 +2.657983992e+000 +4.103479840e+002 +4.103479840e+002 -1.8923e-001 +3.6630e-001 +2.3885e-001 +1.8753e+000 -3.0987e+000
142 +1.893841642e+000 +1.893841642e+000 +4.095838416e+002 +4.095838416e+002 +3.9310e-002 +2.4176e-001 +1.7332e+000 +3.0410e+000 -3.5592e+000
249 +1.122898590e+000 +1.122898590e+000 +4.088128986e+002 +4.088128986e+002 +7.4092e-001 -1.0534e+000 -1.9230e-002 +2.0918e+000 -2.6334e+000
309 +9.103086436e-001 +9.103086436e-001 +4.086003086e+002 +4.086003086e+002 +3.9310e-002 +2.4176e-001 +5.7379e-001 +3.0410e+000 -3.5592e+000
411 +3.903336121e-001 +3.903336121e-001 +4.080803336e+002 +4.080803336e+002 +7.4092e-001 -1.0534e+000 -1.9230e-002 +3.3447e+000 -2.6334e+000
779 +2.030528342e-001 +2.030528342e-001 +4.078930528e+002 +4.078930528e+002 +1.7575e-001 -8.7415e-001 +5.3292e-001 +3.1088e+000 -2.5495e+000
930 +1.206049729e-001 +1.206049729e-001 +4.078106050e+002 +4.078106050e+002 +1.7486e-001 -8.1587e-001 +1.3591e-001 +3.0208e+000 -3.0342e+000
1149 +7.115503262e-002 +7.115503262e-002 +4.077611550e+002 +4.077611550e+002 +4.3598e-001 -7.9684e-001 +2.9952e-001 +3.2406e+000 -2.8687e+000
1313 +5.647832970e-002 +5.647832970e-002 +4.077464783e+002 +4.077464783e+002 +3.9700e-001 -7.2238e-001 +5.3933e-001 +3.0202e+000 -2.8687e+000
1569 +3.573166563e-002 +3.573166563e-002 +4.077257317e+002 +4.077257317e+002 +3.2542e-001 -6.0737e-001 +3.5390e-001 +2.9964e+000 -2.9353e+000
1801 +1.678986849e-002 +1.678986849e-002 +4.077067899e+002 +4.077067899e+002 +4.7757e-001 -5.4447e-001 +4.5658e-001 +3.0456e+000 -2.7736e+000
1825 +1.575467347e-002 +1.575467347e-002 +4.077057547e+002 +4.077057547e+002 +4.2805e-001 -6.4865e-001 +3.7932e-001 +3.0733e+000 -2.8871e+000
1960 +5.326517696e-003 +5.326517696e-003 +4.076953265e+002 +4.076953265e+002 +5.1965e-001 -5.8645e-001 +3.4699e-001 +3.1062e+000 -2.8421e+000
2352 +3.435765123e-003 +3.435765123e-003 +4.076934358e+002 +4.076934358e+002 +4.8667e-001 -6.0489e-001 +3.5705e-001 +3.1013e+000 -2.8044e+000
2881 +2.494040894e-003 +2.494040894e-003 +4.076924940e+002 +4.076924940e+002 +4.5689e-001 -6.0954e-001 +3.7957e-001 +3.0826e+000 -2.7980e+000
3146 +1.445476769e-003 +1.445476769e-003 +4.076914455e+002 +4.076914455e+002 +4.5065e-001 -5.8224e-001 +3.6343e-001 +3.0638e+000 -2.7969e+000
3261 +5.558241940e-004 +5.558241940e-004 +4.076905558e+002 +4.076905558e+002 +4.5318e-001 -5.5696e-001 +3.5911e-001 +3.0505e+000 -2.8015e+000
3386 +3.586522996e-004 +3.586522996e-004 +4.076903587e+002 +4.076903587e+002 +4.5419e-001 -5.5394e-001 +3.5849e-001 +3.0492e+000 -2.7994e+000
3447 +2.259873150e-004 +2.259873150e-004 +4.076902260e+002 +4.076902260e+002 +4.5797e-001 -5.4066e-001 +3.4960e-001 +3.0444e+000 -2.8035e+000
3464 +1.279754125e-004 +1.279754125e-004 +4.076901280e+002 +4.076901280e+002 +4.5469e-001 -5.2388e-001 +3.3469e-001 +3.0329e+000 -2.8070e+000
4048 +7.804832785e-005 +7.804832785e-005 +4.076900780e+002 +4.076900780e+002 +4.4294e-001 -5.2320e-001 +3.4369e-001 +3.0234e+000 -2.8029e+000
4196 +5.638398386e-005 +5.638398386e-005 +4.076900564e+002 +4.076900564e+002 +4.4616e-001 -5.2215e-001 +3.4550e-001 +3.0253e+000 -2.8012e+000
4612 +3.641299799e-005 +3.641299799e-005 +4.076900364e+002 +4.076900364e+002 +4.4917e-001 -5.1224e-001 +3.3734e-001 +3.0222e+000 -2.8028e+000
4618 +2.083341644e-005 +2.083341644e-005 +4.076900208e+002 +4.076900208e+002 +4.4918e-001 -5.1053e-001 +3.3694e-001 +3.0213e+000 -2.8029e+000
5254 +1.445462357e-005 +1.445462357e-005 +4.076900145e+002 +4.076900145e+002 +4.4614e-001 -5.1269e-001 +3.3801e-001 +3.0200e+000 -2.8034e+000
5315 +7.703959625e-006 +7.703959625e-006 +4.076900077e+002 +4.076900077e+002 +4.4070e-001 -5.1324e-001 +3.3791e-001 +3.0155e+000 -2.8064e+000
5527 +4.600780869e-006 +4.600780869e-006 +4.076900046e+002 +4.076900046e+002 +4.4046e-001 -5.1270e-001 +3.3662e-001 +3.0150e+000 -2.8072e+000
5541 +3.442516061e-006 +3.442516061e-006 +4.076900034e+002 +4.076900034e+002 +4.3782e-001 -5.1285e-001 +3.3602e-001 +3.0128e+000 -2.8087e+000
5760 +2.411511161e-006 +2.411511161e-006 +4.076900024e+002 +4.076900024e+002 +4.3605e-001 -5.1248e-001 +3.3504e-001 +3.0110e+000 -2.8102e+000
5925 +1.408839012e-006 +1.408839012e-006 +4.076900014e+002 +4.076900014e+002 +4.3061e-001 -5.1189e-001 +3.3298e-001 +3.0058e+000 -2.8141e+000
6275 +9.465644553e-007 +9.465644553e-007 +4.076900009e+002 +4.076900009e+002 +4.2742e-001 -5.1161e-001 +3.3128e-001 +3.0028e+000 -2.8169e+000
6579 +6.190099384e-007 +6.190099384e-007 +4.076900006e+002 +4.076900006e+002 +4.2618e-001 -5.1195e-001 +3.3068e-001 +3.0018e+000 -2.8182e+000
6661 +3.904192454e-007 +3.904192454e-007 +4.076900004e+002 +4.076900004e+002 +4.2690e-001 -5.1299e-001 +3.3159e-001 +3.0030e+000 -2.8174e+000
6873 +2.457987307e-007 +2.457987307e-007 +4.076900002e+002 +4.076900002e+002 +4.2874e-001 -5.1371e-001 +3.3230e-001 +3.0050e+000 -2.8164e+000
7094 +1.479969569e-007 +1.479969569e-007 +4.076900001e+002 +4.076900001e+002 +4.2949e-001 -5.1437e-001 +3.3251e-001 +3.0060e+000 -2.8162e+000
7098 +9.367983012e-008 +9.367983012e-008 +4.076900001e+002 +4.076900001e+002 +4.3255e-001 -5.1470e-001 +3.3336e-001 +3.0088e+000 -2.8144e+000
7166 +4.956086741e-008 +4.956086741e-008 +4.076900000e+002 +4.076900000e+002 +4.3195e-001 -5.1529e-001 +3.3354e-001 +3.0086e+000 -2.8147e+000
7294 +2.806615385e-008 +2.806615385e-008 +4.076900000e+002 +4.076900000e+002 +4.3214e-001 -5.1518e-001 +3.3350e-001 +3.0087e+000 -2.8146e+000
7642 +2.353544915e-008 +2.353544915e-008 +4.076900000e+002 +4.076900000e+002 +4.3158e-001 -5.1487e-001 +3.3326e-001 +3.0081e+000 -2.8149e+000
8442 +1.579883246e-008 +1.579883246e-008 +4.076900000e+002 +4.076900000e+002 +4.3166e-001 -5.1505e-001 +3.3330e-001 +3.0083e+000 -2.8150e+000
8499 +9.500809028e-009 +9.500809028e-009 +4.076900000e+002 +4.076900000e+002 +4.3165e-001 -5.1517e-001 +3.3329e-001 +3.0083e+000 -2.8150e+000
% function evaluation | noise-free fitness - Fopt (5.592000000000e+001) | best noise-free fitness - Fopt | measured fitness | best measured fitness | x1 | x2...
1 +3.544517557e+001 +3.544517557e+001 +9.136517557e+001 +9.136517557e+001 -1.6331e+000 +2.8207e-001 -4.7619e+000 -2.1761e+000 -2.7260e+000
19 +1.446257909e+001 +1.446257909e+001 +7.038257909e+001 +7.038257909e+001 +4.7724e+000 -1.3945e+000 -2.2329e+000 +8.4110e-001 -2.2954e+000
43 +9.376840063e+000 +9.376840063e+000 +6.529684006e+001 +6.529684006e+001 -7.0400e-001 -3.5200e-001 -1.3285e+000 +2.3339e+000 +1.6542e+000
62 +5.576421534e+000 +5.576421534e+000 +6.149642153e+001 +6.149642153e+001 +2.9612e-001 -3.1675e+000 -9.5617e-001 -1.3440e+000 +2.9959e+000
179 +3.502923916e+000 +3.502923916e+000 +5.942292392e+001 +5.942292392e+001 -7.2098e-001 -3.5571e+000 -1.5707e+000 +3.6169e-001 +1.2018e+000
257 +7.378341549e-001 +7.378341549e-001 +5.665783415e+001 +5.665783415e+001 +1.5774e+000 -3.4622e+000 +1.9979e-001 +2.2763e+000 -4.9705e-001
277 +5.440767674e-001 +5.440767674e-001 +5.646407677e+001 +5.646407677e+001 +1.5674e+000 -3.0523e+000 -3.1886e-001 +1.4348e+000 +1.5716e-001
702 +3.913824363e-001 +3.913824363e-001 +5.631138244e+001 +5.631138244e+001 +1.4690e+000 -3.1320e+000 +2.7934e-003 +2.3150e+000 +3.5770e-001
918 +2.103018731e-001 +2.103018731e-001 +5.613030187e+001 +5.613030187e+001 +6.8423e-001 -3.1651e+000 -8.4820e-001 +2.2767e+000 -1.5577e-001
1033 +1.292947785e-001 +1.292947785e-001 +5.604929478e+001 +5.604929478e+001 +9.6512e-001 -2.9503e+000 -8.2692e-001 +2.3549e+000 +3.1107e-002
1122 +8.525058575e-002 +8.525058575e-002 +5.600525059e+001 +5.600525059e+001 +9.3462e-001 -2.9825e+000 -5.9732e-001 +2.2320e+000 +1.3371e-001
1454 +4.492708787e-002 +4.492708787e-002 +5.596492709e+001 +5.596492709e+001 +1.0707e+000 -3.3862e+000 -5.3849e-001 +2.0622e+000 -1.1838e-001
1559 +2.397172313e-002 +2.397172313e-002 +5.594397172e+001 +5.594397172e+001 +1.1854e+000 -3.1432e+000 -3.7557e-001 +1.9462e+000 +3.6082e-002
1762 +1.083695965e-002 +1.083695965e-002 +5.593083696e+001 +5.593083696e+001 +1.1764e+000 -3.2468e+000 -3.1616e-001 +1.9252e+000 +1.5516e-002
2105 +9.809102450e-003 +9.809102450e-003 +5.592980910e+001 +5.592980910e+001 +1.0637e+000 -3.3017e+000 -3.6652e-001 +1.9230e+000 -3.4862e-002
2341 +5.647388835e-003 +5.647388835e-003 +5.592564739e+001 +5.592564739e+001 +1.0892e+000 -3.2843e+000 -3.4267e-001 +1.9058e+000 -1.6387e-002
2639 +2.842716203e-003 +2.842716203e-003 +5.592284272e+001 +5.592284272e+001 +1.0113e+000 -3.2341e+000 -4.2353e-001 +1.9477e+000 -1.1528e-002
2714 +2.283383817e-003 +2.283383817e-003 +5.592228338e+001 +5.592228338e+001 +9.7030e-001 -3.2705e+000 -4.8796e-001 +1.9972e+000 -2.0858e-002
2913 +1.507724755e-003 +1.507724755e-003 +5.592150772e+001 +5.592150772e+001 +9.8663e-001 -3.2380e+000 -5.0810e-001 +2.0291e+000 -5.5557e-003
3068 +8.478009646e-004 +8.478009646e-004 +5.592084780e+001 +5.592084780e+001 +1.0213e+000 -3.2124e+000 -5.2176e-001 +2.0556e+000 -2.1424e-003
3414 +5.484913660e-004 +5.484913660e-004 +5.592054849e+001 +5.592054849e+001 +1.0313e+000 -3.2133e+000 -5.1689e-001 +2.0548e+000 +3.4819e-004
3480 +3.395628533e-004 +3.395628533e-004 +5.592033956e+001 +5.592033956e+001 +1.0443e+000 -3.2134e+000 -5.1451e-001 +2.0547e+000 -3.7285e-003
3510 +1.905526470e-004 +1.905526470e-004 +5.592019055e+001 +5.592019055e+001 +1.0361e+000 -3.2173e+000 -5.0668e-001 +2.0453e+000 -3.2164e-003
3773 +5.259132256e-005 +5.259132256e-005 +5.592005259e+001 +5.592005259e+001 +1.0458e+000 -3.2124e+000 -4.8055e-001 +2.0172e+000 -8.9600e-003
4268 +2.970327799e-005 +2.970327799e-005 +5.592002970e+001 +5.592002970e+001 +1.0452e+000 -3.2099e+000 -4.8250e-001 +2.0192e+000 -7.9029e-003
4800 +2.398465305e-005 +2.398465305e-005 +5.592002398e+001 +5.592002398e+001 +1.0448e+000 -3.2096e+000 -4.8107e-001 +2.0180e+000 -7.3289e-003
5027 +1.183038059e-005 +1.183038059e-005 +5.592001183e+001 +5.592001183e+001 +1.0512e+000 -3.2118e+000 -4.7077e-001 +2.0100e+000 -8.0653e-003
5094 +7.265832821e-006 +7.265832821e-006 +5.592000727e+001 +5.592000727e+001 +1.0527e+000 -3.2121e+000 -4.6878e-001 +2.0085e+000 -8.2923e-003
5140 +5.045911770e-006 +5.045911770e-006 +5.592000505e+001 +5.592000505e+001 +1.0567e+000 -3.2139e+000 -4.6141e-001 +2.0025e+000 -8.9830e-003
5623 +3.215625796e-006 +3.215625796e-006 +5.592000322e+001 +5.592000322e+001 +1.0560e+000 -3.2148e+000 -4.6198e-001 +2.0031e+000 -8.8256e-003
5655 +1.632116216e-006 +1.632116216e-006 +5.592000163e+001 +5.592000163e+001 +1.0560e+000 -3.2137e+000 -4.6640e-001 +2.0079e+000 -8.0970e-003
5935 +8.006668466e-007 +8.006668466e-007 +5.592000080e+001 +5.592000080e+001 +1.0561e+000 -3.2134e+000 -4.6666e-001 +2.0081e+000 -8.1227e-003
6475 +5.978784401e-007 +5.978784401e-007 +5.592000060e+001 +5.592000060e+001 +1.0550e+000 -3.2137e+000 -4.6700e-001 +2.0080e+000 -8.2478e-003
6786 +3.168690057e-007 +3.168690057e-007 +5.592000032e+001 +5.592000032e+001 +1.0537e+000 -3.2142e+000 -4.6856e-001 +2.0091e+000 -8.2771e-003
6843 +2.490692523e-007 +2.490692523e-007 +5.592000025e+001 +5.592000025e+001 +1.0525e+000 -3.2147e+000 -4.6947e-001 +2.0096e+000 -8.4112e-003
7016 +1.115084700e-007 +1.115084700e-007 +5.592000011e+001 +5.592000011e+001 +1.0507e+000 -3.2155e+000 -4.7082e-001 +2.0104e+000 -8.5514e-003
7078 +8.891018410e-008 +8.891018410e-008 +5.592000009e+001 +5.592000009e+001 +1.0499e+000 -3.2159e+000 -4.7183e-001 +2.0111e+000 -8.5679e-003
7509 +6.296863830e-008 +6.296863830e-008 +5.592000006e+001 +5.592000006e+001 +1.0476e+000 -3.2171e+000 -4.7353e-001 +2.0120e+000 -8.8039e-003
7655 +3.763252465e-008 +3.763252465e-008 +5.592000004e+001 +5.592000004e+001 +1.0479e+000 -3.2171e+000 -4.7327e-001 +2.0119e+000 -8.8085e-003
7829 +1.883999090e-008 +1.883999090e-008 +5.592000002e+001 +5.592000002e+001 +1.0485e+000 -3.2171e+000 -4.7236e-001 +2.0112e+000 -8.8407e-003
7833 +1.047191489e-008 +1.047191489e-008 +5.592000001e+001 +5.592000001e+001 +1.0485e+000 -3.2172e+000 -4.7218e-001 +2.0110e+000 -8.8615e-003
7919 +3.625210354e-009 +3.625210354e-009 +5.592000000e+001 +5.592000000e+001 +1.0487e+000 -3.2172e+000 -4.7195e-001 +2.0109e+000 -8.8700e-003
% function evaluation | noise-free fitness - Fopt (4.619000000000e+001) | best noise-free fitness - Fopt | measured fitness | best measured fitness | x1 | x2...
1 +1.044250593e+001 +1.044250593e+001 +5.663250593e+001 +5.663250593e+001 +4.8975e+000 +8.5570e-001 +1.4015e-001 +2.1893e+000 -3.3560e+000
7 +9.216561599e+000 +9.216561599e+000 +5.540656160e+001 +5.540656160e+001 -6.7299e-001 +1.8634e-001 -1.4217e+000 +4.9606e-001 -8.5179e-001
86 +4.951846655e+000 +4.951846655e+000 +5.114184666e+001 +5.114184666e+001 +2.6765e+000 +1.7316e+000 -2.9243e+000 -2.2068e+000 -1.7787e+000
158 +3.241914330e+000 +3.241914330e+000 +4.943191433e+001 +4.943191433e+001 +1.1050e+000 -2.2242e-002 -5.7567e+000 -3.8727e+000 -2.4308e+000
312 +1.358436047e+000 +1.358436047e+000 +4.754843605e+001 +4.754843605e+001 +2.8847e-001 +3.6224e-001 -3.2313e+000 -2.3900e+000 -4.2511e+000
381 +4.951058805e-001 +4.951058805e-001 +4.668510588e+001 +4.668510588e+001 +9.4123e-001 -3.5883e-001 -3.2988e+000 -1.9071e+000 -4.0516e+000
848 +1.182605771e-001 +1.182605771e-001 +4.630826058e+001 +4.630826058e+001 +1.4180e+000 +2.7085e-001 -3.3664e+000 -2.5662e+000 -3.7786e+000
882 +8.713182327e-002 +8.713182327e-002 +4.627713182e+001 +4.627713182e+001 +1.2394e+000 +3.7025e-001 -3.3514e+000 -2.3982e+000 -3.8602e+000
1130 +5.225383962e-002 +5.225383962e-002 +4.624225384e+001 +4.624225384e+001 +1.4267e+000 +3.2119e-001 -3.4143e+000 -2.3991e+000 -3.6554e+000
1524 +1.791897923e-002 +1.791897923e-002 +4.620791898e+001 +4.620791898e+001 +1.2673e+000 +2.3218e-001 -3.3878e+000 -2.2859e+000 -3.6957e+000
1550 +4.872843889e-003 +4.872843889e-003 +4.619487284e+001 +4.619487284e+001 +1.2330e+000 +8.8594e-002 -3.4057e+000 -2.3157e+000 -3.6125e+000
4001 +3.890106858e-003 +3.890106858e-003 +4.619389011e+001 +4.619389011e+001 +1.2708e+000 +1.3218e-001 -3.4343e+000 -2.3039e+000 -3.6465e+000
4184 +2.188000751e-003 +2.188000751e-003 +4.619218800e+001 +4.619218800e+001 +1.1818e+000 +1.3028e-001 -3.3264e+000 -2.3555e+000 -3.6081e+000
4475 +1.564460513e-003 +1.564460513e-003 +4.619156446e+001 +4.619156446e+001 +1.1930e+000 +1.4942e-001 -3.3003e+000 -2.3918e+000 -3.5945e+000
4699 +8.253209974e-004 +8.253209974e-004 +4.619082532e+001 +4.619082532e+001 +1.2151e+000 +1.6457e-001 -3.3000e+000 -2.3932e+000 -3.5865e+000
4853 +2.301664324e-004 +2.301664324e-004 +4.619023017e+001 +4.619023017e+001 +1.2209e+000 +1.7026e-001 -3.2903e+000 -2.4026e+000 -3.5797e+000
5346 +1.333866072e-004 +1.333866072e-004 +4.619013339e+001 +4.619013339e+001 +1.2315e+000 +1.7047e-001 -3.2961e+000 -2.4001e+000 -3.5760e+000
5467 +8.931734924e-005 +8.931734924e-005 +4.619008932e+001 +4.619008932e+001 +1.2351e+000 +1.6537e-001 -3.3025e+000 -2.3963e+000 -3.5751e+000
6089 +6.215554910e-005 +6.215554910e-005 +4.619006216e+001 +4.619006216e+001 +1.2463e+000 +1.6329e-001 -3.3122e+000 -2.3932e+000 -3.5753e+000
6497 +2.990797272e-005 +2.990797272e-005 +4.619002991e+001 +4.619002991e+001 +1.2451e+000 +1.6126e-001 -3.3193e+000 -2.3865e+000 -3.5810e+000
6554 +2.384671113e-005 +2.384671113e-005 +4.619002385e+001 +4.619002385e+001 +1.2432e+000 +1.6112e-001 -3.3194e+000 -2.3856e+000 -3.5823e+000
6666 +1.196625928e-005 +1.196625928e-005 +4.619001197e+001 +4.619001197e+001 +1.2368e+000 +1.6266e-001 -3.3157e+000 -2.3858e+000 -3.5843e+000
6687 +9.467290376e-006 +9.467290376e-006 +4.619000947e+001 +4.619000947e+001 +1.2391e+000 +1.6182e-001 -3.3201e+000 -2.3830e+000 -3.5863e+000
7507 +5.190272226e-006 +5.190272226e-006 +4.619000519e+001 +4.619000519e+001 +1.2338e+000 +1.6424e-001 -3.3186e+000 -2.3812e+000 -3.5902e+000
% function evaluation | noise-free fitness - Fopt (-3.994000000000e+001) | best noise-free fitness - Fopt | measured fitness | best measured fitness | x1 | x2...
1 +3.453514954e+001 +3.453514954e+001 -5.404850458e+000 -5.404850458e+000 +1.7668e+000 +4.8155e+000 +2.7586e+000 +1.4422e-001 -1.0637e+000
3 +4.026727952e+000 +4.026727952e+000 -3.591327205e+001 -3.591327205e+001 +7.4773e-001 -2.3893e+000 -7.7124e-001 +1.3740e-002 -3.0431e+000
49 +2.106161238e+000 +2.106161238e+000 -3.783383876e+001 -3.783383876e+001 +6.0574e-001 -2.4190e+000 +7.9980e-001 -2.6168e+000 -1.5710e+000
256 +1.298947637e+000 +1.298947637e+000 -3.864105236e+001 -3.864105236e+001 +7.1401e-001 -1.1711e+000 +1.6968e+000 -1.0474e+000 -1.9026e+000
367 +7.255615456e-001 +7.255615456e-001 -3.921443845e+001 -3.921443845e+001 +2.3613e-001 -1.7750e+000 +3.2432e-001 -2.0803e+000 -1.7775e+000
476 +4.811213528e-001 +4.811213528e-001 -3.945887865e+001 -3.945887865e+001 -1.7064e-001 -1.5558e+000 +4.8370e-001 -9.2965e-001 -2.1986e+000
820 +2.186073352e-001 +2.186073352e-001 -3.972139266e+001 -3.972139266e+001 -3.9034e-001 -8.4568e-001 +6.2508e-001 -1.0841e+000 -1.4434e+000
866 +1.504198638e-001 +1.504198638e-001 -3.978958014e+001 -3.978958014e+001 -4.5075e-001 -1.6071e+000 +8.3152e-001 -1.5427e+000 -1.6300e+000
959 +3.515019427e-002 +3.515019427e-002 -3.990484981e+001 -3.990484981e+001 -3.6352e-001 -1.3879e+000 +6.7130e-001 -1.3797e+000 -1.5690e+000
1113 +1.803580615e-002 +1.803580615e-002 -3.992196419e+001 -3.992196419e+001 -3.6352e-001 -1.5787e+000 +6.7130e-001 -1.3211e+000 -1.5690e+000
1351 +6.955666372e-003 +6.955666372e-003 -3.993304433e+001 -3.993304433e+001 -3.6583e-001 -1.4891e+000 +6.7247e-001 -1.3756e+000 -1.6291e+000
4025 +5.629240762e-003 +5.629240762e-003 -3.993437076e+001 -3.993437076e+001 -4.5241e-001 -1.4046e+000 +6.2742e-001 -1.3730e+000 -1.5268e+000
4304 +2.166060342e-003 +2.166060342e-003 -3.993783394e+001 -3.993783394e+001 -3.9753e-001 -1.3578e+000 +6.7907e-001 -1.2877e+000 -1.6367e+000
4663 +1.559857012e-003 +1.559857012e-003 -3.993844014e+001 -3.993844014e+001 -4.0128e-001 -1.3635e+000 +6.8423e-001 -1.3021e+000 -1.6464e+000
4834 +7.893917259e-004 +7.893917259e-004 -3.993921061e+001 -3.993921061e+001 -4.3445e-001 -1.3708e+000 +6.6107e-001 -1.3466e+000 -1.6004e+000
5015 +3.806005659e-004 +3.806005659e-004 -3.993961940e+001 -3.993961940e+001 -4.1488e-001 -1.3939e+000 +6.6625e-001 -1.3358e+000 -1.6078e+000
5213 +1.055778082e-004 +1.055778082e-004 -3.993989442e+001 -3.993989442e+001 -4.1327e-001 -1.3964e+000 +6.5850e-001 -1.3376e+000 -1.5940e+000
5552 +5.075609221e-005 +5.075609221e-005 -3.993994924e+001 -3.993994924e+001 -4.0683e-001 -1.3963e+000 +6.6176e-001 -1.3245e+000 -1.5989e+000
5988 +2.724365118e-005 +2.724365118e-005 -3.993997276e+001 -3.993997276e+001 -4.0528e-001 -1.3950e+000 +6.6535e-001 -1.3190e+000 -1.6052e+000
6071 +2.489630747e-005 +2.489630747e-005 -3.993997510e+001 -3.993997510e+001 -4.1055e-001 -1.3882e+000 +6.6141e-001 -1.3246e+000 -1.5993e+000
6582 +9.095233061e-006 +9.095233061e-006 -3.993999090e+001 -3.993999090e+001 -4.1362e-001 -1.3829e+000 +6.6454e-001 -1.3240e+000 -1.6054e+000
6741 +6.072134489e-006 +6.072134489e-006 -3.993999393e+001 -3.993999393e+001 -4.1111e-001 -1.3863e+000 +6.6690e-001 -1.3223e+000 -1.6094e+000
6761 +3.195087004e-006 +3.195087004e-006 -3.993999680e+001 -3.993999680e+001 -4.1083e-001 -1.3857e+000 +6.6900e-001 -1.3201e+000 -1.6131e+000
6913 +1.669600699e-006 +1.669600699e-006 -3.993999833e+001 -3.993999833e+001 -4.0830e-001 -1.3886e+000 +6.7315e-001 -1.3174e+000 -1.6203e+000
7371 +7.015153045e-007 +7.015153045e-007 -3.993999930e+001 -3.993999930e+001 -4.1019e-001 -1.3867e+000 +6.6974e-001 -1.3195e+000 -1.6143e+000
% function evaluation | noise-free fitness - Fopt (-1.000000000000e+003) | best noise-free fitness - Fopt | measured fitness | best measured fitness | x1 | x2...
1 +1.503900694e+002 +1.503900694e+002 -8.496099306e+002 -8.496099306e+002 -3.7612e+000 -1.8474e+000 -5.2863e-001 -4.8218e+000 -7.4418e-001
4 +1.856584108e+000 +1.856584108e+000 -9.981434159e+002 -9.981434159e+002 +3.2263e+000 -3.0936e+000 +2.1263e+000 +2.8296e-001 +3.7801e+000
215 +1.042248713e+000 +1.042248713e+000 -9.989577513e+002 -9.989577513e+002 +2.7121e+000 -3.1542e+000 -3.3711e-001 -8.9971e-001 +3.3122e+000
350 +7.960910494e-001 +7.960910494e-001 -9.992039090e+002 -9.992039090e+002 +2.5740e+000 -3.4594e+000 +2.2205e-001 -3.7320e-001 +2.1401e+000
609 +5.676009245e-001 +5.676009245e-001 -9.994323991e+002 -9.994323991e+002 +2.7534e+000 -3.3226e+000 +5.4494e-001 -1.6939e-001 +3.7006e+000
694 +3.301925263e-001 +3.301925263e-001 -9.996698075e+002 -9.996698075e+002 +2.7506e+000 -3.4764e+000 +5.5639e-001 -9.4006e-001 +2.7748e+000
782 +1.307705374e-001 +1.307705374e-001 -9.998692295e+002 -9.998692295e+002 +2.6323e+000 -3.4594e+000 +6.3221e-001 -4.9916e-001 +3.0756e+000
1007 +6.205130867e-002 +6.205130867e-002 -9.999379487e+002 -9.999379487e+002 +2.4891e+000 -3.1411e+000 +7.1338e-001 -5.4395e-001 +2.7930e+000
1183 +3.976952851e-002 +3.976952851e-002 -9.999602305e+002 -9.999602305e+002 +2.1633e+000 -3.1418e+000 +7.9780e-001 -8.9317e-001 +2.8894e+000
1281 +1.626736642e-002 +1.626736642e-002 -9.999837326e+002 -9.999837326e+002 +2.4876e+000 -3.2288e+000 +7.6053e-001 -7.5480e-001 +2.8988e+000
1634 +1.019953794e-002 +1.019953794e-002 -9.999898005e+002 -9.999898005e+002 +2.5183e+000 -3.1994e+000 +7.9245e-001 -7.8971e-001 +2.8820e+000
1661 +8.326421156e-003 +8.326421156e-003 -9.999916736e+002 -9.999916736e+002 +2.5582e+000 -3.2690e+000 +8.0063e-001 -8.7481e-001 +3.0570e+000
2089 +3.762510228e-003 +3.762510228e-003 -9.999962375e+002 -9.999962375e+002 +2.5228e+000 -3.2417e+000 +7.8593e-001 -8.5136e-001 +3.0563e+000
2419 +2.028234971e-003 +2.028234971e-003 -9.999979718e+002 -9.999979718e+002 +2.4552e+000 -3.1979e+000 +7.8672e-001 -8.3832e-001 +2.9704e+000
2733 +1.575476826e-003 +1.575476826e-003 -9.999984245e+002 -9.999984245e+002 +2.4379e+000 -3.1842e+000 +7.8808e-001 -8.5494e-001 +3.0001e+000
2817 +8.021894492e-004 +8.021894492e-004 -9.999991978e+002 -9.999991978e+002 +2.4541e+000 -3.2055e+000 +7.9053e-001 -8.3561e-001 +2.9574e+000
3067 +4.515996316e-004 +4.515996316e-004 -9.999995484e+002 -9.999995484e+002 +2.4026e+000 -3.1741e+000 +7.8626e-001 -8.6143e-001 +3.0096e+000
3202 +1.572246634e-004 +1.572246634e-004 -9.999998428e+002 -9.999998428e+002 +2.3925e+000 -3.1724e+000 +7.8703e-001 -8.6228e-001 +3.0047e+000
3766 +8.614781893e-005 +8.614781893e-005 -9.999999139e+002 -9.999999139e+002 +2.4147e+000 -3.1918e+000 +7.8438e-001 -8.5158e-001 +3.0109e+000
4027 +4.764203413e-005 +4.764203413e-005 -9.999999524e+002 -9.999999524e+002 +2.4302e+000 -3.2027e+000 +7.8217e-001 -8.4605e-001 +3.0193e+000
4303 +3.959662752e-005 +3.959662752e-005 -9.999999604e+002 -9.999999604e+002 +2.4319e+000 -3.2046e+000 +7.8209e-001 -8.4751e-001 +3.0233e+000
4542 +2.058323344e-005 +2.058323344e-005 -9.999999794e+002 -9.999999794e+002 +2.4308e+000 -3.2040e+000 +7.8197e-001 -8.5088e-001 +3.0302e+000
4559 +1.054072550e-005 +1.054072550e-005 -9.999999895e+002 -9.999999895e+002 +2.4277e+000 -3.2022e+000 +7.8255e-001 -8.5440e-001 +3.0327e+000
4665 +9.611847190e-006 +9.611847190e-006 -9.999999904e+002 -9.999999904e+002 +2.4269e+000 -3.2012e+000 +7.8305e-001 -8.5530e-001 +3.0311e+000
4740 +5.720433364e-006 +5.720433364e-006 -9.999999943e+002 -9.999999943e+002 +2.4262e+000 -3.2007e+000 +7.8291e-001 -8.5762e-001 +3.0361e+000
5465 +3.117991014e-006 +3.117991014e-006 -9.999999969e+002 -9.999999969e+002 +2.4294e+000 -3.2021e+000 +7.8332e-001 -8.5573e-001 +3.0313e+000
5979 +2.318850193e-006 +2.318850193e-006 -9.999999977e+002 -9.999999977e+002 +2.4254e+000 -3.1991e+000 +7.8399e-001 -8.5913e-001 +3.0323e+000
6158 +1.523499122e-006 +1.523499122e-006 -9.999999985e+002 -9.999999985e+002 +2.4248e+000 -3.1987e+000 +7.8396e-001 -8.5841e-001 +3.0308e+000
6482 +6.162318869e-007 +6.162318869e-007 -9.999999994e+002 -9.999999994e+002 +2.4225e+000 -3.1966e+000 +7.8428e-001 -8.5751e-001 +3.0259e+000
6797 +3.318148174e-007 +3.318148174e-007 -9.999999997e+002 -9.999999997e+002 +2.4214e+000 -3.1948e+000 +7.8490e-001 -8.5643e-001 +3.0195e+000
6823 +2.155532002e-007 +2.155532002e-007 -9.999999998e+002 -9.999999998e+002 +2.4215e+000 -3.1948e+000 +7.8496e-001 -8.5628e-001 +3.0188e+000
6866 +1.557789346e-007 +1.557789346e-007 -9.999999998e+002 -9.999999998e+002 +2.4223e+000 -3.1955e+000 +7.8490e-001 -8.5687e-001 +3.0207e+000
7290 +9.819007118e-008 +9.819007118e-008 -9.999999999e+002 -9.999999999e+002 +2.4231e+000 -3.1960e+000 +7.8483e-001 -8.5673e-001 +3.0213e+000
7389 +4.471974080e-008 +4.471974080e-008 -1.000000000e+003 -1.000000000e+003 +2.4234e+000 -3.1965e+000 +7.8462e-001 -8.5673e-001 +3.0227e+000
7448 +2.886952188e-008 +2.886952188e-008 -1.000000000e+003 -1.000000000e+003 +2.4230e+000 -3.1962e+000 +7.8466e-001 -8.5644e-001 +3.0217e+000
7850 +2.459353254e-008 +2.459353254e-008 -1.000000000e+003 -1.000000000e+003 +2.4231e+000 -3.1962e+000 +7.8464e-001 -8.5632e-001 +3.0216e+000
7994 +4.858634384e-009 +4.858634384e-009 -1.000000000e+003 -1.000000000e+003 +2.4226e+000 -3.1955e+000 +7.8490e-001 -8.5596e-001 +3.0190e+000
% function evaluation | noise-free fitness - Fopt (-5.039000000000e+001) | best noise-free fitness - Fopt | measured fitness | best measured fitness | x1 | x2...
1 +1.323750806e+001 +1.323750806e+001 -3.715249194e+001 -3.715249194e+001 +9.7866e-001 +1.9738e+000 +3.3560e+000 -4.6122e+000 -5.2038e-001
16 +5.626910495e+000 +5.626910495e+000 -4.476308951e+001 -4.476308951e+001 +1.6294e+000 -1.5156e+000 +2.5372e+000 +1.6920e+000 +8.4551e-001
132 +2.896484089e+000 +2.896484089e+000 -4.749351591e+001 -4.749351591e+001 -2.9156e-001 -2.0240e+000 -1.1118e-001 +9.3324e-001 -2.6453e+000
212 +2.373680652e+000 +2.373680652e+000 -4.801631935e+001 -4.801631935e+001 -9.9619e-001 -1.8013e+000 +2.8799e+000 +2.0098e+000 -2.8150e+000
374 +9.805794974e-001 +9.805794974e-001 -4.940942050e+001 -4.940942050e+001 -2.8440e-001 -1.3952e+000 +1.0948e+000 +1.5153e+000 -1.8395e+000
456 +3.610624649e-001 +3.610624649e-001 -5.002893754e+001 -5.002893754e+001 +1.2176e-002 -1.9359e+000 +2.1306e+000 +5.8163e-001 -2.6617e+000
775 +2.007586780e-001 +2.007586780e-001 -5.018924132e+001 -5.018924132e+001 +2.4898e-001 -1.9969e+000 +2.0883e+000 +5.7110e-001 -2.5599e+000
1041 +1.504104227e-001 +1.504104227e-001 -5.023958958e+001 -5.023958958e+001 +4.3663e-001 -2.0041e+000 +1.8847e+000 +5.2337e-001 -2.2641e+000
1118 +8.798547636e-002 +8.798547636e-002 -5.030201452e+001 -5.030201452e+001 +4.3663e-001 -2.0041e+000 +1.9976e+000 +5.8287e-001 -2.2641e+000
1182 +5.879772338e-002 +5.879772338e-002 -5.033120228e+001 -5.033120228e+001 +4.9343e-001 -2.1530e+000 +1.8548e+000 +6.2732e-001 -1.9232e+000
1677 +3.085781485e-002 +3.085781485e-002 -5.035914219e+001 -5.035914219e+001 +3.6928e-001 -2.0316e+000 +1.8452e+000 +6.9514e-001 -2.0428e+000
1887 +6.793429697e-003 +6.793429697e-003 -5.038320657e+001 -5.038320657e+001 +2.9780e-001 -1.9194e+000 +1.9164e+000 +8.2003e-001 -1.9840e+000
1994 +2.736370949e-003 +2.736370949e-003 -5.038726363e+001 -5.038726363e+001 +3.0487e-001 -1.9009e+000 +1.9803e+000 +8.0318e-001 -2.0204e+000
5273 +1.141525702e-003 +1.141525702e-003 -5.038885847e+001 -5.038885847e+001 +2.3104e-001 -1.8278e+000 +2.0311e+000 +8.6693e-001 -1.9515e+000
5352 +4.521103312e-004 +4.521103312e-004 -5.038954789e+001 -5.038954789e+001 +2.5352e-001 -1.8333e+000 +2.0139e+000 +8.7239e-001 -1.9567e+000
5392 +3.533292570e-004 +3.533292570e-004 -5.038964667e+001 -5.038964667e+001 +2.4587e-001 -1.8220e+000 +2.0084e+000 +8.8694e-001 -1.9641e+000
5726 +1.291700236e-004 +1.291700236e-004 -5.038987083e+001 -5.038987083e+001 +2.5091e-001 -1.8333e+000 +2.0139e+000 +8.7239e-001 -1.9567e+000
% function evaluation | noise-free fitness - Fopt (-7.027000000000e+001) | best noise-free fitness - Fopt | measured fitness | best measured fitness | x1 | x2...
1 +1.330615454e+002 +1.330615454e+002 +6.279154536e+001 +6.279154536e+001 -4.2118e+000 +1.2488e+000 -3.0739e+000 +6.6108e-001 +1.9763e+000
3 +1.543058806e+001 +1.543058806e+001 -5.483941194e+001 -5.483941194e+001 +4.5399e+000 -1.1171e+000 -2.1123e+000 +4.3877e+000 -2.3483e+000
25 +5.329077203e+000 +5.329077203e+000 -6.494092280e+001 -6.494092280e+001 +3.1795e+000 +1.0656e+000 -2.8794e+000 +1.7614e+000 +3.6040e-001
214 +1.722099183e+000 +1.722099183e+000 -6.854790082e+001 -6.854790082e+001 +2.1199e+000 -2.4469e+000 -4.8928e+000 +1.0469e+000 -3.1107e+000
286 +1.384334725e+000 +1.384334725e+000 -6.888566527e+001 -6.888566527e+001 +4.2802e+000 -2.8672e+000 -3.4434e+000 +1.4123e+000 -2.3173e+000
359 +8.970651735e-001 +8.970651735e-001 -6.937293483e+001 -6.937293483e+001 +2.7464e+000 -2.6933e+000 -4.3420e+000 +2.3969e+000 -2.7605e+000
716 +6.065292278e-001 +6.065292278e-001 -6.966347077e+001 -6.966347077e+001 +3.2169e+000 -2.6223e+000 -4.2591e+000 +1.9934e+000 -3.6666e+000
857 +3.791802185e-001 +3.791802185e-001 -6.989081978e+001 -6.989081978e+001 +2.8344e+000 -3.0218e+000 -4.1213e+000 +1.5377e+000 -3.3417e+000
902 +1.349566720e-001 +1.349566720e-001 -7.013504333e+001 -7.013504333e+001 +3.2399e+000 -2.8746e+000 -3.7332e+000 +1.8428e+000 -3.3407e+000
952 +9.993610408e-002 +9.993610408e-002 -7.017006390e+001 -7.017006390e+001 +3.0261e+000 -3.0805e+000 -3.5540e+000 +1.7949e+000 -3.1072e+000
1135 +5.215512389e-002 +5.215512389e-002 -7.021784488e+001 -7.021784488e+001 +3.2764e+000 -2.9860e+000 -4.0502e+000 +1.6073e+000 -3.0948e+000
1283 +1.961387386e-002 +1.961387386e-002 -7.025038613e+001 -7.025038613e+001 +3.1138e+000 -3.0555e+000 -3.8253e+000 +1.6350e+000 -3.0123e+000
1796 +1.459833699e-002 +1.459833699e-002 -7.025540166e+001 -7.025540166e+001 +2.9134e+000 -2.9832e+000 -3.7422e+000 +1.3335e+000 -2.9398e+000
1812 +2.735892714e-003 +2.735892714e-003 -7.026726411e+001 -7.026726411e+001 +3.0519e+000 -2.9676e+000 -3.8387e+000 +1.4459e+000 -3.0083e+000
1975 +2.308834840e-003 +2.308834840e-003 -7.026769117e+001 -7.026769117e+001 +2.9815e+000 -2.9440e+000 -3.7571e+000 +1.4171e+000 -3.0216e+000
2242 +8.298152787e-004 +8.298152787e-004 -7.026917018e+001 -7.026917018e+001 +3.0457e+000 -2.9599e+000 -3.7859e+000 +1.4757e+000 -3.0311e+000
% function evaluation | noise-free fitness - Fopt (-6.944000000000e+001) | best noise-free fitness - Fopt | measured fitness | best measured fitness | x1 | x2...
1 +1.809585191e+001 +1.809585191e+001 -5.134414809e+001 -5.134414809e+001 +8.9313e-001 -1.4146e+000 -1.1217e+000 +3.5413e-001 -4.0390e+000
8 +1.135945673e+001 +1.135945673e+001 -5.808054327e+001 -5.808054327e+001 +1.8652e+000 +1.2054e+000 -3.5359e+000 +6.9018e-001 -1.2284e+000
22 +6.695852141e+000 +6.695852141e+000 -6.274414786e+001 -6.274414786e+001 +2.7988e+000 +5.6670e-001 -6.6362e-001 +1.6389e+000 -3.6611e+000
84 +3.427563317e+000 +3.427563317e+000 -6.601243668e+001 -6.601243668e+001 +2.3409e+000 +2.7183e+000 +1.4891e+000 +1.6370e+000 -1.8408e+000
206 +2.389925916e+000 +2.389925916e+000 -6.705007408e+001 -6.705007408e+001 +1.7368e+000 +1.9890e+000 +1.6915e+000 +1.7799e+000 -1.5129e+000
388 +1.059902765e+000 +1.059902765e+000 -6.838009723e+001 -6.838009723e+001 +2.2151e+000 +7.0925e-001 +3.9070e+000 +2.9106e+000 -1.7578e-001
602 +9.228543038e-001 +9.228543038e-001 -6.851714570e+001 -6.851714570e+001 +2.4365e+000 +7.2228e-001 +3.9630e+000 +2.8594e+000 -4.4991e-001
636 +6.258631097e-001 +6.258631097e-001 -6.881413689e+001 -6.881413689e+001 +2.5428e+000 +8.0800e-001 +3.2210e+000 +1.6798e+000 -1.0093e+000
855 +2.750331587e-001 +2.750331587e-001 -6.916496684e+001 -6.916496684e+001 +2.2728e+000 +6.6416e-001 +3.7480e+000 +2.2933e+000 -7.9717e-001
916 +7.989804044e-002 +7.989804044e-002 -6.936010196e+001 -6.936010196e+001 +2.0882e+000 +7.2162e-001 +3.7478e+000 +1.7393e+000 -5.9198e-001
2837 +3.509845073e-002 +3.509845073e-002 -6.940490155e+001 -6.940490155e+001 +1.5571e+000 +6.0190e-001 +3.8401e+000 +1.9359e+000 -8.9543e-001
2883 +2.185504165e-002 +2.185504165e-002 -6.941814496e+001 -6.941814496e+001 +1.6183e+000 +8.1886e-001 +3.8720e+000 +2.1275e+000 -9.8853e-001
3016 +1.051060836e-002 +1.051060836e-002 -6.942948939e+001 -6.942948939e+001 +1.6538e+000 +8.0653e-001 +3.8319e+000 +2.0920e+000 -9.2397e-001
3515 +8.778244023e-003 +8.778244023e-003 -6.943122176e+001 -6.943122176e+001 +1.6363e+000 +7.9813e-001 +3.8283e+000 +2.0471e+000 -8.8365e-001
3659 +5.716937702e-003 +5.716937702e-003 -6.943428306e+001 -6.943428306e+001 +1.7237e+000 +7.6879e-001 +3.8223e+000 +2.0840e+000 -9.3611e-001
3693 +3.707256876e-003 +3.707256876e-003 -6.943629274e+001 -6.943629274e+001 +1.7417e+000 +7.5962e-001 +3.8147e+000 +2.0825e+000 -9.2702e-001
4008 +2.485113596e-003 +2.485113596e-003 -6.943751489e+001 -6.943751489e+001 +1.7241e+000 +7.6049e-001 +3.8125e+000 +2.0623e+000 -9.0419e-001
4228 +1.466337402e-003 +1.466337402e-003 -6.943853366e+001 -6.943853366e+001 +1.7629e+000 +7.6525e-001 +3.8052e+000 +2.0561e+000 -8.9733e-001
4301 +8.791090455e-004 +8.791090455e-004 -6.943912089e+001 -6.943912089e+001 +1.7574e+000 +7.7061e-001 +3.8005e+000 +2.0342e+000 -8.7177e-001
4631 +6.170569957e-004 +6.170569957e-004 -6.943938294e+001 -6.943938294e+001 +1.7767e+000 +7.6785e-001 +3.7993e+000 +2.0151e+000 -8.6103e-001
4799 +2.093908347e-004 +2.093908347e-004 -6.943979061e+001 -6.943979061e+001 +1.7919e+000 +7.5370e-001 +3.7893e+000 +2.0063e+000 -8.5102e-001
4918 +4.409184545e-005 +4.409184545e-005 -6.943995591e+001 -6.943995591e+001 +1.7975e+000 +7.3485e-001 +3.7821e+000 +1.9992e+000 -8.4576e-001
% function evaluation | noise-free fitness - Fopt (1.261900000000e+002) | best noise-free fitness - Fopt | measured fitness | best measured fitness | x1 | x2...
1 +2.431788487e+001 +2.431788487e+001 +1.505078849e+002 +1.505078849e+002 -3.7002e+000 +2.8108e+000 +3.6110e+000 -5.2958e-001 -3.3880e+000
10 +9.137522308e+000 +9.137522308e+000 +1.353275223e+002 +1.353275223e+002 +1.5558e+000 +1.0193e+000 -5.1943e-001 -1.2413e+000 -2.1073e-001
45 +4.799086850e+000 +4.799086850e+000 +1.309890869e+002 +1.309890869e+002 +6.9490e-001 +1.7685e+000 +1.9529e+000 +1.4772e+000 -2.6213e+000
110 +8.689126289e-001 +8.689126289e-001 +1.270589126e+002 +1.270589126e+002 +2.3093e+000 +5.5625e-001 -1.1701e+000 +5.9712e-001 -2.5687e+000
569 +5.593721135e-001 +5.593721135e-001 +1.267493721e+002 +1.267493721e+002 +2.6941e+000 +9.0294e-002 -1.1867e+000 +1.4807e+000 -2.3916e+000
810 +2.840686224e-001 +2.840686224e-001 +1.264740686e+002 +1.264740686e+002 +2.6230e+000 +1.7345e-001 -1.9586e+000 +1.0552e+000 -2.1111e+000
843 +2.019997398e-001 +2.019997398e-001 +1.263919997e+002 +1.263919997e+002 +2.4799e+000 +1.8836e-001 -1.3984e+000 +1.6465e+000 -2.6409e+000
862 +1.086305373e-001 +1.086305373e-001 +1.262986305e+002 +1.262986305e+002 +1.9015e+000 -1.3809e-001 -1.6381e+000 +1.3755e+000 -2.3441e+000
942 +9.635378427e-002 +9.635378427e-002 +1.262863538e+002 +1.262863538e+002 +2.2802e+000 -1.3809e-001 -1.6126e+000 +1.7082e+000 -2.3441e+000
968 +5.992698869e-002 +5.992698869e-002 +1.262499270e+002 +1.262499270e+002 +1.8688e+000 +5.9910e-002 -1.9720e+000 +1.4092e+000 -2.2631e+000
1188 +2.744803180e-002 +2.744803180e-002 +1.262174480e+002 +1.262174480e+002 +1.9959e+000 -8.6146e-002 -1.6769e+000 +1.6989e+000 -2.4313e+000
1445 +1.615878934e-002 +1.615878934e-002 +1.262061588e+002 +1.262061588e+002 +2.1175e+000 -3.9776e-002 -1.6971e+000 +1.6563e+000 -2.3579e+000
1639 +1.422162828e-002 +1.422162828e-002 +1.262042216e+002 +1.262042216e+002 +1.9656e+000 +6.2981e-002 -1.8463e+000 +1.5549e+000 -2.4002e+000
1988 +9.097557758e-003 +9.097557758e-003 +1.261990976e+002 +1.261990976e+002 +2.0514e+000 +4.1161e-002 -1.7668e+000 +1.5706e+000 -2.4142e+000
2213 +6.152219891e-003 +6.152219891e-003 +1.261961522e+002 +1.261961522e+002 +2.1323e+000 +3.6183e-002 -1.7525e+000 +1.5303e+000 -2.4054e+000
2589 +2.419869352e-003 +2.419869352e-003 +1.261924199e+002 +1.261924199e+002 +2.0607e+000 +7.9944e-002 -1.8385e+000 +1.5027e+000 -2.3844e+000
2599 +5.013536659e-004 +5.013536659e-004 +1.261905014e+002 +1.261905014e+002 +2.1239e+000 +1.1770e-001 -1.8401e+000 +1.4849e+000 -2.3910e+000
