% function evaluation | noise-free fitness - Fopt (1.000000000000e+003) | best noise-free fitness - Fopt | measured fitness | best measured fitness | x1 | x2...
1 +1.108450154e+001 +1.108450154e+001 +1.011084502e+003 +1.011084502e+003 -2.4263e+000 +2.2295e+000
227 +5.430575870e+000 +5.430575870e+000 +1.005430576e+003 +1.005430576e+003 -2.5965e+000 +3.1331e+000
331 +3.840765543e+000 +3.840765543e+000 +1.003840766e+003 +1.003840766e+003 -2.7363e+000 +2.3321e+000
1083 +2.165211216e+000 +2.165211216e+000 +1.002165211e+003 +1.002165211e+003 -2.7103e+000 +3.1641e+000
1116 +1.115725201e+000 +1.115725201e+000 +1.001115725e+003 +1.001115725e+003 -2.2677e+000 +2.3495e+000
1344 +3.329832131e-001 +3.329832131e-001 +1.000332983e+003 +1.000332983e+003 -3.0894e+000 +3.0221e+000
2890 +1.015107947e-002 +1.015107947e-002 +1.000010151e+003 +1.000010151e+003 -3.0617e+000 +3.0059e+000
9262 +2.925935116e-004 +2.925935116e-004 +1.000000293e+003 +1.000000293e+003 -3.0567e+000 +3.0011e+000
38684 +9.776448564e-006 +9.776448564e-006 +1.000000010e+003 +1.000000010e+003 -3.0569e+000 +3.0015e+000
38954 +2.543601227e-006 +2.543601227e-006 +1.000000003e+003 +1.000000003e+003 -3.0567e+000 +3.0015e+000
56043 +2.500528808e-006 +2.500528808e-006 +1.000000003e+003 +1.000000003e+003 -3.0567e+000 +3.0015e+000
56177 +5.939722314e-007 +5.939722314e-007 +1.000000001e+003 +1.000000001e+003 -3.0568e+000 +3.0016e+000
56448 +3.763221912e-007 +3.763221912e-007 +1.000000000e+003 +1.000000000e+003 -3.0568e+000 +3.0016e+000
56700 +2.152784191e-007 +2.152784191e-007 +1.000000000e+003 +1.000000000e+003 -3.0568e+000 +3.0016e+000
56711 +1.206918796e-007 +1.206918796e-007 +1.000000000e+003 +1.000000000e+003 -3.0568e+000 +3.0016e+000
56929 +9.532038803e-008 +9.532038803e-008 +1.000000000e+003 +1.000000000e+003 -3.0568e+000 +3.0016e+000
56972 +2.009426225e-008 +2.009426225e-008 +1.000000000e+003 +1.000000000e+003 -3.0568e+000 +3.0016e+000
57169 +1.803186933e-009 +1.803186933e-009 +1.000000000e+003 +1.000000000e+003 -3.0568e+000 +3.0016e+000
% function evaluation | noise-free fitness - Fopt (7.003000000000e+001) | best noise-free fitness - Fopt | measured fitness | best measured fitness | x1 | x2...
1 +2.469815491e+002 +2.469815491e+002 +3.170115491e+002 +3.170115491e+002 +3.9981e+000 -2.8124e+000
3 +3.007766053e+001 +3.007766053e+001 +1.001076605e+002 +1.001076605e+002 -9.4007e-001 -2.9625e+000
13 +2.377530184e+001 +2.377530184e+001 +9.380530184e+001 +9.380530184e+001 +1.2705e+000 -2.6987e+000
45 +6.609469008e+000 +6.609469008e+000 +7.663946901e+001 +7.663946901e+001 -5.7452e-001 -2.9394e+000
94 +1.026336630e+000 +1.026336630e+000 +7.105633663e+001 +7.105633663e+001 +1.4842e-001 -2.7784e+000
2914 +2.744165504e-001 +2.744165504e-001 +7.030441655e+001 +7.030441655e+001 -8.3091e-001 -2.4909e+000
10388 +8.224190444e-003 +8.224190444e-003 +7.003822419e+001 +7.003822419e+001 -8.5266e-001 -2.4972e+000
30589 +2.510206278e-003 +2.510206278e-003 +7.003251021e+001 +7.003251021e+001 -8.5310e-001 -2.4942e+000
30718 +1.096097584e-003 +1.096097584e-003 +7.003109610e+001 +7.003109610e+001 -8.4819e-001 -2.4970e+000
36199 +8.436578813e-004 +8.436578813e-004 +7.003084366e+001 +7.003084366e+001 -8.5229e-001 -2.4954e+000
39563 +1.594605577e-004 +1.594605577e-004 +7.003015946e+001 +7.003015946e+001 -8.5124e-001 -2.4957e+000
39652 +5.981425568e-005 +5.981425568e-005 +7.003005981e+001 +7.003005981e+001 -8.5087e-001 -2.4958e+000
40034 +1.647221842e-005 +1.647221842e-005 +7.003001647e+001 +7.003001647e+001 -8.5035e-001 -2.4959e+000
40335 +2.391024225e-006 +2.391024225e-006 +7.003000239e+001 +7.003000239e+001 -8.5038e-001 -2.4960e+000
40505 +8.297071474e-007 +8.297071474e-007 +7.003000083e+001 +7.003000083e+001 -8.5043e-001 -2.4960e+000
40592 +3.132004309e-007 +3.132004309e-007 +7.003000031e+001 +7.003000031e+001 -8.5043e-001 -2.4960e+000
40937 +2.431791870e-007 +2.431791870e-007 +7.003000024e+001 +7.003000024e+001 -8.5043e-001 -2.4960e+000
40939 +8.447710798e-008 +8.447710798e-008 +7.003000008e+001 +7.003000008e+001 -8.5042e-001 -2.4960e+000
41196 +9.564899983e-009 +9.564899983e-009 +7.003000001e+001 +7.003000001e+001 -8.5040e-001 -2.4960e+000
% function evaluation | noise-free fitness - Fopt (-4.822000000000e+001) | best noise-free fitness - Fopt | measured fitness | best measured fitness | x1 | x2...
1 +6.450281734e+001 +6.450281734e+001 +1.628281734e+001 +1.628281734e+001 +3.0196e-001 -2.1329e+000
4 +4.008717959e+001 +4.008717959e+001 -8.132820407e+000 -8.132820407e+000 -1.2453e+000 -1.5364e+000
6 +2.537313855e+001 +2.537313855e+001 -2.284686145e+001 -2.284686145e+001 -2.4037e+000 -1.1373e+000
12 +1.045019902e+001 +1.045019902e+001 -3.776980098e+001 -3.776980098e+001 -1.6161e+000 -3.0921e+000
118 +4.220058247e+000 +4.220058247e+000 -4.399994175e+001 -4.399994175e+001 -2.1900e+000 -3.0969e-001
299 +2.049601986e+000 +2.049601986e+000 -4.617039801e+001 -4.617039801e+001 -1.4241e+000 -7.0418e-001
1236 +1.118461034e+000 +1.118461034e+000 -4.710153897e+001 -4.710153897e+001 -1.9246e+000 -1.8878e+000
1446 +2.351726284e-001 +2.351726284e-001 -4.798482737e+001 -4.798482737e+001 -1.8352e+000 -1.0409e+000
3926 +1.182090359e-001 +1.182090359e-001 -4.810179096e+001 -4.810179096e+001 -1.8336e+000 -1.0197e+000
4112 +7.812066992e-002 +7.812066992e-002 -4.814187933e+001 -4.814187933e+001 -1.8494e+000 -9.9739e-001
4146 +4.152196553e-003 +4.152196553e-003 -4.821584780e+001 -4.821584780e+001 -1.8413e+000 -1.0113e+000
15878 +7.931539833e-004 +7.931539833e-004 -4.821920685e+001 -4.821920685e+001 -1.8431e+000 -1.0060e+000
16231 +3.274200965e-004 +3.274200965e-004 -4.821967258e+001 -4.821967258e+001 -1.8424e+000 -1.0060e+000
16596 +2.307914253e-004 +2.307914253e-004 -4.821976921e+001 -4.821976921e+001 -1.8420e+000 -1.0071e+000
16602 +6.403091273e-005 +6.403091273e-005 -4.821993597e+001 -4.821993597e+001 -1.8423e+000 -1.0069e+000
16816 +4.886758549e-005 +4.886758549e-005 -4.821995113e+001 -4.821995113e+001 -1.8426e+000 -1.0071e+000
16833 +3.624681106e-005 +3.624681106e-005 -4.821996375e+001 -4.821996375e+001 -1.8425e+000 -1.0071e+000
16861 +2.352266619e-005 +2.352266619e-005 -4.821997648e+001 -4.821997648e+001 -1.8424e+000 -1.0075e+000
17008 +4.052503236e-006 +4.052503236e-006 -4.821999595e+001 -4.821999595e+001 -1.8424e+000 -1.0071e+000
17198 +3.498435596e-006 +3.498435596e-006 -4.821999650e+001 -4.821999650e+001 -1.8424e+000 -1.0073e+000
17314 +3.033527207e-009 +3.033527207e-009 -4.822000000e+001 -4.822000000e+001 -1.8424e+000 -1.0072e+000
% function evaluation | noise-free fitness - Fopt (2.547000000000e+001) | best noise-free fitness - Fopt | measured fitness | best measured fitness | x1 | x2...
1 +4.664880055e+002 +4.664880055e+002 +4.919580055e+002 +4.919580055e+002 +3.3756e+000 -3.3962e-002
3 +6.274124614e+001 +6.274124614e+001 +8.821124614e+001 +8.821124614e+001 -3.2363e+000 +7.9657e-001
6 +3.484872821e+001 +3.484872821e+001 +6.031872821e+001 +6.031872821e+001 -1.3969e+000 -4.6906e+000
40 +2.504273266e+001 +2.504273266e+001 +5.051273266e+001 +5.051273266e+001 -3.3536e+000 -3.2814e+000
99 +1.349463836e+001 +1.349463836e+001 +3.896463836e+001 +3.896463836e+001 -4.1890e+000 -2.5973e+000
313 +4.007796063e+000 +4.007796063e+000 +2.947779606e+001 +2.947779606e+001 -4.4762e+000 -8.1617e-001
1054 +3.948315199e+000 +3.948315199e+000 +2.941831520e+001 +2.941831520e+001 -3.2457e+000 -1.8931e+000
1799 +1.664230650e+000 +1.664230650e+000 +2.713423065e+001 +2.713423065e+001 -3.6929e+000 -2.4839e+000
2026 +1.155091598e+000 +1.155091598e+000 +2.662509160e+001 +2.662509160e+001 -3.9090e+000 -1.3175e+000
2037 +5.604852104e-001 +5.604852104e-001 +2.603048521e+001 +2.603048521e+001 -3.7714e+000 -1.9011e+000
2620 +8.205583046e-002 +8.205583046e-002 +2.555205583e+001 +2.555205583e+001 -3.8008e+000 -1.8990e+000
4719 +3.939337843e-002 +3.939337843e-002 +2.550939338e+001 +2.550939338e+001 -3.7849e+000 -1.9184e+000
7096 +1.091114962e-002 +1.091114962e-002 +2.548091115e+001 +2.548091115e+001 -3.7804e+000 -1.9180e+000
7192 +9.244647596e-003 +9.244647596e-003 +2.547924465e+001 +2.547924465e+001 -3.7804e+000 -1.9175e+000
7675 +6.264666328e-004 +6.264666328e-004 +2.547062647e+001 +2.547062647e+001 -3.7837e+000 -1.9127e+000
8242 +3.510573360e-004 +3.510573360e-004 +2.547035106e+001 +2.547035106e+001 -3.7843e+000 -1.9120e+000
8427 +1.884464020e-004 +1.884464020e-004 +2.547018845e+001 +2.547018845e+001 -3.7841e+000 -1.9128e+000
8490 +7.599745549e-005 +7.599745549e-005 +2.547007600e+001 +2.547007600e+001 -3.7851e+000 -1.9120e+000
8741 +2.068454846e-005 +2.068454846e-005 +2.547002068e+001 +2.547002068e+001 -3.7849e+000 -1.9118e+000
8825 +1.569772955e-006 +1.569772955e-006 +2.547000157e+001 +2.547000157e+001 -3.7847e+000 -1.9120e+000
53480 +4.071171062e-007 +4.071171062e-007 +2.547000041e+001 +2.547000041e+001 -3.7848e+000 -1.9120e+000
53827 +2.394781013e-007 +2.394781013e-007 +2.547000024e+001 +2.547000024e+001 -3.7848e+000 -1.9120e+000
53885 +3.138719507e-009 +3.138719507e-009 +2.547000000e+001 +2.547000000e+001 -3.7848e+000 -1.9120e+000
% function evaluation | noise-free fitness - Fopt (-1.008100000000e+002) | best noise-free fitness - Fopt | measured fitness | best measured fitness | x1 | x2...
1 +7.147798287e+001 +7.147798287e+001 -2.933201713e+001 -2.933201713e+001 -1.8715e+000 +9.0997e-001
10 +5.978679822e+001 +5.978679822e+001 -4.102320178e+001 -4.102320178e+001 -2.4175e+000 -3.1892e+000
15 +3.421355736e+001 +3.421355736e+001 -6.659644264e+001 -6.659644264e+001 +2.1163e+000 +6.2354e-001
31 +1.882033976e+001 +1.882033976e+001 -8.198966024e+001 -8.198966024e+001 +4.2119e-001 +4.4144e-003
63 +1.089388229e+001 +1.089388229e+001 -8.991611771e+001 -8.991611771e+001 +1.9561e+000 +2.5532e-001
210 +2.920425351e+000 +2.920425351e+000 -9.788957465e+001 -9.788957465e+001 +1.3972e+000 +3.8868e-001
588 +4.563815572e-001 +4.563815572e-001 -1.003536184e+002 -1.003536184e+002 +9.8073e-001 +4.6706e-001
3718 +3.436616655e-001 +3.436616655e-001 -1.004663383e+002 -1.004663383e+002 +9.8581e-001 +5.0102e-001
4239 +7.987915684e-002 +7.987915684e-002 -1.007301208e+002 -1.007301208e+002 +9.9697e-001 +4.8380e-001
4578 +4.989139663e-002 +4.989139663e-002 -1.007601086e+002 -1.007601086e+002 +9.9028e-001 +4.9352e-001
4741 +9.653073203e-003 +9.653073203e-003 -1.008003469e+002 -1.008003469e+002 +9.9333e-001 +4.8610e-001
5072 +2.471822796e-003 +2.471822796e-003 -1.008075282e+002 -1.008075282e+002 +9.8954e-001 +4.8605e-001
5126 +1.505074725e-003 +1.505074725e-003 -1.008084949e+002 -1.008084949e+002 +9.9371e-001 +4.8808e-001
5535 +7.467943688e-005 +7.467943688e-005 -1.008099253e+002 -1.008099253e+002 +9.9224e-001 +4.8791e-001
11528 +5.977219212e-005 +5.977219212e-005 -1.008099402e+002 -1.008099402e+002 +9.9158e-001 +4.8791e-001
11833 +1.481641966e-005 +1.481641966e-005 -1.008099852e+002 -1.008099852e+002 +9.9175e-001 +4.8786e-001
11943 +4.931592642e-006 +4.931592642e-006 -1.008099951e+002 -1.008099951e+002 +9.9201e-001 +4.8806e-001
12078 +2.438318432e-006 +2.438318432e-006 -1.008099976e+002 -1.008099976e+002 +9.9190e-001 +4.8795e-001
12291 +1.073379153e-006 +1.073379153e-006 -1.008099989e+002 -1.008099989e+002 +9.9194e-001 +4.8799e-001
12463 +6.375394719e-007 +6.375394719e-007 -1.008099994e+002 -1.008099994e+002 +9.9200e-001 +4.8798e-001
12729 +7.864981910e-008 +7.864981910e-008 -1.008099999e+002 -1.008099999e+002 +9.9198e-001 +4.8799e-001
13046 +5.627396149e-008 +5.627396149e-008 -1.008099999e+002 -1.008099999e+002 +9.9199e-001 +4.8799e-001
13115 +1.155875395e-008 +1.155875395e-008 -1.008100000e+002 -1.008100000e+002 +9.9200e-001 +4.8800e-001
13137 +6.530669339e-009 +6.530669339e-009 -1.008100000e+002 -1.008100000e+002 +9.9200e-001 +4.8800e-001
% function evaluation | noise-free fitness - Fopt (4.017300000000e+002) | best noise-free fitness - Fopt | measured fitness | best measured fitness | x1 | x2...
1 +6.941790938e+001 +6.941790938e+001 +4.711479094e+002 +4.711479094e+002 +3.8168e+000 +1.7360e+000
4 +3.392260834e+001 +3.392260834e+001 +4.356526083e+002 +4.356526083e+002 +2.1461e+000 -1.0951e+000
38 +4.645160694e+000 +4.645160694e+000 +4.063751607e+002 +4.063751607e+002 +5.0983e-001 -2.9350e+000
118 +3.938605695e+000 +3.938605695e+000 +4.056686057e+002 +4.056686057e+002 +1.2764e+000 -2.7850e+000
277 +1.623195454e+000 +1.623195454e+000 +4.033531955e+002 +4.033531955e+002 +9.6555e-001 -2.7295e+000
649 +1.110203092e+000 +1.110203092e+000 +4.028402031e+002 +4.028402031e+002 +1.2701e+000 -2.7281e+000
766 +9.852749817e-001 +9.852749817e-001 +4.027152750e+002 +4.027152750e+002 +1.2882e+000 -2.6033e+000
1113 +1.903212284e-001 +1.903212284e-001 +4.019203212e+002 +4.019203212e+002 +1.2942e+000 -2.6240e+000
1590 +2.199770267e-002 +2.199770267e-002 +4.017519977e+002 +4.017519977e+002 +1.2941e+000 -2.6450e+000
2094 +1.357277453e-003 +1.357277453e-003 +4.017313573e+002 +4.017313573e+002 +1.2912e+000 -2.6585e+000
9561 +8.812088988e-004 +8.812088988e-004 +4.017308812e+002 +4.017308812e+002 +1.2928e+000 -2.6557e+000
10037 +1.024480247e-004 +1.024480247e-004 +4.017301024e+002 +4.017301024e+002 +1.2918e+000 -2.6558e+000
33174 +7.799470899e-005 +7.799470899e-005 +4.017300780e+002 +4.017300780e+002 +1.2918e+000 -2.6560e+000
33244 +6.558184282e-006 +6.558184282e-006 +4.017300066e+002 +4.017300066e+002 +1.2921e+000 -2.6560e+000
44478 +1.794423611e-006 +1.794423611e-006 +4.017300018e+002 +4.017300018e+002 +1.2920e+000 -2.6561e+000
44534 +6.289013754e-007 +6.289013754e-007 +4.017300006e+002 +4.017300006e+002 +1.2920e+000 -2.6560e+000
51487 +1.680128321e-007 +1.680128321e-007 +4.017300002e+002 +4.017300002e+002 +1.2920e+000 -2.6560e+000
51575 +7.088652865e-008 +7.088652865e-008 +4.017300001e+002 +4.017300001e+002 +1.2920e+000 -2.6560e+000
51755 +4.736523351e-008 +4.736523351e-008 +4.017300000e+002 +4.017300000e+002 +1.2920e+000 -2.6560e+000
52003 +2.014957090e-008 +2.014957090e-008 +4.017300000e+002 +4.017300000e+002 +1.2920e+000 -2.6560e+000
52080 +1.451707021e-008 +1.451707021e-008 +4.017300000e+002 +4.017300000e+002 +1.2920e+000 -2.6560e+000
52165 +1.335251909e-010 +1.335251909e-010 +4.017300000e+002 +4.017300000e+002 +1.2920e+000 -2.6560e+000
% function evaluation | noise-free fitness - Fopt (-9.575000000000e+001) | best noise-free fitness - Fopt | measured fitness | best measured fitness | x1 | x2...
1 +1.397167294e+002 +1.397167294e+002 +4.396672936e+001 +4.396672936e+001 -2.9492e+000 -2.2193e+000
10 +7.959235183e+001 +7.959235183e+001 -1.615764817e+001 -1.615764817e+001 -2.2244e+000 -1.6897e+000
15 +5.102086088e+001 +5.102086088e+001 -4.472913912e+001 -4.472913912e+001 +1.9728e+000 +3.7467e+000
19 +7.986579633e+000 +7.986579633e+000 -8.776342037e+001 -8.776342037e+001 +2.4729e+000 +8.5552e-001
246 +2.160920230e+000 +2.160920230e+000 -9.358907977e+001 -9.358907977e+001 +3.3787e+000 +1.8252e+000
1200 +1.522535496e+000 +1.522535496e+000 -9.422746450e+001 -9.422746450e+001 +3.4669e+000 +1.8911e+000
1668 +1.407901864e-001 +1.407901864e-001 -9.560920981e+001 -9.560920981e+001 +2.4928e+000 +1.5180e+000
7529 +3.125611008e-002 +3.125611008e-002 -9.571874389e+001 -9.571874389e+001 +2.4581e+000 +1.5029e+000
7818 +1.157076414e-002 +1.157076414e-002 -9.573842924e+001 -9.573842924e+001 +2.4639e+000 +1.5093e+000
8131 +7.631648904e-003 +7.631648904e-003 -9.574236835e+001 -9.574236835e+001 +2.4689e+000 +1.5069e+000
8207 +3.250866389e-003 +3.250866389e-003 -9.574674913e+001 -9.574674913e+001 +2.4696e+000 +1.5081e+000
8581 +3.856136791e-004 +3.856136791e-004 -9.574961439e+001 -9.574961439e+001 +2.4671e+000 +1.5081e+000
8780 +2.312921282e-005 +2.312921282e-005 -9.574997687e+001 -9.574997687e+001 +2.4677e+000 +1.5086e+000
13507 +9.772113955e-006 +9.772113955e-006 -9.574999023e+001 -9.574999023e+001 +2.4681e+000 +1.5089e+000
13672 +5.336668778e-006 +5.336668778e-006 -9.574999466e+001 -9.574999466e+001 +2.4681e+000 +1.5089e+000
13767 +7.446594026e-007 +7.446594026e-007 -9.574999926e+001 -9.574999926e+001 +2.4680e+000 +1.5088e+000
13843 +1.791507458e-007 +1.791507458e-007 -9.574999982e+001 -9.574999982e+001 +2.4680e+000 +1.5088e+000
14113 +1.406032055e-007 +1.406032055e-007 -9.574999986e+001 -9.574999986e+001 +2.4680e+000 +1.5088e+000
14358 +4.281770316e-008 +4.281770316e-008 -9.574999996e+001 -9.574999996e+001 +2.4680e+000 +1.5088e+000
14614 +1.673549832e-008 +1.673549832e-008 -9.574999998e+001 -9.574999998e+001 +2.4680e+000 +1.5088e+000
14693 +1.165952312e-008 +1.165952312e-008 -9.574999999e+001 -9.574999999e+001 +2.4680e+000 +1.5088e+000
14781 +6.547438147e-009 +6.547438147e-009 -9.574999999e+001 -9.574999999e+001 +2.4680e+000 +1.5088e+000
% function evaluation | noise-free fitness - Fopt (-9.136000000000e+001) | best noise-free fitness - Fopt | measured fitness | best measured fitness | x1 | x2...
1 +7.432482703e+002 +7.432482703e+002 +6.518882703e+002 +6.518882703e+002 -4.1549e+000 -3.7198e+000
3 +1.388768294e+002 +1.388768294e+002 +4.751682938e+001 +4.751682938e+001 -3.1549e+000 -6.3269e-001
5 +8.696457956e+001 +8.696457956e+001 -4.395420444e+000 -4.395420444e+000 -3.9509e+000 -7.5097e-001
13 +1.821988974e+001 +1.821988974e+001 -7.314011026e+001 -7.314011026e+001 -2.5771e+000 +4.3798e+000
19 +1.027247199e+001 +1.027247199e+001 -8.108752801e+001 -8.108752801e+001 -2.7372e+000 +3.0583e+000
136 +6.356353520e+000 +6.356353520e+000 -8.500364648e+001 -8.500364648e+001 -2.7818e+000 +3.5722e+000
263 +1.102364942e+000 +1.102364942e+000 -9.025763506e+001 -9.025763506e+001 -2.7683e+000 +3.4982e+000
2366 +3.595701009e-001 +3.595701009e-001 -9.100042990e+001 -9.100042990e+001 -3.4323e+000 +2.8274e+000
3134 +7.577027676e-002 +7.577027676e-002 -9.128422972e+001 -9.128422972e+001 -3.4210e+000 +2.8324e+000
3151 +3.474071019e-002 +3.474071019e-002 -9.132525929e+001 -9.132525929e+001 -3.4125e+000 +2.8445e+000
3499 +3.328935282e-003 +3.328935282e-003 -9.135667106e+001 -9.135667106e+001 -3.4080e+000 +2.8440e+000
3820 +3.449479714e-004 +3.449479714e-004 -9.135965505e+001 -9.135965505e+001 -3.4110e+000 +2.8406e+000
28138 +5.537069057e-005 +5.537069057e-005 -9.135994463e+001 -9.135994463e+001 -3.4106e+000 +2.8407e+000
28221 +1.017319858e-005 +1.017319858e-005 -9.135998983e+001 -9.135998983e+001 -3.4103e+000 +2.8410e+000
28661 +1.202290733e-006 +1.202290733e-006 -9.135999880e+001 -9.135999880e+001 -3.4104e+000 +2.8408e+000
28937 +9.964848289e-007 +9.964848289e-007 -9.135999900e+001 -9.135999900e+001 -3.4104e+000 +2.8408e+000
29012 +5.016300406e-007 +5.016300406e-007 -9.135999950e+001 -9.135999950e+001 -3.4104e+000 +2.8408e+000
29464 +2.860784321e-007 +2.860784321e-007 -9.135999971e+001 -9.135999971e+001 -3.4104e+000 +2.8408e+000
29606 +1.775842406e-008 +1.775842406e-008 -9.135999998e+001 -9.135999998e+001 -3.4104e+000 +2.8408e+000
30022 +1.346336376e-008 +1.346336376e-008 -9.135999999e+001 -9.135999999e+001 -3.4104e+000 +2.8408e+000
30157 +2.554983780e-009 +2.554983780e-009 -9.136000000e+001 -9.136000000e+001 -3.4104e+000 +2.8408e+000
30197 +1.717822329e-009 +1.717822329e-009 -9.136000000e+001 -9.136000000e+001 -3.4104e+000 +2.8408e+000
% function evaluation | noise-free fitness - Fopt (2.315300000000e+002) | best noise-free fitness - Fopt | measured fitness | best measured fitness | x1 | x2...
1 +2.629262669e+003 +2.629262669e+003 +2.860792669e+003 +2.860792669e+003 +3.3846e+000 -9.6157e-001
3 +8.966912064e+001 +8.966912064e+001 +3.211991206e+002 +3.211991206e+002 +5.7689e-001 +4.1346e+000
5 +6.163547299e+001 +6.163547299e+001 +2.931654730e+002 +2.931654730e+002 -1.7291e+000 -5.4349e-001
11 +2.581083726e+001 +2.581083726e+001 +2.573408373e+002 +2.573408373e+002 -1.8522e+000 +1.5748e+000
21 +2.017563887e+001 +2.017563887e+001 +2.517056389e+002 +2.517056389e+002 -2.7193e+000 +1.4813e+000
81 +1.560090951e+001 +1.560090951e+001 +2.471309095e+002 +2.471309095e+002 -2.3307e+000 +2.6713e+000
174 +9.077947634e+000 +9.077947634e+000 +2.406079476e+002 +2.406079476e+002 -1.7356e+000 +2.1125e+000
326 +5.148893384e+000 +5.148893384e+000 +2.366788934e+002 +2.366788934e+002 -2.3248e+000 -7.9816e-001
370 +3.855793992e+000 +3.855793992e+000 +2.353857940e+002 +2.353857940e+002 -2.5883e+000 -2.1252e-001
1195 +1.571568727e+000 +1.571568727e+000 +2.331015687e+002 +2.331015687e+002 -2.5679e+000 -1.2434e-001
1246 +5.559313217e-001 +5.559313217e-001 +2.320859313e+002 +2.320859313e+002 -3.0047e+000 -2.8655e-001
1950 +2.020084132e-001 +2.020084132e-001 +2.317320084e+002 +2.317320084e+002 -3.0111e+000 -3.1023e-001
2010 +2.971990954e-002 +2.971990954e-002 +2.315597199e+002 +2.315597199e+002 -3.0001e+000 -3.1568e-001
11458 +1.577686197e-002 +1.577686197e-002 +2.315457769e+002 +2.315457769e+002 -3.0058e+000 -3.1864e-001
11924 +4.111247080e-003 +4.111247080e-003 +2.315341112e+002 +2.315341112e+002 -3.0037e+000 -3.2168e-001
12046 +2.533131053e-003 +2.533131053e-003 +2.315325331e+002 +2.315325331e+002 -3.0070e+000 -3.2806e-001
12127 +1.684284232e-003 +1.684284232e-003 +2.315316843e+002 +2.315316843e+002 -3.0068e+000 -3.2564e-001
12137 +6.579527443e-004 +6.579527443e-004 +2.315306580e+002 +2.315306580e+002 -3.0061e+000 -3.2654e-001
12233 +3.044462889e-004 +3.044462889e-004 +2.315303044e+002 +2.315303044e+002 -3.0055e+000 -3.2556e-001
12621 +1.222424999e-004 +1.222424999e-004 +2.315301222e+002 +2.315301222e+002 -3.0054e+000 -3.2511e-001
12710 +6.578789450e-005 +6.578789450e-005 +2.315300658e+002 +2.315300658e+002 -3.0058e+000 -3.2527e-001
12777 +1.345164071e-005 +1.345164071e-005 +2.315300135e+002 +2.315300135e+002 -3.0057e+000 -3.2493e-001
13306 +6.234235371e-006 +6.234235371e-006 +2.315300062e+002 +2.315300062e+002 -3.0057e+000 -3.2494e-001
13410 +3.283740767e-006 +3.283740767e-006 +2.315300033e+002 +2.315300033e+002 -3.0056e+000 -3.2492e-001
13459 +2.052946598e-006 +2.052946598e-006 +2.315300021e+002 +2.315300021e+002 -3.0056e+000 -3.2484e-001
13463 +1.290663931e-007 +1.290663931e-007 +2.315300001e+002 +2.315300001e+002 -3.0056e+000 -3.2482e-001
13754 +8.831537457e-008 +8.831537457e-008 +2.315300001e+002 +2.315300001e+002 -3.0056e+000 -3.2479e-001
14006 +6.429871746e-009 +6.429871746e-009 +2.315300000e+002 +2.315300000e+002 -3.0056e+000 -3.2480e-001
% function evaluation | noise-free fitness - Fopt (-1.397700000000e+002) | best noise-free fitness - Fopt | measured fitness | best measured fitness | x1 | x2...
1 +4.465226641e+002 +4.465226641e+002 +3.067526641e+002 +3.067526641e+002 +1.6402e+000 -1.9168e+000
3 +1.489993506e+001 +1.489993506e+001 -1.248700649e+002 -1.248700649e+002 -2.4525e+000 +4.4626e+000
56 +6.569919575e+000 +6.569919575e+000 -1.332000804e+002 -1.332000804e+002 -3.4411e+000 +2.1408e+000
60 +4.414743309e+000 +4.414743309e+000 -1.353552567e+002 -1.353552567e+002 -2.8351e+000 +3.4099e+000
459 +1.610937828e+000 +1.610937828e+000 -1.381590622e+002 -1.381590622e+002 -2.8186e+000 +3.4779e+000
733 +1.164810747e+000 +1.164810747e+000 -1.386051893e+002 -1.386051893e+002 -3.4799e+000 +2.4540e+000
6133 +9.742588100e-001 +9.742588100e-001 -1.387957412e+002 -1.387957412e+002 -2.6877e+000 +3.1676e+000
6731 +8.483741641e-002 +8.483741641e-002 -1.396851626e+002 -1.396851626e+002 -2.7246e+000 +3.1103e+000
6850 +3.202975634e-002 +3.202975634e-002 -1.397379702e+002 -1.397379702e+002 -2.7311e+000 +3.1194e+000
7400 +1.909340552e-002 +1.909340552e-002 -1.397509066e+002 -1.397509066e+002 -2.7234e+000 +3.1206e+000
7595 +5.608547285e-003 +5.608547285e-003 -1.397643915e+002 -1.397643915e+002 -2.7300e+000 +3.1168e+000
7724 +1.532003673e-003 +1.532003673e-003 -1.397684680e+002 -1.397684680e+002 -2.7291e+000 +3.1147e+000
7788 +4.750615122e-004 +4.750615122e-004 -1.397695249e+002 -1.397695249e+002 -2.7311e+000 +3.1143e+000
33536 +2.342173332e-004 +2.342173332e-004 -1.397697658e+002 -1.397697658e+002 -2.7320e+000 +3.1128e+000
33853 +1.513813297e-004 +1.513813297e-004 -1.397698486e+002 -1.397698486e+002 -2.7311e+000 +3.1133e+000
34055 +1.352274600e-005 +1.352274600e-005 -1.397699865e+002 -1.397699865e+002 -2.7310e+000 +3.1138e+000
34360 +9.911179262e-006 +9.911179262e-006 -1.397699901e+002 -1.397699901e+002 -2.7314e+000 +3.1135e+000
34488 +6.096589033e-006 +6.096589033e-006 -1.397699939e+002 -1.397699939e+002 -2.7312e+000 +3.1136e+000
34571 +1.531471639e-006 +1.531471639e-006 -1.397699985e+002 -1.397699985e+002 -2.7312e+000 +3.1136e+000
34994 +6.419371630e-007 +6.419371630e-007 -1.397699994e+002 -1.397699994e+002 -2.7312e+000 +3.1136e+000
35007 +3.008666738e-007 +3.008666738e-007 -1.397699997e+002 -1.397699997e+002 -2.7312e+000 +3.1136e+000
35040 +1.405728369e-007 +1.405728369e-007 -1.397699999e+002 -1.397699999e+002 -2.7312e+000 +3.1136e+000
35094 +3.990206210e-008 +3.990206210e-008 -1.397700000e+002 -1.397700000e+002 -2.7312e+000 +3.1136e+000
35105 +3.304350571e-008 +3.304350571e-008 -1.397700000e+002 -1.397700000e+002 -2.7312e+000 +3.1136e+000
35546 +2.063924853e-008 +2.063924853e-008 -1.397700000e+002 -1.397700000e+002 -2.7312e+000 +3.1136e+000
35759 +1.191094157e-008 +1.191094157e-008 -1.397700000e+002 -1.397700000e+002 -2.7312e+000 +3.1136e+000
35793 +8.699146292e-009 +8.699146292e-009 -1.397700000e+002 -1.397700000e+002 -2.7312e+000 +3.1136e+000
35805 +9.354721442e-010 +9.354721442e-010 -1.397700000e+002 -1.397700000e+002 -2.7312e+000 +3.1136e+000
% function evaluation | noise-free fitness - Fopt (9.830000000000e+000) | best noise-free fitness - Fopt | measured fitness | best measured fitness | x1 | x2...
1 +1.264598999e+002 +1.264598999e+002 +1.362898999e+002 +1.362898999e+002 +8.2245e-002 -3.3412e+000
4 +6.885756458e+001 +6.885756458e+001 +7.868756458e+001 +7.868756458e+001 -2.3503e+000 -3.4685e+000
5 +5.391199083e+001 +5.391199083e+001 +6.374199083e+001 +6.374199083e+001 +1.9561e+000 +2.1358e+000
6 +1.723247054e+001 +1.723247054e+001 +2.706247054e+001 +2.706247054e+001 +4.0375e-001 +1.7638e+000
65 +1.337096965e+001 +1.337096965e+001 +2.320096965e+001 +2.320096965e+001 +3.1768e-001 +2.1413e+000
79 +9.894145008e+000 +9.894145008e+000 +1.972414501e+001 +1.972414501e+001 -4.1463e-001 +1.3093e+000
220 +4.438635201e+000 +4.438635201e+000 +1.426863520e+001 +1.426863520e+001 +9.0361e-001 +2.1664e+000
509 +2.570284398e+000 +2.570284398e+000 +1.240028440e+001 +1.240028440e+001 +9.6694e-001 +2.8006e+000
680 +1.823184152e+000 +1.823184152e+000 +1.165318415e+001 +1.165318415e+001 +2.3276e-001 +2.4323e+000
866 +1.315888087e+000 +1.315888087e+000 +1.114588809e+001 +1.114588809e+001 +2.9427e-001 +1.9777e+000
1282 +7.706317250e-001 +7.706317250e-001 +1.060063173e+001 +1.060063173e+001 +2.8579e-001 +1.9661e+000
1541 +2.084727022e-001 +2.084727022e-001 +1.003847270e+001 +1.003847270e+001 +2.2922e-001 +1.9322e+000
2154 +4.145802893e-002 +4.145802893e-002 +9.871458029e+000 +9.871458029e+000 +2.4178e-001 +1.9407e+000
2346 +2.902859213e-002 +2.902859213e-002 +9.859028592e+000 +9.859028592e+000 +2.4178e-001 +1.9432e+000
2416 +4.010365820e-003 +4.010365820e-003 +9.834010366e+000 +9.834010366e+000 +2.4741e-001 +1.9488e+000
2608 +1.739660036e-003 +1.739660036e-003 +9.831739660e+000 +9.831739660e+000 +2.5135e-001 +1.9545e+000
2927 +2.815200260e-004 +2.815200260e-004 +9.830281520e+000 +9.830281520e+000 +2.4996e-001 +1.9526e+000
3379 +2.435273426e-004 +2.435273426e-004 +9.830243527e+000 +9.830243527e+000 +2.4989e-001 +1.9536e+000
3793 +1.277800751e-004 +1.277800751e-004 +9.830127780e+000 +9.830127780e+000 +2.4926e-001 +1.9521e+000
3828 +4.162548936e-005 +4.162548936e-005 +9.830041625e+000 +9.830041625e+000 +2.4978e-001 +1.9528e+000
3859 +2.590338400e-005 +2.590338400e-005 +9.830025903e+000 +9.830025903e+000 +2.4977e-001 +1.9529e+000
3892 +1.453501817e-006 +1.453501817e-006 +9.830001454e+000 +9.830001454e+000 +2.4966e-001 +1.9528e+000
3984 +5.188738967e-007 +5.188738967e-007 +9.830000519e+000 +9.830000519e+000 +2.4957e-001 +1.9528e+000
20166 +2.511793902e-007 +2.511793902e-007 +9.830000251e+000 +9.830000251e+000 +2.4962e-001 +1.9528e+000
20300 +2.525782961e-008 +2.525782961e-008 +9.830000025e+000 +9.830000025e+000 +2.4961e-001 +1.9528e+000
20317 +9.607274976e-009 +9.607274976e-009 +9.830000010e+000 +9.830000010e+000 +2.4960e-001 +1.9528e+000
% function evaluation | noise-free fitness - Fopt (6.721000000000e+001) | best noise-free fitness - Fopt | measured fitness | best measured fitness | x1 | x2...
1 +8.958380982e+001 +8.958380982e+001 +1.567938098e+002 +1.567938098e+002 -4.0066e+000 -3.0199e+000
5 +5.634197914e+001 +5.634197914e+001 +1.235519791e+002 +1.235519791e+002 -2.1264e+000 -2.8112e+000
17 +3.552583911e+001 +3.552583911e+001 +1.027358391e+002 +1.027358391e+002 +2.9480e+000 -3.2712e+000
59 +9.710791821e+000 +9.710791821e+000 +7.692079182e+001 +7.692079182e+001 -1.3802e-002 -2.1555e+000
408 +3.947258375e+000 +3.947258375e+000 +7.115725837e+001 +7.115725837e+001 +3.4077e+000 -2.4074e+000
528 +1.094984708e+000 +1.094984708e+000 +6.830498471e+001 +6.830498471e+001 +2.2230e+000 -2.7572e+000
2430 +5.704303236e-001 +5.704303236e-001 +6.778043032e+001 +6.778043032e+001 +2.8883e+000 -2.5929e+000
2519 +4.192536457e-002 +4.192536457e-002 +6.725192536e+001 +6.725192536e+001 +2.8462e+000 -2.5883e+000
3005 +3.929886645e-002 +3.929886645e-002 +6.724929887e+001 +6.724929887e+001 +2.8462e+000 -2.5824e+000
3533 +8.315507709e-003 +8.315507709e-003 +6.721831551e+001 +6.721831551e+001 +2.8271e+000 -2.5825e+000
3969 +5.823388876e-003 +5.823388876e-003 +6.721582339e+001 +6.721582339e+001 +2.8393e+000 -2.5840e+000
4081 +2.800014068e-003 +2.800014068e-003 +6.721280001e+001 +6.721280001e+001 +2.8326e+000 -2.5819e+000
4274 +7.427793230e-004 +7.427793230e-004 +6.721074278e+001 +6.721074278e+001 +2.8345e+000 -2.5839e+000
4455 +3.692609274e-004 +3.692609274e-004 +6.721036926e+001 +6.721036926e+001 +2.8330e+000 -2.5835e+000
4499 +7.027140497e-005 +7.027140497e-005 +6.721007027e+001 +6.721007027e+001 +2.8335e+000 -2.5834e+000
4762 +1.954055028e-005 +1.954055028e-005 +6.721001954e+001 +6.721001954e+001 +2.8334e+000 -2.5831e+000
4768 +7.099755663e-007 +7.099755663e-007 +6.721000071e+001 +6.721000071e+001 +2.8335e+000 -2.5832e+000
9798 +2.711184948e-007 +2.711184948e-007 +6.721000027e+001 +6.721000027e+001 +2.8336e+000 -2.5832e+000
9987 +9.284383395e-008 +9.284383395e-008 +6.721000009e+001 +6.721000009e+001 +2.8336e+000 -2.5832e+000
10417 +5.995087804e-008 +5.995087804e-008 +6.721000006e+001 +6.721000006e+001 +2.8336e+000 -2.5832e+000
10432 +1.641808467e-009 +1.641808467e-009 +6.721000000e+001 +6.721000000e+001 +2.8336e+000 -2.5832e+000
% function evaluation | noise-free fitness - Fopt (-5.296000000000e+001) | best noise-free fitness - Fopt | measured fitness | best measured fitness | x1 | x2...
1 +3.866583991e+002 +3.866583991e+002 +3.336983991e+002 +3.336983991e+002 -3.4358e+000 +2.6266e+000
3 +2.230960299e+002 +2.230960299e+002 +1.701360299e+002 +1.701360299e+002 -6.4764e-001 +4.0512e+000
5 +1.537584092e+001 +1.537584092e+001 -3.758415908e+001 -3.758415908e+001 +2.6952e+000 -4.2536e-001
156 +6.689860774e+000 +6.689860774e+000 -4.627013923e+001 -4.627013923e+001 +2.1678e+000 -7.5625e-001
267 +5.142032226e+000 +5.142032226e+000 -4.781796777e+001 -4.781796777e+001 +2.6704e+000 +5.6629e-001
426 +3.669329597e+000 +3.669329597e+000 -4.929067040e+001 -4.929067040e+001 +2.9030e+000 -1.2438e+000
531 +2.375052577e+000 +2.375052577e+000 -5.058494742e+001 -5.058494742e+001 +2.6664e+000 -1.8453e+000
835 +1.467603029e+000 +1.467603029e+000 -5.149239697e+001 -5.149239697e+001 +2.4567e+000 -8.1615e-001
1238 +5.753945719e-002 +5.753945719e-002 -5.290246054e+001 -5.290246054e+001 +2.4834e+000 -9.1720e-001
6699 +1.169253207e-002 +1.169253207e-002 -5.294830747e+001 -5.294830747e+001 +2.4866e+000 -9.1436e-001
6982 +8.152035108e-003 +8.152035108e-003 -5.295184796e+001 -5.295184796e+001 +2.4862e+000 -9.1272e-001
7194 +2.224854077e-003 +2.224854077e-003 -5.295777515e+001 -5.295777515e+001 +2.4860e+000 -9.0922e-001
7292 +1.012594668e-003 +1.012594668e-003 -5.295898741e+001 -5.295898741e+001 +2.4848e+000 -9.0812e-001
12019 +8.921397306e-004 +8.921397306e-004 -5.295910786e+001 -5.295910786e+001 +2.4839e+000 -9.0530e-001
12598 +3.477519802e-004 +3.477519802e-004 -5.295965225e+001 -5.295965225e+001 +2.4849e+000 -9.0554e-001
12819 +1.617333157e-004 +1.617333157e-004 -5.295983827e+001 -5.295983827e+001 +2.4845e+000 -9.0632e-001
12981 +1.144467696e-004 +1.144467696e-004 -5.295988555e+001 -5.295988555e+001 +2.4851e+000 -9.0703e-001
13184 +6.295824701e-005 +6.295824701e-005 -5.295993704e+001 -5.295993704e+001 +2.4849e+000 -9.0690e-001
13256 +2.382206355e-005 +2.382206355e-005 -5.295997618e+001 -5.295997618e+001 +2.4846e+000 -9.0615e-001
13343 +5.594564279e-006 +5.594564279e-006 -5.295999441e+001 -5.295999441e+001 +2.4849e+000 -9.0651e-001
13570 +3.707247409e-006 +3.707247409e-006 -5.295999629e+001 -5.295999629e+001 +2.4848e+000 -9.0653e-001
13661 +2.326236945e-006 +2.326236945e-006 -5.295999767e+001 -5.295999767e+001 +2.4848e+000 -9.0630e-001
13742 +1.227617297e-006 +1.227617297e-006 -5.295999877e+001 -5.295999877e+001 +2.4848e+000 -9.0641e-001
13902 +3.682211158e-007 +3.682211158e-007 -5.295999963e+001 -5.295999963e+001 +2.4848e+000 -9.0636e-001
14171 +8.118948358e-008 +8.118948358e-008 -5.295999992e+001 -5.295999992e+001 +2.4848e+000 -9.0638e-001
14459 +4.144472854e-008 +4.144472854e-008 -5.295999996e+001 -5.295999996e+001 +2.4848e+000 -9.0639e-001
14541 +3.456979414e-008 +3.456979414e-008 -5.295999997e+001 -5.295999997e+001 +2.4848e+000 -9.0641e-001
14753 +1.809676320e-008 +1.809676320e-008 -5.295999998e+001 -5.295999998e+001 +2.4848e+000 -9.0641e-001
14777 +8.849632138e-009 +8.849632138e-009 -5.295999999e+001 -5.295999999e+001 +2.4848e+000 -9.0640e-001
% function evaluation | noise-free fitness - Fopt (8.806000000000e+001) | best noise-free fitness - Fopt | measured fitness | best measured fitness | x1 | x2...
1 +3.406944287e+002 +3.406944287e+002 +4.287544287e+002 +4.287544287e+002 +1.5870e+000 -3.0092e+000
3 +2.179537975e+002 +2.179537975e+002 +3.060137975e+002 +3.060137975e+002 -2.6716e+000 +3.9129e+000
4 +5.829934290e+001 +5.829934290e+001 +1.463593429e+002 +1.463593429e+002 -2.8358e+000 +3.5190e-001
14 +1.451438951e+001 +1.451438951e+001 +1.025743895e+002 +1.025743895e+002 -5.5809e-001 -3.9586e+000
157 +7.251587987e+000 +7.251587987e+000 +9.531158799e+001 +9.531158799e+001 -4.0312e+000 -1.4070e+000
187 +1.384043964e+000 +1.384043964e+000 +8.944404396e+001 +8.944404396e+001 -1.9491e+000 -3.4769e+000
468 +3.647490782e-001 +3.647490782e-001 +8.842474908e+001 +8.842474908e+001 -2.6194e+000 -2.6701e+000
1804 +1.533409181e-001 +1.533409181e-001 +8.821334092e+001 +8.821334092e+001 -2.6120e+000 -2.6634e+000
2547 +2.491032066e-002 +2.491032066e-002 +8.808491032e+001 +8.808491032e+001 -2.5898e+000 -2.6904e+000
2676 +9.201762979e-003 +9.201762979e-003 +8.806920176e+001 +8.806920176e+001 -2.5917e+000 -2.6869e+000
2776 +3.346560803e-004 +3.346560803e-004 +8.806033466e+001 +8.806033466e+001 -2.5930e+000 -2.6824e+000
6227 +2.485931374e-004 +2.485931374e-004 +8.806024859e+001 +8.806024859e+001 -2.5919e+000 -2.6839e+000
6612 +1.337418246e-004 +1.337418246e-004 +8.806013374e+001 +8.806013374e+001 -2.5929e+000 -2.6835e+000
6673 +7.174956521e-005 +7.174956521e-005 +8.806007175e+001 +8.806007175e+001 -2.5926e+000 -2.6836e+000
6732 +2.373808890e-005 +2.373808890e-005 +8.806002374e+001 +8.806002374e+001 -2.5930e+000 -2.6831e+000
6959 +8.105687087e-006 +8.105687087e-006 +8.806000811e+001 +8.806000811e+001 -2.5929e+000 -2.6830e+000
7102 +2.402403510e-006 +2.402403510e-006 +8.806000240e+001 +8.806000240e+001 -2.5928e+000 -2.6831e+000
7368 +1.144438286e-006 +1.144438286e-006 +8.806000114e+001 +8.806000114e+001 -2.5928e+000 -2.6832e+000
7433 +8.950973012e-007 +8.950973012e-007 +8.806000090e+001 +8.806000090e+001 -2.5928e+000 -2.6832e+000
7695 +3.880937811e-007 +3.880937811e-007 +8.806000039e+001 +8.806000039e+001 -2.5928e+000 -2.6832e+000
7832 +6.086774818e-008 +6.086774818e-008 +8.806000006e+001 +8.806000006e+001 -2.5928e+000 -2.6832e+000
8032 +8.643723959e-009 +8.643723959e-009 +8.806000001e+001 +8.806000001e+001 -2.5928e+000 -2.6832e+000
% function evaluation | noise-free fitness - Fopt (7.853000000000e+001) | best noise-free fitness - Fopt | measured fitness | best measured fitness | x1 | x2...
1 +5.385762243e+000 +5.385762243e+000 +8.391576224e+001 +8.391576224e+001 -1.2067e+000 +2.7791e-001
92 +2.446982543e+000 +2.446982543e+000 +8.097698254e+001 +8.097698254e+001 +5.3966e-001 +1.2679e+000
513 +1.272344713e+000 +1.272344713e+000 +7.980234471e+001 +7.980234471e+001 +5.7083e-001 +1.5986e+000
7574 +3.457356435e-002 +3.457356435e-002 +7.856457356e+001 +7.856457356e+001 +5.8369e-001 +1.2625e+000
11999 +1.500975317e-003 +1.500975317e-003 +7.853150098e+001 +7.853150098e+001 +5.9193e-001 +1.2615e+000
16813 +7.581783858e-004 +7.581783858e-004 +7.853075818e+001 +7.853075818e+001 +5.8894e-001 +1.2605e+000
16908 +3.965162976e-004 +3.965162976e-004 +7.853039652e+001 +7.853039652e+001 +5.9127e-001 +1.2624e+000
57326 +5.531792253e-005 +5.531792253e-005 +7.853005532e+001 +7.853005532e+001 +5.8993e-001 +1.2614e+000
57756 +2.848127593e-005 +2.848127593e-005 +7.853002848e+001 +7.853002848e+001 +5.9007e-001 +1.2614e+000
57800 +1.925837600e-005 +1.925837600e-005 +7.853001926e+001 +7.853001926e+001 +5.9023e-001 +1.2614e+000
57848 +1.525561848e-005 +1.525561848e-005 +7.853001526e+001 +7.853001526e+001 +5.9025e-001 +1.2615e+000
57928 +4.474198121e-006 +4.474198121e-006 +7.853000447e+001 +7.853000447e+001 +5.9026e-001 +1.2615e+000
58015 +1.334334712e-006 +1.334334712e-006 +7.853000133e+001 +7.853000133e+001 +5.9035e-001 +1.2616e+000
58067 +6.732098399e-007 +6.732098399e-007 +7.853000067e+001 +7.853000067e+001 +5.9035e-001 +1.2616e+000
58193 +3.240560602e-007 +3.240560602e-007 +7.853000032e+001 +7.853000032e+001 +5.9042e-001 +1.2616e+000
58261 +2.386831710e-007 +2.386831710e-007 +7.853000024e+001 +7.853000024e+001 +5.9043e-001 +1.2616e+000
58345 +5.772145073e-008 +5.772145073e-008 +7.853000006e+001 +7.853000006e+001 +5.9040e-001 +1.2616e+000
58537 +3.353409284e-008 +3.353409284e-008 +7.853000003e+001 +7.853000003e+001 +5.9041e-001 +1.2616e+000
58628 +1.353475909e-008 +1.353475909e-008 +7.853000001e+001 +7.853000001e+001 +5.9040e-001 +1.2616e+000
59439 +1.668169602e-009 +1.668169602e-009 +7.853000000e+001 +7.853000000e+001 +5.9040e-001 +1.2616e+000
