% function evaluation | noise-free fitness - Fopt (-5.494000000000e+001) | best noise-free fitness - Fopt | measured fitness | best measured fitness | x1 | x2...
1 +3.910259758e+006 +3.910259758e+006 +3.910204818e+006 +3.910204818e+006 -5.3405e-002 -3.7585e+000 -1.7536e+000 -4.7230e+000 +1.9985e+000
4 +8.087285169e+005 +8.087285169e+005 +8.086735769e+005 +8.086735769e+005 -2.5802e-001 +1.8868e+000 +6.4154e-001 -1.0437e-002 +2.0842e+000
16 +2.587286055e+005 +2.587286055e+005 +2.586736655e+005 +2.586736655e+005 -3.1545e-001 +1.7987e+000 -1.6118e+000 +3.8537e-001 +9.5960e-001
18 +5.215372605e+004 +5.215372605e+004 +5.209878605e+004 +5.209878605e+004 -1.1165e+000 +3.4072e+000 -3.5548e+000 +2.3765e+000 -2.4994e+000
45 +2.458856535e+004 +2.458856535e+004 +2.453362535e+004 +2.453362535e+004 +1.8028e+000 +7.9089e-001 -4.5028e+000 +6.2247e-001 +3.5982e+000
255 +9.551671005e+003 +9.551671005e+003 +9.496731005e+003 +9.496731005e+003 -2.3994e+000 -7.3283e-001 +1.7866e+000 +3.1357e+000 +4.0594e+000
319 +3.037709585e+003 +3.037709585e+003 +2.982769585e+003 +2.982769585e+003 -1.0775e+000 +6.7098e-001 +7.6099e-001 +2.4167e+000 +4.3530e+000
% function evaluation | noise-free fitness - Fopt (5.913000000000e+001) | best noise-free fitness - Fopt | measured fitness | best measured fitness | x1 | x2...
1 +1.539495595e+006 +1.539495595e+006 +1.539554725e+006 +1.539554725e+006 -6.4125e-001 +1.6051e-001 +4.4891e-001 +2.9726e+000 -8.6315e-001
14 +8.196384134e+005 +8.196384134e+005 +8.196975434e+005 +8.196975434e+005 -1.9826e+000 +1.7675e+000 +4.9216e+000 -2.3684e-001 -1.5222e+000
30 +3.742595522e+005 +3.742595522e+005 +3.743186822e+005 +3.743186822e+005 -2.7504e+000 +3.2193e+000 -6.0063e-001 +4.8353e-001 -3.3941e+000
70 +1.075430227e+005 +1.075430227e+005 +1.076021527e+005 +1.076021527e+005 +2.4452e+000 +3.5383e+000 -1.5537e+000 -4.2380e+000 -2.2422e+000
170 +6.944863733e+004 +6.944863733e+004 +6.950776733e+004 +6.950776733e+004 -4.8715e+000 +4.0580e+000 +1.1540e+000 -1.6760e-001 -2.2422e+000
173 +2.557817302e+004 +2.557817302e+004 +2.563730302e+004 +2.563730302e+004 -1.3258e+000 +7.8677e+000 +4.6609e-001 -3.0404e+000 +1.4136e+000
214 +1.968795583e+004 +1.968795583e+004 +1.974708583e+004 +1.974708583e+004 +3.3763e+000 +1.7675e+000 -2.2671e+000 -1.7315e+000 -2.6479e+000
397 +1.403600170e+004 +1.403600170e+004 +1.409513170e+004 +1.409513170e+004 +5.2919e+000 +4.4623e+000 +1.4750e-001 -5.2201e+000 -2.5053e-001
% function evaluation | noise-free fitness - Fopt (-4.915300000000e+002) | best noise-free fitness - Fopt | measured fitness | best measured fitness | x1 | x2...
1 +1.644577079e+007 +1.644577079e+007 +1.644527926e+007 +1.644527926e+007 -4.3081e+000 +4.9974e+000 +1.7524e-001 -2.0776e+000 -4.1182e+000
4 +1.221095638e+005 +1.221095638e+005 +1.216180338e+005 +1.216180338e+005 -7.7627e-002 -4.8187e+000 -3.4426e+000 +1.1587e+000 +1.2772e+000
66 +3.354721803e+004 +3.354721803e+004 +3.305568803e+004 +3.305568803e+004 +1.9419e+000 +1.2632e+000 +1.7737e+000 +3.2110e+000 +4.4318e+000
257 +1.367237274e+004 +1.367237274e+004 +1.318084274e+004 +1.318084274e+004 -3.2120e-001 +1.1373e+000 -3.6349e+000 -2.2719e+000 -2.4916e+000
945 +4.870697823e+003 +4.870697823e+003 +4.379167823e+003 +4.379167823e+003 +2.5039e+000 +3.6034e+000 -8.6694e-002 +5.4876e+000 +1.6579e+000
% function evaluation | noise-free fitness - Fopt (-1.702000000000e+002) | best noise-free fitness - Fopt | measured fitness | best measured fitness | x1 | x2...
1 +2.853970742e+007 +2.853970742e+007 +2.853953722e+007 +2.853953722e+007 +2.0139e+000 -3.7835e+000 -1.4284e+000 -4.2820e+000 +2.0328e+000
3 +6.139480566e+005 +6.139480566e+005 +6.137778566e+005 +6.137778566e+005 +6.8521e-001 +7.2377e-001 -4.1285e+000 +4.8509e+000 -4.0600e+000
10 +3.727004255e+005 +3.727004255e+005 +3.725302255e+005 +3.725302255e+005 -4.3410e+000 +6.9453e-002 -3.6365e+000 +4.8649e+000 -2.8098e+000
59 +2.930172356e+004 +2.930172356e+004 +2.913152356e+004 +2.913152356e+004 +5.7435e-001 -3.4397e+000 -1.5789e-001 +8.3296e+000 -4.4917e+000
357 +3.882354025e+003 +3.882354025e+003 +3.712154025e+003 +3.712154025e+003 -8.7471e-001 -1.7908e+000 +5.3033e-002 +6.1599e+000 -1.3918e-001
981 +7.473122332e+002 +7.473122332e+002 +5.771122332e+002 +5.771122332e+002 +1.2972e-001 -1.7052e-001 +1.0341e+000 +5.7316e+000 +1.2338e+000
% function evaluation | noise-free fitness - Fopt (-4.697500000000e+002) | best noise-free fitness - Fopt | measured fitness | best measured fitness | x1 | x2...
1 +3.557054700e+006 +3.557054700e+006 +3.556584950e+006 +3.556584950e+006 -3.1303e+000 -3.4705e+000 +2.3459e+000 +3.9344e-001 +4.8423e+000
4 +1.952244084e+006 +1.952244084e+006 +1.951774334e+006 +1.951774334e+006 +1.2874e+000 -3.0308e+000 -2.7281e-001 +4.4661e+000 +5.3044e-001
5 +5.517110391e+005 +5.517110391e+005 +5.512412891e+005 +5.512412891e+005 +4.6631e+000 -1.4983e-001 +2.4113e+000 -4.9380e+000 -1.1428e+000
8 +2.207436312e+005 +2.207436312e+005 +2.202738812e+005 +2.202738812e+005 -1.2994e+000 -2.4134e+000 +3.0722e+000 +2.2677e+000 +4.3689e+000
30 +3.458672678e+004 +3.458672678e+004 +3.411697678e+004 +3.411697678e+004 +4.6054e+000 +9.0340e-001 +1.3087e+000 -7.9089e-001 +1.0676e+000
97 +1.112955074e+004 +1.112955074e+004 +1.065980074e+004 +1.065980074e+004 +5.8768e-001 -1.4532e+000 +4.0819e+000 +2.4017e+000 -1.1342e+000
547 +7.402274042e+003 +7.402274042e+003 +6.932524042e+003 +6.932524042e+003 +5.8768e-001 +2.5853e+000 +4.0819e+000 +1.2974e+000 +4.1761e+000
768 +4.959958804e+003 +4.959958804e+003 +4.490208804e+003 +4.490208804e+003 +4.0960e-001 -1.6126e+000 +4.2188e+000 +1.4651e+000 -4.9428e-001
% function evaluation | noise-free fitness - Fopt (1.999100000000e+002) | best noise-free fitness - Fopt | measured fitness | best measured fitness | x1 | x2...
1 +6.191978126e+007 +6.191978126e+007 +6.191998117e+007 +6.191998117e+007 +1.7903e-001 +1.1045e+000 -3.9288e+000 -4.9754e+000 -4.6369e-001
3 +1.618462888e+007 +1.618462888e+007 +1.618482879e+007 +1.618482879e+007 -3.5715e+000 +4.1412e+000 -1.6481e+000 -1.4011e+000 -7.7591e-001
4 +3.861380861e+006 +3.861380861e+006 +3.861580771e+006 +3.861580771e+006 +3.0235e+000 +1.1854e+000 +3.0823e+000 +2.9946e+000 -3.0239e+000
7 +5.465834895e+005 +5.465834895e+005 +5.467833995e+005 +5.467833995e+005 -1.8363e+000 -1.0975e+000 +2.8858e+000 +3.1382e+000 -2.1642e+000
24 +3.712366537e+005 +3.712366537e+005 +3.714365637e+005 +3.714365637e+005 -4.7093e-002 +3.6588e+000 +3.9580e+000 -1.0820e+000 +4.0069e+000
46 +2.467465145e+005 +2.467465145e+005 +2.469464245e+005 +2.469464245e+005 -3.6078e+000 +2.3866e+000 +1.2139e+000 +1.3042e+000 +3.2957e+000
67 +1.016786094e+005 +1.016786094e+005 +1.018785194e+005 +1.018785194e+005 -8.4364e-001 +4.4146e+000 +4.8909e+000 -3.6462e+000 +1.7687e+000
245 +1.754873587e+004 +1.754873587e+004 +1.774864587e+004 +1.774864587e+004 +3.7521e+000 -4.6764e-001 +3.5361e+000 +2.3822e+000 +4.2119e+000
575 +1.198664545e+004 +1.198664545e+004 +1.218655545e+004 +1.218655545e+004 -1.8888e+000 +1.1204e+000 +2.3647e+000 +2.3294e+000 -6.7487e-001
625 +4.733375508e+003 +4.733375508e+003 +4.933285508e+003 +4.933285508e+003 -1.9926e+000 +1.1204e+000 +2.6472e+000 -9.7141e-001 +2.1329e+000
904 +3.526763466e+003 +3.526763466e+003 +3.726673466e+003 +3.726673466e+003 -8.2592e-001 +4.8276e-001 +1.5215e+000 +2.8226e+000 +2.6825e+000
% function evaluation | noise-free fitness - Fopt (-4.296000000000e+002) | best noise-free fitness - Fopt | measured fitness | best measured fitness | x1 | x2...
1 +1.184686487e+006 +1.184686487e+006 +1.184256887e+006 +1.184256887e+006 -4.4188e+000 +4.1349e+000 -1.0378e-001 +2.7300e+000 +1.7590e+000
4 +9.748909366e+005 +9.748909366e+005 +9.744613366e+005 +9.744613366e+005 +9.7690e-001 +6.7313e-001 +6.0418e-001 +4.2135e+000 +4.6138e+000
24 +4.344912764e+005 +4.344912764e+005 +4.340616764e+005 +4.340616764e+005 -4.7616e+000 +3.6795e+000 -9.4864e-001 -2.8128e+000 +4.0066e+000
35 +3.361979583e+004 +3.361979583e+004 +3.319019583e+004 +3.319019583e+004 -2.1510e+000 +3.5742e+000 -2.7148e+000 -2.6705e-001 +1.9084e+000
64 +1.709208859e+004 +1.709208859e+004 +1.666248859e+004 +1.666248859e+004 -3.4156e+000 +2.8660e+000 -2.1598e+000 +8.5976e-001 +2.6474e+000
435 +1.341121215e+004 +1.341121215e+004 +1.298161215e+004 +1.298161215e+004 -4.1286e+000 +3.5742e+000 -2.7148e+000 -2.6705e-001 +1.9084e+000
% function evaluation | noise-free fitness - Fopt (1.000000000000e+003) | best noise-free fitness - Fopt | measured fitness | best measured fitness | x1 | x2...
1 +2.434662146e+007 +2.434662146e+007 +2.434762146e+007 +2.434762146e+007 +3.7340e+000 -4.7314e+000 -1.2005e+000 +1.7940e+000 +1.2035e-002
3 +2.053017010e+005 +2.053017010e+005 +2.063017010e+005 +2.063017010e+005 -1.9656e+000 +2.9674e+000 +2.1838e+000 +1.4638e+000 +8.4212e-002
77 +6.154983287e+004 +6.154983287e+004 +6.254983287e+004 +6.254983287e+004 -2.4326e-001 +3.6800e+000 -3.1211e+000 +1.6866e+000 -1.9689e+000
147 +1.528283164e+004 +1.528283164e+004 +1.628283164e+004 +1.628283164e+004 -2.0673e+000 +5.4598e-001 -2.6384e-001 +2.1455e+000 +4.6130e+000
742 +9.087459312e+003 +9.087459312e+003 +1.008745931e+004 +1.008745931e+004 +2.2733e+000 +5.3928e+000 -8.6544e+000 +6.3825e-001 +2.7845e-001
% function evaluation | noise-free fitness - Fopt (1.951500000000e+002) | best noise-free fitness - Fopt | measured fitness | best measured fitness | x1 | x2...
1 +1.853466995e+007 +1.853466995e+007 +1.853486510e+007 +1.853486510e+007 +3.6637e+000 -4.9115e+000 -1.7428e+000 +1.3048e+000 +3.0087e+000
3 +8.547369524e+006 +8.547369524e+006 +8.547564674e+006 +8.547564674e+006 +1.0921e+000 +4.8361e-001 +2.0679e+000 +1.5244e+000 +6.6212e-001
4 +2.540501383e+006 +2.540501383e+006 +2.540696533e+006 +2.540696533e+006 +2.2659e+000 +4.1849e+000 +3.2734e+000 -4.8417e+000 +3.7836e+000
12 +1.823988173e+006 +1.823988173e+006 +1.824183323e+006 +1.824183323e+006 -3.0396e+000 +3.1064e+000 +4.7785e+000 -4.2284e+000 +9.5829e-001
47 +1.912061857e+005 +1.912061857e+005 +1.914013357e+005 +1.914013357e+005 -2.0482e-001 +2.7891e+000 +3.7131e+000 -4.1781e+000 +4.8924e+000
165 +1.390651957e+004 +1.390651957e+004 +1.410166957e+004 +1.410166957e+004 +3.5454e+000 +5.2633e+000 +2.6047e+000 +3.4369e+000 +4.9674e+000
% function evaluation | noise-free fitness - Fopt (-4.335000000000e+001) | best noise-free fitness - Fopt | measured fitness | best measured fitness | x1 | x2...
1 +4.620000357e+006 +4.620000357e+006 +4.619957007e+006 +4.619957007e+006 +1.2530e+000 +2.2381e+000 +2.2498e+000 -1.3631e+000 +1.5893e+000
3 +1.001872222e+006 +1.001872222e+006 +1.001828872e+006 +1.001828872e+006 +4.1275e+000 +2.2217e+000 -1.2141e+000 -2.2629e+000 +3.3539e-001
12 +2.078154150e+005 +2.078154150e+005 +2.077720650e+005 +2.077720650e+005 -1.0052e+000 +2.5063e+000 +6.5655e-001 -8.6102e-001 -2.8595e+000
14 +1.508989070e+005 +1.508989070e+005 +1.508555570e+005 +1.508555570e+005 -2.5055e+000 +9.4222e-001 +1.4707e+000 +2.7195e+000 -1.7984e+000
37 +6.495856959e+004 +6.495856959e+004 +6.491521959e+004 +6.491521959e+004 +4.9286e+000 +4.5998e+000 -1.6171e+000 -4.8264e+000 -2.0705e+000
79 +1.824250081e+004 +1.824250081e+004 +1.819915081e+004 +1.819915081e+004 +5.8859e-001 +5.4508e+000 +1.2852e+000 -3.9007e+000 -3.1949e+000
512 +7.356113162e+003 +7.356113162e+003 +7.312763162e+003 +7.312763162e+003 -1.0052e+000 +5.2334e+000 -3.3129e+000 -4.9340e+000 +9.9040e-001
% function evaluation | noise-free fitness - Fopt (2.790900000000e+002) | best noise-free fitness - Fopt | measured fitness | best measured fitness | x1 | x2...
1 +6.244786121e+005 +6.244786121e+005 +6.247577021e+005 +6.247577021e+005 -1.7372e+000 -2.2545e+000 +2.8005e+000 +4.9120e+000 +1.8652e+000
25 +5.442559643e+004 +5.442559643e+004 +5.470468643e+004 +5.470468643e+004 -2.7432e-001 -2.5618e+000 +2.5992e+000 +3.8032e+000 -6.0732e-001
243 +3.572997458e+004 +3.572997458e+004 +3.600906458e+004 +3.600906458e+004 +8.7261e-001 -4.2845e+000 -1.6634e-001 -3.5925e+000 +2.2238e+000
280 +1.965615116e+004 +1.965615116e+004 +1.993524116e+004 +1.993524116e+004 +4.9098e+000 -5.7767e+000 +1.0968e+000 -1.5439e+000 +1.5895e+000
293 +1.074504500e+004 +1.074504500e+004 +1.102413500e+004 +1.102413500e+004 +8.7261e-001 -3.9843e+000 -1.6634e-001 -1.9154e+000 +2.2238e+000
477 +9.782442188e+003 +9.782442188e+003 +1.006153219e+004 +1.006153219e+004 -4.2512e+000 -1.7091e-001 +1.5024e+000 -6.3641e-001 -1.5841e+000
943 +1.550644935e+003 +1.550644935e+003 +1.829734935e+003 +1.829734935e+003 +8.7261e-001 -3.9843e+000 -3.3869e+000 -9.4463e-001 +3.6370e+000
% function evaluation | noise-free fitness - Fopt (1.000000000000e+003) | best noise-free fitness - Fopt | measured fitness | best measured fitness | x1 | x2...
1 +2.723602320e+006 +2.723602320e+006 +2.724602320e+006 +2.724602320e+006 +2.7499e+000 -1.4146e+000 +4.3136e+000 -4.0535e-001 -3.5232e+000
6 +1.097856758e+006 +1.097856758e+006 +1.098856758e+006 +1.098856758e+006 +4.3897e+000 -2.5342e+000 +2.9987e+000 +3.5572e+000 -1.2928e+000
38 +4.168970645e+005 +4.168970645e+005 +4.178970645e+005 +4.178970645e+005 -1.2283e+000 -3.9871e+000 +3.7803e+000 -4.9691e-001 +2.6679e+000
52 +3.924313013e+005 +3.924313013e+005 +3.934313013e+005 +3.934313013e+005 +2.7499e+000 -3.6204e+000 +4.3136e+000 -3.5822e+000 +5.1985e+000
76 +2.110641129e+005 +2.110641129e+005 +2.120641129e+005 +2.120641129e+005 -4.6707e+000 -1.9588e+000 +1.5170e+000 +1.0069e+000 +5.2248e+000
126 +4.192390182e+004 +4.192390182e+004 +4.292390182e+004 +4.292390182e+004 -4.6707e+000 -1.9588e+000 +2.3488e+000 +1.0069e+000 +3.9362e+000
522 +1.148655380e+004 +1.148655380e+004 +1.248655380e+004 +1.248655380e+004 -3.3012e+000 +1.5516e+000 +4.8510e+000 +2.4483e+000 -3.8203e+000
852 +4.419452221e+003 +4.419452221e+003 +5.419452221e+003 +5.419452221e+003 +9.0758e-001 +1.0927e+000 +3.9410e+000 +1.4752e+000 +1.4831e+000
% function evaluation | noise-free fitness - Fopt (-1.148100000000e+002) | best noise-free fitness - Fopt | measured fitness | best measured fitness | x1 | x2...
1 +1.231208297e+007 +1.231208297e+007 +1.231196816e+007 +1.231196816e+007 +3.8811e+000 -2.1106e+000 +4.8335e+000 +1.6412e+000 +1.5962e+000
4 +3.898017614e+006 +3.898017614e+006 +3.897902804e+006 +3.897902804e+006 +2.4390e+000 +1.4831e+000 +3.3171e+000 -1.2806e+000 +4.2448e+000
7 +3.501454374e+005 +3.501454374e+005 +3.500306274e+005 +3.500306274e+005 +2.8181e-001 +7.8592e-001 +2.9539e-001 +1.4032e+000 +3.9780e+000
49 +1.207611626e+005 +1.207611626e+005 +1.206463526e+005 +1.206463526e+005 +2.3868e+000 -3.4090e+000 -7.4746e-001 +4.7042e+000 -1.0747e-001
141 +9.746159019e+004 +9.746159019e+004 +9.734678019e+004 +9.734678019e+004 +3.9459e+000 -3.4818e+000 +3.0018e+000 -1.3779e+000 -2.4612e+000
174 +2.381141851e+004 +2.381141851e+004 +2.369660851e+004 +2.369660851e+004 +1.8075e+000 -1.3628e+000 +3.4825e+000 +2.1374e+000 -1.1806e+000
217 +6.648334135e+003 +6.648334135e+003 +6.533524135e+003 +6.533524135e+003 -2.0253e+000 -8.7039e-001 +1.1197e+000 -1.2306e+000 +6.3469e+000
528 +4.108816833e+003 +4.108816833e+003 +3.994006833e+003 +3.994006833e+003 -3.0712e-001 -2.6360e+000 +2.9420e+000 -4.5247e+000 +3.4374e+000
% function evaluation | noise-free fitness - Fopt (-3.505800000000e+002) | best noise-free fitness - Fopt | measured fitness | best measured fitness | x1 | x2...
1 +3.212637022e+006 +3.212637022e+006 +3.212286442e+006 +3.212286442e+006 -3.7424e+000 -2.4139e+000 +1.5821e+000 +4.7998e+000 +3.5908e-002
6 +1.983862261e+006 +1.983862261e+006 +1.983511681e+006 +1.983511681e+006 -2.6605e+000 -4.7243e+000 -1.6566e+000 +3.7852e-002 -1.0519e+000
17 +6.540591507e+004 +6.540591507e+004 +6.505533507e+004 +6.505533507e+004 -6.3207e-001 -3.8648e+000 +1.6877e+000 -1.9798e+000 +5.4404e-001
82 +5.905609271e+004 +5.905609271e+004 +5.870551271e+004 +5.870551271e+004 -2.0930e+000 -1.8540e+000 +2.2575e+000 -5.7377e-001 +2.9892e+000
106 +1.067308728e+004 +1.067308728e+004 +1.032250728e+004 +1.032250728e+004 -1.6062e+000 -4.7243e+000 -1.6566e+000 +1.2631e+000 -6.7489e-001
% function evaluation | noise-free fitness - Fopt (-5.700000000000e+000) | best noise-free fitness - Fopt | measured fitness | best measured fitness | x1 | x2...
1 +2.347989445e+006 +2.347989445e+006 +2.347983745e+006 +2.347983745e+006 +2.8139e+000 +2.9827e+000 -8.9971e-001 -1.7763e+000 -2.3898e+000
18 +6.521022673e+005 +6.521022673e+005 +6.520965673e+005 +6.520965673e+005 -5.3002e-001 +4.6529e+000 +2.0330e+000 +3.4060e+000 -2.9505e+000
62 +5.340218431e+005 +5.340218431e+005 +5.340161431e+005 +5.340161431e+005 +2.2980e+000 +3.2905e+000 -6.3255e-001 +2.2928e+000 -2.0826e+000
69 +8.374870539e+004 +8.374870539e+004 +8.374300539e+004 +8.374300539e+004 +5.6992e+000 -2.5030e+000 +6.4562e+000 +2.6715e+000 +2.3035e+000
108 +1.926476116e+004 +1.926476116e+004 +1.925906116e+004 +1.925906116e+004 +5.4638e+000 -1.9958e+000 +2.9427e+000 +1.7353e+000 -1.8320e+000
758 +4.428264255e+003 +4.428264255e+003 +4.422564255e+003 +4.422564255e+003 +4.2573e+000 -4.0138e+000 +8.4490e+000 +1.7353e+000 +3.2502e-002
