% function evaluation | noise-free fitness - Fopt (-1.025500000000e+002) | best noise-free fitness - Fopt | measured fitness | best measured fitness | x1 | x2...
1 +6.830937886e+001 +6.830937886e+001 -3.424062114e+001 -3.424062114e+001 -3.3510e+000 +2.3813e-001 +1.6982e+000 -1.4966e+000 +6.2123e-001 +4.9242e+000 +2.3870e+000 +1.3986e+000 -3.8347e+000 -1.5095e+000 +3.3457e+000 +1.9150e+000 -4.8126e+000 -2.0765e+000 -1.4347e+000 -3.8346e+000 +4.6429e+000 -2.7429e+000 -4.8802e+000 -3.5521e+000
3 +3.273935427e+001 +3.273935427e+001 -6.981064573e+001 -6.981064573e+001 -3.8167e+000 -2.2552e+000 +2.1775e-001 -3.9405e+000 +4.2776e+000 -2.5974e+000 +2.3651e+000 -2.9552e+000 -3.6657e-001 +1.5909e+000 -9.7871e-001 -1.5242e+000 -4.0157e+000 -9.5008e-001 -5.6732e-001 +4.0705e-001 -1.0409e+000 -4.7478e+000 +1.0343e+000 +9.8306e-001
15 +2.500121605e+001 +2.500121605e+001 -7.754878395e+001 -7.754878395e+001 +1.4384e+000 +1.5863e+000 -4.1046e+000 -7.5092e-002 -2.5340e+000 +1.8204e+000 -1.7246e+000 -3.8003e+000 -1.1307e+000 +3.2694e-002 +2.8922e+000 -1.8880e+000 +1.2178e+000 +1.0019e+000 +9.4003e-001 +2.1588e+000 +3.8191e-001 +1.1902e+000 +6.2666e-001 -4.3521e+000
173 +1.469511971e+001 +1.469511971e+001 -8.785488029e+001 -8.785488029e+001 -4.8802e-001 -2.0810e+000 -2.0981e+000 -2.2463e+000 -1.3749e+000 +8.6058e-001 -2.8366e-001 -2.8674e+000 +2.8484e-001 -1.0683e+000 +6.1524e-001 -3.7283e+000 -1.0337e+000 -1.8742e-001 +2.3022e+000 +1.8545e+000 -1.8145e-001 -1.2719e+000 +2.5497e+000 -2.8221e+000
866 +9.442640095e+000 +9.442640095e+000 -9.310735991e+001 -9.310735991e+001 -1.7484e+000 -5.4516e-001 -2.4240e+000 -1.9771e+000 -1.5693e+000 -6.8329e-001 +1.2558e+000 -1.4862e+000 +1.4548e+000 -5.0868e-001 +2.1726e+000 -5.9638e-001 +3.6489e-001 +8.2613e-001 -2.3983e-001 +1.9846e+000 -1.1030e+000 -6.7454e-001 -2.1526e-001 -3.4212e+000
3424 +6.138926276e+000 +6.138926276e+000 -9.641107372e+001 -9.641107372e+001 -1.8536e+000 -5.1300e-001 -1.2138e+000 -1.9127e+000 -3.8536e-001 -2.3450e-001 +1.2143e+000 +6.7600e-001 +2.1317e+000 -1.1403e+000 +7.7500e-001 -9.7041e-001 -3.2755e-001 -1.2213e+000 -1.4235e+000 +1.3837e-001 +3.3339e-001 -8.1853e-001 +6.1347e-001 -1.8707e+000
8623 +3.898065367e+000 +3.898065367e+000 -9.865193463e+001 -9.865193463e+001 -1.8535e+000 -5.1187e-001 -1.2152e+000 -1.9133e+000 -3.8420e-001 -2.3582e-001 +1.2126e+000 +6.7686e-001 +2.1320e+000 -1.1382e+000 +7.7501e-001 -9.6959e-001 -3.2869e-001 -1.2217e+000 -1.4240e+000 +1.3965e-001 +3.3436e-001 -8.1847e-001 +6.1414e-001 -1.8687e+000
25399 +2.511462987e+000 +2.511462987e+000 -1.000385370e+002 -1.000385370e+002 -1.8540e+000 -5.1347e-001 -1.2117e+000 -1.9125e+000 -3.8381e-001 -2.3787e-001 +1.2144e+000 +6.7560e-001 +2.1366e+000 -1.1368e+000 +7.7320e-001 -9.6796e-001 -3.2878e-001 -1.2230e+000 -1.4246e+000 +1.3705e-001 +3.3420e-001 -8.1714e-001 +6.1444e-001 -1.8689e+000
40519 +1.584742337e+000 +1.584742337e+000 -1.009652577e+002 -1.009652577e+002 -1.8538e+000 -5.1767e-001 -1.2056e+000 -1.9141e+000 -3.7603e-001 -2.3766e-001 +1.2198e+000 +6.7549e-001 +2.1362e+000 -1.1391e+000 +7.6478e-001 -9.6480e-001 -3.2899e-001 -1.2271e+000 -1.4221e+000 +1.3660e-001 +3.3358e-001 -8.1718e-001 +6.1490e-001 -1.8699e+000
453558 +9.999584363e-001 +9.999584363e-001 -1.015500416e+002 -1.015500416e+002 -1.8724e+000 -5.5643e-001 -1.2116e+000 -1.9062e+000 -3.4622e-001 -2.3302e-001 +1.2377e+000 +6.3668e-001 +2.1571e+000 -1.1303e+000 +8.2321e-001 -9.3647e-001 -3.2649e-001 -1.2310e+000 -1.4285e+000 +1.4693e-001 +3.2728e-001 -8.0799e-001 +6.2544e-001 -1.8698e+000
% function evaluation | noise-free fitness - Fopt (7.169000000000e+001) | best noise-free fitness - Fopt | measured fitness | best measured fitness | x1 | x2...
1 +4.516467972e+001 +4.516467972e+001 +1.168546797e+002 +1.168546797e+002 -1.6184e+000 +3.6546e+000 -3.8701e+000 -3.6446e+000 -2.1174e-001 +2.1595e+000 -2.5492e+000 +2.9224e+000 -1.1587e+000 -1.5312e+000 -2.8493e-001 -3.0384e+000 +1.0002e+000 +3.2886e+000 -5.1949e-002 +1.4982e+000 -1.9885e+000 +3.1604e+000 -4.5854e+000 -7.3110e-001
3 +2.580207044e+001 +2.580207044e+001 +9.749207044e+001 +9.749207044e+001 +2.6040e+000 +1.5358e+000 -2.2324e+000 -2.4142e+000 -3.9346e+000 -4.5104e+000 +4.0243e-001 -1.6243e+000 -2.6897e+000 -2.3862e+000 +9.2789e-001 +1.3380e+000 +1.1112e+000 +1.0710e+000 -3.4791e+000 -3.9270e+000 +2.7804e-001 -2.4630e+000 +8.1932e-001 +4.6349e-001
22 +1.986945307e+001 +1.986945307e+001 +9.155945307e+001 +9.155945307e+001 +1.0940e+000 +2.4395e+000 -7.1347e-001 -2.8171e+000 -1.7005e+000 -4.0698e-001 -1.2618e+000 +4.8739e+000 -4.0215e+000 +1.8857e+000 +7.2566e-001 -1.8609e+000 -9.1796e-001 +1.4320e+000 +8.3835e-001 -2.4547e+000 +1.3172e-001 +2.0020e+000 +9.9351e-001 +3.7846e+000
373 +1.457740643e+001 +1.457740643e+001 +8.626740643e+001 +8.626740643e+001 +4.0815e+000 +1.3241e+000 +1.5576e+000 -1.4539e+000 -2.2478e+000 +1.2988e+000 +4.4941e-001 +3.6601e+000 -1.9435e+000 -8.3428e-001 -1.0486e+000 -6.6232e-002 +1.4198e+000 +2.0380e+000 +2.2346e+000 -3.3097e+000 +6.6234e-001 -1.5480e-002 -2.4138e-001 +8.7592e-001
401 +9.123759816e+000 +9.123759816e+000 +8.081375982e+001 +8.081375982e+001 +2.5719e+000 -1.2769e+000 +3.8141e+000 -2.3924e+000 -1.0147e+000 -1.0980e+000 +1.8900e+000 -3.0322e-002 +2.1001e+000 +7.4615e-001 -1.9470e+000 -2.8471e-001 -7.9076e-002 +1.2521e+000 +1.3275e+000 -4.4818e-001 +1.7248e+000 -1.3034e-001 +7.0553e-001 -4.0115e-001
1846 +5.585701574e+000 +5.585701574e+000 +7.727570157e+001 +7.727570157e+001 +1.2005e+000 +5.9899e-001 -7.1552e-001 -1.7597e+000 -9.5689e-001 -8.3152e-001 +1.5686e+000 +7.7656e-002 -4.6376e-001 +1.3816e+000 -9.7831e-001 +2.5804e+000 -1.6108e+000 -1.6584e-001 +9.7038e-001 +6.0194e-001 +1.4239e+000 +6.3630e-004 +5.8059e-002 +8.2380e-002
28398 +3.953311510e+000 +3.953311510e+000 +7.564331151e+001 +7.564331151e+001 +2.0448e+000 +9.6749e-001 +1.7002e+000 -4.8343e-001 -8.9469e-001 -1.2310e+000 +1.0024e+000 +1.0138e-001 -1.2834e+000 +1.3626e+000 -9.6984e-001 -8.9575e-001 -1.5659e+000 +5.0825e-002 +8.3502e-001 +5.5316e-001 +8.3241e-001 -3.4715e-001 -3.8057e-002 +1.6679e-002
39651 +2.490844220e+000 +2.490844220e+000 +7.418084422e+001 +7.418084422e+001 +2.0429e+000 +9.6647e-001 +1.7005e+000 -4.8590e-001 -8.9115e-001 -1.2324e+000 +1.0017e+000 +1.0191e-001 -1.2836e+000 +1.3613e+000 -9.6857e-001 -8.9632e-001 -1.5620e+000 +5.0393e-002 +8.3630e-001 +5.5239e-001 +8.3279e-001 -3.4737e-001 -3.5791e-002 +1.5535e-002
46259 +1.584542699e+000 +1.584542699e+000 +7.327454270e+001 +7.327454270e+001 +2.0431e+000 +9.6491e-001 +1.6944e+000 -4.8875e-001 -8.8892e-001 -1.2359e+000 +1.0001e+000 +1.0032e-001 -1.2814e+000 +1.3621e+000 -9.6876e-001 -8.9174e-001 -1.5630e+000 +5.1406e-002 +8.3697e-001 +5.5268e-001 +8.3339e-001 -3.4924e-001 -3.7115e-002 +1.6127e-002
56258 +9.985764577e-001 +9.985764577e-001 +7.268857646e+001 +7.268857646e+001 +2.0422e+000 +9.6702e-001 +1.6904e+000 -4.8477e-001 -8.8402e-001 -1.2394e+000 +1.0026e+000 +1.0263e-001 -1.2853e+000 +1.3622e+000 -9.6848e-001 -8.9023e-001 -1.5626e+000 +5.1045e-002 +8.3666e-001 +5.5482e-001 +8.3755e-001 -3.4974e-001 -3.3676e-002 +1.6056e-002
126743 +6.307424606e-001 +6.307424606e-001 +7.232074246e+001 +7.232074246e+001 +2.0448e+000 +9.6514e-001 +1.6812e+000 -4.7897e-001 -8.7164e-001 -1.2515e+000 +1.0163e+000 +8.8348e-002 -1.2841e+000 +1.3549e+000 -9.6581e-001 -8.9184e-001 -1.5577e+000 +4.2575e-002 +8.3616e-001 +5.5854e-001 +8.4198e-001 -3.5348e-001 -3.8207e-002 +1.3624e-002
% function evaluation | noise-free fitness - Fopt (2.140100000000e+002) | best noise-free fitness - Fopt | measured fitness | best measured fitness | x1 | x2...
1 +6.167226587e+001 +6.167226587e+001 +2.756822659e+002 +2.756822659e+002 +8.9675e-001 -4.9345e-001 +3.1659e+000 -4.3587e+000 +4.7927e+000 -1.7412e+000 +2.9604e+000 +4.2415e+000 -5.3033e-002 +4.2971e+000 +6.5743e-001 +4.6315e+000 -1.7615e+000 -3.0227e+000 -2.1536e+000 -4.8835e+000 +1.6961e+000 +5.1156e-002 +3.4552e-001 -4.0881e+000
5 +2.047785750e+001 +2.047785750e+001 +2.344878575e+002 +2.344878575e+002 +4.1514e+000 +3.9140e+000 -4.8668e-001 +7.6206e-001 -1.8300e+000 -2.8462e+000 -2.4889e+000 -4.6968e+000 +1.6429e+000 +2.1382e+000 -3.7003e-001 -2.0365e+000 +7.4807e-001 -2.3619e+000 +1.9384e+000 +1.1713e+000 -4.0282e-001 +2.2808e+000 -1.0148e+000 +1.1334e+000
30 +1.549227863e+001 +1.549227863e+001 +2.295022786e+002 +2.295022786e+002 +8.8778e-001 +9.0889e-001 -2.3183e+000 +4.1318e-001 +3.5039e+000 -2.4535e+000 -3.6991e-001 -3.9827e+000 +2.0474e+000 +1.8398e+000 +1.4012e+000 +3.2535e+000 +6.7339e-001 -4.7644e+000 +3.8164e+000 +1.3198e+000 -2.5758e-001 -3.4510e+000 -1.6535e+000 -1.4797e+000
314 +9.450090766e+000 +9.450090766e+000 +2.234600908e+002 +2.234600908e+002 +1.0715e+000 -1.5582e+000 +6.9618e-001 +8.9188e-001 +1.3800e+000 -1.8114e+000 -8.5984e-002 -2.7756e+000 -1.9402e-001 +1.3096e+000 +2.0780e-002 +3.0151e+000 +4.2540e-001 -1.5979e+000 +1.1046e+000 +2.4895e+000 -3.7475e-001 -1.6698e+000 -1.8942e+000 -2.0613e+000
2077 +6.273048219e+000 +6.273048219e+000 +2.202830482e+002 +2.202830482e+002 +8.5041e-002 -1.8943e+000 -1.1744e+000 +3.1180e-001 +1.1640e+000 -3.9388e-001 -1.4320e-001 -2.4286e+000 +4.7308e-001 -8.0477e-001 -5.5272e-001 +1.6244e+000 +1.6911e+000 -1.2734e+000 +9.0593e-001 +1.3263e-001 +1.0784e+000 +7.7846e-001 -6.6049e-001 -2.3421e+000
37976 +3.936279132e+000 +3.936279132e+000 +2.179462791e+002 +2.179462791e+002 +4.9266e-001 -9.4350e-001 -1.9275e+000 +9.0598e-001 +9.3879e-001 -2.5663e-001 +4.1956e-001 -9.3836e-001 +2.5935e-001 -8.0468e-001 -1.1362e+000 +2.1780e+000 +1.0353e+000 -1.7965e+000 -4.1326e-001 +1.8396e+000 +1.2486e+000 +8.5117e-001 +1.7779e-001 -1.8134e+000
119309 +2.511239168e+000 +2.511239168e+000 +2.165212392e+002 +2.165212392e+002 +4.9255e-001 -9.4377e-001 -1.9286e+000 +9.0551e-001 +9.4224e-001 -2.5522e-001 +4.2194e-001 -9.3880e-001 +2.5719e-001 -8.0409e-001 -1.1368e+000 +2.1781e+000 +1.0336e+000 -1.7975e+000 -4.1213e-001 +1.8388e+000 +1.2487e+000 +8.4881e-001 +1.7864e-001 -1.8135e+000
184581 +1.584834157e+000 +1.584834157e+000 +2.155948342e+002 +2.155948342e+002 +4.9182e-001 -9.5168e-001 -1.9278e+000 +9.0276e-001 +9.5056e-001 -2.5304e-001 +4.2095e-001 -9.4015e-001 +2.5431e-001 -7.9984e-001 -1.1406e+000 +2.1827e+000 +1.0346e+000 -1.7950e+000 -4.0556e-001 +1.8402e+000 +1.2479e+000 +8.4018e-001 +1.7968e-001 -1.8169e+000
% function evaluation | noise-free fitness - Fopt (-5.848000000000e+001) | best noise-free fitness - Fopt | measured fitness | best measured fitness | x1 | x2...
1 +5.885411174e+001 +5.885411174e+001 +3.741117450e-001 +3.741117450e-001 +2.5865e-001 -2.1367e+000 -1.0203e+000 -4.1257e+000 +1.3864e-001 +3.4252e+000 -1.6722e+000 -3.0217e-001 +4.7204e+000 -3.2962e+000 -9.7054e-001 -4.8596e+000 +4.0029e+000 -2.1484e+000 +1.5970e+000 +1.5243e+000 +2.8178e+000 +4.2477e-001 -3.9498e+000 -7.8846e-001
8 +3.935600992e+001 +3.935600992e+001 -1.912399008e+001 -1.912399008e+001 -4.3737e+000 -5.7577e-001 +1.0639e+000 +2.2022e+000 -9.4423e-001 +4.4332e+000 +4.2125e+000 -4.0786e+000 +3.7101e+000 -6.0130e-001 +1.8023e+000 +4.4787e+000 -1.0853e+000 -1.5648e+000 +1.3071e-001 +4.6128e+000 +2.4640e+000 +1.9621e+000 -1.1424e+000 +2.8710e-001
73 +1.902045198e+001 +1.902045198e+001 -3.945954802e+001 -3.945954802e+001 -1.5599e+000 +7.0716e-001 -5.3354e-001 +2.0633e+000 -1.4127e+000 -7.0317e-001 +2.1192e+000 -4.6952e+000 -8.1069e-001 +1.4873e+000 +9.0998e-001 -3.1381e+000 -4.6156e+000 -2.6508e+000 +2.1077e+000 -1.5858e+000 +1.1085e+000 -1.3479e+000 +1.7174e+000 +4.1143e-002
293 +1.327038837e+001 +1.327038837e+001 -4.520961163e+001 -4.520961163e+001 +1.9400e-002 +8.9242e-001 -5.4308e-001 -1.7651e+000 -1.9170e+000 +1.2685e+000 -1.8544e+000 -7.4321e-001 -4.9754e-001 +2.7332e+000 -3.3853e-001 +6.3599e-001 -1.4375e+000 -1.4286e+000 +1.8755e+000 +2.0697e+000 -1.5521e-001 -7.3763e-002 +1.4970e+000 -1.2659e+000
425 +9.384638733e+000 +9.384638733e+000 -4.909536127e+001 -4.909536127e+001 -2.0079e+000 -6.1367e-001 -2.2659e+000 -2.5069e+000 -8.8399e-001 +4.0071e-001 -1.1314e+000 +4.5059e-001 -3.3204e+000 +1.1579e+000 +7.7528e-001 -5.1829e-001 -2.0531e+000 +8.9511e-001 +1.8567e+000 -4.3987e-001 -1.4859e-001 +2.3538e+000 +2.2111e+000 -3.4385e-001
2236 +5.951341192e+000 +5.951341192e+000 -5.252865881e+001 -5.252865881e+001 -1.6171e+000 +2.1157e-001 -4.9883e-001 -9.3399e-002 +4.6093e-001 -1.4844e+000 -1.9256e-001 -1.0744e+000 -1.8120e+000 +9.2194e-001 -2.9799e-002 -1.1256e+000 -9.7277e-001 -1.0694e+000 +1.5646e+000 -1.9443e-001 -3.5938e-001 +4.8689e-001 +1.2771e+000 -7.8182e-001
26796 +3.969860668e+000 +3.969860668e+000 -5.451013933e+001 -5.451013933e+001 -1.1914e-001 +2.7011e-001 -6.8474e-001 -1.4118e+000 +8.3978e-001 +4.1289e-001 +1.1892e+000 -4.5452e-002 -1.3383e+000 +7.0593e-001 +7.1705e-001 -1.2024e+000 -4.9071e-001 +3.2304e-001 +2.1060e+000 +4.5829e-001 -3.1364e-001 +1.6853e+000 +1.0367e+000 +3.9361e-001
42784 +2.511854582e+000 +2.511854582e+000 -5.596814542e+001 -5.596814542e+001 -1.2230e-001 +2.6838e-001 -6.8485e-001 -1.4139e+000 +8.4040e-001 +4.1475e-001 +1.1906e+000 -4.8479e-002 -1.3386e+000 +7.0789e-001 +7.1647e-001 -1.1993e+000 -4.8764e-001 +3.2607e-001 +2.1045e+000 +4.5856e-001 -3.1099e-001 +1.6850e+000 +1.0336e+000 +3.9135e-001
109737 +1.579660831e+000 +1.579660831e+000 -5.690033917e+001 -5.690033917e+001 -1.2333e-001 +2.6867e-001 -6.9221e-001 -1.4366e+000 +8.5349e-001 +4.2353e-001 +1.2016e+000 -4.8419e-002 -1.3355e+000 +7.0593e-001 +7.1414e-001 -1.1988e+000 -4.7665e-001 +3.5579e-001 +2.1002e+000 +4.5107e-001 -3.0933e-001 +1.6818e+000 +1.0347e+000 +3.7794e-001
111333 +9.522868903e-001 +9.522868903e-001 -5.752771311e+001 -5.752771311e+001 -1.2333e-001 +2.6873e-001 -6.9369e-001 -1.4464e+000 +8.6599e-001 +4.3306e-001 +1.2032e+000 -5.0354e-002 -1.3379e+000 +6.9886e-001 +7.0658e-001 -1.1991e+000 -4.7576e-001 +3.8307e-001 +2.0987e+000 +4.5346e-001 -3.0263e-001 +1.6751e+000 +1.0444e+000 +3.6882e-001
115659 +6.305613798e-001 +6.305613798e-001 -5.784943862e+001 -5.784943862e+001 -1.2392e-001 +2.7148e-001 -6.9641e-001 -1.4499e+000 +8.7038e-001 +4.3674e-001 +1.2037e+000 -5.0974e-002 -1.3371e+000 +6.9115e-001 +7.0458e-001 -1.1992e+000 -4.7520e-001 +3.9363e-001 +2.1036e+000 +4.5443e-001 -3.0128e-001 +1.6713e+000 +1.0469e+000 +3.6265e-001
161136 +3.980188493e-001 +3.980188493e-001 -5.808198115e+001 -5.808198115e+001 -1.1526e-001 +2.7751e-001 -7.0207e-001 -1.4565e+000 +8.7394e-001 +4.3291e-001 +1.2167e+000 -4.9386e-002 -1.3471e+000 +7.0100e-001 +7.0827e-001 -1.2012e+000 -4.7864e-001 +4.0959e-001 +2.0978e+000 +4.4060e-001 -2.9545e-001 +1.6706e+000 +1.0378e+000 +3.7275e-001
% function evaluation | noise-free fitness - Fopt (-6.130800000000e+002) | best noise-free fitness - Fopt | measured fitness | best measured fitness | x1 | x2...
1 +6.023763661e+001 +6.023763661e+001 -5.528423634e+002 -5.528423634e+002 -4.6292e+000 -2.3322e+000 +8.7370e-002 +1.3596e+000 -4.7341e+000 +1.8410e+000 +1.9099e-001 +3.9759e+000 -1.7220e+000 -1.7586e+000 -1.9834e+000 -9.1333e-002 -4.4732e+000 -4.3074e+000 -1.1676e+000 +2.6748e+000 +3.4274e+000 +1.3098e+000 -4.8847e+000 -2.5132e+000
9 +1.938313349e+001 +1.938313349e+001 -5.936968665e+002 -5.936968665e+002 -1.8447e+000 -3.1246e+000 -1.8221e+000 +1.1754e+000 +1.9329e+000 -2.5712e+000 -4.4154e+000 +4.2998e-001 -1.6390e+000 -2.9775e+000 -2.6314e+000 -1.1198e+000 +1.0742e+000 +1.8064e+000 +1.4754e+000 -2.0126e+000 +3.7080e-001 -4.8035e-001 -2.2693e+000 -1.7137e+000
180 +1.372602806e+001 +1.372602806e+001 -5.993539719e+002 -5.993539719e+002 -1.4178e+000 +2.6636e+000 -9.2603e-001 -3.8210e+000 -1.0727e+000 -5.1534e-001 -8.9909e-001 +1.1830e-001 -3.2493e-001 -4.3064e-001 +3.5826e+000 -1.5413e-001 -1.7675e+000 +2.1312e+000 +1.7943e+000 +1.1641e+000 +1.4479e+000 +3.2811e+000 -1.0362e+000 +1.3943e+000
891 +9.005654469e+000 +9.005654469e+000 -6.040743455e+002 -6.040743455e+002 -3.0926e+000 +6.8465e-001 -4.4936e-001 -3.1249e+000 -2.1145e+000 -1.1766e+000 -2.7992e+000 +7.2811e-002 -1.1608e+000 -1.8247e+000 +1.5491e+000 -2.8692e-002 -4.1073e-003 -6.0018e-001 -1.7911e+000 +4.2252e-002 +1.8894e-001 +1.9565e+000 -2.6535e-001 -4.9811e-001
1875 +6.240524406e+000 +6.240524406e+000 -6.068394756e+002 -6.068394756e+002 -1.8990e+000 +1.3708e+000 +8.0958e-001 +7.4266e-001 -3.5800e-001 -6.8796e-001 -1.3396e+000 +5.6921e-001 -2.4848e+000 -7.5051e-001 +2.0097e+000 -1.4508e+000 +5.6064e-001 +1.4707e+000 +1.1137e+000 -4.0933e-001 -2.6312e-001 +1.0003e+000 -6.3559e-001 -1.4004e+000
23092 +3.980834019e+000 +3.980834019e+000 -6.090991660e+002 -6.090991660e+002 -1.8033e+000 +1.7609e+000 +4.4378e-001 +3.1941e-001 +8.4287e-001 -5.2228e-001 -8.0503e-001 +5.3766e-001 -2.1351e+000 -9.2401e-001 +1.4761e+000 -1.2275e+000 +4.0355e-001 +1.4474e+000 -1.0094e+000 -1.7642e-001 +8.6477e-001 +9.0603e-001 -8.8473e-001 -1.2938e+000
62853 +2.511794617e+000 +2.511794617e+000 -6.105682054e+002 -6.105682054e+002 -1.8045e+000 +1.7712e+000 +4.4612e-001 +3.2296e-001 +8.4082e-001 -5.1663e-001 -8.0768e-001 +5.3986e-001 -2.1347e+000 -9.2932e-001 +1.4785e+000 -1.2263e+000 +4.0315e-001 +1.4445e+000 -1.0179e+000 -1.7930e-001 +8.6204e-001 +9.1497e-001 -8.8370e-001 -1.2932e+000
177893 +1.583718894e+000 +1.583718894e+000 -6.114962811e+002 -6.114962811e+002 -1.8160e+000 +1.7847e+000 +4.6395e-001 +3.2316e-001 +8.4518e-001 -5.1753e-001 -8.1058e-001 +5.5263e-001 -2.1072e+000 -9.0432e-001 +1.4882e+000 -1.2103e+000 +3.9468e-001 +1.4499e+000 -1.0293e+000 -1.8029e-001 +8.6385e-001 +8.7818e-001 -8.9229e-001 -1.2798e+000
253984 +9.946755478e-001 +9.946755478e-001 -6.120853245e+002 -6.120853245e+002 -1.8302e+000 +1.7816e+000 +4.6092e-001 +3.0330e-001 +8.6713e-001 -5.3298e-001 -7.9043e-001 +5.4522e-001 -2.0895e+000 -8.7849e-001 +1.4908e+000 -1.1962e+000 +3.8243e-001 +1.4361e+000 -1.0330e+000 -1.7115e-001 +8.6390e-001 +8.3476e-001 -8.9679e-001 -1.2488e+000
% function evaluation | noise-free fitness - Fopt (-1.000000000000e+003) | best noise-free fitness - Fopt | measured fitness | best measured fitness | x1 | x2...
1 +7.133367172e+001 +7.133367172e+001 -9.286663283e+002 -9.286663283e+002 +4.4232e+000 -1.7880e+000 +4.6805e+000 -2.8244e-001 +3.5582e+000 +3.5557e+000 +2.0545e+000 +3.9994e+000 +6.9987e-001 +2.4531e+000 +6.0403e-001 -4.2504e+000 +3.9739e+000 -9.3150e-001 -1.3167e+000 -4.1023e-002 +2.5179e+000 +4.5977e+000 +1.0730e+000 +2.0620e-001
4 +4.801268556e+001 +4.801268556e+001 -9.519873144e+002 -9.519873144e+002 -4.0580e+000 -4.2089e+000 -4.4809e+000 -1.9708e+000 +6.4961e-002 -2.1983e+000 -7.8257e-001 +1.1269e+000 -2.2471e+000 -4.7415e+000 -1.6318e+000 -4.8641e+000 -6.7365e-001 +1.5030e+000 +3.5254e+000 +1.6242e+000 -8.7905e-003 -1.9715e+000 +3.7564e+000 -3.2184e-001
9 +1.966500811e+001 +1.966500811e+001 -9.803349919e+002 -9.803349919e+002 -4.2000e+000 -1.8296e+000 -1.7609e+000 +2.6479e+000 +7.8222e-001 +1.9703e+000 +2.8836e+000 -1.9316e+000 -4.9324e-001 -1.5344e+000 -8.0400e-001 -1.3296e+000 -4.2133e+000 +7.8698e-001 -1.3159e+000 -1.6787e+000 +7.6355e-001 -6.7472e-001 +4.3437e+000 -3.7696e+000
209 +1.224644399e+001 +1.224644399e+001 -9.877535560e+002 -9.877535560e+002 -3.1808e+000 +1.5969e+000 +1.9214e+000 -2.9275e+000 +9.2053e-001 +8.6881e-001 +5.5715e-001 -3.3255e-001 +1.0672e+000 +2.3732e-001 +3.6296e+000 -4.6462e-001 +9.9317e-001 -3.4920e+000 -3.6960e-001 +1.3006e+000 -3.5091e-001 +4.6987e+000 +1.7868e+000 -4.2558e-001
616 +9.152503238e+000 +9.152503238e+000 -9.908474968e+002 -9.908474968e+002 -2.7142e+000 +3.3116e+000 -2.0902e-001 +1.7387e+000 +1.6326e+000 -1.1014e+000 +3.0477e-001 -1.9140e-001 -6.6482e-001 +1.5440e+000 +5.2707e-001 +2.1345e-001 -1.1390e+000 -1.5715e+000 -2.8700e+000 -4.1645e-001 -1.4222e+000 -3.2421e+000 +1.0054e+000 -6.9974e-001
4142 +5.984329047e+000 +5.984329047e+000 -9.940156710e+002 -9.940156710e+002 -2.2990e+000 +1.5220e+000 -1.2528e+000 -7.4594e-001 +2.1028e+000 -1.3205e+000 +1.5687e-001 -1.1305e+000 -1.3651e-001 +1.1078e+000 +1.2978e+000 -3.4941e-002 -4.0681e-001 -7.7864e-001 -3.7123e+000 -5.8413e-001 +5.7944e-001 -1.2799e+000 +2.0762e+000 +5.5977e-001
32940 +3.961418372e+000 +3.961418372e+000 -9.960385816e+002 -9.960385816e+002 -2.3780e+000 +1.6688e+000 -1.0751e+000 -1.1746e-001 +2.0935e+000 -1.2287e+000 +5.6030e-002 -1.0491e+000 -4.1003e-002 +2.0060e+000 +9.7069e-001 +6.7856e-002 -2.8442e-001 -6.9365e-001 -3.6065e+000 -5.7557e-001 +4.4590e-001 -1.3951e+000 +2.1694e+000 +1.0383e-001
70598 +2.511325724e+000 +2.511325724e+000 -9.974886743e+002 -9.974886743e+002 -2.3778e+000 +1.6662e+000 -1.0725e+000 -1.1894e-001 +2.0924e+000 -1.2303e+000 +5.6443e-002 -1.0481e+000 -4.1129e-002 +2.0066e+000 +9.7107e-001 +6.6775e-002 -2.8364e-001 -6.9337e-001 -3.6075e+000 -5.7555e-001 +4.4574e-001 -1.3961e+000 +2.1673e+000 +1.0460e-001
184596 +1.583690141e+000 +1.583690141e+000 -9.984163099e+002 -9.984163099e+002 -2.3830e+000 +1.6559e+000 -1.0747e+000 -1.0648e-001 +2.0883e+000 -1.2379e+000 +7.7381e-002 -1.0508e+000 -4.8504e-002 +2.0014e+000 +9.7299e-001 +6.1712e-002 -2.8707e-001 -6.9115e-001 -3.6288e+000 -5.9120e-001 +4.3679e-001 -1.4036e+000 +2.1734e+000 +1.0702e-001
% function evaluation | noise-free fitness - Fopt (-4.841800000000e+002) | best noise-free fitness - Fopt | measured fitness | best measured fitness | x1 | x2...
1 +7.559424097e+001 +7.559424097e+001 -4.085857590e+002 -4.085857590e+002 -1.8502e+000 -1.5275e+000 +1.0511e+000 -1.8493e+000 -3.0178e+000 +3.9933e+000 +2.5983e+000 +3.6822e+000 +4.4016e+000 +1.2884e-001 -3.2128e+000 -3.0706e+000 -2.9950e+000 -3.5090e+000 -3.0864e+000 +4.9265e+000 -3.4263e+000 -1.6388e+000 -1.9061e-001 +3.2403e+000
3 +2.854007041e+001 +2.854007041e+001 -4.556399296e+002 -4.556399296e+002 +1.7874e+000 +2.3511e+000 +7.6043e-001 +1.7971e+000 +3.3456e+000 -9.5918e-001 +1.8053e+000 -1.4206e+000 -4.7927e+000 +2.1775e+000 -3.1454e+000 +1.2824e+000 -3.8719e+000 +1.8077e+000 +8.6882e-001 +4.1292e-001 +4.5383e-001 +3.4885e+000 -2.6995e+000 +9.8071e-001
18 +2.464237931e+001 +2.464237931e+001 -4.595376207e+002 -4.595376207e+002 -2.3571e+000 +1.6072e+000 +4.5532e+000 -3.5117e+000 +8.6682e-002 -1.1821e+000 -3.0177e+000 -1.3157e+000 +1.1879e+000 -4.8155e-001 -3.4694e+000 -1.5527e+000 +3.1661e+000 -2.5588e+000 +1.4716e+000 -1.4937e+000 -1.2731e+000 +3.8717e-002 -3.5619e-001 -4.1544e+000
133 +1.551635819e+001 +1.551635819e+001 -4.686636418e+002 -4.686636418e+002 +2.2771e+000 +1.8435e+000 -1.1537e+000 -1.5591e+000 -6.6012e-001 -2.2409e+000 +1.1919e-001 -2.4552e+000 -9.4515e-001 +2.1293e+000 -6.8355e-001 +3.0849e+000 -2.3601e+000 -2.4233e-001 +1.5451e+000 -8.3341e-001 +3.0167e+000 -5.3099e+000 +2.6738e+000 +1.3782e+000
513 +8.717195232e+000 +8.717195232e+000 -4.754628048e+002 -4.754628048e+002 +6.5335e-001 +2.3805e+000 -3.3385e-001 -2.4113e+000 -7.8940e-001 -1.6403e+000 +7.9853e-001 +5.5627e-001 -1.0423e+000 -1.8884e-001 -1.0679e+000 +1.0919e-001 -2.0095e+000 -1.4810e+000 +9.4275e-001 -6.7816e-001 +2.7671e+000 -5.5055e+000 +6.1556e-001 +1.2710e+000
3107 +6.277430573e+000 +6.277430573e+000 -4.779025694e+002 -4.779025694e+002 +1.5388e+000 -3.6184e-001 -6.5877e-001 -1.6826e+000 -2.2849e+000 -1.4243e+000 +8.2570e-001 +2.6609e+000 -2.2394e+000 +1.2918e+000 -3.4400e-002 +4.9310e-001 -1.5598e+000 +2.7090e-001 +1.0199e+000 -7.0843e-001 +2.2680e+000 -4.2301e-001 +6.8929e-001 -9.5406e-001
82528 +3.979497443e+000 +3.979497443e+000 -4.802005026e+002 -4.802005026e+002 +3.2560e-001 +2.1202e+000 -5.8306e-001 -2.0407e+000 +1.4125e-001 -1.8215e+000 +1.8291e+000 +1.8502e+000 +7.2630e-001 +2.8016e-001 -9.0760e-001 +4.3637e-001 -2.1132e+000 -3.4922e-001 +1.6912e+000 +2.1039e-001 +1.8082e+000 -4.1108e+000 +6.6528e-001 +4.7397e-001
138734 +2.511730306e+000 +2.511730306e+000 -4.816682697e+002 -4.816682697e+002 +3.1675e-001 +2.1253e+000 -5.8470e-001 -2.0421e+000 +1.4568e-001 -1.8226e+000 +1.8290e+000 +1.8496e+000 +7.3045e-001 +2.7979e-001 -9.0546e-001 +4.3562e-001 -2.1119e+000 -3.5118e-001 +1.7008e+000 +2.1091e-001 +1.8058e+000 -4.1056e+000 +6.6364e-001 +4.7575e-001
466662 +1.584790922e+000 +1.584790922e+000 -4.825952091e+002 -4.825952091e+002 +3.1880e-001 +2.1139e+000 -5.9215e-001 -2.0430e+000 +1.6821e-001 -1.8107e+000 +1.8339e+000 +1.8167e+000 +7.3806e-001 +2.6721e-001 -9.0607e-001 +4.4137e-001 -2.1171e+000 -3.3347e-001 +1.6961e+000 +2.3891e-001 +1.7852e+000 -4.1435e+000 +6.6594e-001 +4.5389e-001
% function evaluation | noise-free fitness - Fopt (-2.504000000000e+001) | best noise-free fitness - Fopt | measured fitness | best measured fitness | x1 | x2...
1 +5.169843538e+001 +5.169843538e+001 +2.665843538e+001 +2.665843538e+001 +4.6145e+000 +3.1139e+000 +1.0106e-001 +1.4147e-001 +6.8315e-001 -1.1725e+000 -1.6338e+000 +2.7926e+000 +9.4235e-001 -5.4795e-001 +4.6765e+000 +4.3616e-001 -2.8369e+000 -4.5438e+000 +4.2134e+000 -3.8590e+000 +6.9179e-001 +2.2110e+000 -9.2639e-001 +4.1145e+000
8 +3.976421218e+001 +3.976421218e+001 +1.472421218e+001 +1.472421218e+001 -3.0736e+000 +1.3516e+000 +3.0901e+000 -3.8394e+000 +2.5909e+000 -1.9443e+000 -4.0000e+000 +2.5183e+000 -2.3582e+000 +3.1652e+000 +1.2248e+000 +1.4978e+000 -3.4039e-001 -3.3503e+000 -2.9848e+000 -1.0260e+000 -2.2535e+000 +3.0893e+000 +2.6102e+000 -1.3358e-001
72 +1.990872145e+001 +1.990872145e+001 -5.131278552e+000 -5.131278552e+000 -1.4512e+000 -3.2458e+000 +1.5012e+000 -3.5780e-001 +3.8369e-001 +1.4496e+000 -3.5040e+000 -2.2254e+000 +2.7830e+000 +6.5465e-001 -1.9252e+000 -1.1144e+000 -2.3005e-001 -4.0749e+000 -4.4198e-001 +3.9036e+000 -3.0910e+000 +1.5121e+000 +1.6932e+000 -2.2224e+000
254 +1.515340559e+001 +1.515340559e+001 -9.886594406e+000 -9.886594406e+000 +4.2666e-001 +2.4382e-001 +2.0710e+000 +6.2734e-001 -7.4115e-001 +2.2974e+000 -1.3685e+000 -2.9623e+000 +3.4579e+000 +1.0551e+000 +1.3877e-001 +1.4861e+000 -3.1486e+000 -1.8643e+000 -2.4199e+000 +1.3742e+000 +2.0104e+000 +3.4198e-001 -1.1461e+000 -2.9086e+000
398 +6.825883274e+000 +6.825883274e+000 -1.821411673e+001 -1.821411673e+001 +5.3020e-002 -4.7519e-001 +2.7979e+000 +1.6362e+000 +4.4085e-001 -1.5918e-001 +1.5861e-001 -3.0289e-001 -8.8673e-003 +2.8310e-001 -8.1528e-001 +2.7389e-001 +2.2364e+000 -1.4612e+000 +2.3701e-002 +9.3588e-001 +2.3978e+000 -1.1709e+000 -5.3701e+000 -6.3592e-001
3059 +5.923598899e+000 +5.923598899e+000 -1.911640110e+001 -1.911640110e+001 +4.1091e-001 -3.9198e-001 +1.8943e+000 +1.5506e+000 +1.0704e+000 -2.5577e-002 +1.4240e+000 -2.3334e-001 -1.1190e-001 -3.3189e-001 -1.3632e-001 +4.3578e-001 +1.4783e+000 -1.1985e+000 +1.5681e-001 +8.4786e-001 +1.9867e+000 -1.1642e+000 -1.1735e+000 +1.9035e-001
19515 +3.980924462e+000 +3.980924462e+000 -2.105907554e+001 -2.105907554e+001 +1.9411e-001 +3.8763e-001 +2.1641e+000 +1.6316e+000 +1.0667e+000 -9.1442e-002 +1.5027e+000 -2.7926e-001 -1.0930e-001 -3.5207e-001 -2.8030e-001 +6.7528e-001 +1.5063e+000 -1.1428e+000 +1.8494e-001 +2.9118e-001 +1.9579e+000 -1.1726e+000 -7.2474e-001 +2.5307e-001
29965 +2.504423727e+000 +2.504423727e+000 -2.253557627e+001 -2.253557627e+001 +1.9531e-001 +3.8752e-001 +2.1630e+000 +1.6316e+000 +1.0646e+000 -9.1925e-002 +1.5065e+000 -2.7858e-001 -1.0729e-001 -3.5020e-001 -2.8271e-001 +6.7204e-001 +1.5066e+000 -1.1438e+000 +1.8459e-001 +2.9177e-001 +1.9562e+000 -1.1734e+000 -7.2863e-001 +2.5382e-001
55694 +1.567916296e+000 +1.567916296e+000 -2.347208370e+001 -2.347208370e+001 +1.7887e-001 +3.9269e-001 +2.1634e+000 +1.6229e+000 +1.0633e+000 -1.0163e-001 +1.4921e+000 -2.9866e-001 -1.1382e-001 -3.5208e-001 -2.7999e-001 +6.6852e-001 +1.5077e+000 -1.1513e+000 +1.8697e-001 +2.8094e-001 +1.9596e+000 -1.1741e+000 -7.1673e-001 +2.6075e-001
60630 +9.988629289e-001 +9.988629289e-001 -2.404113707e+001 -2.404113707e+001 +1.6924e-001 +3.9327e-001 +2.1636e+000 +1.6211e+000 +1.0633e+000 -1.0630e-001 +1.4927e+000 -3.0756e-001 -1.1940e-001 -3.5500e-001 -2.7464e-001 +6.6874e-001 +1.5034e+000 -1.1527e+000 +1.8658e-001 +2.8026e-001 +1.9598e+000 -1.1745e+000 -7.1114e-001 +2.7207e-001
67031 +6.308151404e-001 +6.308151404e-001 -2.440918486e+001 -2.440918486e+001 +1.6117e-001 +3.9953e-001 +2.1631e+000 +1.6236e+000 +1.0636e+000 -1.0675e-001 +1.4924e+000 -3.1191e-001 -1.1915e-001 -3.6095e-001 -2.6720e-001 +6.6961e-001 +1.5044e+000 -1.1522e+000 +1.8355e-001 +2.8367e-001 +1.9591e+000 -1.1730e+000 -7.0798e-001 +2.7985e-001
% function evaluation | noise-free fitness - Fopt (-1.411900000000e+002) | best noise-free fitness - Fopt | measured fitness | best measured fitness | x1 | x2...
1 +6.273447277e+001 +6.273447277e+001 -7.845552723e+001 -7.845552723e+001 +5.4578e-001 +4.7705e+000 +3.1911e+000 +4.0012e+000 +1.4333e+000 +3.9783e+000 +7.6933e-001 +1.9910e+000 +3.8467e+000 -4.4933e+000 -3.1263e-001 +2.6913e+000 +4.6039e+000 +4.2284e+000 +1.2811e+000 +3.5316e+000 +4.5925e-001 -2.5230e-001 -2.1988e+000 +1.3576e+000
3 +3.212635726e+001 +3.212635726e+001 -1.090636427e+002 -1.090636427e+002 +4.0441e+000 +1.0973e-001 -2.4566e+000 +1.9332e+000 +3.1887e+000 -4.9241e-002 -4.3073e+000 +6.5804e-001 +8.2732e-001 -1.4755e-002 -8.6614e-001 -1.4641e+000 -4.2894e-001 +3.6435e+000 +1.0886e+000 -1.9429e+000 +3.6527e+000 -6.2721e-001 -4.8904e+000 +3.6874e+000
76 +2.142717297e+001 +2.142717297e+001 -1.197628270e+002 -1.197628270e+002 -8.2062e-001 -3.4506e+000 -2.6018e+000 -1.6755e+000 -1.5092e+000 -1.9746e+000 +2.9196e+000 -1.7189e+000 +3.4397e+000 +4.2329e-001 +2.1876e+000 -1.0263e+000 -1.1687e+000 +2.1448e+000 +8.3484e-001 +2.7230e+000 +1.1616e+000 -1.5553e+000 -3.5891e+000 +3.3149e+000
212 +1.551306638e+001 +1.551306638e+001 -1.256769336e+002 -1.256769336e+002 +1.5309e-001 -2.3785e+000 -1.8466e+000 +1.9777e-001 -9.1132e-001 -6.4579e-001 +5.3554e+000 +1.4956e+000 +6.2558e-002 -8.5294e-001 -7.2130e-001 +1.7346e+000 -1.6965e+000 +2.1809e+000 -7.7767e-001 -8.0384e-001 +8.0490e-002 -1.1880e+000 -1.4982e+000 +2.2446e-001
706 +9.820139583e+000 +9.820139583e+000 -1.313698604e+002 -1.313698604e+002 -1.3037e+000 -2.8310e+000 +4.8261e-001 -8.0673e-001 +3.3525e+000 -3.3807e+000 -3.1747e+000 -9.2818e-001 -5.5253e-001 -3.7836e-001 -8.0422e-002 +2.5917e-001 -5.5312e-001 -1.4508e-001 +3.0366e-001 +8.0075e-002 +1.2121e+000 -2.2037e+000 +9.1202e-001 -1.7369e+000
8106 +5.628458712e+000 +5.628458712e+000 -1.355615413e+002 -1.355615413e+002 -1.0221e-001 -1.1745e+000 -1.4092e+000 -1.0459e+000 +1.1743e+000 -1.5062e+000 -6.3041e-001 +2.1036e-001 -1.4267e+000 +1.3577e+000 +2.1937e-001 +1.8913e+000 +3.6415e-001 +2.0365e+000 +3.2933e-001 +7.7144e-001 +1.1649e+000 -2.0097e+000 +3.6544e-001 -3.2362e+000
11413 +3.948655328e+000 +3.948655328e+000 -1.372413447e+002 -1.372413447e+002 -1.0255e-001 -1.1738e+000 -1.4090e+000 -1.0441e+000 +1.1762e+000 -1.5039e+000 -6.3045e-001 +2.1104e-001 -1.4233e+000 +1.3585e+000 +2.1874e-001 +1.8879e+000 +3.6412e-001 +2.0363e+000 +3.2975e-001 +7.7257e-001 +1.1669e+000 -2.0089e+000 +3.6612e-001 -3.2364e+000
36114 +2.511442470e+000 +2.511442470e+000 -1.386785575e+002 -1.386785575e+002 -1.0233e-001 -1.1718e+000 -1.4094e+000 -1.0446e+000 +1.1759e+000 -1.5041e+000 -6.2864e-001 +2.1207e-001 -1.4221e+000 +1.3604e+000 +2.1873e-001 +1.8883e+000 +3.6363e-001 +2.0369e+000 +3.2914e-001 +7.7415e-001 +1.1676e+000 -2.0091e+000 +3.6374e-001 -3.2355e+000
93068 +1.584751867e+000 +1.584751867e+000 -1.396052481e+002 -1.396052481e+002 -1.0381e-001 -1.1719e+000 -1.4058e+000 -1.0414e+000 +1.1764e+000 -1.5031e+000 -6.2837e-001 +2.1713e-001 -1.4215e+000 +1.3630e+000 +2.1879e-001 +1.8867e+000 +3.6472e-001 +2.0390e+000 +3.3367e-001 +7.7458e-001 +1.1708e+000 -2.0082e+000 +3.6070e-001 -3.2331e+000
% function evaluation | noise-free fitness - Fopt (4.889000000000e+002) | best noise-free fitness - Fopt | measured fitness | best measured fitness | x1 | x2...
1 +7.967124429e+001 +7.967124429e+001 +5.685712443e+002 +5.685712443e+002 -1.3550e+000 -2.6451e+000 -4.6040e+000 +1.1051e+000 +4.3568e+000 -3.4656e+000 +1.2655e+000 +9.8462e-001 +9.9764e-001 +4.4547e+000 -4.6228e+000 +1.8404e+000 -9.5726e-001 -1.6892e+000 -4.6287e+000 -4.9669e+000 -1.4622e+000 +6.0194e-001 -3.4394e+000 -1.5049e+000
4 +5.758923620e+001 +5.758923620e+001 +5.464892362e+002 +5.464892362e+002 -3.9159e+000 +1.9175e+000 -4.7177e+000 -2.8327e+000 +4.4326e+000 -2.4708e+000 -1.1322e+000 +3.5825e+000 -3.2173e+000 +1.4311e+000 -4.9076e+000 +1.7595e-001 -4.0638e-002 +3.5954e+000 -5.5588e-001 +2.4912e+000 -2.0345e+000 +4.9158e-001 +3.3141e+000 +4.0234e+000
5 +2.330006672e+001 +2.330006672e+001 +5.122000667e+002 +5.122000667e+002 +3.2778e+000 +3.1040e+000 -1.0633e+000 -1.6994e-001 -9.4709e-001 -4.7935e+000 +1.2908e-001 +3.6945e+000 +2.6409e+000 -3.1060e+000 +1.6413e+000 -2.7750e+000 +1.0132e+000 -4.5697e-001 +2.1178e+000 +3.2304e+000 -8.8088e-001 +2.3429e+000 -5.4035e-001 -8.5395e-001
154 +1.500745430e+001 +1.500745430e+001 +5.039074543e+002 +5.039074543e+002 -2.9864e-003 -7.8841e-001 -6.0194e-001 -4.3414e-002 +4.0676e+000 -6.0106e-001 -1.2458e+000 -3.9420e+000 -1.0572e+000 -1.3088e+000 -5.0590e+000 +5.0202e-001 -5.1870e-002 +1.4246e+000 -1.7487e+000 +8.7432e-001 +2.4589e-001 -5.9454e-001 +2.3829e-001 +7.0474e-002
633 +9.501173585e+000 +9.501173585e+000 +4.984011736e+002 +4.984011736e+002 +8.6632e-001 -1.9821e+000 -4.8931e-001 -3.1638e-001 +2.1630e+000 -9.1357e-002 -1.5563e-001 +9.3046e-001 -8.0880e-002 +1.0299e+000 +4.3689e-001 -2.6961e-001 -1.2335e+000 -7.9644e-001 +1.2602e+000 +8.0798e-001 +2.1739e+000 -1.3071e+000 +1.6122e-001 -9.6074e-001
7673 +5.598860186e+000 +5.598860186e+000 +4.944988602e+002 +4.944988602e+002 +5.7294e-001 +2.8461e+000 -1.3650e+000 +1.6974e+000 -1.0849e+000 -1.7226e+000 -2.1798e-002 +9.1993e-001 -4.5566e-001 +1.6575e+000 +4.0383e-001 +6.6380e-001 -3.8155e+000 +1.7653e+000 +1.0549e+000 -1.5580e-001 -5.1871e-002 +4.6450e-001 +9.2562e-001 -3.1585e+000
147541 +3.972596767e+000 +3.972596767e+000 +4.928725968e+002 +4.928725968e+002 +1.1292e+000 +3.5348e+000 -7.5282e-001 +3.4389e-001 -1.8221e+000 -1.1664e+000 -1.4848e-001 +2.8611e-001 -3.8375e-001 +1.1768e+000 -1.0973e+000 +1.2102e+000 -2.1113e+000 +5.2197e-001 +1.2626e+000 -1.0553e+000 -1.7466e+000 +6.1218e-001 +9.7377e-001 -1.7788e+000
240980 +2.505980054e+000 +2.505980054e+000 +4.914059801e+002 +4.914059801e+002 +1.1309e+000 +3.5331e+000 -7.5293e-001 +3.4437e-001 -1.8195e+000 -1.1703e+000 -1.4989e-001 +2.8283e-001 -3.8659e-001 +1.1764e+000 -1.0999e+000 +1.2102e+000 -2.1071e+000 +5.2395e-001 +1.2625e+000 -1.0505e+000 -1.7472e+000 +5.9005e-001 +9.7418e-001 -1.7706e+000
462255 +1.584459719e+000 +1.584459719e+000 +4.904844597e+002 +4.904844597e+002 +1.1457e+000 +3.5265e+000 -7.6713e-001 +3.5035e-001 -1.8129e+000 -1.1793e+000 -1.3175e-001 +2.9462e-001 -3.8891e-001 +1.1614e+000 -1.1064e+000 +1.2088e+000 -2.1108e+000 +5.3711e-001 +1.2690e+000 -1.0564e+000 -1.7657e+000 +5.6235e-001 +9.5463e-001 -1.7600e+000
% function evaluation | noise-free fitness - Fopt (1.190000000000e+000) | best noise-free fitness - Fopt | measured fitness | best measured fitness | x1 | x2...
1 +3.474452542e+001 +3.474452542e+001 +3.593452542e+001 +3.593452542e+001 +5.0809e-001 -7.3614e-001 -2.2793e+000 -1.8162e+000 +1.8770e+000 -1.6546e+000 +2.1374e+000 +3.8233e+000 +1.0936e-001 +5.6125e-002 -4.0449e+000 -4.1576e+000 -1.1917e+000 -4.5724e-001 -3.7315e+000 -4.3638e+000 +1.5987e+000 +2.6219e+000 -2.0193e+000 -4.9000e+000
19 +2.185166534e+001 +2.185166534e+001 +2.304166534e+001 +2.304166534e+001 +1.5072e+000 -3.8934e+000 +3.3832e+000 -4.0821e+000 +2.2427e+000 -2.8840e+000 +1.2336e+000 -4.1831e+000 +1.2935e+000 +1.0193e+000 +2.3981e+000 +1.9174e-001 -2.4754e+000 +1.8693e+000 -2.5542e+000 -1.2362e+000 -9.8824e-001 -1.9798e+000 -3.6573e+000 -2.7121e+000
346 +1.505397573e+001 +1.505397573e+001 +1.624397573e+001 +1.624397573e+001 -1.4136e+000 -6.3166e-001 +2.4034e+000 -7.7686e-001 -2.5356e+000 -7.4485e-001 -4.3547e-001 -3.0882e+000 +1.5092e+000 +1.1104e+000 +8.5829e-001 -1.2432e+000 +2.5406e-001 +1.7801e-001 -2.0481e+000 +3.0708e+000 +8.5743e-001 +2.3764e+000 -6.2799e-001 +3.5303e+000
664 +9.231426431e+000 +9.231426431e+000 +1.042142643e+001 +1.042142643e+001 -7.7219e-001 +2.1433e+000 +2.2872e+000 +2.6790e+000 -1.2637e+000 -6.5145e-001 -1.9801e+000 -3.1909e+000 +1.2529e+000 -7.5716e-001 +1.7161e+000 -1.4715e+000 +1.2826e+000 -3.5617e-001 -1.3888e+000 +2.1727e+000 -5.9022e-001 +6.6176e-001 -3.8423e-003 +1.1215e+000
2955 +6.119308938e+000 +6.119308938e+000 +7.309308938e+000 +7.309308938e+000 -1.1221e+000 -1.3623e-001 +2.2875e+000 -4.9009e-001 -1.2654e+000 -7.9923e-001 -3.0132e+000 -1.2536e+000 +9.7055e-001 -1.2567e+000 +7.3184e-001 -1.4766e+000 +8.0633e-001 -5.1192e-001 -1.4023e+000 +2.4285e+000 -8.1542e-001 +1.3957e+000 +9.7353e-001 +1.4457e+000
28984 +3.979806237e+000 +3.979806237e+000 +5.169806237e+000 +5.169806237e+000 -1.1159e+000 +9.2566e-001 +2.3059e+000 -4.7335e-001 -1.2389e+000 -7.2661e-001 -3.0393e+000 +5.4687e-001 +9.1537e-001 -1.2453e+000 +6.8283e-001 -1.6156e+000 +8.8322e-001 -2.6768e-001 -1.4283e+000 +2.6276e+000 -8.4848e-001 +1.3270e+000 +9.7612e-001 +1.4519e+000
120632 +2.511856326e+000 +2.511856326e+000 +3.701856326e+000 +3.701856326e+000 -1.1161e+000 +9.2755e-001 +2.3053e+000 -4.7276e-001 -1.2400e+000 -7.2519e-001 -3.0378e+000 +5.4775e-001 +9.1420e-001 -1.2468e+000 +6.8208e-001 -1.6159e+000 +8.7893e-001 -2.7156e-001 -1.4260e+000 +2.6283e+000 -8.4865e-001 +1.3305e+000 +9.7514e-001 +1.4529e+000
% function evaluation | noise-free fitness - Fopt (-6.097000000000e+001) | best noise-free fitness - Fopt | measured fitness | best measured fitness | x1 | x2...
1 +6.070863126e+001 +6.070863126e+001 -2.613687427e-001 -2.613687427e-001 -2.2999e+000 -1.9635e+000 +4.6698e+000 -2.2936e+000 -4.4884e+000 -1.3170e+000 +3.6562e-001 -3.1322e+000 +4.0666e+000 -1.3978e+000 -4.4413e+000 +3.3960e+000 -2.5854e+000 -4.2382e+000 +3.5362e+000 -7.8132e-001 +4.5264e-001 -1.5783e+000 -3.7064e+000 +2.8472e+000
11 +3.775643605e+001 +3.775643605e+001 -2.321356395e+001 -2.321356395e+001 +3.5683e+000 +1.1870e+000 +3.8420e+000 +5.7305e-001 -3.9816e-001 -3.7952e+000 -1.5636e+000 -1.7374e+000 -3.2635e+000 +1.3039e+000 -2.0051e+000 -2.0482e+000 -3.7134e+000 +1.2597e+000 -1.4310e+000 +6.7912e-001 -4.2721e+000 -4.7798e+000 +2.4418e+000 -2.7696e+000
13 +1.762706633e+001 +1.762706633e+001 -4.334293367e+001 -4.334293367e+001 +3.3245e+000 -2.1707e+000 -3.4959e+000 -6.4278e-001 -4.7998e+000 +1.0605e+000 -2.3648e+000 -3.1677e-001 +7.5227e-001 +2.5599e+000 +3.1221e-001 -4.1105e-001 +1.5111e-001 -3.1459e-001 -1.6626e+000 +1.6129e+000 -2.1101e+000 +2.2125e+000 +4.5931e-001 -5.8169e-001
530 +1.555144897e+001 +1.555144897e+001 -4.541855103e+001 -4.541855103e+001 +1.9560e+000 +1.5232e+000 -1.8679e+000 +2.0035e+000 -1.7459e-001 +1.0737e+000 -1.8126e+000 +3.7341e-001 -2.1282e+000 -6.9924e-001 -3.5608e+000 -3.4456e-001 +1.7804e+000 -2.7004e+000 +3.1236e+000 +4.5183e-001 -2.6544e+000 -2.4893e+000 -8.9659e-001 -9.4308e-001
701 +9.741513833e+000 +9.741513833e+000 -5.122848617e+001 -5.122848617e+001 +5.3350e-001 +1.1794e+000 -2.1977e+000 +2.1875e+000 -1.9746e+000 -1.2418e+000 -1.8055e+000 +2.3621e-001 -9.0432e-001 +2.9142e-001 -7.7000e-001 -5.0272e-001 +1.5696e+000 -2.9972e-001 +1.1919e+000 +1.9938e+000 +9.7792e-001 -1.6510e+000 -1.9430e+000 -4.8291e-001
1782 +5.862772440e+000 +5.862772440e+000 -5.510722756e+001 -5.510722756e+001 +9.8520e-001 +7.7960e-001 +8.5580e-001 -1.3499e-001 -1.9514e+000 +7.6413e-002 -1.9381e+000 -3.3204e-001 -6.4531e-001 -1.7783e+000 +3.3071e-001 -3.5335e-001 +1.5626e+000 +6.1658e-001 +1.5125e-001 +7.0122e-001 +2.2503e-001 -1.0471e+000 -1.6778e+000 -1.4473e+000
15301 +3.864037867e+000 +3.864037867e+000 -5.710596213e+001 -5.710596213e+001 +3.7719e-001 +3.4547e-001 -3.1066e-001 +9.6967e-001 -1.1357e+000 +2.7930e-001 -1.4725e+000 +3.1823e-001 -7.6659e-001 -1.2305e-001 -1.2355e-001 -1.8102e+000 +1.4667e+000 +9.4243e-001 +4.3634e-001 +1.3766e+000 +1.4238e+000 -1.4869e+000 -1.3527e+000 -8.9996e-001
23359 +2.496949550e+000 +2.496949550e+000 -5.847305045e+001 -5.847305045e+001 +3.7811e-001 +3.4894e-001 -3.0909e-001 +9.7071e-001 -1.1350e+000 +2.8052e-001 -1.4734e+000 +3.1782e-001 -7.6364e-001 -1.2360e-001 -1.2852e-001 -1.8091e+000 +1.4677e+000 +9.3593e-001 +4.3752e-001 +1.3734e+000 +1.4233e+000 -1.4853e+000 -1.3501e+000 -9.0068e-001
43836 +1.584492653e+000 +1.584492653e+000 -5.938550735e+001 -5.938550735e+001 +3.7958e-001 +3.4748e-001 -3.0674e-001 +9.7018e-001 -1.1341e+000 +2.7957e-001 -1.4724e+000 +3.2008e-001 -7.6173e-001 -1.2398e-001 -1.2521e-001 -1.8117e+000 +1.4704e+000 +9.3433e-001 +4.3884e-001 +1.3736e+000 +1.4176e+000 -1.4885e+000 -1.3511e+000 -8.9888e-001
50639 +9.998533365e-001 +9.998533365e-001 -5.997014666e+001 -5.997014666e+001 +3.8347e-001 +3.4848e-001 -3.0801e-001 +9.6984e-001 -1.1339e+000 +2.7321e-001 -1.4663e+000 +3.2535e-001 -7.6202e-001 -1.2358e-001 -1.2155e-001 -1.8151e+000 +1.4721e+000 +9.3825e-001 +4.3728e-001 +1.3750e+000 +1.4178e+000 -1.4906e+000 -1.3525e+000 -8.9702e-001
55548 +6.303824463e-001 +6.303824463e-001 -6.033961755e+001 -6.033961755e+001 +3.9061e-001 +3.4719e-001 -3.0767e-001 +9.6878e-001 -1.1332e+000 +2.7260e-001 -1.4613e+000 +3.2297e-001 -7.6185e-001 -1.2313e-001 -1.2263e-001 -1.8137e+000 +1.4714e+000 +9.3585e-001 +4.3525e-001 +1.3732e+000 +1.4177e+000 -1.4946e+000 -1.3530e+000 -8.9542e-001
97708 +3.980802740e-001 +3.980802740e-001 -6.057191973e+001 -6.057191973e+001 +3.8159e-001 +3.6138e-001 -3.0109e-001 +9.7230e-001 -1.1341e+000 +2.7575e-001 -1.4667e+000 +3.2353e-001 -7.5608e-001 -1.4139e-001 -1.2136e-001 -1.8060e+000 +1.4828e+000 +9.3172e-001 +4.3200e-001 +1.3819e+000 +1.4010e+000 -1.5048e+000 -1.3400e+000 -8.9907e-001
% function evaluation | noise-free fitness - Fopt (1.000000000000e+003) | best noise-free fitness - Fopt | measured fitness | best measured fitness | x1 | x2...
1 +5.958622852e+001 +5.958622852e+001 +1.059586229e+003 +1.059586229e+003 -7.8680e-001 +2.9139e+000 +4.9295e+000 +9.0824e-001 -1.1045e+000 +1.0549e-001 -3.1596e+000 -4.8235e+000 +2.4366e+000 +2.8940e+000 -3.9099e+000 +3.4823e+000 -1.6224e+000 +4.7015e-001 -4.3579e+000 -4.9002e+000 -1.4522e+000 +6.2065e-001 +4.7879e+000 -8.2360e-001
11 +2.704559063e+001 +2.704559063e+001 +1.027045591e+003 +1.027045591e+003 -3.4204e-001 -3.5442e-001 +1.0313e+000 -4.4269e+000 +1.4893e+000 -2.5435e+000 +1.8492e+000 -2.4918e+000 +4.1607e+000 -2.2918e+000 -5.9766e-001 +3.3651e+000 +2.9407e+000 +6.6051e-001 -4.0244e+000 -3.9100e-001 +2.5429e+000 +5.9793e-001 -4.0818e+000 -1.3649e+000
81 +2.036997000e+001 +2.036997000e+001 +1.020369970e+003 +1.020369970e+003 +1.5841e+000 +5.0483e-001 -9.6761e-001 +1.8154e+000 +4.2693e-001 +1.7930e+000 -3.8284e-002 -1.0426e+000 -2.0440e+000 -1.0610e+000 -1.6109e+000 -9.6562e-001 +2.1709e+000 -3.9283e+000 -1.4073e+000 +4.5383e-001 -3.4897e+000 +2.9169e-002 +8.0314e-001 -7.1674e-001
202 +1.567280695e+001 +1.567280695e+001 +1.015672807e+003 +1.015672807e+003 +5.9898e-001 -3.0135e+000 +9.9823e-002 +1.6140e+000 +1.6487e+000 +1.3401e+000 -2.7370e+000 -1.5562e-001 -3.6994e-001 -1.0919e+000 -1.5920e+000 -3.2750e+000 +6.5192e-001 -8.6908e-001 -5.5457e-001 -1.8275e+000 +1.1742e+000 -5.3472e-001 +6.3504e-001 -2.9093e+000
633 +9.635090555e+000 +9.635090555e+000 +1.009635091e+003 +1.009635091e+003 +1.5667e+000 -3.3041e+000 -1.2921e+000 +9.3474e-001 -3.5944e-001 -5.2792e-001 +6.4338e-002 +5.0260e-001 -2.4539e-001 +2.5427e-001 -1.0884e+000 -2.3389e-001 +1.6737e+000 -7.4992e-001 -2.9249e-001 -8.8159e-001 +2.6138e+000 +6.8708e-001 -2.2500e+000 -2.9677e-001
2476 +5.798509448e+000 +5.798509448e+000 +1.005798509e+003 +1.005798509e+003 +1.4360e-001 -2.8705e+000 +1.7672e-001 +4.5431e-001 -7.9288e-002 -2.5686e-001 -1.1841e-001 +1.3621e+000 +1.0637e+000 +3.8386e-002 +1.0500e+000 -1.1206e+000 +4.3758e-001 +1.7466e-001 -1.4189e+000 -1.6998e+000 +1.8801e+000 -1.3769e+000 -9.3366e-001 -9.0424e-001
168311 +3.910436313e+000 +3.910436313e+000 +1.003910436e+003 +1.003910436e+003 +3.6019e-001 -2.8239e+000 -1.3422e+000 +4.2316e-001 +9.7049e-002 -1.3027e+000 -1.4681e-001 +3.5894e-001 -5.6700e-001 +2.5981e-001 +1.1122e+000 -7.6514e-001 -5.0040e-001 +2.1008e-001 +8.4850e-001 -1.3359e+000 +1.5586e+000 -1.2545e+000 +5.4758e-002 -1.5563e+000
251025 +2.511022498e+000 +2.511022498e+000 +1.002511022e+003 +1.002511022e+003 +3.5877e-001 -2.8231e+000 -1.3426e+000 +4.2008e-001 +9.6283e-002 -1.3003e+000 -1.4694e-001 +3.5736e-001 -5.6703e-001 +2.6015e-001 +1.1125e+000 -7.6577e-001 -5.0048e-001 +2.1059e-001 +8.5080e-001 -1.3367e+000 +1.5596e+000 -1.2534e+000 +5.6321e-002 -1.5559e+000
429519 +1.584825700e+000 +1.584825700e+000 +1.001584826e+003 +1.001584826e+003 +3.5973e-001 -2.8204e+000 -1.3421e+000 +4.1694e-001 +9.4355e-002 -1.2960e+000 -1.4834e-001 +3.5597e-001 -5.6438e-001 +2.6046e-001 +1.1127e+000 -7.6899e-001 -5.0341e-001 +2.0878e-001 +8.5162e-001 -1.3398e+000 +1.5642e+000 -1.2509e+000 +5.7534e-002 -1.5607e+000
% function evaluation | noise-free fitness - Fopt (5.100000000000e-001) | best noise-free fitness - Fopt | measured fitness | best measured fitness | x1 | x2...
1 +8.164857627e+001 +8.164857627e+001 +8.215857627e+001 +8.215857627e+001 -4.2789e+000 -1.6270e+000 -2.1530e+000 -4.3317e+000 +4.0829e+000 -3.0286e+000 +3.8165e+000 -8.7041e-001 -3.2911e-001 -1.6071e+000 -2.6694e+000 -7.2551e-001 +2.8371e+000 -3.4017e-001 -2.7412e+000 +4.2599e+000 +3.5848e+000 +2.7436e+000 -1.1013e+000 +3.7310e+000
4 +3.594831151e+001 +3.594831151e+001 +3.645831151e+001 +3.645831151e+001 -1.2827e+000 -4.5086e-001 +9.1056e-001 -1.6993e+000 +2.3030e+000 +2.7123e+000 -3.5698e-001 -2.3153e+000 -3.8043e+000 +7.1732e-001 +2.2017e+000 +3.9246e+000 -8.4470e-001 -3.8256e+000 -3.3240e+000 -6.8646e-001 +4.9896e+000 -4.1319e+000 +1.1264e+000 -4.6621e+000
9 +1.413953693e+001 +1.413953693e+001 +1.464953693e+001 +1.464953693e+001 -4.2460e-001 -1.8198e-001 +1.8116e+000 -1.5556e+000 +2.6078e+000 -4.5970e+000 +4.7029e+000 +4.7047e+000 -1.5650e+000 -9.0083e-001 -1.0232e+000 +2.4702e+000 -5.0451e-001 -1.0815e+000 +4.0241e+000 -1.4303e+000 +3.1291e+000 -4.8041e+000 +3.2937e+000 +1.2143e-001
924 +9.876661662e+000 +9.876661662e+000 +1.038666166e+001 +1.038666166e+001 -1.0609e-001 +1.1539e+000 +1.4691e+000 -5.2200e+000 -2.6619e-001 -1.7573e+000 +3.4213e+000 +2.2453e+000 -9.3790e-001 +7.4448e-001 -1.5494e+000 +1.1176e+000 +1.5667e+000 +8.7749e-001 +2.9903e+000 -1.7206e+000 +4.7284e-002 -6.2661e-001 +5.8028e+000 +3.7712e-001
2717 +6.009052396e+000 +6.009052396e+000 +6.519052396e+000 +6.519052396e+000 +1.0962e+000 +1.3242e+000 +2.6136e-001 -3.4123e+000 -4.3282e-001 -9.0373e-001 +5.0014e+000 -1.3534e+000 -1.1874e+000 +1.7429e+000 -1.6889e+000 +1.0489e+000 -1.8367e+000 +1.6104e+000 +3.1586e+000 -2.6323e-001 -9.0639e-001 -1.7101e+000 +4.8423e+000 -8.7793e-001
75898 +3.976583482e+000 +3.976583482e+000 +4.486583482e+000 +4.486583482e+000 +1.0898e+000 +1.3721e+000 +2.6503e-001 -3.4225e+000 -4.4926e-001 -8.9781e-001 +5.0173e+000 -1.4263e+000 -1.1876e+000 +1.7710e+000 -1.6971e+000 +1.0408e+000 -1.8684e+000 +1.6402e+000 +3.2026e+000 -2.4648e-001 -9.3740e-001 -1.7228e+000 +4.8715e+000 -9.0566e-001
509959 +2.511883267e+000 +2.511883267e+000 +3.021883267e+000 +3.021883267e+000 +1.0897e+000 +1.3751e+000 +2.8397e-001 -3.4086e+000 -4.4478e-001 -8.9235e-001 +5.0195e+000 -1.4213e+000 -1.1840e+000 +1.7765e+000 -1.6862e+000 +1.0227e+000 -1.8636e+000 +1.6535e+000 +3.2171e+000 -2.4929e-001 -9.3932e-001 -1.6950e+000 +4.8821e+000 -8.9486e-001
% function evaluation | noise-free fitness - Fopt (9.318000000000e+001) | best noise-free fitness - Fopt | measured fitness | best measured fitness | x1 | x2...
1 +4.850136269e+001 +4.850136269e+001 +1.416813627e+002 +1.416813627e+002 -4.7116e+000 -1.9684e+000 -7.4455e-001 +3.1738e+000 +2.6599e+000 +9.6965e-002 +2.0334e+000 +5.4602e-001 +4.1535e-001 -4.3159e+000 -3.6489e+000 -4.8157e+000 +1.2643e+000 +4.7435e+000 -1.3056e-001 +2.1799e+000 -5.7672e-001 -1.9306e+000 +4.0891e+000 +5.9598e-001
5 +3.529115556e+001 +3.529115556e+001 +1.284711556e+002 +1.284711556e+002 -4.9228e+000 +1.2812e+000 -3.4856e+000 -2.2979e+000 -1.7540e+000 -2.1056e+000 -1.8217e+000 +2.9416e+000 -1.1767e+000 +5.6654e-001 -9.3602e-002 +6.0244e-001 +2.0823e+000 +4.5461e+000 -5.5314e-001 +5.5441e-001 +8.5092e-001 -3.7078e-001 -3.6585e+000 -8.6818e-001
88 +2.013966135e+001 +2.013966135e+001 +1.133196614e+002 +1.133196614e+002 +1.4637e+000 +1.7978e+000 -2.9146e+000 -1.8674e+000 +4.1038e+000 -1.0500e+000 -2.9372e+000 -2.7713e+000 -1.1570e+000 -5.5558e-001 +4.2868e+000 +4.9979e+000 +3.9704e-001 -2.3685e+000 +1.5174e+000 +1.3830e+000 +4.5058e-001 -4.8166e+000 -1.4866e+000 -3.8994e+000
148 +1.095002306e+001 +1.095002306e+001 +1.041300231e+002 +1.041300231e+002 +3.8852e+000 +8.9068e-001 -1.2382e+000 +8.2817e-001 +3.1754e+000 +3.5197e-001 -3.5944e+000 -7.7655e-001 -1.7996e-001 +2.3611e-001 +2.0316e+000 +2.0793e+000 +7.8118e-001 -1.5665e+000 +1.2389e+000 +5.6604e-001 -9.0134e-001 -2.5729e+000 -2.4702e+000 -3.2142e-001
735 +9.959959228e+000 +9.959959228e+000 +1.031399592e+002 +1.031399592e+002 +3.0356e-001 +2.5438e-001 -3.3890e-001 -6.8466e-001 +5.4879e+000 -6.3684e-001 -2.7582e+000 -1.7538e+000 +1.7409e-001 +3.8220e-001 +2.6042e+000 +2.7167e+000 +9.4533e-001 -1.3037e+000 +1.0640e+000 +2.8196e+000 -8.2768e-001 -1.2464e+000 -1.4452e+000 +5.0544e-002
4229 +5.996227820e+000 +5.996227820e+000 +9.917622782e+001 +9.917622782e+001 +1.2640e+000 +1.6363e+000 -8.5199e-001 -7.2427e-001 +8.1432e-001 +6.6685e-001 -1.9438e+000 -7.6020e-001 -8.7216e-001 +6.7976e-001 +2.1511e+000 +2.0745e+000 +8.5692e-001 -2.2574e-001 +1.0253e+000 +1.5429e+000 +9.9697e-001 -1.4262e+000 +1.4253e+000 -8.6391e-001
11840 +3.977029688e+000 +3.977029688e+000 +9.715702969e+001 +9.715702969e+001 +1.1921e+000 +1.8480e+000 -1.1376e+000 -4.0913e-003 +3.8859e-001 +7.7184e-001 -1.8179e+000 -9.3088e-001 -1.2278e+000 -1.8823e-001 +1.4148e+000 +1.4683e+000 +7.5407e-001 -4.8262e-001 +1.4642e+000 -3.2182e-001 +3.9984e-001 -9.7219e-001 -3.4998e-001 -1.1297e+000
22908 +2.508465419e+000 +2.508465419e+000 +9.568846542e+001 +9.568846542e+001 +1.1955e+000 +1.8474e+000 -1.1354e+000 -1.4795e-003 +3.8994e-001 +7.7084e-001 -1.8202e+000 -9.3004e-001 -1.2253e+000 -1.8524e-001 +1.4190e+000 +1.4674e+000 +7.5250e-001 -4.8474e-001 +1.4634e+000 -3.1712e-001 +3.9963e-001 -9.7643e-001 -3.4923e-001 -1.1301e+000
50699 +1.578327585e+000 +1.578327585e+000 +9.475832758e+001 +9.475832758e+001 +1.1975e+000 +1.8458e+000 -1.1383e+000 -1.7785e-003 +3.8967e-001 +7.7345e-001 -1.8190e+000 -9.2937e-001 -1.2175e+000 -1.8776e-001 +1.4188e+000 +1.4676e+000 +7.5206e-001 -4.8872e-001 +1.4605e+000 -3.1932e-001 +3.9974e-001 -9.7837e-001 -3.5058e-001 -1.1298e+000
58245 +9.997310731e-001 +9.997310731e-001 +9.417973107e+001 +9.417973107e+001 +1.2015e+000 +1.8475e+000 -1.1463e+000 -9.2450e-004 +3.8919e-001 +7.7521e-001 -1.8183e+000 -9.2444e-001 -1.2068e+000 -1.9838e-001 +1.4201e+000 +1.4676e+000 +7.5584e-001 -4.8910e-001 +1.4586e+000 -3.2173e-001 +3.9540e-001 -9.7158e-001 -3.5234e-001 -1.1306e+000
