% function evaluation | noise-free fitness - Fopt (-1.000000000000e+003) | best noise-free fitness - Fopt | measured fitness | best measured fitness | x1 | x2...
1 +8.620647828e+001 +8.620647828e+001 -9.137935217e+002 -9.137935217e+002 +1.7404e+000 -2.7280e+000 +3.4246e+000 -3.7377e+000 +6.7248e-001 -9.0869e-001 +4.5844e+000 +4.0146e+000 -2.4645e+000 -2.8848e+000 +9.6986e-001 +2.9999e-001 -4.0030e+000 -2.5684e-001 -3.4207e+000 -2.9651e+000 -1.8210e+000 -4.4074e+000 +1.8656e+000 +4.3422e+000
780 +5.697681682e+001 +5.697681682e+001 -9.430231832e+002 -9.430231832e+002 -1.9247e+000 -5.4402e-001 -2.5334e-002 -3.1639e+000 +9.3497e-001 -1.7982e+000 -2.8584e+000 -3.8253e+000 +2.9611e+000 -3.5350e-001 +3.3855e+000 -2.3417e+000 +3.3713e+000 -2.5891e+000 -3.7940e+000 -3.0157e+000 +4.1105e+000 +6.2656e-001 +7.6334e-002 -3.6758e+000
1230 +3.588180204e+001 +3.588180204e+001 -9.641181980e+002 -9.641181980e+002 -2.0446e+000 -1.0311e+000 -1.2095e-001 -2.2429e+000 +1.0317e+000 -6.5446e-001 -2.8633e+000 -4.1894e+000 +2.8320e+000 +7.6112e-001 +4.0302e+000 -2.0112e+000 +3.4160e+000 -1.4824e+000 -1.7201e+000 -3.1156e+000 +1.4431e+000 +1.7417e-001 +2.6966e-001 -2.0910e+000
1429 +2.485927014e+001 +2.485927014e+001 -9.751407299e+002 -9.751407299e+002 -2.0556e+000 -1.4568e+000 +7.5114e-001 -2.4756e+000 +2.7953e-001 -2.7698e+000 -2.1951e+000 -4.7912e+000 +2.4370e+000 +4.6766e-001 +4.1938e+000 -2.2846e+000 +2.1376e+000 -2.4642e+000 -1.3734e+000 -3.3736e+000 +6.9864e-001 +9.2111e-001 -1.1197e-001 -1.9233e+000
1535 +1.372618439e+001 +1.372618439e+001 -9.862738156e+002 -9.862738156e+002 -2.8845e+000 -1.2192e+000 -5.4026e-001 -3.3461e+000 +3.4999e-001 -1.9207e+000 -7.9384e-001 -4.2298e+000 +2.6024e+000 +1.6552e+000 +4.5916e+000 -1.8366e+000 +1.8220e+000 -6.1250e-001 -2.2198e+000 -4.3310e+000 +1.3740e+000 -3.5760e-001 +4.7956e-001 -2.0852e+000
1595 +9.947438214e+000 +9.947438214e+000 -9.900525618e+002 -9.900525618e+002 -3.0520e+000 -1.2963e+000 -4.4232e-002 -3.9588e+000 +2.1685e-001 -2.9520e+000 -1.1175e-001 -4.4113e+000 +2.6524e+000 +1.3767e+000 +4.7378e+000 -2.1227e+000 +1.3962e+000 -1.1065e+000 -2.0339e+000 -4.2779e+000 +1.6664e+000 -1.5212e-001 +2.7642e-001 -2.5239e+000
2147 +5.834284683e+000 +5.834284683e+000 -9.941657153e+002 -9.941657153e+002 -3.4238e+000 -1.9971e+000 +1.6183e+000 -4.1108e+000 +1.8883e+000 -3.0048e+000 -1.1712e+000 -4.8268e+000 +3.2103e+000 +2.2946e+000 +4.0369e+000 -1.6351e+000 +9.2772e-001 -6.8668e-001 -2.0215e+000 -3.2165e+000 +1.5686e+000 -1.0026e+000 -1.8164e-001 -2.8851e+000
2230 +3.960472149e+000 +3.960472149e+000 -9.960395279e+002 -9.960395279e+002 -3.5850e+000 -2.2351e+000 +1.6183e+000 -4.1108e+000 +1.0206e+000 -3.0048e+000 -1.1712e+000 -4.8268e+000 +2.5745e+000 +2.2946e+000 +3.7226e+000 -1.6583e+000 +9.2772e-001 -6.8668e-001 -2.0215e+000 -3.2165e+000 +2.0154e+000 -1.0026e+000 -1.8164e-001 -3.0463e+000
2884 +2.445924304e+000 +2.445924304e+000 -9.975540757e+002 -9.975540757e+002 -3.6898e+000 -2.1283e+000 +1.8914e+000 -4.2103e+000 +1.3279e+000 -3.6984e+000 -1.0174e+000 -4.6793e+000 +2.8351e+000 +1.9645e+000 +3.8618e+000 -1.4934e+000 +1.0158e+000 -6.6106e-001 -2.0173e+000 -3.3751e+000 +1.7502e+000 -7.6680e-001 +4.2763e-001 -2.6608e+000
% function evaluation | noise-free fitness - Fopt (1.000000000000e+003) | best noise-free fitness - Fopt | measured fitness | best measured fitness | x1 | x2...
1 +8.632280557e+001 +8.632280557e+001 +1.086322806e+003 +1.086322806e+003 +4.8720e+000 -4.6102e+000 +1.8453e+000 -3.0186e+000 -2.8500e+000 +2.9608e+000 +2.8506e+000 +4.0570e+000 -1.8769e+000 -2.4449e+000 -1.3563e+000 +4.3814e+000 -7.4869e-001 -4.2404e+000 +3.8998e+000 +1.6947e-001 +4.0649e+000 -4.9623e+000 -1.9410e+000 +1.6598e+000
1575 +6.172445894e+001 +6.172445894e+001 +1.061724459e+003 +1.061724459e+003 +2.1575e+000 -5.5196e+000 +3.1457e+000 +1.2011e+000 -2.5486e+000 +3.8371e+000 +2.6729e+000 +4.2748e+000 +3.7404e+000 -4.8599e+000 +1.1867e+000 -4.6622e+000 -3.9400e+000 +2.8372e+000 -4.3101e+000 -2.5718e+000 +1.5249e+000 -7.2027e-001 +3.9184e+000 +6.1946e-001
2760 +3.867194022e+001 +3.867194022e+001 +1.038671940e+003 +1.038671940e+003 +2.0778e+000 -4.8246e+000 +3.8847e+000 +7.4797e-001 -2.5268e+000 +4.5286e+000 +2.7486e+000 +4.8725e+000 +3.7787e+000 -5.1519e+000 +1.4702e+000 -3.5032e+000 -5.5306e+000 +3.7823e+000 -3.3257e+000 -4.4988e+000 +1.1612e+000 +9.9996e-001 +4.0958e+000 +1.5017e+000
% function evaluation | noise-free fitness - Fopt (-4.913000000000e+001) | best noise-free fitness - Fopt | measured fitness | best measured fitness | x1 | x2...
1 +8.642905396e+001 +8.642905396e+001 +3.729905396e+001 +3.729905396e+001 +1.0653e+000 -4.8393e+000 +4.3525e+000 +3.1316e+000 +1.3113e+000 +1.4619e+000 +9.3677e-002 +4.6359e+000 +3.1565e+000 +3.9374e+000 +3.5142e-001 +1.3649e+000 +4.1083e+000 -2.2974e-001 -3.4617e+000 +4.8693e+000 -4.5063e+000 +2.4250e+000 +2.4924e+000 +7.1969e-001
786 +5.367213518e+001 +5.367213518e+001 +4.542135182e+000 +4.542135182e+000 +1.6260e+000 +9.4740e-001 +2.8542e+000 -3.4770e+000 +4.1485e+000 +2.1492e+000 -2.1187e+000 +3.5975e+000 +1.5390e+000 +2.0189e+000 -4.9357e+000 -1.9124e+000 +4.7709e+000 +5.2436e+000 -7.6097e-001 -1.4711e-001 +9.5308e-001 -1.9712e+000 +9.5405e-002 -1.5909e+000
954 +3.906021215e+001 +3.906021215e+001 -1.006978785e+001 -1.006978785e+001 +1.2639e+000 +2.2593e+000 +3.0668e+000 -2.9299e+000 +5.4672e+000 +2.6568e+000 -3.3460e+000 +5.0665e+000 -9.6709e-003 +2.9656e+000 -4.4140e+000 -1.8480e+000 +4.8216e+000 +3.6746e+000 +1.2575e+000 +6.0125e-001 +1.5323e+000 -2.5689e+000 -2.1217e-001 -8.6255e-001
1348 +2.233435051e+001 +2.233435051e+001 -2.679564949e+001 -2.679564949e+001 +1.5006e+000 +4.4942e+000 +2.4250e+000 -2.3729e+000 +4.7968e+000 +1.2095e+000 -3.6904e+000 +4.5959e+000 +1.1450e+000 +2.9401e+000 -4.2651e+000 -1.8615e+000 +4.4807e+000 +4.4987e+000 +1.6278e+000 +1.6243e+000 +1.9516e+000 -2.8752e+000 -5.7601e-001 -3.2143e+000
1605 +1.515163497e+001 +1.515163497e+001 -3.397836503e+001 -3.397836503e+001 +1.8218e+000 +4.1859e+000 +2.5966e+000 -1.5982e+000 +5.0634e+000 +1.3150e+000 -2.9231e+000 +3.9849e+000 +3.0438e+000 +2.9524e+000 -4.2983e+000 -1.7784e+000 +4.0774e+000 +4.5880e+000 +1.1384e+000 +1.7985e+000 +1.3170e+000 -1.9222e+000 -1.2628e+000 -1.7629e+000
1859 +9.973248905e+000 +9.973248905e+000 -3.915675109e+001 -3.915675109e+001 +1.9754e+000 +4.5119e+000 +2.9739e+000 -9.9494e-001 +5.4997e+000 +2.3021e+000 -3.1278e+000 +4.1370e+000 +2.4432e+000 +3.1439e+000 -3.4932e+000 -1.3925e+000 +4.2035e+000 +4.6744e+000 +9.4220e-001 +5.2360e-001 +1.9614e+000 -2.1353e+000 -9.7075e-001 -8.8829e-001
2618 +5.876416199e+000 +5.876416199e+000 -4.325358380e+001 -4.325358380e+001 +1.6471e+000 +4.6176e+000 +2.8891e+000 -3.4539e-001 +4.9205e+000 +2.8633e+000 -2.4952e+000 +4.8071e+000 +2.8235e+000 +2.9868e+000 -4.2451e+000 -1.2315e+000 +3.2111e+000 +4.4917e+000 +8.9810e-001 +4.0048e-002 +2.4079e+000 -2.5366e+000 -5.5862e-001 -1.9650e+000
2932 +3.942654570e+000 +3.942654570e+000 -4.518734543e+001 -4.518734543e+001 +1.5601e+000 +4.3543e+000 +3.1514e+000 -3.5600e-001 +4.7341e+000 +2.8316e+000 -2.6565e+000 +4.2554e+000 +2.9795e+000 +3.4046e+000 -4.0874e+000 -1.3190e+000 +3.5270e+000 +4.3400e+000 +1.3176e+000 +2.5653e-001 +2.4430e+000 -2.6597e+000 -5.0346e-001 -2.1368e+000
% function evaluation | noise-free fitness - Fopt (2.977300000000e+002) | best noise-free fitness - Fopt | measured fitness | best measured fitness | x1 | x2...
1 +8.434356433e+001 +8.434356433e+001 +3.820735643e+002 +3.820735643e+002 +8.2441e-001 +8.2004e-001 +2.5411e+000 -2.4967e+000 +3.6763e-001 -5.9233e-001 +4.5410e-001 -3.0190e+000 +5.4790e-001 -5.1428e-001 +8.6116e-001 -3.1417e-001 -1.1325e+000 +3.3022e+000 +3.6654e+000 +1.5535e-001 +6.7586e-001 -1.6762e+000 +3.2937e+000 -1.9422e+000
367 +5.877671903e+001 +5.877671903e+001 +3.565067190e+002 +3.565067190e+002 -2.0839e+000 +1.3663e+000 +9.4964e-002 -1.6657e+000 +5.6325e+000 -3.2968e+000 -5.6995e-001 +1.3817e+000 +1.4533e+000 -1.3657e+000 -7.7817e-001 +4.3924e-001 -3.0202e+000 -1.4529e+000 +5.4057e-001 +3.8374e+000 +2.1266e+000 -1.2215e+000 -2.3390e+000 +4.0249e+000
777 +3.562252015e+001 +3.562252015e+001 +3.333525202e+002 +3.333525202e+002 -1.6195e+000 +8.7218e-001 +4.5111e-001 -1.0509e+000 +4.5899e+000 -1.8173e+000 -2.7914e-002 +8.8228e-001 +2.3830e+000 -3.6440e+000 -1.1478e+000 +1.6857e-001 -1.9935e+000 -6.8571e-001 +1.3030e+000 +2.3974e+000 +2.9602e+000 -1.6345e+000 -4.0429e+000 +3.1590e+000
1035 +1.857939670e+001 +1.857939670e+001 +3.163093967e+002 +3.163093967e+002 -2.5445e+000 +2.5315e+000 -2.4416e-001 -2.1006e+000 +2.2358e+000 -1.3187e+000 +6.8033e-002 -1.4843e-001 -2.0675e-001 -3.5141e+000 -1.2500e+000 +1.1483e+000 -1.4696e+000 -1.5524e+000 +4.3030e+000 +1.4517e+000 +1.2857e+000 +6.2120e-001 -3.9574e+000 +2.4755e+000
1151 +1.092759684e+001 +1.092759684e+001 +3.086575968e+002 +3.086575968e+002 -2.9043e+000 +2.0100e+000 -3.2047e-001 -2.8398e+000 +3.5919e+000 -2.7300e+000 -1.2701e+000 +1.0671e+000 +1.9969e+000 -5.0675e+000 -1.2522e+000 +1.5326e+000 -3.0108e-001 -9.4960e-001 +3.5460e+000 +1.4364e+000 +2.1533e+000 +4.3903e-001 -3.1227e+000 +1.7640e+000
1310 +9.085987726e+000 +9.085987726e+000 +3.068159877e+002 +3.068159877e+002 -2.2957e+000 +3.4014e+000 -3.2047e-001 -3.0826e+000 +3.5919e+000 -2.7300e+000 -1.4568e+000 +1.0671e+000 +1.9969e+000 -5.0675e+000 -1.2615e+000 +2.4819e+000 +5.6032e-002 -9.4960e-001 +3.0491e+000 +2.2483e+000 +1.7462e+000 +4.3903e-001 -3.1227e+000 +1.7640e+000
2039 +3.976840751e+000 +3.976840751e+000 +3.017068408e+002 +3.017068408e+002 -2.1472e+000 +2.7828e+000 -1.4150e-002 -3.1676e+000 +3.8701e+000 -2.4767e+000 -1.1605e-001 +9.5019e-001 +6.2761e-001 -3.9595e+000 -3.1026e-001 +2.4682e+000 +6.5864e-002 -1.0241e+000 +2.8543e+000 +1.5741e+000 +1.3096e+000 -1.7628e-001 -2.7715e+000 +2.4570e+000
2275 +2.385442015e+000 +2.385442015e+000 +3.001154420e+002 +3.001154420e+002 -2.2688e+000 +2.6222e+000 +4.3339e-001 -2.9570e+000 +3.7419e+000 -2.6096e+000 +1.0197e-001 +6.1293e-001 +6.4803e-001 -3.6848e+000 -1.2471e-001 +2.0539e+000 +3.1765e-001 -9.7566e-001 +2.9596e+000 +7.6788e-001 +1.3788e+000 -1.6377e-001 -3.3679e+000 +2.9550e+000
3196 +1.549443185e+000 +1.549443185e+000 +2.992794432e+002 +2.992794432e+002 -2.1320e+000 +3.5858e+000 +3.5621e-001 -2.5217e+000 +3.2741e+000 -2.5551e+000 +1.3952e-001 +4.6559e-001 +1.1124e+000 -3.8137e+000 -3.8357e-001 +2.0163e+000 +3.3985e-001 -2.7326e-001 +3.2788e+000 +1.4414e+000 +1.2849e+000 -5.3026e-002 -3.3735e+000 +2.9547e+000
3751 +9.852141900e-001 +9.852141900e-001 +2.987152142e+002 +2.987152142e+002 -1.8544e+000 +3.6092e+000 +3.1311e-001 -2.1485e+000 +3.3747e+000 -2.4368e+000 +1.7221e-002 +5.9625e-001 +1.4823e+000 -3.6220e+000 -6.7405e-001 +1.8854e+000 +2.1554e-001 -2.5907e-001 +3.3660e+000 +1.2091e+000 +7.4424e-001 +3.3563e-001 -3.3871e+000 +3.2934e+000
% function evaluation | noise-free fitness - Fopt (5.157000000000e+001) | best noise-free fitness - Fopt | measured fitness | best measured fitness | x1 | x2...
1 +8.594677072e+001 +8.594677072e+001 +1.375167707e+002 +1.375167707e+002 -3.7035e+000 +2.7907e+000 +1.5667e+000 -4.2348e+000 +4.3381e+000 +1.6067e-001 +2.4401e+000 -9.4464e-001 +1.7329e+000 +1.6609e+000 +3.8929e+000 +3.7636e+000 +3.9794e+000 +3.2691e+000 +1.0922e+000 -3.5447e-001 +4.7936e+000 +1.4231e+000 -4.2624e+000 -3.9617e+000
590 +6.251408961e+001 +6.251408961e+001 +1.140840896e+002 +1.140840896e+002 -1.9566e+000 +2.0741e+000 +2.4645e+000 +1.1294e+000 +1.1382e+000 -2.1482e+000 +2.3745e+000 -4.2677e+000 +7.2281e-002 -2.6042e+000 +2.8008e+000 +4.5298e+000 +2.3635e+000 +7.2654e-002 +5.0303e+000 -2.4986e+000 -1.4877e+000 -3.6930e+000 -5.1709e+000 -2.3080e+000
1352 +3.967809676e+001 +3.967809676e+001 +9.124809676e+001 +9.124809676e+001 -1.1969e+000 +2.7331e+000 -2.8123e-001 +3.6448e+000 +8.1568e-001 -3.9302e+000 +3.9742e+000 -2.7100e+000 +2.9050e-001 -4.8851e-001 +3.3010e+000 +3.3741e+000 +3.6252e-001 -5.4897e-001 +2.4056e+000 -2.8636e-001 -1.5941e+000 -3.6024e+000 -3.4479e+000 -1.5806e+000
1797 +2.253388749e+001 +2.253388749e+001 +7.410388749e+001 +7.410388749e+001 -1.1942e+000 +2.8993e+000 -5.7406e-002 +3.3339e+000 +1.6694e+000 -2.3809e+000 +4.0240e+000 -2.3651e+000 +2.7137e-001 -1.1825e+000 +3.4706e+000 +2.9244e+000 +6.6909e-002 -3.5993e+000 +2.7643e+000 -8.6979e-001 -2.2970e+000 -3.9157e+000 -4.2158e+000 -1.1741e+000
2369 +1.466387660e+001 +1.466387660e+001 +6.623387660e+001 +6.623387660e+001 -1.1942e+000 +2.0717e+000 -6.3312e-001 +2.8856e+000 +1.6694e+000 -1.6841e+000 +4.1920e+000 -2.7536e+000 -1.2017e+000 -1.5088e-001 +3.3533e+000 +2.8501e+000 +8.0444e-001 -3.5993e+000 +3.2842e+000 -1.8382e+000 -2.2970e+000 -3.2043e+000 -4.2158e+000 -1.3676e+000
3339 +9.979776698e+000 +9.979776698e+000 +6.154977670e+001 +6.154977670e+001 -7.3436e-001 +1.7875e+000 +2.2610e-001 +2.6451e+000 +1.8205e+000 -1.5285e+000 +3.8609e+000 -4.2648e+000 -7.3862e-001 -5.6366e-001 +3.7867e+000 +3.0928e+000 +1.7395e+000 -4.0651e+000 +2.7747e+000 -1.7025e+000 -2.3747e+000 -3.0063e+000 -4.5105e+000 -1.6489e+000
% function evaluation | noise-free fitness - Fopt (1.495000000000e+001) | best noise-free fitness - Fopt | measured fitness | best measured fitness | x1 | x2...
1 +8.250080585e+001 +8.250080585e+001 +9.745080585e+001 +9.745080585e+001 -4.0723e+000 -2.0953e+000 -4.5119e-001 +1.5847e+000 +9.3206e-001 +1.7579e+000 +2.7548e+000 +4.3939e-002 -1.7479e+000 +3.6555e+000 +1.8400e+000 -2.3385e+000 -3.8931e+000 -1.1090e+000 -1.6576e+000 +3.4509e+000 +1.9417e+000 -2.4299e+000 +8.0618e-001 +4.4665e-001
1259 +6.184650366e+001 +6.184650366e+001 +7.679650366e+001 +7.679650366e+001 -1.4305e+000 -2.5722e-001 -2.4942e+000 -2.9767e+000 -5.0222e+000 +5.6693e+000 -3.0103e+000 -2.7845e+000 +2.3115e+000 -3.4418e+000 -2.7018e+000 +7.7688e-001 -2.8530e+000 +5.2241e+000 +4.8658e+000 -1.4175e+000 +1.1652e+000 +2.3138e+000 -2.8334e-001 +1.5277e+000
1848 +3.632704138e+001 +3.632704138e+001 +5.127704138e+001 +5.127704138e+001 -2.1119e+000 -1.3171e+000 -2.1469e+000 -1.1764e+000 -3.3290e+000 +3.0335e+000 -4.0710e+000 -2.8786e+000 +2.9324e+000 -3.4804e+000 -3.2512e+000 -5.1968e-001 -3.3279e+000 +4.5815e+000 +3.5531e+000 -1.9367e+000 +2.7042e+000 +2.1302e+000 -1.6057e+000 -4.7197e-001
3041 +2.497388040e+001 +2.497388040e+001 +3.992388040e+001 +3.992388040e+001 -2.8666e+000 -1.0005e+000 -1.0480e+000 -1.8802e+000 -3.1444e+000 +3.5413e+000 -4.1208e+000 -2.6954e+000 +3.0737e+000 -4.4905e+000 -3.5544e+000 -3.1996e-001 -4.1732e+000 +4.7141e+000 +3.0099e+000 -1.7627e+000 +1.9487e+000 +3.1627e+000 -1.9181e+000 -7.0258e-001
% function evaluation | noise-free fitness - Fopt (6.938000000000e+001) | best noise-free fitness - Fopt | measured fitness | best measured fitness | x1 | x2...
1 +8.617990701e+001 +8.617990701e+001 +1.555599070e+002 +1.555599070e+002 -1.0623e+000 +5.6753e-001 -5.5231e-001 +2.2411e+000 +3.6362e-001 +1.4134e+000 -3.1931e+000 +4.7753e+000 +1.8179e+000 -2.8341e-002 +4.9605e+000 +3.9622e-001 +4.0075e+000 +6.4585e-001 +2.6371e+000 +3.6434e+000 +2.4722e+000 +2.0103e+000 +1.4732e+000 +2.0104e+000
702 +6.276934733e+001 +6.276934733e+001 +1.321493473e+002 +1.321493473e+002 -8.2600e-002 -5.3343e+000 +3.8683e+000 +3.4085e+000 +3.6573e+000 -8.0523e-001 +2.2498e+000 +2.6203e+000 -1.4815e+000 -4.1625e+000 -2.4930e+000 -1.7967e+000 +2.5379e+000 -1.3739e+000 +2.1105e+000 -6.6487e-001 -1.2415e+000 +6.2997e-001 +5.7770e-002 +1.2295e+000
973 +3.598756844e+001 +3.598756844e+001 +1.053675684e+002 +1.053675684e+002 +1.2624e-001 -4.2070e+000 +2.0873e+000 +8.9199e-001 +1.7938e+000 +5.4436e-001 +2.1960e+000 +1.7744e+000 -2.3074e+000 -3.2951e+000 +2.3865e-001 -2.6490e+000 +1.2257e+000 -3.3070e+000 +2.7088e+000 -8.6303e-001 +2.2513e+000 +1.4689e+000 -3.2690e-001 +2.1529e+000
1569 +2.348339791e+001 +2.348339791e+001 +9.286339791e+001 +9.286339791e+001 -4.3234e-001 -3.4263e+000 +2.3573e+000 +8.1223e-002 +7.7492e-001 +7.4416e-001 +2.5258e+000 +2.0267e+000 -2.9197e+000 -3.1106e+000 +2.1100e-001 -1.8455e+000 +8.8636e-001 -3.1870e+000 +3.5229e+000 -7.0536e-001 +2.7292e+000 +1.2830e+000 +1.1888e+000 +1.8457e+000
2493 +1.515694552e+001 +1.515694552e+001 +8.453694552e+001 +8.453694552e+001 -7.6594e-001 -4.3161e+000 +2.5230e+000 -4.2210e-001 +1.9556e+000 +7.2168e-001 +2.1374e+000 +2.0793e+000 -2.0837e+000 -2.8989e+000 -5.4384e-001 -2.9980e+000 +1.2906e+000 -1.9894e+000 +3.1173e+000 -9.6759e-001 +9.2705e-001 +9.6026e-001 +1.4334e+000 +1.9212e+000
3046 +8.524641012e+000 +8.524641012e+000 +7.790464101e+001 +7.790464101e+001 -1.5559e-001 -3.2520e+000 +2.1357e+000 -9.3058e-001 +2.0403e+000 +5.6773e-001 +2.1556e+000 +2.0932e+000 -1.8770e+000 -2.4638e+000 -8.8444e-002 -3.2844e+000 +1.9268e+000 -4.4902e-001 +3.4384e+000 -6.9855e-001 +2.0123e+000 +1.0511e+000 +5.0696e-001 +2.0612e+000
3659 +6.247253508e+000 +6.247253508e+000 +7.562725351e+001 +7.562725351e+001 -9.0534e-001 -2.6239e+000 +1.5028e+000 -3.6278e-001 +1.8237e+000 +6.0125e-001 +1.8554e+000 +2.6763e+000 -2.2595e+000 -1.9038e+000 -7.3985e-001 -3.4190e+000 +2.0398e+000 +1.0992e+000 +4.2418e+000 -5.5367e-001 +2.6003e+000 +9.9169e-001 -4.6650e-001 +1.6625e+000
3893 +3.890677317e+000 +3.890677317e+000 +7.327067732e+001 +7.327067732e+001 -5.1354e-001 -2.8695e+000 +8.3517e-001 -3.0667e-001 +2.4689e+000 +3.7340e-001 +1.5769e+000 +2.5882e+000 -2.2488e+000 -1.7574e+000 -3.6746e-001 -3.5880e+000 +2.0008e+000 +1.4738e+000 +4.2222e+000 -7.8809e-001 +1.6476e+000 +9.2759e-001 -1.1385e-001 +2.6009e+000
4382 +2.487557750e+000 +2.487557750e+000 +7.186755775e+001 +7.186755775e+001 -7.9094e-001 -2.4654e+000 +4.6347e-001 -3.1681e-002 +2.5777e+000 +6.7006e-001 +1.3552e+000 +2.6103e+000 -1.9797e+000 -1.3085e+000 -3.2234e-002 -3.8993e+000 +1.9711e+000 +2.6661e+000 +4.4246e+000 -5.9245e-001 +1.8926e+000 +9.6879e-001 -3.8359e-001 +2.1536e+000
% function evaluation | noise-free fitness - Fopt (7.255000000000e+001) | best noise-free fitness - Fopt | measured fitness | best measured fitness | x1 | x2...
1 +8.638847323e+001 +8.638847323e+001 +1.589384732e+002 +1.589384732e+002 -4.6955e+000 +2.9712e+000 -3.6849e+000 +4.0705e+000 +9.6585e-002 +8.9302e-002 -1.6712e+000 -4.7603e+000 +2.4255e+000 +3.9426e-001 -2.2942e+000 +7.0545e-001 -2.3739e+000 -3.1617e+000 +2.7636e+000 +2.1175e+000 -4.6776e+000 -2.6611e+000 -4.0587e+000 +4.3713e+000
312 +5.892079467e+001 +5.892079467e+001 +1.314707947e+002 +1.314707947e+002 +3.5403e+000 -3.6699e+000 +3.7694e-001 +1.6810e+000 -2.2350e+000 -2.3563e+000 -1.9254e+000 -1.1911e+000 +2.5057e+000 -2.0148e+000 -1.6573e+000 +1.1506e+000 +4.0105e-001 -7.3922e-001 -8.2322e-001 -5.3002e+000 -7.2689e-001 -3.1207e+000 -6.9224e-001 -1.9825e+000
755 +3.848730072e+001 +3.848730072e+001 +1.110373007e+002 +1.110373007e+002 +2.0344e+000 -3.4703e+000 -1.2159e+000 +5.1988e-001 -1.2551e+000 -4.5641e+000 -1.7439e+000 -1.8801e+000 +1.9058e+000 -3.2544e+000 -3.1267e+000 +2.0505e+000 +1.4869e+000 +4.7941e-002 -1.5688e+000 -4.6035e+000 -2.0891e+000 -4.7913e+000 -2.1837e+000 -3.4667e+000
1178 +2.339677354e+001 +2.339677354e+001 +9.594677354e+001 +9.594677354e+001 +3.5433e+000 -2.9690e+000 -1.9710e+000 +9.4914e-001 +9.5277e-001 -6.3176e+000 -4.3449e-001 -2.3033e+000 +2.5106e+000 -2.4307e+000 -2.5649e+000 +1.9083e+000 +4.9768e-001 +3.0034e+000 -2.6866e+000 -4.6558e+000 -3.1904e+000 -3.8241e+000 -2.5856e+000 -4.1679e+000
1339 +1.531667607e+001 +1.531667607e+001 +8.786667607e+001 +8.786667607e+001 +3.5433e+000 -4.2792e+000 -3.1212e+000 +9.4914e-001 +1.7687e-001 -5.0798e+000 -4.3449e-001 -2.2973e+000 +2.5106e+000 -2.4307e+000 -2.5649e+000 +1.9083e+000 +5.9947e-002 +2.0046e+000 -2.6866e+000 -3.6260e+000 -3.2157e+000 -2.7595e+000 -2.8823e+000 -4.1679e+000
1485 +9.131919421e+000 +9.131919421e+000 +8.168191942e+001 +8.168191942e+001 +3.9671e+000 -3.2940e+000 -2.7640e+000 +1.1949e+000 -8.6218e-002 -5.2701e+000 -5.0283e-001 -2.3345e+000 +2.5954e+000 -1.1374e+000 -1.4097e+000 +1.4736e+000 -8.5536e-001 +1.7318e+000 -2.8070e+000 -4.3032e+000 -3.4743e+000 -3.2104e+000 -2.4551e+000 -3.5254e+000
2186 +5.954507259e+000 +5.954507259e+000 +7.850450726e+001 +7.850450726e+001 +4.7767e+000 -4.2020e+000 -1.8844e+000 +1.1556e+000 -1.6469e+000 -4.6872e+000 +3.3874e-003 -1.4262e+000 +2.2808e+000 -1.5789e+000 -1.5835e+000 +8.4143e-001 -8.0663e-001 +9.8755e-001 -3.1963e+000 -4.0114e+000 -2.9897e+000 -3.0555e+000 -2.9319e+000 -3.9193e+000
2408 +3.857898726e+000 +3.857898726e+000 +7.640789873e+001 +7.640789873e+001 +3.6358e+000 -4.0937e+000 -1.7381e+000 +9.4217e-001 -1.1020e+000 -4.9278e+000 +1.5789e-001 -1.3201e+000 +2.2415e+000 -1.5734e+000 -1.5413e+000 +7.2651e-001 -1.2910e+000 +1.3097e+000 -3.2590e+000 -4.9814e+000 -3.1613e+000 -3.1704e+000 -2.5690e+000 -4.1611e+000
2887 +2.308036667e+000 +2.308036667e+000 +7.485803667e+001 +7.485803667e+001 +3.6991e+000 -4.1154e+000 -2.0201e+000 +7.6791e-001 -8.7866e-001 -4.7807e+000 +2.9559e-001 -1.2935e+000 +2.3696e+000 -1.6833e+000 -1.3199e+000 +1.2144e-001 -4.5163e-001 +7.2833e-001 -3.2439e+000 -4.6613e+000 -2.9790e+000 -3.3289e+000 -2.6357e+000 -2.9681e+000
% function evaluation | noise-free fitness - Fopt (-5.473100000000e+002) | best noise-free fitness - Fopt | measured fitness | best measured fitness | x1 | x2...
1 +7.959306268e+001 +7.959306268e+001 -4.677169373e+002 -4.677169373e+002 +1.6193e+000 +4.8847e+000 -2.1521e+000 -2.5086e+000 -3.4898e+000 -4.5447e+000 +2.6593e+000 -1.9985e-001 +3.0122e+000 +3.3678e+000 +4.3399e+000 -3.3314e+000 +3.8613e+000 -3.9733e-001 -8.7259e-001 +1.2109e+000 -2.9176e-001 +5.6895e-001 -1.0567e+000 +4.4540e-001
559 +5.625755445e+001 +5.625755445e+001 -4.910524456e+002 -4.910524456e+002 +1.9047e+000 +4.2348e+000 +3.9745e+000 -1.0743e+000 -2.3282e-001 -1.9084e+000 -1.2266e+000 -2.2251e+000 +3.5248e+000 -2.8584e-001 -9.4808e-001 -4.7229e-002 +5.1414e+000 -4.0241e+000 -1.2158e+000 -4.1509e+000 -7.5944e-001 +1.4274e+000 -2.2246e+000 -2.1614e+000
638 +2.378103403e+001 +2.378103403e+001 -5.235289660e+002 -5.235289660e+002 +2.6717e+000 +2.2894e+000 +3.7888e+000 -1.3734e+000 -1.8211e+000 -2.5039e+000 +1.7580e+000 -1.0928e+000 +3.5341e+000 +1.1922e+000 +2.8133e-001 -7.1995e-001 +3.3419e+000 -2.3093e+000 -1.8624e-001 -2.1813e+000 -9.9872e-001 +1.0171e+000 -5.2288e-001 -2.8496e+000
1266 +1.465038440e+001 +1.465038440e+001 -5.326596156e+002 -5.326596156e+002 +3.8195e+000 +1.8017e+000 +1.4714e+000 -2.4300e+000 -1.5203e+000 -2.0382e+000 +2.9385e+000 -3.0880e+000 +3.8909e+000 +4.1227e-001 +2.7208e-001 -1.1847e+000 +5.0119e+000 -4.0392e+000 -9.5727e-003 -2.8937e+000 -2.7858e+000 +9.7024e-001 -1.1502e+000 -3.4171e+000
1542 +9.574553051e+000 +9.574553051e+000 -5.377354469e+002 -5.377354469e+002 +2.1478e+000 +6.9485e-001 +6.7665e-001 -1.7083e+000 +4.8470e-001 -1.5173e+000 +1.4782e+000 -6.2186e-001 +3.5214e+000 +2.0852e-001 -4.1613e-001 -1.2089e+000 +4.0918e+000 -2.1149e+000 -1.1116e-002 -2.6227e+000 -3.6446e+000 +8.6489e-001 -1.9694e+000 -4.0723e+000
1945 +6.227470489e+000 +6.227470489e+000 -5.410825295e+002 -5.410825295e+002 +2.8898e+000 +2.1831e+000 +5.9135e-001 -2.5763e+000 -1.8518e+000 -2.1263e+000 +1.8705e+000 -5.8261e-001 +3.0794e+000 +3.8896e-001 -5.7969e-001 -7.0886e-001 +4.6064e+000 -2.2292e+000 +2.8528e-001 -2.7663e+000 -2.6880e+000 -5.2620e-001 -1.3526e+000 -4.5780e+000
2067 +3.050227284e+000 +3.050227284e+000 -5.442597727e+002 -5.442597727e+002 +3.0459e+000 +1.8779e+000 +7.3582e-001 -2.2399e+000 -9.3348e-001 -1.1969e+000 +1.2986e+000 -6.2241e-001 +3.2263e+000 -1.2896e-001 -5.7695e-001 -1.7304e+000 +4.4546e+000 -2.7997e+000 -2.2652e-002 -2.8384e+000 -2.3732e+000 -1.4874e-001 -1.8067e+000 -3.8260e+000
2147 +2.189588982e+000 +2.189588982e+000 -5.451204110e+002 -5.451204110e+002 +3.3089e+000 +1.8779e+000 +7.3582e-001 -2.2399e+000 -9.3348e-001 -1.1969e+000 +1.2986e+000 -6.9564e-001 +2.7969e+000 -1.2896e-001 -5.7695e-001 -1.2600e+000 +5.1707e+000 -2.7997e+000 -6.8099e-001 -2.8384e+000 -2.3732e+000 -1.4874e-001 -1.9097e+000 -4.0819e+000
2717 +1.557519798e+000 +1.557519798e+000 -5.457524802e+002 -5.457524802e+002 +3.1766e+000 +1.9210e+000 +1.0576e+000 -2.2566e+000 -1.3828e+000 -1.3776e+000 +1.8165e+000 -1.0431e+000 +2.7524e+000 -2.9403e-001 -1.9032e-001 -1.0415e+000 +5.1839e+000 -2.4330e+000 -1.1271e+000 -2.9781e+000 -2.4855e+000 -4.7029e-001 -1.7957e+000 -3.4737e+000
3405 +9.467072356e-001 +9.467072356e-001 -5.463632928e+002 -5.463632928e+002 +3.0022e+000 +1.7317e+000 +9.9614e-001 -2.0947e+000 -1.1766e+000 -1.1552e+000 +2.0188e+000 -7.6133e-001 +2.4638e+000 -1.2151e-001 -6.7921e-002 -6.3704e-001 +4.6168e+000 -2.6789e+000 -1.2955e+000 -2.8576e+000 -2.5142e+000 -3.0360e-001 -1.5809e+000 -3.4789e+000
% function evaluation | noise-free fitness - Fopt (1.000000000000e+003) | best noise-free fitness - Fopt | measured fitness | best measured fitness | x1 | x2...
1 +8.633498510e+001 +8.633498510e+001 +1.086334985e+003 +1.086334985e+003 +1.0175e+000 +1.8592e+000 -2.2719e+000 -2.0008e+000 -3.1119e+000 -2.4071e+000 +4.4216e+000 -1.4649e-001 -4.2379e+000 -3.8946e+000 +4.4832e+000 -1.2917e+000 +1.2064e+000 -5.8509e-001 +1.9475e+000 -2.4565e+000 -3.9488e+000 +2.6518e-001 -1.2343e+000 -2.9661e+000
828 +5.888108787e+001 +5.888108787e+001 +1.058881088e+003 +1.058881088e+003 +3.1981e+000 +1.3563e+000 +2.0713e+000 +1.1948e+000 -1.3086e+000 +2.3230e-002 -5.7321e+000 +3.7092e+000 -1.8399e+000 +4.1876e+000 +2.8373e+000 +1.5877e+000 -1.3071e+000 -3.6864e+000 -4.8386e-001 +1.1295e+000 +4.9293e+000 -1.1146e+000 +2.3381e-001 +5.3312e-001
1410 +3.868086617e+001 +3.868086617e+001 +1.038680866e+003 +1.038680866e+003 +2.8252e+000 +1.1028e+000 +3.0013e+000 +1.0549e+000 -8.8096e-001 -1.3356e-001 -5.1490e+000 +3.6344e+000 -2.2942e+000 +3.9994e+000 +2.3695e+000 +2.7080e+000 -1.2368e+000 -4.9056e+000 -1.8977e+000 +5.0131e-001 +3.4247e+000 -1.4497e+000 +1.4972e+000 +1.7531e+000
2030 +2.424256184e+001 +2.424256184e+001 +1.024242562e+003 +1.024242562e+003 +1.5079e+000 +6.2527e-001 +3.5112e+000 +1.6528e+000 -4.5804e-001 -8.8144e-001 -3.5426e+000 +4.0045e+000 -2.8843e+000 +4.6288e+000 +1.9483e+000 +1.2985e+000 -1.9057e+000 -4.8857e+000 -1.3110e+000 +1.6031e-001 +2.6140e+000 +4.2732e-002 +4.2097e+000 +2.1103e+000
% function evaluation | noise-free fitness - Fopt (2.935800000000e+002) | best noise-free fitness - Fopt | measured fitness | best measured fitness | x1 | x2...
1 +8.646277995e+001 +8.646277995e+001 +3.800427799e+002 +3.800427799e+002 +4.7201e+000 +2.9647e+000 -3.5870e+000 +2.8554e+000 +2.1998e+000 -4.4981e+000 -4.0044e+000 +4.3790e+000 -3.3665e+000 +2.2371e+000 +1.1464e+000 +1.6070e+000 -2.7202e+000 -1.4492e+000 +4.2571e+000 +3.6125e+000 +1.8772e+000 -3.4428e+000 +4.5732e+000 -1.4715e+000
1189 +6.178026084e+001 +6.178026084e+001 +3.553602608e+002 +3.553602608e+002 -2.1856e+000 +2.9440e+000 +2.2677e+000 +3.9900e+000 +2.5746e+000 +5.0588e-001 -2.9652e+000 +2.9130e+000 -3.3996e+000 +1.9762e+000 -2.0769e+000 +3.9981e+000 -4.9368e-001 +5.1059e-001 -2.1809e+000 -2.7973e+000 -3.6470e+000 -7.4713e-002 +1.4152e-001 -3.3648e+000
% function evaluation | noise-free fitness - Fopt (3.712600000000e+002) | best noise-free fitness - Fopt | measured fitness | best measured fitness | x1 | x2...
1 +8.579731613e+001 +8.579731613e+001 +4.570573161e+002 +4.570573161e+002 +2.0609e+000 -1.8949e+000 -8.3170e-002 -4.1314e+000 -4.0664e+000 +2.0528e-001 +2.8061e+000 -3.5122e+000 -3.9936e+000 -2.6597e+000 +1.1237e+000 -1.6813e+000 -3.0520e+000 +3.7742e+000 -7.6048e-001 +3.0568e+000 -1.3185e+000 +6.7916e-001 -1.6913e+000 -4.1621e-001
988 +5.784241216e+001 +5.784241216e+001 +4.291024122e+002 +4.291024122e+002 -1.5444e-001 +2.9222e+000 +2.0657e+000 +6.2920e-001 +2.6674e+000 +3.9454e+000 +1.7174e+000 -2.4550e+000 -5.1141e-001 -3.4037e+000 +3.4923e+000 +3.8811e+000 +3.4907e+000 +2.9711e+000 -1.7579e+000 +2.8244e+000 +2.7929e+000 +4.4957e+000 +1.1535e+000 +3.4281e-001
1170 +3.876277746e+001 +3.876277746e+001 +4.100227775e+002 +4.100227775e+002 -8.1290e-001 +2.2194e+000 +2.5054e+000 +5.2898e-001 +3.6722e+000 +3.3088e+000 +1.3786e+000 -2.6951e+000 -2.0178e-001 -3.3157e+000 +3.2754e+000 +2.7843e+000 +3.0611e+000 +2.9575e+000 -3.7709e+000 +2.9351e+000 +2.6824e+000 +3.2032e+000 +1.9565e-001 -2.0704e+000
1609 +2.331050843e+001 +2.331050843e+001 +3.945705084e+002 +3.945705084e+002 -5.3529e-001 +2.2813e+000 +2.0515e+000 +1.5477e+000 +4.2330e+000 +3.1499e+000 +1.0924e+000 -2.6453e+000 +1.0889e+000 -3.6203e+000 +3.0373e+000 +3.3500e+000 +3.5324e+000 +9.6449e-001 -3.4138e+000 +2.0953e+000 +2.6909e+000 +3.5021e+000 +1.2020e-001 -3.0993e+000
2091 +1.578737927e+001 +1.578737927e+001 +3.870473793e+002 +3.870473793e+002 -3.5686e-001 +2.0108e+000 +8.8530e-001 +1.2345e+000 +4.0920e+000 +3.4884e+000 +6.9822e-001 -2.9229e+000 +2.1274e+000 -3.8969e+000 +2.5950e+000 +4.8070e+000 +4.5216e+000 -4.9067e-001 -3.8848e+000 +2.9705e+000 +4.1361e+000 +4.8981e+000 +1.2471e+000 -1.5403e+000
2340 +9.617942212e+000 +9.617942212e+000 +3.808779422e+002 +3.808779422e+002 -5.5601e-001 +1.6929e+000 +1.1613e+000 +1.5546e+000 +3.9315e+000 +3.9138e+000 +1.0215e+000 -3.1230e+000 +2.4067e+000 -4.3744e+000 +2.9693e+000 +4.5874e+000 +4.3400e+000 +9.3081e-001 -3.9813e+000 +3.0711e+000 +4.2935e+000 +4.5445e+000 +9.4053e-001 -2.5987e+000
% function evaluation | noise-free fitness - Fopt (5.226000000000e+001) | best noise-free fitness - Fopt | measured fitness | best measured fitness | x1 | x2...
1 +8.353379298e+001 +8.353379298e+001 +1.357937930e+002 +1.357937930e+002 -2.3762e+000 +3.9493e+000 +3.5480e+000 -1.7655e+000 +3.9607e+000 +3.8852e+000 -1.7111e+000 +1.2442e-001 -3.6385e+000 +9.8692e-001 -9.1267e-001 +8.6602e-001 +3.4788e+000 +4.4738e+000 -6.7148e-001 +3.3022e+000 -1.7055e+000 +4.8913e+000 -2.8141e+000 -4.7082e+000
1348 +5.467977048e+001 +5.467977048e+001 +1.069397705e+002 +1.069397705e+002 +2.5333e+000 +2.8717e-001 -2.8827e+000 +2.2136e+000 +2.4848e+000 +2.2600e+000 +3.5038e+000 -2.3514e+000 +1.9256e+000 +3.5116e+000 -4.2689e+000 -9.3751e-001 -2.1069e+000 +2.2174e+000 -1.2830e+000 +1.2277e-002 +4.0600e+000 -7.2454e-001 +3.5979e+000 +3.6786e+000
1792 +3.263755207e+001 +3.263755207e+001 +8.489755207e+001 +8.489755207e+001 +1.9052e+000 -1.5409e-001 -2.1409e+000 -3.0803e-001 +1.3277e+000 +1.9760e+000 +5.0911e+000 -1.0466e+000 +1.6079e+000 +2.5500e+000 -2.8588e+000 +1.9564e-001 -3.3461e+000 +2.8957e+000 -1.6454e+000 -2.5502e-001 +2.8829e+000 +3.9822e-001 +2.8255e+000 +2.0273e+000
2345 +2.451319590e+001 +2.451319590e+001 +7.677319590e+001 +7.677319590e+001 +1.8797e+000 +3.7477e-001 -2.2720e+000 +6.2216e-001 +1.6439e+000 +1.5606e+000 +4.3706e+000 -1.5035e+000 +1.3907e+000 +2.7334e+000 -3.1527e+000 +2.7374e-002 -2.4039e+000 +3.0984e+000 -1.8239e+000 -3.1090e-001 +2.1534e+000 +2.8532e-001 +2.6440e+000 +1.7287e+000
2782 +1.523617798e+001 +1.523617798e+001 +6.749617798e+001 +6.749617798e+001 +1.9591e+000 +4.4466e-001 -2.0448e+000 +6.7246e-001 +1.3909e+000 +1.4659e+000 +3.7096e+000 -1.5890e+000 +1.4329e+000 +2.3555e+000 -2.9315e+000 -4.7553e-001 -2.8655e+000 +3.2245e+000 -1.7696e+000 -3.3233e-001 +2.2374e+000 +1.1594e-001 +3.0145e+000 +2.5781e+000
3058 +8.953054325e+000 +8.953054325e+000 +6.121305432e+001 +6.121305432e+001 +1.2329e+000 -4.2512e-002 -1.1700e+000 +3.5653e-001 +5.5674e-001 +1.0473e+000 +4.2575e+000 -7.7205e-001 +1.5578e+000 +1.9011e+000 -2.0136e+000 -6.0525e-002 -3.6866e+000 +3.0991e+000 -2.4142e+000 +1.8858e-001 +9.6021e-001 -2.6774e-001 +2.5255e+000 +1.8020e+000
3408 +6.198537905e+000 +6.198537905e+000 +5.845853790e+001 +5.845853790e+001 +4.1398e-001 -2.8368e-001 -3.3997e-001 -1.8453e-001 -3.8166e-001 +2.3789e-001 +3.8858e+000 -2.2487e-001 +1.4287e+000 +1.0872e+000 -1.2227e+000 -6.9388e-002 -4.2850e+000 +3.1114e+000 -3.1042e+000 +6.5741e-001 -6.8593e-001 -1.0383e-001 +2.2211e+000 +1.3645e+000
3781 +3.714322635e+000 +3.714322635e+000 +5.597432263e+001 +5.597432263e+001 +5.3000e-001 -5.8084e-001 -3.9375e-001 -2.2344e-001 -2.2619e-001 +4.7463e-001 +3.9042e+000 -5.7417e-001 +1.5224e+000 +1.3778e+000 -1.5868e+000 +2.5084e-003 -4.3104e+000 +2.7816e+000 -3.1888e+000 +7.1477e-001 -8.1560e-001 -4.0816e-001 +2.1418e+000 +1.6479e+000
3897 +2.280097285e+000 +2.280097285e+000 +5.454009729e+001 +5.454009729e+001 +6.6188e-001 -7.2374e-001 -7.8345e-001 -1.6405e-001 -4.2435e-002 +3.8928e-001 +3.6197e+000 -7.3334e-001 +1.5731e+000 +1.6555e+000 -2.0949e+000 -4.5904e-002 -4.2793e+000 +2.5523e+000 -3.3979e+000 +5.5670e-001 -7.9796e-001 -4.4960e-001 +2.4058e+000 +2.0678e+000
4381 +1.255354693e+000 +1.255354693e+000 +5.351535469e+001 +5.351535469e+001 +8.1059e-001 -8.9881e-001 -1.0310e+000 +9.1671e-002 -6.6223e-001 -5.8932e-001 +3.5818e+000 -3.8190e-001 +1.6003e+000 +1.9271e+000 -2.4984e+000 -1.9524e-001 -4.7153e+000 +1.8684e+000 -4.0149e+000 +4.5761e-001 -1.1796e+000 -7.5628e-001 +2.7376e+000 +2.4030e+000
4838 +6.299111311e-001 +6.299111311e-001 +5.288991113e+001 +5.288991113e+001 +5.0376e-001 -9.0159e-001 -5.1693e-001 -8.3373e-002 -8.2343e-001 -1.9803e+000 +3.4641e+000 -3.5210e-001 +1.5286e+000 +1.8883e+000 -1.9297e+000 -1.8988e-001 -4.8505e+000 +1.7661e+000 -4.3130e+000 +4.1856e-001 -1.4275e+000 -1.0279e+000 +2.7722e+000 +2.3962e+000
5918 +3.783914369e-001 +3.783914369e-001 +5.263839144e+001 +5.263839144e+001 +5.8111e-001 -8.8189e-001 -4.8579e-001 -6.7803e-002 -6.2872e-001 -1.1939e+000 +3.4590e+000 -2.5702e-001 +1.5582e+000 +2.1207e+000 -1.8906e+000 -4.6476e-001 -4.7523e+000 +1.7960e+000 -4.0950e+000 +2.1718e-001 -1.2960e+000 -7.4653e-001 +2.3769e+000 +2.1780e+000
6124 +2.456668741e-001 +2.456668741e-001 +5.250566687e+001 +5.250566687e+001 +5.1212e-001 -8.3345e-001 -4.0188e-001 -6.2818e-002 -5.9110e-001 -1.1081e+000 +3.5526e+000 -2.6786e-001 +1.5538e+000 +2.0085e+000 -1.8653e+000 -5.9298e-001 -4.6804e+000 +1.7269e+000 -3.9905e+000 +1.4851e-001 -1.1580e+000 -7.0525e-001 +2.3227e+000 +2.1724e+000
6412 +1.475876527e-001 +1.475876527e-001 +5.240758765e+001 +5.240758765e+001 +3.9943e-001 -7.6656e-001 -2.3813e-001 -1.2964e-001 -4.0969e-001 -1.3425e+000 +3.6806e+000 -2.9456e-001 +1.5894e+000 +2.0098e+000 -1.8333e+000 -7.8954e-001 -4.5467e+000 +1.6283e+000 -3.9710e+000 +7.5379e-002 -1.0480e+000 -6.5668e-001 +2.1814e+000 +2.3090e+000
7086 +9.910770020e-002 +9.910770020e-002 +5.235910770e+001 +5.235910770e+001 -8.6438e-002 -6.8531e-001 -2.0778e-001 -1.6177e-001 -4.2853e-001 -1.0294e+000 +3.5808e+000 -4.7146e-001 +1.5705e+000 +1.8597e+000 -2.2306e+000 -1.0888e+000 -4.3956e+000 +1.2582e+000 -3.9135e+000 -1.4178e-001 -1.3828e+000 -4.5202e-001 +2.2637e+000 +2.6638e+000
7537 +6.230256179e-002 +6.230256179e-002 +5.232230256e+001 +5.232230256e+001 -5.8530e-001 -6.6547e-001 -2.4201e-001 -1.3846e-001 -3.7612e-001 -9.9170e-001 +3.3943e+000 -7.0185e-001 +1.5533e+000 +1.5762e+000 -2.5277e+000 -1.3832e+000 -4.4928e+000 +1.0083e+000 -3.8647e+000 -9.8135e-002 -1.4396e+000 -3.7443e-001 +2.4171e+000 +2.9990e+000
8296 +3.906767661e-002 +3.906767661e-002 +5.229906768e+001 +5.229906768e+001 -8.5991e-001 -6.6387e-001 -2.1982e-001 +7.2009e-003 -3.4598e-001 -1.1627e+000 +3.2605e+000 -8.7696e-001 +1.5618e+000 +1.4267e+000 -2.3971e+000 -1.5264e+000 -4.4627e+000 +9.7477e-001 -3.8847e+000 -1.2414e-001 -1.4644e+000 -2.2631e-001 +2.4640e+000 +3.2444e+000
8533 +2.345119605e-002 +2.345119605e-002 +5.228345120e+001 +5.228345120e+001 -8.4187e-001 -6.9421e-001 -8.6930e-002 +6.3164e-002 -3.6245e-001 -1.2989e+000 +3.1748e+000 -1.1073e+000 +1.5605e+000 +1.3754e+000 -2.3379e+000 -1.5448e+000 -4.4296e+000 +9.9566e-001 -3.8748e+000 -1.6824e-001 -1.6098e+000 -2.2802e-001 +2.4470e+000 +3.3360e+000
8998 +1.573698213e-002 +1.573698213e-002 +5.227573698e+001 +5.227573698e+001 -1.3519e+000 -7.2903e-001 +5.8341e-002 +3.4482e-001 -2.6952e-001 -1.6238e+000 +2.9751e+000 -1.5217e+000 +1.5507e+000 +1.2081e+000 -2.2080e+000 -1.8539e+000 -4.3749e+000 +8.7572e-001 -3.8756e+000 -2.0336e-001 -1.8936e+000 +8.1093e-002 +2.5424e+000 +3.6739e+000
10194 +9.920509059e-003 +9.920509059e-003 +5.226992051e+001 +5.226992051e+001 -9.4220e-001 -7.8067e-001 +2.5072e-002 +5.7009e-001 -2.2092e-001 -1.4164e+000 +3.0296e+000 -1.0898e+000 +1.5370e+000 +1.6504e+000 -2.3054e+000 -2.0005e+000 -4.3373e+000 +8.0335e-001 -3.8628e+000 -1.7769e-001 -2.0718e+000 +1.8202e-001 +2.4598e+000 +3.6651e+000
10944 +6.266879231e-003 +6.266879231e-003 +5.226626688e+001 +5.226626688e+001 -1.1601e+000 -8.5623e-001 +5.4037e-002 +6.5551e-001 -2.3232e-001 -1.4779e+000 +2.9665e+000 -1.1326e+000 +1.5347e+000 +1.5169e+000 -2.2212e+000 -2.0366e+000 -4.3392e+000 +8.1427e-001 -3.8128e+000 -2.0646e-001 -2.3292e+000 +2.4790e-001 +2.5267e+000 +3.7089e+000
11842 +3.977472614e-003 +3.977472614e-003 +5.226397747e+001 +5.226397747e+001 -1.1948e+000 -8.8745e-001 +8.5557e-002 +8.9708e-001 -2.3483e-001 -1.4524e+000 +2.8414e+000 -1.1604e+000 +1.5280e+000 +1.5843e+000 -2.1392e+000 -2.1883e+000 -4.3326e+000 +6.9356e-001 -3.7303e+000 -2.4816e-001 -2.6556e+000 +4.3457e-001 +2.6235e+000 +3.7720e+000
14588 +2.500567208e-003 +2.500567208e-003 +5.226250057e+001 +5.226250057e+001 -1.0266e+000 -8.6544e-001 +1.1412e-001 +8.6363e-001 -2.6977e-001 -1.0196e+000 +2.8518e+000 -1.1209e+000 +1.4768e+000 +1.5777e+000 -2.2301e+000 -2.3125e+000 -4.2266e+000 +6.0631e-001 -3.5007e+000 -2.4795e-001 -2.6107e+000 +3.0190e-001 +2.4590e+000 +3.7055e+000
15582 +1.567740127e-003 +1.567740127e-003 +5.226156774e+001 +5.226156774e+001 -1.0015e+000 -8.9505e-001 +1.0749e-001 +9.9038e-001 -3.0028e-001 -1.1195e+000 +2.8259e+000 -1.0817e+000 +1.4513e+000 +1.6433e+000 -2.2510e+000 -2.2859e+000 -4.2116e+000 +5.5776e-001 -3.5638e+000 -2.4324e-001 -2.6608e+000 +2.3965e-001 +2.4796e+000 +3.7368e+000
17200 +9.853722816e-004 +9.853722816e-004 +5.226098537e+001 +5.226098537e+001 -1.0058e+000 -9.0241e-001 +1.2778e-001 +9.7237e-001 -2.8041e-001 -1.1046e+000 +2.8008e+000 -1.0529e+000 +1.3334e+000 +1.6305e+000 -2.1913e+000 -2.3442e+000 -4.1757e+000 +5.9821e-001 -3.4923e+000 -2.5261e-001 -2.7255e+000 +1.8849e-001 +2.4634e+000 +3.6339e+000
18907 +6.106784410e-004 +6.106784410e-004 +5.226061068e+001 +5.226061068e+001 -8.5947e-001 -8.6699e-001 +1.5668e-001 +1.2268e+000 -3.3966e-001 -1.1474e+000 +2.8013e+000 -1.0094e+000 +1.1043e+000 +1.6392e+000 -2.1154e+000 -2.2495e+000 -4.1071e+000 +6.1686e-001 -3.4590e+000 -3.1583e-001 -2.7986e+000 +1.4585e-001 +2.4571e+000 +3.4785e+000
19482 +3.898366876e-004 +3.898366876e-004 +5.226038984e+001 +5.226038984e+001 -8.3258e-001 -8.1942e-001 +1.4653e-001 +1.1713e+000 -3.5658e-001 -1.0970e+000 +2.8462e+000 -9.5870e-001 +1.0264e+000 +1.6385e+000 -2.0849e+000 -2.2510e+000 -4.1138e+000 +6.3140e-001 -3.4092e+000 -3.4639e-001 -2.7208e+000 +1.4450e-001 +2.4628e+000 +3.3839e+000
20255 +2.463731348e-004 +2.463731348e-004 +5.226024637e+001 +5.226024637e+001 -7.6725e-001 -7.5502e-001 +1.4829e-001 +1.3560e+000 -3.2489e-001 -1.0880e+000 +2.8889e+000 -1.1095e+000 +9.2048e-001 +1.6649e+000 -2.0730e+000 -2.1989e+000 -4.0090e+000 +6.1243e-001 -3.3954e+000 -4.1864e-001 -2.6689e+000 +1.9259e-001 +2.4611e+000 +3.3184e+000
20727 +1.382818850e-004 +1.382818850e-004 +5.226013828e+001 +5.226013828e+001 -7.1300e-001 -7.1494e-001 +1.4358e-001 +1.4716e+000 -3.0717e-001 -1.0919e+000 +2.8761e+000 -1.0344e+000 +8.4039e-001 +1.6818e+000 -2.0806e+000 -2.1843e+000 -3.9480e+000 +6.1665e-001 -3.3823e+000 -4.2825e-001 -2.6659e+000 +1.4563e-001 +2.4625e+000 +3.2925e+000
21450 +9.843139976e-005 +9.843139976e-005 +5.226009843e+001 +5.226009843e+001 -6.5299e-001 -6.9190e-001 +1.3375e-001 +1.5518e+000 -3.1438e-001 -1.0884e+000 +2.8510e+000 -9.7161e-001 +7.7424e-001 +1.7260e+000 -2.1059e+000 -2.1886e+000 -3.9159e+000 +6.3513e-001 -3.3801e+000 -4.3201e-001 -2.6573e+000 +7.0455e-002 +2.4634e+000 +3.2644e+000
22225 +6.172433182e-005 +6.172433182e-005 +5.226006172e+001 +5.226006172e+001 -6.1110e-001 -6.8739e-001 +1.2702e-001 +1.6689e+000 -3.1821e-001 -1.0710e+000 +2.8594e+000 -9.8275e-001 +6.8027e-001 +1.7632e+000 -2.1279e+000 -2.1949e+000 -3.8405e+000 +6.0449e-001 -3.3499e+000 -4.2566e-001 -2.6963e+000 +5.5214e-002 +2.4629e+000 +3.2312e+000
22797 +3.775379674e-005 +3.775379674e-005 +5.226003775e+001 +5.226003775e+001 -5.7730e-001 -6.7359e-001 +1.1633e-001 +1.7396e+000 -3.1518e-001 -1.0197e+000 +2.8650e+000 -9.8536e-001 +6.5569e-001 +1.7660e+000 -2.1372e+000 -2.1808e+000 -3.7921e+000 +5.8709e-001 -3.3352e+000 -4.3491e-001 -2.7246e+000 +7.1526e-002 +2.4632e+000 +3.2069e+000
23868 +2.391089726e-005 +2.391089726e-005 +5.226002391e+001 +5.226002391e+001 -4.8825e-001 -6.5479e-001 +8.0747e-002 +1.8790e+000 -3.0785e-001 -9.5404e-001 +2.8692e+000 -8.9725e-001 +5.8803e-001 +1.8242e+000 -2.1257e+000 -2.1552e+000 -3.7187e+000 +5.9950e-001 -3.2744e+000 -4.5635e-001 -2.7617e+000 +2.5012e-002 +2.4630e+000 +3.1431e+000
24654 +1.550024806e-005 +1.550024806e-005 +5.226001550e+001 +5.226001550e+001 -4.9712e-001 -6.6785e-001 +7.9058e-002 +1.7570e+000 -3.0997e-001 -9.7747e-001 +2.8577e+000 -9.0143e-001 +6.3750e-001 +1.8360e+000 -2.1445e+000 -2.1842e+000 -3.7895e+000 +6.1099e-001 -3.2981e+000 -4.2117e-001 -2.7021e+000 +2.8071e-002 +2.4626e+000 +3.1919e+000
24989 +9.897968418e-006 +9.897968418e-006 +5.226000990e+001 +5.226000990e+001 -4.5675e-001 -6.7101e-001 +7.0450e-002 +1.7434e+000 -3.0874e-001 -9.3888e-001 +2.8492e+000 -9.1127e-001 +6.3398e-001 +1.8570e+000 -2.1729e+000 -2.1890e+000 -3.7860e+000 +6.2100e-001 -3.2901e+000 -3.9190e-001 -2.6833e+000 +1.8368e-002 +2.4628e+000 +3.1925e+000
27780 +6.292596545e-006 +6.292596545e-006 +5.226000629e+001 +5.226000629e+001 -3.6801e-001 -6.8577e-001 +2.1448e-002 +1.8225e+000 -3.0696e-001 -8.9160e-001 +2.8160e+000 -8.9100e-001 +5.5367e-001 +1.8987e+000 -2.1130e+000 -2.2033e+000 -3.7596e+000 +6.1563e-001 -3.2142e+000 -4.6859e-001 -2.6866e+000 -1.6963e-002 +2.4620e+000 +3.0986e+000
29217 +3.779819849e-006 +3.779819849e-006 +5.226000378e+001 +5.226000378e+001 -3.7094e-001 -6.8596e-001 +1.6436e-002 +1.8305e+000 -3.0633e-001 -8.8425e-001 +2.7942e+000 -8.9614e-001 +5.0251e-001 +1.8999e+000 -2.0939e+000 -2.2318e+000 -3.7644e+000 +6.4896e-001 -3.1929e+000 -4.8015e-001 -2.6816e+000 -1.3099e-002 +2.4616e+000 +3.0760e+000
31004 +2.510343762e-006 +2.510343762e-006 +5.226000251e+001 +5.226000251e+001 -3.5171e-001 -6.8407e-001 +1.9728e-002 +1.8105e+000 -3.0526e-001 -8.8378e-001 +2.7921e+000 -8.9702e-001 +4.9899e-001 +1.9054e+000 -2.0791e+000 -2.2309e+000 -3.7758e+000 +6.7175e-001 -3.1804e+000 -4.7190e-001 -2.6729e+000 -1.4292e-002 +2.4608e+000 +3.0614e+000
33995 +1.579163090e-006 +1.579163090e-006 +5.226000158e+001 +5.226000158e+001 -3.4244e-001 -6.9611e-001 +1.0694e-002 +1.7235e+000 -3.0336e-001 -9.2060e-001 +2.7846e+000 -9.2841e-001 +5.0282e-001 +1.9080e+000 -2.0434e+000 -2.2363e+000 -3.8343e+000 +7.1709e-001 -3.1819e+000 -4.6749e-001 -2.5977e+000 -8.1023e-003 +2.4602e+000 +3.0525e+000
36136 +9.597245381e-007 +9.597245381e-007 +5.226000096e+001 +5.226000096e+001 -3.4579e-001 -7.1906e-001 -4.7747e-003 +1.7346e+000 -2.9826e-001 -9.3245e-001 +2.7765e+000 -9.1822e-001 +5.2572e-001 +1.9114e+000 -2.0283e+000 -2.2232e+000 -3.8341e+000 +7.1580e-001 -3.1959e+000 -4.7863e-001 -2.6190e+000 -1.4193e-002 +2.4604e+000 +3.0488e+000
36635 +6.260518006e-007 +6.260518006e-007 +5.226000063e+001 +5.226000063e+001 -3.4404e-001 -7.0983e-001 -6.4602e-003 +1.7221e+000 -2.9118e-001 -9.3313e-001 +2.7784e+000 -9.2064e-001 +5.2363e-001 +1.9130e+000 -2.0324e+000 -2.2288e+000 -3.8333e+000 +7.1930e-001 -3.1894e+000 -4.7798e-001 -2.5963e+000 -1.9514e-002 +2.4605e+000 +3.0520e+000
37869 +3.959425996e-007 +3.959425996e-007 +5.226000040e+001 +5.226000040e+001 -3.4186e-001 -7.1558e-001 -1.6700e-002 +1.6932e+000 -2.7051e-001 -9.4954e-001 +2.7614e+000 -9.1799e-001 +5.3363e-001 +1.9308e+000 -2.0200e+000 -2.2476e+000 -3.8357e+000 +7.4054e-001 -3.1859e+000 -4.7230e-001 -2.5781e+000 -3.6102e-002 +2.4603e+000 +3.0535e+000
39254 +2.504438825e-007 +2.504438825e-007 +5.226000025e+001 +5.226000025e+001 -3.4095e-001 -7.2114e-001 -3.0876e-002 +1.6971e+000 -2.6927e-001 -9.4913e-001 +2.7469e+000 -9.2214e-001 +5.3029e-001 +1.9364e+000 -2.0172e+000 -2.2494e+000 -3.8364e+000 +7.4985e-001 -3.1839e+000 -4.7085e-001 -2.5747e+000 -5.1318e-002 +2.4603e+000 +3.0516e+000
42783 +1.580181959e-007 +1.580181959e-007 +5.226000016e+001 +5.226000016e+001 -3.4169e-001 -7.2830e-001 -3.9603e-002 +1.7049e+000 -2.6054e-001 -9.5418e-001 +2.7355e+000 -9.2446e-001 +5.2001e-001 +1.9339e+000 -1.9894e+000 -2.2588e+000 -3.8328e+000 +7.4667e-001 -3.1670e+000 -5.0672e-001 -2.5769e+000 -5.5211e-002 +2.4600e+000 +3.0328e+000
50197 +9.972764303e-008 +9.972764303e-008 +5.226000010e+001 +5.226000010e+001 -3.4498e-001 -7.2978e-001 -4.9514e-002 +1.7322e+000 -2.5346e-001 -9.6444e-001 +2.7250e+000 -9.2425e-001 +5.0247e-001 +1.9391e+000 -1.9807e+000 -2.2615e+000 -3.8167e+000 +7.5011e-001 -3.1639e+000 -5.2117e-001 -2.5837e+000 -6.6915e-002 +2.4613e+000 +3.0208e+000
50885 +6.151527998e-008 +6.151527998e-008 +5.226000006e+001 +5.226000006e+001 -3.4837e-001 -7.2647e-001 -5.3101e-002 +1.7496e+000 -2.4787e-001 -9.6399e-001 +2.7209e+000 -9.2908e-001 +4.9519e-001 +1.9409e+000 -1.9790e+000 -2.2627e+000 -3.8079e+000 +7.5048e-001 -3.1548e+000 -5.2305e-001 -2.5927e+000 -6.3424e-002 +2.4706e+000 +3.0233e+000
52173 +3.951929983e-008 +3.951929983e-008 +5.226000004e+001 +5.226000004e+001 -3.5335e-001 -7.3203e-001 -6.2966e-002 +1.7617e+000 -2.4362e-001 -9.6596e-001 +2.7152e+000 -9.3897e-001 +4.9110e-001 +1.9407e+000 -1.9766e+000 -2.2637e+000 -3.8066e+000 +7.4856e-001 -3.1495e+000 -5.2678e-001 -2.6069e+000 -4.5327e-002 +2.4897e+000 +3.0210e+000
52594 +2.435587731e-008 +2.435587731e-008 +5.226000002e+001 +5.226000002e+001 -3.5402e-001 -7.3098e-001 -6.2636e-002 +1.7600e+000 -2.4735e-001 -9.6861e-001 +2.7141e+000 -9.4198e-001 +4.8575e-001 +1.9415e+000 -1.9777e+000 -2.2643e+000 -3.8115e+000 +7.4950e-001 -3.1489e+000 -5.2741e-001 -2.6041e+000 -4.6676e-002 +2.4926e+000 +3.0209e+000
53401 +1.579854114e-008 +1.579854114e-008 +5.226000002e+001 +5.226000002e+001 -3.5390e-001 -7.3348e-001 -6.7273e-002 +1.7612e+000 -2.4889e-001 -9.7033e-001 +2.7143e+000 -9.4927e-001 +4.8309e-001 +1.9413e+000 -1.9774e+000 -2.2642e+000 -3.8165e+000 +7.4939e-001 -3.1503e+000 -5.2976e-001 -2.6025e+000 -3.7989e-002 +2.4990e+000 +3.0180e+000
55183 +9.990593242e-009 +9.990593242e-009 +5.226000001e+001 +5.226000001e+001 -3.5960e-001 -7.3753e-001 -6.9933e-002 +1.7551e+000 -2.4943e-001 -9.7105e-001 +2.7136e+000 -9.4947e-001 +4.8888e-001 +1.9388e+000 -1.9784e+000 -2.2654e+000 -3.8248e+000 +7.5138e-001 -3.1494e+000 -5.3379e-001 -2.6023e+000 -2.7052e-002 +2.5045e+000 +3.0245e+000
% function evaluation | noise-free fitness - Fopt (5.034000000000e+001) | best noise-free fitness - Fopt | measured fitness | best measured fitness | x1 | x2...
1 +8.627220105e+001 +8.627220105e+001 +1.366122010e+002 +1.366122010e+002 -3.0217e+000 -4.5080e+000 +2.0809e+000 +1.2830e+000 -3.3263e+000 +3.3942e+000 +1.4029e+000 +3.7013e+000 -1.0951e+000 -2.5453e+000 +3.5455e+000 -4.3315e+000 -3.2004e+000 +4.3546e+000 -4.1247e+000 -5.9178e-001 +2.0763e+000 +1.4415e+000 +1.8388e+000 +2.1192e+000
317 +5.677007845e+001 +5.677007845e+001 +1.071100785e+002 +1.071100785e+002 +3.3445e+000 +1.9928e+000 +4.7475e+000 -3.5618e+000 +2.1379e+000 -2.0663e-001 -4.2607e+000 -3.3267e+000 +3.1680e+000 +2.7160e+000 +1.0679e+000 +1.5877e+000 +4.0902e+000 +3.6096e-001 +3.9393e+000 +1.3272e+000 -4.0663e-001 +1.5716e+000 +7.9113e-001 +3.2532e+000
998 +3.766952039e+001 +3.766952039e+001 +8.800952039e+001 +8.800952039e+001 +3.1724e+000 +3.2465e+000 +5.5265e+000 -4.2274e+000 +1.3565e+000 +1.0293e+000 -2.3062e+000 -2.4777e+000 +1.4662e+000 +2.3754e+000 +2.8202e+000 +2.5315e+000 +2.7596e+000 -2.5162e-001 +3.5143e+000 +1.5660e+000 -6.2188e-001 -2.2625e+000 +6.1088e-001 +2.7527e+000
1342 +2.495515523e+001 +2.495515523e+001 +7.529515523e+001 +7.529515523e+001 +1.6131e+000 +3.1782e+000 +4.5390e+000 -1.5379e+000 +1.8864e+000 -1.0999e-001 -2.4305e+000 -3.3973e+000 +8.5119e-001 +2.8843e+000 +2.6002e+000 +8.1967e-001 +4.8607e-001 +5.4683e-001 +4.4774e+000 +9.8382e-001 -2.1156e-001 -2.0726e+000 +1.6620e-001 +3.6144e+000
1849 +1.528240265e+001 +1.528240265e+001 +6.562240265e+001 +6.562240265e+001 +2.2467e+000 +1.9817e+000 +4.9307e+000 -1.8954e+000 +1.9287e+000 +8.8185e-001 -2.1703e+000 -3.0143e+000 +9.0398e-001 +3.8434e+000 +2.1492e-001 +8.3742e-001 +1.6918e+000 +1.1457e-001 +4.9006e+000 +1.3858e+000 -2.6097e-001 -2.0554e+000 +4.0734e-001 +4.1913e+000
2885 +9.995945196e+000 +9.995945196e+000 +6.033594520e+001 +6.033594520e+001 +2.3842e+000 +2.3683e+000 +4.9825e+000 -1.5023e+000 +2.2638e+000 +9.0158e-001 -2.7023e+000 -1.9730e+000 +8.3901e-001 +3.1489e+000 +6.3365e-001 +2.8904e-001 +2.1847e+000 +3.9077e-001 +3.3089e+000 +1.8518e+000 -8.1140e-001 -2.4784e+000 +2.6929e-002 +4.4171e+000
% function evaluation | noise-free fitness - Fopt (-2.314000000000e+001) | best noise-free fitness - Fopt | measured fitness | best measured fitness | x1 | x2...
1 +8.383604758e+001 +8.383604758e+001 +6.069604758e+001 +6.069604758e+001 -2.4790e+000 +3.9667e+000 -4.1745e+000 +4.7035e-001 -3.1224e-001 +2.6218e+000 -1.5287e+000 +4.4432e+000 -3.2815e+000 -3.6759e+000 +1.4858e+000 +2.6010e+000 +2.1901e+000 +7.6467e-001 +3.3214e+000 +4.4053e+000 +3.5020e+000 -9.8383e-001 -2.7149e+000 +2.3539e+000
569 +6.146513267e+001 +6.146513267e+001 +3.832513267e+001 +3.832513267e+001 +1.6932e+000 -5.6616e-001 -2.1077e-001 -2.8952e+000 +1.3019e+000 +2.8323e+000 +2.3661e-001 +8.9588e-001 +3.8158e-001 +7.7649e-001 +5.1824e+000 -1.2791e+000 -1.1088e+000 -3.2333e+000 -7.3277e-001 -5.4305e-001 +2.0756e-002 -1.3881e+000 -1.5730e+000 +6.4905e+000
1344 +3.719543058e+001 +3.719543058e+001 +1.405543058e+001 +1.405543058e+001 +3.1857e+000 -1.9300e+000 +1.9668e+000 -4.4596e+000 +2.8002e+000 +1.9703e+000 +6.5437e-001 +2.9501e+000 +4.7114e-001 +1.8762e+000 +4.3205e+000 -1.0926e+000 +5.8083e-001 -2.1853e+000 -2.7026e+000 -5.0460e-001 -9.9247e-001 -2.9632e+000 -9.5247e-001 +5.5950e+000
1790 +2.466075850e+001 +2.466075850e+001 +1.520758504e+000 +1.520758504e+000 +2.5477e+000 -2.0866e+000 +1.2266e+000 -4.9019e+000 +2.8969e+000 +1.7911e+000 +9.8016e-001 +3.3189e+000 -5.9646e-001 +2.1442e+000 +4.2899e+000 -6.3464e-001 +5.3912e-001 -5.2580e+000 -1.4311e+000 +2.5785e-001 -2.7606e-001 -3.9205e+000 -2.9989e-001 +4.2666e+000
3195 +1.584032825e+001 +1.584032825e+001 -7.299671751e+000 -7.299671751e+000 +2.6819e+000 -8.9294e-001 +1.0819e+000 -4.1020e+000 +1.9546e+000 +2.3441e+000 +1.2181e+000 +2.2448e+000 -3.7896e-001 +2.6910e+000 +3.3728e+000 +5.2571e-001 -2.2803e-001 -4.2936e+000 -1.5310e+000 -1.4240e-001 -1.2322e+000 -4.4600e+000 -7.8831e-002 +4.8157e+000
