% function evaluation | noise-free fitness - Fopt (7.948000000000e+001) | best noise-free fitness - Fopt | measured fitness | best measured fitness | x1 | x2...
1 +2.114031743e+003 +2.114031743e+003 +2.193511743e+003 +2.193511743e+003 +7.4232e+000 +1.4390e+001 +1.1050e+001 +7.2300e+000 +1.4206e+001 +6.6474e+000 +5.4989e+000 +7.8661e+000 +1.1857e+001 +1.0555e+001 +1.3853e+001 +1.1355e+001 +5.7779e+000 +9.2697e+000 +7.2710e+000 +5.9014e+000 +1.1551e+001 +5.8553e+000 +1.0460e+001 +7.8134e+000
195 +1.475891157e+003 +1.475891157e+003 +1.555371157e+003 +1.555371157e+003 +7.6477e+000 +4.1797e+000 +8.3290e+000 +8.6288e+000 +6.1224e+000 +1.0833e+001 +3.2182e+000 +1.4888e+001 +9.7789e+000 +1.5776e+000 +1.0684e+001 +8.0758e+000 +5.3963e+000 +9.0635e+000 +9.6347e+000 +5.0843e+000 +4.0739e+000 +5.6946e+000 +1.0942e+001 +1.2518e+001
416 +9.688200337e+002 +9.688200337e+002 +1.048300034e+003 +1.048300034e+003 +8.1567e+000 -1.6792e+000 +9.6148e+000 +7.3319e+000 +5.5151e+000 +8.5056e+000 +6.1510e+000 +5.8956e+000 +8.3025e-001 +1.0387e+000 +6.8831e-001 +1.0034e+001 +9.7624e-001 +7.5834e+000 +1.0930e+000 +1.0116e+001 +4.8856e+000 +8.2627e+000 +5.7141e+000 +1.3812e+001
760 +5.971149841e+002 +5.971149841e+002 +6.765949841e+002 +6.765949841e+002 +8.0718e+000 +3.1614e+000 +4.1607e+000 +6.8244e+000 +1.0149e+001 +2.9288e+000 +5.1828e+000 +6.5764e+000 +5.3652e+000 -2.8674e-002 -4.7956e+000 +8.1561e+000 +7.6038e-001 +8.0377e+000 -1.9287e+000 +4.1973e+000 +1.5131e+000 -4.9671e+000 -1.3868e+000 +5.2920e+000
975 +3.459103382e+002 +3.459103382e+002 +4.253903382e+002 +4.253903382e+002 +4.4782e+000 +3.7417e+000 +2.0115e+000 +4.3336e+000 -4.8266e+000 +8.6732e-001 +8.7990e+000 -1.4812e+000 +4.3953e+000 +1.6288e+000 +3.0572e-001 +1.1412e+001 -4.2725e-001 -3.1301e+000 +3.8588e+000 +3.0175e+000 +7.1930e-003 -7.4092e+000 +5.3949e+000 +4.0266e+000
1311 +2.199538892e+002 +2.199538892e+002 +2.994338892e+002 +2.994338892e+002 -6.2816e-001 -6.9967e-001 +7.7285e-001 +3.3929e+000 +3.9004e+000 -3.6717e+000 +5.1970e+000 -3.3153e-002 -2.8205e+000 -1.8638e+000 -4.5891e+000 +9.2401e+000 +4.0132e+000 +4.0052e+000 +5.1859e+000 +7.8816e+000 -6.3981e-001 -7.5543e+000 +4.5369e+000 +1.5015e+000
1879 +1.145987260e+002 +1.145987260e+002 +1.940787260e+002 +1.940787260e+002 +1.2620e+000 +8.5913e-002 +2.3981e+000 -3.5198e+000 -3.3136e+000 +3.8091e+000 +9.4365e-001 +2.9977e+000 -1.8610e+000 -4.2633e+000 -2.3594e+000 +3.5438e+000 -1.0538e+000 +2.0647e+000 -2.8155e-001 +1.2963e+000 +1.7137e+000 -1.4995e+000 -5.1419e-001 +5.9421e-001
2131 +9.968788745e+001 +9.968788745e+001 +1.791678874e+002 +1.791678874e+002 -1.4900e+000 -2.4710e+000 +2.5532e+000 +1.0711e+000 -1.4774e+000 +8.3643e-001 +4.4239e+000 -3.2553e+000 -2.1251e+000 -1.4864e+000 -3.3430e+000 +1.2347e+000 +2.1772e+000 +2.8830e+000 +4.9632e+000 +5.9460e+000 +2.2477e+000 -7.9523e+000 +2.4527e+000 -5.0788e-001
2348 +5.641660749e+001 +5.641660749e+001 +1.358966075e+002 +1.358966075e+002 +1.2325e+000 +2.0334e+000 -6.8966e-001 +2.8302e+000 -2.3519e+000 +2.6846e-001 +2.1170e+000 +5.7703e-001 -3.6672e-001 -2.6317e+000 -6.0117e+000 -1.6041e-001 +3.4324e+000 -1.0680e+000 +5.8020e+000 +2.0562e+000 +1.4297e+000 -6.9838e+000 +1.8854e+000 -6.7153e-001
2763 +3.919850421e+001 +3.919850421e+001 +1.186785042e+002 +1.186785042e+002 +3.9701e-001 -5.0000e-001 -9.4720e-001 +3.6199e-001 -2.6623e+000 +8.7874e-001 -1.7624e+000 -2.5883e+000 +1.6844e+000 -3.9034e+000 -3.4869e+000 +1.0712e+000 +9.7748e-001 +4.2062e-001 +3.6028e+000 +2.3814e+000 +4.9162e-002 -3.1709e+000 +5.3595e+000 +3.1159e+000
3478 +2.499329365e+001 +2.499329365e+001 +1.044732937e+002 +1.044732937e+002 -8.6027e-001 -1.0450e-001 -3.4895e+000 +2.5982e+000 -3.0494e+000 +1.4481e+000 -6.8528e-001 +8.8504e-001 -2.3320e+000 -3.3628e+000 -4.5592e+000 +7.3959e-001 +3.5622e-001 -1.2676e+000 +3.6558e+000 +2.9196e+000 +1.6307e+000 -2.4412e+000 +1.1268e+000 +2.3740e+000
3935 +1.566920054e+001 +1.566920054e+001 +9.514920054e+001 +9.514920054e+001 -6.3748e-001 -2.4212e+000 +1.1318e-001 +2.2371e+000 -2.6196e+000 -5.2621e-001 +2.8488e-002 -1.3196e+000 -2.7735e+000 -2.3769e+000 -4.6118e+000 +2.8492e+000 +7.2635e-001 -8.1799e-001 +5.2378e+000 +2.9074e+000 +1.0945e-001 -3.0880e+000 +3.8478e+000 +8.3365e-001
4218 +5.475093448e+000 +5.475093448e+000 +8.495509345e+001 +8.495509345e+001 +8.4808e-002 -1.0097e+000 -6.8523e-001 +1.6057e+000 -2.7699e+000 +4.9471e-001 -5.5464e-001 +1.2101e+000 -1.1180e+000 -3.2875e+000 -3.0515e+000 +2.4070e+000 +1.0119e+000 -2.2455e-001 +4.7567e+000 +2.6526e+000 +1.0676e-001 -3.4436e+000 +2.4760e+000 +2.6969e-001
4830 +3.533065227e+000 +3.533065227e+000 +8.301306523e+001 +8.301306523e+001 +7.8928e-002 -9.5604e-001 -1.0499e+000 +1.9477e+000 -2.3776e+000 +1.2055e+000 -5.6321e-001 +4.4787e-001 -1.8206e+000 -2.6752e+000 -3.8173e+000 +1.4770e+000 +7.4713e-001 +2.4216e-002 +4.0247e+000 +3.7680e+000 +5.8286e-001 -3.9128e+000 +2.7911e+000 +8.9955e-001
% function evaluation | noise-free fitness - Fopt (3.944800000000e+002) | best noise-free fitness - Fopt | measured fitness | best measured fitness | x1 | x2...
1 +2.595109643e+003 +2.595109643e+003 +2.989589643e+003 +2.989589643e+003 +9.9538e+000 +1.1970e+001 +1.4792e+001 +1.4483e+001 +7.9470e+000 +1.4623e+001 +1.0389e+001 +7.6811e+000 +8.3140e+000 +1.2873e+001 +8.7373e+000 +8.6910e+000 +6.2750e+000 +1.2334e+001 +8.9541e+000 +1.1505e+001 +1.2929e+001 +1.0357e+001 +6.2463e+000 +6.8166e+000
6 +2.387803627e+003 +2.387803627e+003 +2.782283627e+003 +2.782283627e+003 +1.0121e+001 +1.2965e+001 +1.0879e+001 +1.1975e+001 +1.0209e+001 +5.0967e+000 +5.0760e+000 +1.4907e+001 +1.1766e+001 +1.0200e+001 +1.4723e+001 +1.3395e+001 +1.1928e+001 +5.8949e+000 +7.2735e+000 +1.0509e+001 +8.4138e+000 +1.0190e+001 +5.3107e+000 +5.5613e+000
14 +1.501955770e+003 +1.501955770e+003 +1.896435770e+003 +1.896435770e+003 +6.0079e+000 +1.0367e+001 +5.6200e+000 +9.7687e+000 +1.2086e+001 +7.2521e+000 +7.1785e+000 +1.1793e+001 +6.0816e+000 +9.1673e+000 +7.7305e+000 +7.7561e+000 +6.5436e+000 +1.0256e+001 +5.0170e+000 +8.0490e+000 +8.6905e+000 +5.4268e+000 +6.4238e+000 +6.3652e+000
546 +9.534469196e+002 +9.534469196e+002 +1.347926920e+003 +1.347926920e+003 -4.5771e-001 +8.8795e-001 +2.4134e+000 +9.5117e+000 +3.9471e+000 +5.4766e+000 +1.1692e+001 +1.0900e+000 +3.1211e+000 +1.2525e+001 +1.2959e+000 +2.6558e+000 +1.4722e+001 +2.8598e+000 +3.4629e+000 +7.4814e+000 -9.7480e+000 +4.6481e+000 +9.0357e+000 +4.9574e+000
649 +6.248590023e+002 +6.248590023e+002 +1.019339002e+003 +1.019339002e+003 -2.9819e+000 +6.6525e+000 +3.3189e+000 +1.5495e+000 -4.5068e-001 +5.8936e+000 +3.6598e+000 +1.3419e+001 +8.9450e-001 +3.6753e+000 +3.9958e-001 +7.7916e-001 +4.6553e+000 -7.9443e-002 +1.8889e+000 +6.6766e-001 +8.6005e-001 +5.2029e-002 +8.0346e-001 +9.1273e+000
1202 +3.733002721e+002 +3.733002721e+002 +7.677802721e+002 +7.677802721e+002 -1.7491e+000 +2.4464e+000 -2.0861e+000 +4.0915e+000 +4.6894e+000 +2.2382e+000 +6.5161e+000 +8.5482e+000 +1.4011e+000 +6.6865e-001 -2.0187e+000 -5.7117e+000 +6.0370e+000 -1.3718e+000 -3.9994e+000 +8.4671e+000 -7.0143e-001 +3.8250e+000 -1.7611e+000 +2.6620e+000
1457 +2.158763262e+002 +2.158763262e+002 +6.103563262e+002 +6.103563262e+002 +1.1944e+000 -4.2221e+000 -5.4615e+000 +8.5984e+000 +1.0156e+000 +1.7237e+000 +5.4792e+000 -3.0460e+000 +4.1344e+000 -4.6853e+000 +4.6758e+000 +8.5897e-001 +8.7088e-001 +8.0315e+000 -2.7001e+000 +7.7555e+000 +8.4462e-001 -1.6260e+000 +4.1539e+000 +6.2408e+000
1557 +1.419264684e+002 +1.419264684e+002 +5.364064684e+002 +5.364064684e+002 -5.5720e-001 -4.2221e+000 -4.4801e+000 +2.5264e+000 +1.0156e+000 +1.7237e+000 +5.4792e+000 +1.3148e+000 -8.3131e-001 -4.6853e+000 +4.6758e+000 -2.3035e+000 +7.8952e+000 +8.0315e+000 -2.7001e+000 +5.1263e+000 -9.4803e-001 -1.6260e+000 -2.1776e+000 +2.9862e+000
1953 +9.974915971e+001 +9.974915971e+001 +4.942291597e+002 +4.942291597e+002 +2.0148e+000 -2.2647e+000 +1.5561e+000 +4.6410e+000 +2.4607e+000 -1.4918e+000 +4.9495e+000 +5.5769e-001 -1.2324e+000 -4.7920e+000 -5.9516e-001 +1.4243e+000 +5.1542e-002 +5.4835e+000 -3.9162e+000 +4.7883e+000 -2.7856e+000 -3.3239e+000 -2.3097e+000 +2.4108e+000
2333 +5.544529631e+001 +5.544529631e+001 +4.499252963e+002 +4.499252963e+002 -4.7643e+000 -5.4122e+000 -1.6907e+000 +5.9783e+000 +1.0746e+000 -2.0450e+000 +3.6185e+000 -2.6007e+000 -4.5676e-003 -3.3305e+000 +5.6403e+000 +5.7856e-001 -2.4575e-002 +4.3501e+000 -2.7177e+000 +6.4021e+000 -1.2736e+000 -1.5986e+000 +2.1111e-001 +2.1785e+000
2877 +3.391810519e+001 +3.391810519e+001 +4.283981052e+002 +4.283981052e+002 -3.9844e+000 -5.1160e+000 -2.6980e+000 +4.7030e+000 +1.7135e+000 -3.6400e-001 +6.3227e+000 +5.4962e-001 +3.2686e-001 -3.6958e+000 +1.9904e+000 -1.9086e-001 +9.7768e-001 +2.3912e+000 -2.8106e+000 +3.1367e+000 -3.0178e+000 -8.1269e-001 -1.6273e+000 +1.5268e+000
3185 +2.293945300e+001 +2.293945300e+001 +4.174194530e+002 +4.174194530e+002 -3.1506e+000 -5.1026e+000 -5.0098e+000 +3.9908e+000 +9.2914e-001 -3.8025e+000 +4.7202e+000 -4.1967e-002 -6.4407e-001 -4.1833e+000 +1.1616e+000 +1.4432e+000 +1.7412e+000 +6.5918e-001 -2.4401e+000 +2.7078e+000 -2.8239e+000 -2.2096e+000 +1.7351e-001 +1.5612e+000
3709 +1.500062468e+001 +1.500062468e+001 +4.094806247e+002 +4.094806247e+002 -2.8196e+000 -2.9455e+000 -5.1725e+000 +5.2250e+000 +1.2553e+000 -2.9040e+000 +4.1012e+000 -1.2996e+000 -4.0144e-001 -3.4742e+000 +1.6159e+000 +1.2648e+000 -2.6157e-002 +3.2052e+000 -2.4447e+000 +2.5934e+000 -3.1004e+000 -3.0210e-001 +7.3142e-001 +2.7797e+000
4085 +7.162454393e+000 +7.162454393e+000 +4.016424544e+002 +4.016424544e+002 -4.1401e+000 -2.9968e+000 -5.0098e+000 +5.0654e+000 +9.2914e-001 -3.1042e+000 +3.2698e+000 +8.5802e-001 -6.4407e-001 -3.1087e+000 +2.3088e+000 +1.4432e+000 +1.7412e+000 +3.9135e+000 -3.2785e+000 +2.7078e+000 -2.8239e+000 -2.2096e+000 -4.4204e-001 +1.5612e+000
4616 +5.746554363e+000 +5.746554363e+000 +4.002265544e+002 +4.002265544e+002 -4.2762e+000 -2.7872e+000 -3.5383e+000 +4.2782e+000 +5.0148e-001 -3.2483e+000 +3.7750e+000 -1.8743e-001 -5.7370e-001 -2.3113e+000 +1.8308e+000 +1.0070e+000 +2.2063e+000 +3.8502e+000 -5.0296e+000 +3.2623e+000 -3.1229e+000 -1.2963e+000 +8.4755e-001 +1.0101e+000
% function evaluation | noise-free fitness - Fopt (-2.471100000000e+002) | best noise-free fitness - Fopt | measured fitness | best measured fitness | x1 | x2...
1 +2.155176728e+003 +2.155176728e+003 +1.908066728e+003 +1.908066728e+003 +5.9775e+000 +1.1418e+001 +5.9954e+000 +8.8097e+000 +9.8171e+000 +1.4442e+001 +9.8307e+000 +1.2590e+001 +1.0305e+001 +1.2398e+001 +6.4389e+000 +1.4254e+001 +1.2580e+001 +9.6733e+000 +1.3724e+001 +1.0553e+001 +6.2397e+000 +1.2444e+001 +8.7609e+000 +1.2176e+001
48 +1.583454089e+003 +1.583454089e+003 +1.336344089e+003 +1.336344089e+003 +1.2045e+001 +1.1719e+001 +1.1989e+001 +5.6398e+000 +6.4111e+000 +8.7848e+000 +6.9097e+000 +8.3719e+000 +1.4536e+001 +9.7724e+000 +6.4904e+000 +1.2848e+001 +5.9089e+000 +7.8921e+000 +9.3521e+000 +7.5922e+000 +5.3925e+000 +5.7331e+000 +8.4688e+000 +5.5859e+000
410 +7.455678071e+002 +7.455678071e+002 +4.984578071e+002 +4.984578071e+002 +7.2430e-001 +8.6275e+000 +5.8809e+000 +4.0985e+000 +2.9937e+000 +5.6935e+000 +7.6968e+000 -7.4490e-001 +6.6632e+000 +4.8419e+000 +5.4333e+000 +6.0436e+000 +5.7460e+000 +8.5969e+000 +8.5328e+000 +5.1655e+000 +8.1561e+000 +5.6316e+000 +6.0825e+000 +1.4613e+001
635 +5.220789317e+002 +5.220789317e+002 +2.749689317e+002 +2.749689317e+002 +1.2366e+000 +7.1515e+000 +5.9979e-001 +2.2509e-001 -2.0115e+000 +6.0863e+000 +1.0156e+001 +1.0930e+000 +3.4961e+000 +3.8184e+000 +3.6519e+000 +6.2954e+000 +6.7792e+000 +1.3552e+001 +8.6426e+000 +7.1896e+000 +7.1241e+000 -3.5736e+000 +7.8656e+000 -4.1803e-001
879 +3.525867893e+002 +3.525867893e+002 +1.054767893e+002 +1.054767893e+002 -7.3412e+000 +5.9025e+000 -8.7894e-001 +9.0255e-001 -4.0629e+000 +4.2960e+000 +1.1187e+001 +2.2913e+000 +4.6500e+000 +8.4338e+000 +1.7534e+000 +3.9194e+000 +3.5906e+000 +1.6765e+000 +5.4656e+000 +7.5385e+000 +7.4283e+000 -2.1970e+000 +8.1467e+000 -2.4998e+000
1381 +2.497528909e+002 +2.497528909e+002 +2.642890911e+000 +2.642890911e+000 -3.3934e+000 +8.4601e+000 -1.9632e+000 -6.8741e+000 +3.2147e+000 +1.7557e+000 +2.1989e+000 -1.9630e+000 +3.3884e+000 +4.2706e+000 +3.0101e+000 +2.5679e+000 +5.3972e+000 +5.5891e+000 +1.0148e+001 +2.9964e+000 +1.9841e+000 -5.7380e+000 +5.3713e-001 +1.2676e+000
1568 +1.560685090e+002 +1.560685090e+002 -9.104149104e+001 -9.104149104e+001 -1.1695e+000 -3.6297e+000 -9.4898e-001 -8.3254e+000 -3.4177e+000 +4.1906e+000 +3.8042e+000 -3.1647e+000 +7.3265e-001 +6.1083e+000 +2.6247e+000 -4.6046e-001 +1.3588e+000 +4.4758e+000 +1.5762e+000 +2.9911e+000 +5.0614e+000 -6.9107e+000 +2.2876e+000 +4.3726e+000
2197 +8.103751225e+001 +8.103751225e+001 -1.660724878e+002 -1.660724878e+002 -6.1238e-001 +2.5486e-001 -5.6143e+000 -7.2307e+000 -3.9591e+000 +1.1173e+000 +2.7050e+000 -3.1241e+000 +8.8211e-001 +5.8425e+000 +1.7032e+000 -1.1456e-001 +4.8569e+000 +5.6294e-001 +4.2158e+000 +7.6129e-001 +2.7084e+000 -2.2010e+000 +3.3758e+000 +3.2002e+000
2297 +6.225586791e+001 +6.225586791e+001 -1.848541321e+002 -1.848541321e+002 -3.7689e+000 +2.5486e-001 +1.0539e+000 -3.3966e+000 -4.9211e+000 +3.9977e+000 +2.7050e+000 -3.4893e+000 +8.8211e-001 +2.0548e+000 +1.7032e+000 -1.1456e-001 -3.0038e+000 +3.3627e-001 +4.2158e+000 +7.6129e-001 +2.7084e+000 -2.2010e+000 +3.3758e+000 +3.2002e+000
2797 +3.560581964e+001 +3.560581964e+001 -2.115041804e+002 -2.115041804e+002 -3.7689e+000 -2.1935e-001 +1.6248e+000 -3.3966e+000 -2.7359e+000 +1.9824e+000 +3.8166e+000 -3.1364e+000 +8.8211e-001 +2.4635e+000 -7.6233e-001 +3.2431e+000 +1.3589e+000 +5.7342e-001 +5.4624e+000 -8.5407e-001 +2.9974e+000 -8.2170e-001 +1.5718e+000 -2.4280e+000
3010 +2.370450949e+001 +2.370450949e+001 -2.234054905e+002 -2.234054905e+002 -2.7986e+000 -9.8414e-001 -1.2825e+000 -3.5688e+000 -4.4972e+000 +3.3212e+000 +2.8523e+000 -4.1510e+000 +1.1368e+000 +1.4529e+000 +3.9631e+000 +4.0126e+000 +2.5823e+000 +1.3261e+000 +5.7681e+000 +7.6536e-001 +1.9281e+000 -4.3157e-001 +1.7690e+000 +4.7347e-001
3418 +1.217334834e+001 +1.217334834e+001 -2.349366517e+002 -2.349366517e+002 -5.5711e+000 -7.7839e-001 -1.9714e+000 -3.7268e+000 -2.7085e+000 +1.4053e+000 +2.7899e+000 -4.5797e+000 +3.9346e-001 +2.4518e+000 +2.6448e+000 +1.9717e+000 +2.4323e+000 +6.8906e-001 +2.6041e+000 -6.0452e-002 +3.5804e+000 -1.1105e+000 +1.9129e+000 +6.7134e-001
3897 +9.095952420e+000 +9.095952420e+000 -2.380140476e+002 -2.380140476e+002 -3.7689e+000 -2.1935e-001 -3.8549e-001 -3.9785e+000 -3.5516e+000 +1.4703e+000 +3.2475e+000 -4.2514e+000 -5.5920e-001 +2.4635e+000 +1.8905e+000 +7.3529e-001 +3.3281e+000 +7.8437e-001 +6.0437e+000 -9.3854e-002 +3.3795e+000 -8.5755e-001 +1.2754e+000 -1.0118e-001
4262 +4.563423330e+000 +4.563423330e+000 -2.425465767e+002 -2.425465767e+002 -3.7500e+000 -6.2076e-001 -6.9059e-001 -4.1199e+000 -3.7106e+000 +1.9926e+000 +2.8148e+000 -3.3270e+000 -4.0080e-001 +2.5268e+000 +1.3691e+000 +1.6397e+000 +3.4853e+000 +1.0508e+000 +4.0765e+000 -3.6635e-001 +3.2832e+000 -6.0315e-002 +2.3949e+000 +4.0007e-001
4643 +3.850995230e+000 +3.850995230e+000 -2.432590048e+002 -2.432590048e+002 -3.3011e+000 +7.0014e-001 -4.8094e-001 -3.1950e+000 -2.7565e+000 +2.9265e+000 +3.1326e+000 -4.5149e+000 -2.1783e-001 +3.2438e+000 +1.9979e+000 +1.2575e+000 +3.5516e+000 +1.4449e+000 +3.7117e+000 +1.1846e+000 +3.6828e+000 -1.7244e-001 +2.4306e+000 +3.3554e-001
% function evaluation | noise-free fitness - Fopt (-1.520400000000e+002) | best noise-free fitness - Fopt | measured fitness | best measured fitness | x1 | x2...
1 +1.692922927e+003 +1.692922927e+003 +1.540882927e+003 +1.540882927e+003 +7.9115e+000 +1.0359e+001 +1.0521e+001 +1.1777e+001 +9.2844e+000 +5.3471e+000 +5.2237e+000 +9.3287e+000 +1.2177e+001 +1.2711e+001 +8.5542e+000 +1.1555e+001 +9.6087e+000 +1.3463e+001 +6.7461e+000 +9.1746e+000 +6.6034e+000 +9.5825e+000 +8.3366e+000 +5.6624e+000
62 +1.505329878e+003 +1.505329878e+003 +1.353289878e+003 +1.353289878e+003 +8.7004e+000 +1.5584e+001 +1.4297e+001 +5.0428e+000 +6.3109e+000 +6.7522e+000 +6.0243e+000 +1.2721e+000 +9.0591e+000 +1.1363e+001 +4.7371e+000 +6.8724e+000 +6.9888e+000 +8.4734e+000 +4.3570e+000 +1.0682e+001 +1.1634e+001 +7.3004e+000 +9.6203e+000 +1.1164e+001
459 +8.977543852e+002 +8.977543852e+002 +7.457143852e+002 +7.457143852e+002 +4.2578e+000 -5.4264e-001 +5.0720e+000 +5.7106e+000 +6.3572e+000 +5.9263e+000 +7.3217e+000 +9.0472e+000 +1.2531e+001 +7.8339e+000 -1.6145e+000 +3.5665e+000 -1.2088e+000 +5.6394e+000 +6.7592e+000 +9.9502e+000 +1.1416e+001 +9.1165e+000 +2.1228e+000 +1.3745e+001
669 +5.214609770e+002 +5.214609770e+002 +3.694209770e+002 +3.694209770e+002 +5.8090e+000 +5.4459e+000 +3.5313e+000 +3.4825e-001 +4.6470e+000 +5.9831e+000 -4.5208e-001 -4.7502e+000 +3.6868e+000 +2.4384e+000 +4.7397e+000 -1.4592e+000 -2.5716e+000 +6.1555e+000 -3.8016e+000 +1.1424e+001 +1.4175e+001 +3.5139e+000 +8.6409e-001 +8.8340e+000
877 +3.776268765e+002 +3.776268765e+002 +2.255868765e+002 +2.255868765e+002 -2.5961e+000 +6.9433e+000 +2.1122e+000 +5.9858e+000 +6.4947e+000 +4.8861e+000 +4.0033e+000 +1.3902e+000 +7.3293e+000 +3.7540e+000 +6.8694e-001 -1.3156e+000 +2.7726e+000 +5.7023e+000 -7.9884e+000 +7.1125e+000 +7.7151e+000 +3.2929e+000 -1.1874e+000 +4.2147e+000
1392 +2.069010664e+002 +2.069010664e+002 +5.486106640e+001 +5.486106640e+001 -1.5631e+000 +2.6468e+000 +2.6623e+000 +4.0864e+000 +6.9552e+000 +6.2645e-001 +1.8416e+000 -4.5701e-001 -2.2217e+000 +3.9073e+000 +3.4284e-001 -2.2017e+000 -9.5103e+000 +8.9147e+000 -2.4893e+000 +1.0100e+000 -2.1432e+000 +2.5929e+000 +4.9075e+000 +4.8743e+000
1446 +1.572583113e+002 +1.572583113e+002 +5.218311258e+000 +5.218311258e+000 +1.3587e-001 -4.1949e-001 -2.4186e+000 +4.6177e+000 +3.7921e+000 +3.9280e+000 -8.1847e-001 -3.9975e+000 +1.1649e+000 +1.3975e+000 -3.4703e-001 -2.2721e-001 -7.3384e+000 +5.1525e+000 +3.3940e+000 +5.2969e+000 +5.1048e+000 +7.1602e+000 +3.0501e+000 +6.0883e+000
1871 +9.888211564e+001 +9.888211564e+001 -5.315788436e+001 -5.315788436e+001 -2.4252e+000 -1.7896e+000 -5.9160e+000 -4.6899e-001 +2.3701e-001 +1.5474e+000 -2.4140e+000 -5.1498e-001 +3.6408e+000 +5.9539e+000 -6.4194e-001 +1.2696e+000 -4.6127e+000 +8.0467e+000 -1.4732e+000 -1.8485e-001 -6.2389e-001 +1.5649e-001 -4.4874e-001 +4.7106e+000
2054 +5.990283061e+001 +5.990283061e+001 -9.213716939e+001 -9.213716939e+001 -5.5844e-001 +2.2659e+000 -5.3319e+000 +3.9262e+000 +3.8119e+000 +1.2393e+000 +6.1550e-001 -8.4266e-001 +1.2029e+000 +2.6942e+000 -5.3572e-001 -2.6761e+000 -7.5480e+000 +6.3417e+000 -3.2335e+000 +1.1770e+000 +7.7906e-001 +3.2237e+000 -3.1759e+000 +3.0215e+000
2334 +3.829237911e+001 +3.829237911e+001 -1.137476209e+002 -1.137476209e+002 -2.5375e-001 +2.9787e+000 -4.7565e+000 +3.5858e+000 +2.2621e+000 +8.1136e-001 -5.9207e-001 -4.5133e-001 +2.0635e+000 +4.3373e+000 -5.1017e-001 -8.6541e-001 -4.5812e+000 +6.0313e+000 +4.0450e+000 -1.6379e+000 +3.4525e+000 +8.1776e-002 -8.8673e-001 +3.2737e+000
2789 +2.203592779e+001 +2.203592779e+001 -1.300040722e+002 -1.300040722e+002 +1.4605e+000 +1.2079e-001 -2.5940e+000 +2.2423e+000 +2.0412e+000 -4.8623e-001 -2.9907e-001 -6.7849e-001 +4.0739e+000 +4.1429e+000 -1.5901e+000 -3.1547e+000 -4.7246e+000 +4.3781e+000 +7.8038e-001 +2.6447e-001 +1.0433e+000 +8.0170e-001 -7.6886e-001 +5.4276e+000
3302 +1.316059736e+001 +1.316059736e+001 -1.388794026e+002 -1.388794026e+002 -1.3161e+000 +2.7001e+000 -3.9866e+000 +2.6898e+000 +1.8072e+000 +3.2329e-001 -2.1863e-001 -1.0359e+000 +6.0944e-001 +2.3203e+000 -1.0424e+000 -3.1538e+000 -2.8268e+000 +3.0320e+000 +1.9279e+000 +6.3949e-001 +2.6491e+000 +1.4338e+000 -1.9589e-001 +3.8101e+000
3709 +9.915054166e+000 +9.915054166e+000 -1.421249458e+002 -1.421249458e+002 -2.4145e-001 +1.4923e+000 -4.7045e+000 +2.3549e+000 +2.0129e+000 +7.1521e-002 -1.2866e+000 -9.1616e-001 +3.5501e+000 +4.5635e+000 -7.3402e-001 -2.7538e+000 -4.7000e+000 +4.1243e+000 -9.2421e-001 +1.5602e+000 +2.5073e+000 +3.6586e-001 -5.1221e-001 +4.3406e+000
3800 +6.056650002e+000 +6.056650002e+000 -1.459833500e+002 -1.459833500e+002 -2.5546e-002 +3.8353e-001 -4.4793e+000 +3.1640e+000 +2.0027e+000 -1.0794e-001 -1.6799e+000 -7.6392e-001 +9.6607e-001 +3.4366e+000 -1.2300e+000 -2.9655e+000 -4.2418e+000 +3.4055e+000 +1.0796e+000 +1.9254e+000 +1.7413e+000 +5.4193e-001 +3.2420e-001 +2.9127e+000
4249 +3.521845327e+000 +3.521845327e+000 -1.485181547e+002 -1.485181547e+002 +3.5687e-001 +1.6577e+000 -3.7630e+000 +3.1484e+000 +1.5324e+000 +1.9986e-001 -7.7342e-001 -4.2364e-001 +1.3582e+000 +3.7772e+000 -1.0098e+000 -2.9146e+000 -3.6022e+000 +3.6289e+000 -1.4167e-001 +1.2011e+000 +3.0121e+000 +9.0003e-001 -6.6031e-001 +4.4232e+000
% function evaluation | noise-free fitness - Fopt (-2.525000000000e+001) | best noise-free fitness - Fopt | measured fitness | best measured fitness | x1 | x2...
1 +2.635005709e+003 +2.635005709e+003 +2.609755709e+003 +2.609755709e+003 +1.1678e+001 +8.9446e+000 +1.2841e+001 +1.3074e+001 +1.0487e+001 +1.1877e+001 +1.4150e+001 +1.4935e+001 +1.0040e+001 +1.4779e+001 +1.0850e+001 +8.4474e+000 +7.9783e+000 +6.5938e+000 +6.5508e+000 +1.4083e+001 +9.8973e+000 +1.0304e+001 +5.5007e+000 +1.2092e+001
3 +2.262985612e+003 +2.262985612e+003 +2.237735612e+003 +2.237735612e+003 +8.2385e+000 +9.2868e+000 +1.4644e+001 +7.4405e+000 +8.5765e+000 +1.4063e+001 +1.0132e+001 +1.1661e+001 +5.7340e+000 +1.0579e+001 +1.4564e+001 +7.7276e+000 +9.9005e+000 +9.2912e+000 +1.0370e+001 +9.8453e+000 +5.9883e+000 +1.0265e+001 +1.4203e+001 +8.6422e+000
140 +1.467157860e+003 +1.467157860e+003 +1.441907860e+003 +1.441907860e+003 +6.7816e+000 +7.2900e+000 +8.3105e+000 +8.2274e+000 +1.0103e+001 +8.2754e+000 +9.0172e+000 +8.7884e+000 +6.4268e+000 +5.4516e+000 +1.3428e+001 +7.8859e+000 +5.6441e+000 +8.7382e+000 +1.1525e+001 +1.0147e+001 +7.2229e+000 +5.2573e+000 +1.1212e+001 +5.3899e+000
491 +8.675518459e+002 +8.675518459e+002 +8.423018459e+002 +8.423018459e+002 +9.0170e+000 +4.9176e+000 +8.3780e+000 +4.6214e+000 +2.1686e+000 +7.3558e+000 +1.2865e+000 -6.6981e+000 +8.4554e+000 +3.0456e+000 +5.7617e+000 +1.0053e+001 +1.2945e+000 +1.1026e+001 +8.8172e+000 +4.1337e+000 +3.6876e+000 +8.9201e+000 +7.4567e+000 +5.1909e+000
743 +4.191976744e+002 +4.191976744e+002 +3.939476744e+002 +3.939476744e+002 +9.0997e+000 -5.3274e-003 -3.3844e+000 +4.1614e+000 -2.5426e+000 +4.1634e+000 +4.5044e+000 -5.1849e+000 +2.6400e+000 +8.0194e+000 +3.0841e+000 +2.7700e+000 +3.4499e-001 -7.6266e-002 +5.1864e+000 +6.6842e+000 +2.9822e+000 +1.0642e+000 +4.1434e+000 +3.4968e+000
962 +3.632485609e+002 +3.632485609e+002 +3.379985609e+002 +3.379985609e+002 +3.9316e+000 -3.0159e+000 +3.7698e+000 +2.6830e+000 +6.0784e+000 +4.3849e+000 +1.1850e+000 -8.5477e+000 -1.4447e+000 +3.2770e+000 +3.5451e+000 +3.3983e+000 +5.1669e-001 +5.8338e+000 +4.4572e+000 +8.1978e+000 +4.6949e+000 +4.4585e-001 +3.0099e+000 +2.6348e+000
1400 +2.244110761e+002 +2.244110761e+002 +1.991610761e+002 +1.991610761e+002 +3.8548e+000 -2.4030e+000 -5.4407e+000 +2.4755e+000 +4.2145e+000 +3.9872e+000 -3.2218e+000 -1.9970e+000 +2.0585e+000 +4.9031e+000 +4.5628e+000 +1.3001e+000 -2.7442e+000 -1.5932e+000 +2.2896e+000 +5.4765e+000 +5.1971e+000 +2.3064e+000 +2.1315e+000 +3.1043e+000
1782 +1.260787119e+002 +1.260787119e+002 +1.008287119e+002 +1.008287119e+002 +2.5611e+000 -9.2034e-001 -1.4628e+000 +7.3832e-002 -8.3886e-001 +6.0137e+000 -1.1931e+000 -2.3032e+000 +5.9290e-001 -6.5398e-001 +2.3434e-001 +2.2966e+000 -2.4858e+000 -5.5625e-001 +3.4258e+000 +1.6537e+000 +4.5733e+000 -7.9225e-001 -3.3202e+000 +9.5438e-001
1994 +9.541526840e+001 +9.541526840e+001 +7.016526840e+001 +7.016526840e+001 +2.9907e+000 +2.0086e+000 -1.5271e+000 -2.7311e+000 +3.8860e+000 +2.8777e+000 -5.3888e+000 -6.6846e-001 +2.8990e+000 -3.4013e+000 -1.0790e+000 +4.1904e+000 -1.2659e+000 +4.4298e+000 +2.3213e+000 -3.6233e-001 -4.4986e+000 +5.8886e-001 +3.6420e-001 +1.5652e+000
2478 +5.069949912e+001 +5.069949912e+001 +2.544949912e+001 +2.544949912e+001 +3.6435e+000 +1.5967e+000 -1.6105e+000 -2.7025e+000 +3.8702e+000 +5.3740e-001 -1.0455e+000 -1.7302e+000 +3.1479e+000 +1.2434e+000 +3.9626e+000 +3.4349e-001 -1.8412e+000 +3.9599e+000 +8.9816e-001 +1.5110e+000 -1.2794e+000 -3.5141e+000 +4.9817e-001 +1.3947e-001
2764 +3.181726764e+001 +3.181726764e+001 +6.567267644e+000 +6.567267644e+000 +4.8273e+000 +1.8890e+000 -9.6324e-001 -3.7249e+000 +3.4545e+000 +1.5026e+000 -1.0458e+000 +5.0433e-001 +1.9089e+000 -2.1908e+000 +2.3514e+000 +2.4916e+000 -3.8305e+000 -1.0462e+000 -5.9937e-001 +5.7293e-001 -1.1795e+000 -3.2537e-001 +1.6277e+000 -2.0693e+000
3229 +1.311479945e+001 +1.311479945e+001 -1.213520055e+001 -1.213520055e+001 +3.7261e+000 +1.3428e-001 -1.3548e+000 -1.6136e+000 +1.7927e+000 +1.4276e-001 -3.0748e+000 -1.0760e+000 +2.0763e-001 -1.6915e+000 +1.7723e+000 +7.5620e-001 -2.6392e+000 +1.6712e-001 +7.7011e-001 -7.7977e-002 -1.9122e+000 -9.6450e-001 -5.6480e-001 -2.5153e+000
3608 +8.740638018e+000 +8.740638018e+000 -1.650936198e+001 -1.650936198e+001 +3.8816e+000 +6.1798e-001 -1.0278e-001 -3.0632e+000 +4.8208e+000 -6.9941e-001 -2.3736e+000 -1.9618e+000 +1.1919e+000 -2.2325e+000 +2.5293e+000 +1.1179e-001 -2.7884e+000 -1.1196e-001 +2.1427e+000 +2.7221e-001 -1.1803e+000 -6.7622e-001 -2.6176e-001 -1.6543e-001
3976 +5.886182220e+000 +5.886182220e+000 -1.936381778e+001 -1.936381778e+001 +3.5081e+000 +1.5370e+000 -2.1156e+000 -2.5097e+000 +3.0942e+000 +5.5467e-001 -1.7171e+000 -1.0914e+000 +5.6531e-001 -3.1682e+000 +2.2387e+000 +6.1004e-001 -1.5795e+000 -3.8733e-001 +1.8951e+000 +6.0357e-001 -1.1757e-001 -1.2892e+000 +6.8907e-001 -1.2635e+000
4947 +3.316523558e+000 +3.316523558e+000 -2.193347644e+001 -2.193347644e+001 +3.7674e+000 +6.8758e-001 -1.8638e+000 -2.4868e+000 +2.8849e+000 -5.5891e-001 -2.0849e+000 -1.8004e+000 +2.1425e+000 -2.8521e+000 +2.5595e+000 +1.7059e+000 -3.2448e+000 +2.8979e-001 +1.2596e+000 +3.1244e-001 -6.0072e-001 -1.0122e+000 +1.1936e-001 -8.2621e-001
% function evaluation | noise-free fitness - Fopt (2.230000000000e+000) | best noise-free fitness - Fopt | measured fitness | best measured fitness | x1 | x2...
1 +2.242889640e+003 +2.242889640e+003 +2.245119640e+003 +2.245119640e+003 +8.8500e+000 +8.7806e+000 +9.8523e+000 +6.8875e+000 +6.0479e+000 +1.1368e+001 +6.3145e+000 +1.0064e+001 +1.4168e+001 +8.7642e+000 +6.3971e+000 +6.9926e+000 +1.4697e+001 +1.3298e+001 +1.3696e+001 +5.0735e+000 +7.8793e+000 +1.3221e+001 +1.3823e+001 +7.3608e+000
129 +1.530707567e+003 +1.530707567e+003 +1.532937567e+003 +1.532937567e+003 +8.5018e+000 +1.1558e+001 +8.4656e+000 +3.2138e+000 +6.3986e+000 +6.6071e+000 +9.3692e+000 +8.4966e+000 +4.4721e+000 +2.9593e+000 +7.7292e+000 +6.6680e+000 +8.9169e+000 +5.4155e+000 +8.0526e+000 +7.7012e+000 +1.0047e+000 +1.2158e+001 +1.3271e+001 +1.1480e+001
433 +9.285060870e+002 +9.285060870e+002 +9.307360870e+002 +9.307360870e+002 +4.6195e+000 -2.2809e+000 +1.1213e+001 +1.6316e+000 +7.1405e+000 -5.6659e-001 +8.6709e+000 +4.2440e+000 +2.9992e+000 +9.8214e+000 +1.0217e+001 +3.7093e+000 +1.0342e+001 -2.0857e+000 +1.1208e+001 +1.3068e+000 +3.1515e+000 +1.6895e+000 +3.1835e+000 +1.2208e+001
538 +5.874032735e+002 +5.874032735e+002 +5.896332735e+002 +5.896332735e+002 +5.9911e+000 +2.8718e+000 +2.7600e+000 +5.5842e+000 +8.2770e+000 -5.7319e+000 +5.2998e+000 +8.5811e+000 -1.0706e+000 +8.0676e-001 +2.9656e+000 +3.3521e+000 +6.0481e-001 +6.4657e+000 +7.6820e+000 -1.4106e+000 +2.6980e+000 +7.6070e+000 +4.8832e+000 +8.0954e+000
939 +3.609596883e+002 +3.609596883e+002 +3.631896883e+002 +3.631896883e+002 +9.3035e+000 -3.2957e+000 +1.0391e+000 +2.5183e+000 +1.4708e+001 -6.0117e+000 -8.9955e-001 +7.1890e-001 +8.9307e-001 -1.1372e+000 +1.2310e+000 +3.1121e+000 -1.1190e+000 -6.8882e-001 +3.8958e+000 -8.5599e+000 -2.2367e-001 +7.2927e+000 +6.0670e+000 +6.0015e+000
1192 +2.227980052e+002 +2.227980052e+002 +2.250280052e+002 +2.250280052e+002 +3.9202e+000 +8.4907e-001 +3.3270e+000 -1.9326e+000 +7.6137e+000 -3.7202e+000 +4.6530e+000 -1.1673e+000 -7.6095e-001 +6.3106e+000 +2.6035e+000 +3.7605e-001 +3.0918e-001 -1.7840e+000 +5.2168e+000 -1.2428e+000 +5.3554e+000 +2.8494e-001 +6.4620e+000 +3.2369e-001
1519 +1.212912101e+002 +1.212912101e+002 +1.235212101e+002 +1.235212101e+002 +5.4932e+000 -3.8898e+000 +1.3856e+000 +2.6702e-001 +1.8581e+000 -9.7043e+000 -1.8412e-001 -3.3059e+000 -2.7782e+000 +3.4825e-001 +3.9127e+000 +1.2401e+000 +7.8501e-001 -3.6543e+000 -4.6616e+000 -6.2524e+000 +2.5005e+000 +1.7446e-001 +3.5814e+000 -8.0320e-001
1871 +9.947415401e+001 +9.947415401e+001 +1.017041540e+002 +1.017041540e+002 +3.9824e+000 -3.1891e+000 +2.9182e+000 +7.2836e-001 +4.1994e+000 -2.0759e+000 -2.9883e+000 -5.2772e+000 -1.6876e+000 -1.8502e+000 -2.1942e+000 -3.4275e+000 -1.3967e+000 -4.4714e+000 -1.0174e+000 -5.7293e+000 +1.7010e+000 +2.9593e+000 +6.0002e+000 +4.4327e+000
2416 +6.195307273e+001 +6.195307273e+001 +6.418307273e+001 +6.418307273e+001 +4.0137e+000 -2.2302e+000 +1.8663e-001 -3.4925e+000 +6.7244e+000 -6.2115e+000 -7.8318e-002 -3.8381e+000 +2.6855e+000 +7.6619e-001 -3.9132e-002 -1.2852e+000 +2.1144e+000 -2.1219e+000 +3.8499e-001 -5.5556e+000 +6.4922e+000 -1.9731e-001 -9.1762e-001 +3.5507e+000
2910 +3.668425203e+001 +3.668425203e+001 +3.891425203e+001 +3.891425203e+001 +1.6636e+000 -1.9390e+000 -9.2506e-002 +3.8205e-001 +3.9265e+000 -1.8035e+000 -2.3823e+000 -1.1776e+000 -3.2557e-001 +1.8961e+000 -2.0473e-001 +2.2902e+000 +4.3882e-001 -2.7035e+000 -1.9394e+000 -2.0964e+000 +4.5184e+000 -6.2063e-001 +5.3898e-001 +2.1615e+000
3267 +2.406332207e+001 +2.406332207e+001 +2.629332207e+001 +2.629332207e+001 +3.3385e+000 -3.6487e+000 -4.6949e-001 -3.6424e+000 +5.0887e+000 -4.6717e+000 -3.9367e+000 -2.6715e+000 +1.8329e+000 +6.8595e-001 -6.8843e-001 -8.8100e-001 +2.3396e+000 -3.0996e+000 -1.8171e+000 -5.2181e+000 +3.2929e+000 +1.6701e+000 +4.6610e-001 +4.3647e+000
3895 +1.433002577e+001 +1.433002577e+001 +1.656002577e+001 +1.656002577e+001 +3.3411e+000 -1.8990e+000 +7.3439e-001 -2.4223e+000 +3.5328e+000 -4.6241e+000 -3.2435e+000 -2.5142e+000 +1.3681e+000 +2.1645e+000 -5.5210e-001 -8.6352e-001 +1.7896e+000 -2.5944e+000 -1.2209e+000 -2.6739e+000 +8.1520e-001 +7.8098e-001 +8.8034e-001 +3.0324e+000
4113 +7.161511862e+000 +7.161511862e+000 +9.391511862e+000 +9.391511862e+000 +4.2672e+000 -3.0525e+000 -1.1785e+000 -1.4424e+000 +3.0598e+000 -3.2846e+000 -3.0984e+000 -1.4720e+000 -2.0222e-001 +7.7953e-001 +1.0126e-002 +2.0504e-001 +2.0285e+000 -2.0009e+000 -1.1703e+000 -3.8686e+000 +2.9695e+000 +5.3649e-001 +1.6245e+000 +2.3998e+000
4415 +5.794349515e+000 +5.794349515e+000 +8.024349515e+000 +8.024349515e+000 +4.0361e+000 -3.3936e+000 -2.7130e-001 -2.9285e+000 +4.4973e+000 -4.3699e+000 -2.5949e+000 -3.1409e+000 +3.0678e-001 +1.0509e+000 -1.6187e-001 -1.2662e+000 +1.8576e+000 -1.6834e+000 -1.5582e+000 -3.7512e+000 +2.8878e+000 +6.9173e-001 +1.8269e+000 +2.5773e+000
% function evaluation | noise-free fitness - Fopt (-1.308000000000e+001) | best noise-free fitness - Fopt | measured fitness | best measured fitness | x1 | x2...
1 +2.086765127e+003 +2.086765127e+003 +2.073685127e+003 +2.073685127e+003 +9.8852e+000 +1.0888e+001 +1.4989e+001 +1.2246e+001 +9.9681e+000 +1.0019e+001 +9.2719e+000 +1.1443e+001 +1.1150e+001 +9.6592e+000 +6.4017e+000 +7.4142e+000 +1.1406e+001 +9.0804e+000 +6.2676e+000 +9.5930e+000 +9.2873e+000 +1.4730e+001 +5.0418e+000 +1.0330e+001
145 +1.512256513e+003 +1.512256513e+003 +1.499176513e+003 +1.499176513e+003 +6.4185e+000 +5.0170e+000 +8.0158e+000 +5.3970e+000 +9.2001e+000 +9.3169e+000 +1.2041e+001 +1.1008e+001 +9.3008e+000 +9.8779e+000 +5.4634e+000 +8.3196e+000 +7.5424e+000 +1.0981e+001 +7.5639e+000 +5.6048e+000 +8.0492e+000 +9.2373e+000 +5.1164e+000 +1.1834e+001
472 +8.735902049e+002 +8.735902049e+002 +8.605102049e+002 +8.605102049e+002 +4.9383e+000 +5.3020e+000 +1.4821e+001 +7.7553e+000 +5.3927e+000 -2.3720e-001 +6.8704e+000 +9.6157e+000 +8.8933e+000 +2.2275e+000 +3.7075e+000 +8.6412e+000 +8.2699e+000 -6.8498e+000 +1.4495e+000 +3.6731e-001 +8.5956e+000 +1.2295e+000 +3.9016e+000 +7.1414e+000
734 +5.675859210e+002 +5.675859210e+002 +5.545059210e+002 +5.545059210e+002 +1.6885e+000 +2.7966e+000 +4.6687e+000 +6.1883e+000 +1.0700e+001 +3.2803e+000 +4.1365e+000 +5.9064e+000 +4.8806e+000 +4.6522e+000 +1.5383e+000 +6.3701e+000 +8.6032e+000 -4.4339e+000 +5.3253e-001 +1.2959e+000 +2.7669e+000 +2.9032e+000 -1.9969e+000 +4.3758e+000
940 +3.819862110e+002 +3.819862110e+002 +3.689062110e+002 +3.689062110e+002 -4.9731e+000 +4.4868e+000 -2.0846e+000 -4.0103e-001 +1.0191e+000 +5.1680e+000 +1.3262e+000 +3.9654e+000 +2.2870e+000 -1.1932e+000 +6.4653e-001 +5.8741e+000 +5.0312e+000 +5.3702e+000 +1.6984e+000 +2.5825e+000 +3.4313e+000 +3.8008e+000 +2.7752e+000 +5.6979e+000
1350 +2.375263083e+002 +2.375263083e+002 +2.244463083e+002 +2.244463083e+002 +5.2657e-001 -5.4045e+000 +6.3104e+000 +4.3412e+000 -3.6863e+000 +4.4498e-001 -7.2713e-001 -6.8982e+000 -4.0599e-001 -1.0276e+001 +1.8820e+000 +1.1698e+000 +8.0322e+000 +6.8454e+000 +1.2762e+000 -5.0651e-001 +3.2778e+000 -1.5561e+000 -9.8606e-001 +6.7145e+000
1843 +1.526497713e+002 +1.526497713e+002 +1.395697713e+002 +1.395697713e+002 +4.5600e+000 -4.5894e+000 +1.6513e+000 +7.6024e+000 -2.6898e+000 -1.6962e+000 +3.0222e+000 -3.1790e+000 -4.9773e-002 -6.2192e+000 +1.6757e+000 +1.1302e+000 +5.2190e+000 +5.1450e+000 -2.5626e+000 -4.4487e+000 +4.0539e+000 +2.0354e+000 +2.2335e+000 +6.9788e+000
2271 +9.921091155e+001 +9.921091155e+001 +8.613091155e+001 +8.613091155e+001 -6.1631e-001 -9.4949e-001 +1.5970e+000 +3.1213e+000 -4.6991e-001 -5.7616e+000 -4.3921e+000 -1.1633e+000 -6.3010e-001 -1.4569e+000 +2.4520e+000 +6.1715e-001 +3.9583e+000 +3.5240e+000 -2.0491e+000 -6.6537e-001 +2.3123e+000 +2.7239e+000 +9.1927e-001 -3.0247e-002
2878 +3.372526820e+001 +3.372526820e+001 +2.064526820e+001 +2.064526820e+001 +7.1605e-001 -1.7036e+000 +5.5099e+000 +4.0538e+000 -2.1803e+000 -1.3337e+000 +2.6104e-001 -2.0952e+000 -1.8928e+000 -3.7935e-001 +2.5571e+000 +1.2811e+000 +9.7950e-001 -1.3345e-001 -1.0705e+000 -2.7550e+000 -4.3175e-003 +1.1989e+000 +1.3779e+000 +2.7118e+000
3604 +2.325612593e+001 +2.325612593e+001 +1.017612593e+001 +1.017612593e+001 +1.5765e+000 -2.3597e+000 +4.5567e+000 +3.1239e+000 -1.3650e+000 -2.9094e+000 +1.9363e+000 -1.7516e+000 -1.1993e+000 -4.0509e+000 +1.8373e+000 -2.4684e+000 +1.6245e+000 +6.5629e-001 +1.4204e+000 -2.9656e+000 -2.8151e-001 -2.3426e+000 +1.1687e+000 +9.0940e-001
3728 +1.473233433e+001 +1.473233433e+001 +1.652334330e+000 +1.652334330e+000 -1.5886e-001 -2.3761e+000 +3.8051e+000 +4.0538e+000 -1.7678e+000 -3.6079e+000 +2.7099e+000 -2.0952e+000 +2.6759e-001 -3.3671e+000 +8.7720e-001 -2.9525e+000 +9.7950e-001 +2.0195e+000 -1.0705e+000 -2.7550e+000 -7.8159e-001 +1.7202e+000 +1.3779e+000 +2.7118e+000
3900 +6.916326271e+000 +6.916326271e+000 -6.163673729e+000 -6.163673729e+000 +4.2065e-001 -1.7446e+000 +2.7046e+000 +3.2618e+000 -2.7752e+000 -3.3050e+000 +1.1868e+000 -2.3968e+000 +1.3553e-001 -1.8453e+000 +3.3061e+000 -1.1794e+000 +2.5879e+000 +1.4647e-001 +8.1545e-001 -2.1323e+000 -1.2327e+000 +1.6146e+000 +2.1233e+000 +2.5882e+000
4437 +6.009431291e+000 +6.009431291e+000 -7.070568709e+000 -7.070568709e+000 -2.4364e-001 -2.5961e+000 +2.9893e+000 +3.8327e+000 -2.5737e+000 -3.6363e+000 +1.8765e+000 -1.4654e+000 +4.1094e-001 -2.0705e+000 +2.5192e+000 -2.0218e+000 +1.4896e+000 +3.9383e-001 +7.6968e-001 -2.0419e+000 -5.5342e-001 +1.0275e+000 +2.4256e+000 +1.9653e+000
% function evaluation | noise-free fitness - Fopt (2.671600000000e+002) | best noise-free fitness - Fopt | measured fitness | best measured fitness | x1 | x2...
1 +2.920932997e+003 +2.920932997e+003 +3.188092997e+003 +3.188092997e+003 +1.0870e+001 +1.3966e+001 +9.9485e+000 +9.3544e+000 +1.2206e+001 +5.7109e+000 +1.4210e+001 +5.7277e+000 +1.1756e+001 +7.5246e+000 +1.3471e+001 +5.9953e+000 +1.3823e+001 +6.3804e+000 +1.2332e+001 +1.4547e+001 +5.3486e+000 +1.2888e+001 +1.0588e+001 +1.4352e+001
3 +2.423982384e+003 +2.423982384e+003 +2.691142384e+003 +2.691142384e+003 +7.4653e+000 +1.2229e+001 +6.0645e+000 +6.7370e+000 +8.2475e+000 +5.1225e+000 +7.8909e+000 +1.3251e+001 +6.5240e+000 +9.0138e+000 +1.1779e+001 +1.1234e+001 +1.1028e+001 +9.1776e+000 +1.1565e+001 +1.3742e+001 +1.2656e+001 +1.0497e+001 +8.0582e+000 +1.0099e+001
264 +1.361796902e+003 +1.361796902e+003 +1.628956902e+003 +1.628956902e+003 +8.9955e+000 +6.5269e+000 +4.3396e+000 +6.4404e+000 +7.8528e+000 +5.3961e+000 +9.5968e+000 +8.9020e+000 +1.5078e+000 +7.3609e+000 +7.2171e+000 +9.7971e+000 +1.2136e+001 +9.3539e+000 +2.4535e+000 +8.9628e-001 +3.2689e+000 +8.7064e+000 +5.9094e+000 +7.7853e+000
598 +9.977748511e+002 +9.977748511e+002 +1.264934851e+003 +1.264934851e+003 +5.7047e+000 +7.1772e+000 +2.3137e+000 +3.9314e+000 +6.2007e+000 +9.4646e+000 +7.1651e+000 +9.3143e+000 +6.7107e+000 +5.4288e+000 +4.0984e+000 +3.9833e+000 -2.5580e+000 +1.5150e+000 +7.7660e+000 +3.6919e+000 +2.4216e+000 +9.1719e+000 +2.9432e+000 +5.2972e+000
807 +4.026976462e+002 +4.026976462e+002 +6.698576462e+002 +6.698576462e+002 -2.8350e+000 -1.8855e+000 -7.4447e+000 -3.0462e+000 +9.1330e+000 +6.5833e-001 +4.8906e+000 +2.7302e-001 +3.2378e+000 +3.0654e+000 +1.8647e+000 +6.6092e+000 +4.7748e+000 +5.6437e-001 +2.6747e+000 +1.9522e+000 +5.7369e+000 +5.5077e+000 +4.5823e+000 +7.2428e+000
857 +3.958101175e+002 +3.958101175e+002 +6.629701175e+002 +6.629701175e+002 +9.7514e+000 -1.8855e+000 -7.4447e+000 +1.6468e+000 -4.3480e-001 -1.6074e+000 +6.9399e+000 +2.7302e-001 +3.6380e+000 +3.0654e+000 +1.8647e+000 +4.0553e+000 +4.7748e+000 +5.6437e-001 +1.0878e+000 +1.9522e+000 -9.3618e-001 +4.5012e+000 +3.4313e+000 -5.2568e+000
1384 +2.371828568e+002 +2.371828568e+002 +5.043428568e+002 +5.043428568e+002 -9.6980e-001 -1.0224e+000 +1.1503e+000 +3.8653e+000 +6.3077e+000 -3.7683e-001 +3.9247e-001 -3.9022e-001 +4.5439e+000 -3.9297e-001 -1.0248e+000 +5.7984e+000 -1.5910e+000 -2.0646e+000 -3.9986e+000 +1.4053e+000 -1.6688e+000 +7.2144e+000 +2.5736e+000 -7.2618e+000
1580 +1.157825512e+002 +1.157825512e+002 +3.829425512e+002 +3.829425512e+002 -4.8289e+000 -4.5764e+000 -8.8189e+000 +4.2712e+000 +1.4743e+000 -9.1127e-001 +2.0234e+000 +3.2557e-001 +4.9887e-001 +8.0207e-001 -1.1781e+000 +2.2363e+000 +5.0725e-001 -1.4880e+000 -3.8069e+000 -1.4696e+000 -1.3833e+000 +2.6868e+000 -1.5254e+000 -3.3941e+000
1854 +7.848117467e+001 +7.848117467e+001 +3.456411747e+002 +3.456411747e+002 -5.6041e+000 -7.4232e+000 -1.6934e+000 +6.5609e-001 +2.2504e+000 -2.7384e+000 +2.2697e+000 -2.4880e+000 -2.3709e-001 -5.0565e-001 -3.1596e+000 +1.3632e+000 +8.4831e-001 -2.1584e+000 -3.4128e+000 +4.3971e+000 -9.2741e-001 +5.5793e+000 +5.6378e-001 -4.1799e+000
2422 +4.079295052e+001 +4.079295052e+001 +3.079529505e+002 +3.079529505e+002 -4.5811e+000 -2.2045e+000 -3.3068e+000 -3.8183e-001 +3.5605e+000 -1.7545e+000 +1.8626e+000 -2.5095e+000 -4.9072e+000 +9.3878e-001 -7.1040e-001 -2.0507e+000 +5.1625e-001 -4.3153e+000 -4.9077e+000 +1.0734e-001 -3.8350e+000 +8.6469e-001 -7.2554e-001 -2.7395e+000
2714 +3.890016969e+001 +3.890016969e+001 +3.060601697e+002 +3.060601697e+002 -3.1214e+000 -6.9007e+000 -4.8315e+000 -4.0423e-001 +3.1226e+000 -3.3311e+000 +2.2858e+000 -1.5905e+000 -3.4194e+000 +7.2527e-001 -5.3846e+000 +5.6964e-001 +1.3360e+000 -2.0868e+000 -2.2778e+000 +1.5448e+000 +1.7888e-001 +4.2587e+000 +2.0271e+000 -2.7877e+000
3121 +2.343190281e+001 +2.343190281e+001 +2.905919028e+002 +2.905919028e+002 -2.9843e+000 -2.4256e+000 -6.3247e+000 -3.3678e+000 +3.3620e+000 -1.6070e+000 +1.4275e+000 -1.6538e+000 -3.8847e+000 +1.7265e+000 -2.2582e+000 -3.3019e-001 -1.2381e-001 -3.7004e-001 -3.4773e+000 +4.0490e-001 +1.3688e-002 +4.6484e+000 +9.1145e-001 -3.2750e+000
3537 +1.464372935e+001 +1.464372935e+001 +2.818037294e+002 +2.818037294e+002 -2.5684e+000 -3.2737e+000 -3.0511e+000 -2.2000e+000 +2.4237e+000 -1.5645e+000 +1.8772e+000 -3.4256e-001 -2.1973e+000 +8.8496e-001 -2.4503e+000 +1.2596e+000 -9.2287e-002 -2.6038e+000 -2.4645e+000 +3.2991e-001 +4.2829e-001 +3.9652e+000 -4.5629e-001 -1.7366e+000
3784 +8.396701117e+000 +8.396701117e+000 +2.755567011e+002 +2.755567011e+002 -3.1347e+000 -3.1586e+000 -2.4148e+000 -1.6826e+000 +4.2492e+000 -2.2816e+000 +4.9690e-001 -2.0900e+000 -3.1561e+000 +1.5504e+000 -3.8700e+000 -2.1494e-001 +7.6290e-001 -2.1737e+000 -3.0321e+000 +6.4740e-001 -2.2606e-001 +3.2943e+000 -1.8514e-001 -1.7866e+000
4427 +5.974640243e+000 +5.974640243e+000 +2.731346402e+002 +2.731346402e+002 -2.9232e+000 -3.6431e+000 -3.7162e+000 -2.1180e+000 +3.1886e+000 -2.1917e+000 -6.5222e-002 -2.9638e+000 -3.2194e+000 +2.1318e+000 -2.3021e+000 +1.0857e+000 +1.1476e+000 -8.0498e-001 -3.0147e+000 +1.5024e+000 -8.6470e-001 +2.8612e+000 +4.6552e-001 -2.4008e+000
4673 +3.151149124e+000 +3.151149124e+000 +2.703111491e+002 +2.703111491e+002 -2.7567e+000 -3.9640e+000 -3.5149e+000 -9.6589e-001 +2.6158e+000 -1.8574e+000 +1.1752e+000 -1.9611e+000 -3.5438e+000 +1.8281e+000 -1.8540e+000 +8.8927e-001 -1.3687e-001 -2.1194e+000 -2.2864e+000 +4.3725e-001 -1.2040e+000 +1.9056e+000 +3.1112e-001 -2.2991e+000
% function evaluation | noise-free fitness - Fopt (3.710000000000e+000) | best noise-free fitness - Fopt | measured fitness | best measured fitness | x1 | x2...
1 +2.989387179e+003 +2.989387179e+003 +2.993097179e+003 +2.993097179e+003 +1.1797e+001 +1.2681e+001 +1.3472e+001 +1.3581e+001 +7.2508e+000 +7.4454e+000 +1.0424e+001 +1.4078e+001 +6.7062e+000 +1.2271e+001 +1.3385e+001 +6.8470e+000 +1.1973e+001 +1.4279e+001 +6.3397e+000 +1.4016e+001 +1.3454e+001 +1.0938e+001 +8.1920e+000 +1.1522e+001
4 +2.137186888e+003 +2.137186888e+003 +2.140896888e+003 +2.140896888e+003 +1.3563e+001 +6.2344e+000 +6.5334e+000 +8.6963e+000 +5.6232e+000 +7.7833e+000 +8.0097e+000 +1.2468e+001 +6.7755e+000 +1.0203e+001 +8.0390e+000 +1.1343e+001 +9.8413e+000 +9.2119e+000 +5.0850e+000 +1.1883e+001 +1.3392e+001 +8.1122e+000 +8.6920e+000 +1.2317e+001
154 +1.534378273e+003 +1.534378273e+003 +1.538088273e+003 +1.538088273e+003 +6.0812e+000 +6.2344e+000 +9.2915e+000 +6.4832e+000 +5.6232e+000 +3.9494e+000 +7.7849e+000 +1.2468e+001 +6.5885e+000 +8.9661e+000 +9.4302e+000 +8.4307e+000 +9.3727e+000 +9.2119e+000 +5.0850e+000 +4.0071e+000 +6.2939e+000 +1.1812e+001 +8.6920e+000 +5.4176e+000
335 +9.583399043e+002 +9.583399043e+002 +9.620499043e+002 +9.620499043e+002 +1.2232e+001 -1.3136e-001 +1.1495e+001 +1.9603e-001 +1.2540e+001 +3.2500e+000 +9.1532e+000 +1.2126e+001 +9.7921e+000 +3.4215e+000 +6.1078e+000 -9.4220e-001 +8.1490e+000 -1.7365e+000 -2.3553e+000 +1.6016e+000 +5.6050e+000 +8.3740e+000 +3.2772e-001 +1.1761e+000
822 +6.108871979e+002 +6.108871979e+002 +6.145971979e+002 +6.145971979e+002 +5.7561e+000 +3.3133e+000 +5.0072e+000 -6.4877e+000 +3.2256e+000 +5.2929e+000 +8.3210e+000 +8.8916e+000 +5.5427e+000 +4.7920e-001 +8.5957e+000 +2.9474e+000 +5.4329e-001 -4.8908e+000 -8.9848e+000 -3.8900e+000 +2.6756e+000 +7.5522e+000 -6.2579e+000 +5.4528e+000
1001 +3.830171435e+002 +3.830171435e+002 +3.867271435e+002 +3.867271435e+002 +2.8588e+000 -4.0240e+000 +7.1908e+000 +1.3500e+000 +3.0728e+000 +3.1779e+000 +4.2036e+000 +1.1065e+001 +3.9751e+000 +3.7555e+000 +9.7855e-001 -1.7222e+000 +1.7990e+000 -3.6695e+000 -8.4480e+000 -1.3605e+000 -2.2597e-001 +7.5551e+000 +2.3220e+000 +9.2687e-002
1233 +2.157283481e+002 +2.157283481e+002 +2.194383481e+002 +2.194383481e+002 +3.0922e+000 -3.0389e-001 -5.3644e+000 -1.5423e+000 +9.1561e-001 +2.1928e+000 +7.1736e-001 +6.4120e+000 +5.5300e+000 -8.3017e+000 -1.9990e+000 -3.7098e-001 -5.5886e+000 -3.3000e-001 -2.2285e+000 -2.2974e+000 +4.2088e+000 +1.1973e+000 -5.3391e+000 +2.0049e+000
1329 +1.451016064e+002 +1.451016064e+002 +1.488116064e+002 +1.488116064e+002 +9.6814e+000 -1.1338e-001 +5.1982e+000 +1.0518e+000 +3.1322e+000 +3.5426e-001 +4.8706e-001 +3.7688e+000 +4.8237e+000 +2.4632e+000 +1.1997e-001 -4.2980e+000 -4.0698e-001 -3.0530e+000 +1.6201e+000 -5.4003e+000 +4.5418e-001 -1.0823e+000 -1.3768e+000 +1.9948e+000
2149 +9.347106934e+001 +9.347106934e+001 +9.718106934e+001 +9.718106934e+001 +6.4204e+000 -1.6187e+000 +5.7463e-001 -3.0680e+000 -2.4333e+000 +2.6738e+000 -3.5634e-001 +4.4655e+000 +2.1717e+000 +1.4171e+000 +2.3397e+000 -1.6164e+000 +5.0254e-001 -5.2806e-001 -4.3536e+000 -2.7482e+000 +3.6622e+000 -5.0509e+000 -5.9510e+000 +1.0240e-001
2642 +5.472355679e+001 +5.472355679e+001 +5.843355679e+001 +5.843355679e+001 +5.5617e-001 -2.5140e+000 +3.1068e-001 -2.9539e+000 -2.7534e+000 +6.1294e-003 -5.2248e-001 +5.0917e+000 +2.5834e+000 -1.0279e+000 +1.1198e+000 -4.2800e+000 -2.4022e+000 +4.7323e-001 +7.8822e-001 -2.5777e+000 +7.0555e-001 -1.0195e+000 -4.1992e+000 -1.2521e+000
2742 +3.426657369e+001 +3.426657369e+001 +3.797657369e+001 +3.797657369e+001 +3.0654e+000 -2.5140e+000 +3.1068e-001 -4.0121e+000 -6.9712e-002 +6.1294e-003 +1.0444e+000 +5.0917e+000 +2.5834e+000 -1.0279e+000 -3.0169e+000 -4.2800e+000 -9.7692e-001 -1.7808e+000 -2.1639e+000 -2.5777e+000 +5.2850e-001 -3.2777e-001 -3.3945e+000 -1.2657e+000
3231 +2.437597754e+001 +2.437597754e+001 +2.808597754e+001 +2.808597754e+001 +2.2697e+000 -2.5285e+000 +1.9622e+000 -1.2484e+000 +1.0346e+000 +7.3467e-001 -4.5420e-001 +4.1994e+000 +2.1048e+000 +3.5277e-001 -1.6065e+000 -2.6942e+000 -2.5492e+000 -9.4540e-001 -2.6819e+000 -3.8598e+000 -7.4729e-001 -2.2701e+000 -5.9492e+000 +6.5786e-001
3562 +1.338275103e+001 +1.338275103e+001 +1.709275103e+001 +1.709275103e+001 +4.6260e+000 -4.1898e+000 +1.3563e+000 -2.7859e+000 +1.1075e+000 +4.4038e-001 -2.8934e+000 +4.5803e+000 +2.9564e+000 -1.2519e+000 -1.0713e+000 -2.0847e+000 -3.7722e-001 -1.9376e-001 -1.1884e+000 -4.5375e+000 -1.8253e-001 -8.1254e-001 -2.0925e+000 -1.6420e+000
3652 +9.337325010e+000 +9.337325010e+000 +1.304732501e+001 +1.304732501e+001 +4.9775e+000 -2.6465e+000 +8.2888e-001 -1.9789e+000 +5.7805e-001 +2.2689e+000 -1.0266e+000 +1.4689e+000 +1.0969e+000 -1.4348e+000 -1.1988e+000 -3.1777e+000 -1.7011e+000 +3.5894e-001 -1.7948e+000 -3.8228e+000 -1.1636e+000 -2.0523e+000 -2.8347e+000 +8.0644e-002
4161 +5.665224298e+000 +5.665224298e+000 +9.375224298e+000 +9.375224298e+000 +4.8815e+000 -2.6801e+000 +1.1395e+000 -1.9835e+000 +1.3352e+000 +9.1330e-001 -2.3518e+000 +2.9646e+000 +1.4770e+000 -1.1305e-001 -2.1227e+000 -2.5838e+000 -3.9727e-001 -3.1735e-001 -2.5929e+000 -4.5077e+000 -6.3001e-001 -1.4425e+000 -3.2087e+000 -1.4030e+000
4605 +3.598924942e+000 +3.598924942e+000 +7.308924942e+000 +7.308924942e+000 +4.3781e+000 -2.3772e+000 +1.2649e+000 -1.6534e+000 +8.8233e-001 +9.0519e-001 -2.1200e+000 +3.9353e+000 +2.1251e+000 -1.1190e+000 -7.2198e-001 -3.0221e+000 -1.8250e-001 -3.4563e-001 -1.4983e+000 -4.3195e+000 -8.3533e-001 -1.6905e+000 -2.9911e+000 -1.0389e+000
% function evaluation | noise-free fitness - Fopt (9.478000000000e+001) | best noise-free fitness - Fopt | measured fitness | best measured fitness | x1 | x2...
1 +1.983827537e+003 +1.983827537e+003 +2.078607537e+003 +2.078607537e+003 +1.1009e+001 +5.6341e+000 +1.2941e+001 +7.4103e+000 +9.0523e+000 +5.4165e+000 +7.0733e+000 +1.3788e+001 +1.1336e+001 +1.4122e+001 +1.2358e+001 +6.9243e+000 +1.0563e+001 +1.4133e+001 +7.2233e+000 +9.4642e+000 +8.6911e+000 +9.7596e+000 +1.3819e+001 +8.6427e+000
91 +1.543091372e+003 +1.543091372e+003 +1.637871372e+003 +1.637871372e+003 +1.3647e+001 +7.2633e+000 +1.5842e+001 +1.1537e+001 +6.0581e+000 +1.1348e+001 +1.0659e+001 +4.9337e+000 +6.1008e+000 +5.1260e+000 +9.4794e+000 +5.7131e+000 +5.2914e+000 +5.4517e+000 +7.9504e+000 +6.1547e+000 +7.5950e+000 +8.0585e+000 +1.4829e+001 +5.8848e+000
369 +9.235487937e+002 +9.235487937e+002 +1.018328794e+003 +1.018328794e+003 +7.9939e+000 +8.0927e+000 +7.0897e+000 +6.4367e+000 +4.9513e+000 +4.1722e+000 +1.0934e+001 +1.9519e+000 +1.0727e+000 +1.2332e+001 +9.4917e+000 +7.4749e+000 +6.4189e+000 +1.5291e+000 +7.7408e+000 +4.8282e+000 +7.4808e+000 +8.9554e-001 -2.7788e+000 +4.9172e+000
669 +6.143272541e+002 +6.143272541e+002 +7.091072541e+002 +7.091072541e+002 +7.9939e+000 +4.9429e+000 +9.0051e+000 -7.4310e+000 +7.1039e+000 +4.1722e+000 +7.6441e+000 +1.9519e+000 +1.0727e+000 +9.9197e+000 -2.9377e-001 +7.5018e+000 +6.4189e+000 +1.5291e+000 -5.1770e-001 +5.8366e+000 +4.6817e+000 +8.9554e-001 +6.4368e+000 +7.7255e+000
1014 +3.928474643e+002 +3.928474643e+002 +4.876274643e+002 +4.876274643e+002 +1.0835e+001 -1.8932e+000 +8.9926e+000 -3.5953e+000 +2.0705e+000 -3.0100e-002 +6.6426e-001 -1.9383e+000 -1.4885e+000 +6.1319e+000 +2.4271e+000 +3.5334e+000 +6.9954e+000 +4.8694e+000 +6.4198e-001 +1.7827e+000 +5.7472e+000 -5.0406e-001 +4.8406e+000 +1.9071e+000
1398 +2.307321473e+002 +2.307321473e+002 +3.255121473e+002 +3.255121473e+002 +1.1379e+000 -8.3495e+000 +7.2751e+000 -4.9366e+000 -3.1042e-001 +3.3713e+000 +2.4354e+000 +5.1373e+000 +3.6625e+000 +2.0098e+000 +4.1380e-001 +7.0026e+000 -2.1956e+000 +1.0357e+000 -1.6947e+000 -9.0659e-001 +4.9954e+000 +2.6327e+000 +2.2137e+000 +6.4144e+000
1684 +1.410805012e+002 +1.410805012e+002 +2.358605012e+002 +2.358605012e+002 +3.1230e+000 -4.4749e+000 +8.9538e+000 +4.6632e-001 +3.0657e+000 -2.3480e+000 +4.7834e+000 +4.8656e-001 +3.7694e+000 +1.0507e+000 -1.8154e+000 -5.7756e+000 -4.5197e-002 -7.6321e+000 +2.7340e-001 -5.5846e+000 +3.4380e+000 +2.4560e+000 +1.8992e+000 -2.4156e+000
1913 +8.765508461e+001 +8.765508461e+001 +1.824350846e+002 +1.824350846e+002 +2.1981e-001 -3.5071e+000 +3.9161e+000 -4.2585e+000 +6.1425e-001 +5.8516e-001 +3.9304e+000 +1.7818e+000 +5.5351e+000 +2.2420e+000 -2.0343e+000 +1.6462e+000 +4.5469e-001 -4.8335e+000 -2.9186e+000 -3.2447e+000 +6.6374e+000 -2.4177e+000 +1.8151e+000 -4.3386e-001
2394 +6.184387142e+001 +6.184387142e+001 +1.566238714e+002 +1.566238714e+002 -3.9119e-001 -1.8088e+000 +3.2023e+000 -3.4876e+000 +2.3109e+000 +6.7873e-001 +2.3272e+000 -4.8781e-001 +4.2554e+000 +2.4221e+000 -2.9712e+000 +3.1823e+000 -1.8848e+000 +6.8452e-001 -1.2591e-001 -1.6592e+000 +3.5242e+000 +3.8039e+000 +1.6851e-001 -6.0079e-001
3139 +3.736862203e+001 +3.736862203e+001 +1.321486220e+002 +1.321486220e+002 +2.5428e+000 -2.5340e+000 +4.0980e+000 -4.1175e+000 +1.7576e+000 -2.5300e-001 +2.4324e+000 +4.5739e+000 +3.1534e+000 +3.8593e+000 +1.3163e+000 -3.7458e+000 -3.1683e+000 +8.3462e-002 -1.2929e+000 -2.3554e+000 +4.4450e+000 +2.1158e+000 +2.6336e+000 -9.4761e-001
3310 +2.419819958e+001 +2.419819958e+001 +1.189781996e+002 +1.189781996e+002 -8.5477e-001 -2.8773e+000 +4.5524e+000 -4.5694e+000 +3.5544e+000 -1.4538e-001 +5.7587e+000 +4.7474e-001 +2.8644e+000 +3.5348e+000 -2.6125e-001 -3.0277e+000 -9.0815e-001 -1.6304e+000 -1.1967e+000 -2.5841e+000 +2.0625e+000 +3.4436e+000 +1.7948e+000 -5.7548e-001
3593 +1.288717360e+001 +1.288717360e+001 +1.076671736e+002 +1.076671736e+002 -1.4409e-001 -3.0444e+000 +4.1366e+000 -4.2984e+000 +2.9387e+000 -1.6264e+000 +3.9715e+000 +3.2226e+000 +3.1528e+000 +4.0305e+000 +9.1238e-001 -1.2075e+000 -2.7068e+000 -5.4654e-001 -1.6555e+000 -3.3259e+000 +1.8163e+000 +2.8823e+000 +2.8170e+000 -3.2975e+000
4255 +7.800007433e+000 +7.800007433e+000 +1.025800074e+002 +1.025800074e+002 -2.7922e-001 -3.2775e+000 +3.9388e+000 -3.8889e+000 +1.7112e+000 -1.4204e+000 +3.3582e+000 +1.1850e+000 +2.3942e+000 +2.7679e+000 +2.1860e-001 -6.3011e-001 -1.6052e+000 -1.3650e+000 -1.5300e+000 -2.0280e+000 +2.8390e+000 +2.5779e+000 +2.1086e+000 -2.0985e+000
4376 +5.569413241e+000 +5.569413241e+000 +1.003494132e+002 +1.003494132e+002 +1.2448e-001 -3.3232e+000 +4.2078e+000 -3.5688e+000 +1.6476e+000 +4.8933e-001 +3.3061e+000 +1.2290e+000 +2.8570e+000 +3.6359e+000 +1.7562e-001 -1.3957e+000 -2.1161e+000 -2.1052e+000 -1.6172e+000 -2.5222e+000 +1.7337e+000 +2.2873e+000 +1.6518e+000 -3.3096e+000
4955 +3.827749102e+000 +3.827749102e+000 +9.860774910e+001 +9.860774910e+001 +8.8090e-001 -2.8762e+000 +4.5491e+000 -3.0580e+000 +2.2522e+000 -2.4255e-001 +3.3582e+000 +1.7915e+000 +2.9844e+000 +2.9227e+000 +2.1860e-001 +3.9898e-001 -2.1143e+000 -1.2614e+000 -1.2811e+000 -2.6015e+000 +2.2882e+000 +1.9427e+000 +1.1269e+000 -2.0486e+000
% function evaluation | noise-free fitness - Fopt (2.339200000000e+002) | best noise-free fitness - Fopt | measured fitness | best measured fitness | x1 | x2...
1 +1.834539537e+003 +1.834539537e+003 +2.068459537e+003 +2.068459537e+003 +8.6660e+000 +7.9769e+000 +6.5802e+000 +7.4505e+000 +5.3184e+000 +1.2639e+001 +8.1057e+000 +1.2962e+001 +1.4280e+001 +9.9770e+000 +1.1023e+001 +1.1377e+001 +8.3923e+000 +7.3319e+000 +6.0487e+000 +1.0783e+001 +5.0271e+000 +9.0047e+000 +8.1091e+000 +1.0822e+001
82 +1.516755409e+003 +1.516755409e+003 +1.750675409e+003 +1.750675409e+003 +1.2337e+001 +7.8920e+000 +8.0749e+000 +7.8216e+000 +1.1380e+001 +4.1646e+000 +6.8271e+000 +5.7456e+000 +1.2016e+001 +5.3280e+000 +6.7339e+000 +4.0256e+000 +1.1481e+001 +8.5856e+000 +7.5821e+000 +8.5218e+000 +5.1147e+000 +3.5732e+000 +2.9537e+000 +1.3714e+001
487 +9.915815697e+002 +9.915815697e+002 +1.225501570e+003 +1.225501570e+003 +9.6529e+000 +2.4419e-001 +8.5239e-001 +9.3286e+000 +8.3367e+000 +4.2210e+000 +7.9160e+000 +6.0198e+000 +9.4396e+000 +8.2272e+000 +9.2047e+000 +3.8153e+000 +6.5222e+000 +2.9495e+000 +7.9711e+000 +4.9071e-001 -5.8233e-001 +7.5977e+000 -3.2107e+000 +6.0692e+000
632 +5.400814946e+002 +5.400814946e+002 +7.740014946e+002 +7.740014946e+002 +4.3722e+000 -6.5665e-001 +2.3867e+000 -2.1866e+000 -1.1943e+000 -1.1925e-001 -1.0381e-001 +1.0364e+001 +4.6275e+000 -3.8307e-001 -2.0383e+000 +7.5515e+000 +7.5268e+000 +8.5856e+000 +7.5821e+000 +1.2438e+000 +3.7120e+000 +3.5732e+000 -6.2733e-001 +5.5450e+000
900 +2.788353502e+002 +2.788353502e+002 +5.127553502e+002 +5.127553502e+002 +2.3825e+000 -7.7544e-001 +4.0210e+000 -1.0014e+000 +7.3723e+000 +4.8852e+000 -9.0159e-001 -2.6814e+000 +1.7220e-001 -7.4075e-001 +9.3131e-001 -1.3895e+000 -5.0390e+000 +3.5181e+000 +4.0833e+000 +9.8648e+000 +4.0210e+000 +1.2055e+000 -5.6897e-001 +1.4124e+000
1387 +2.498551542e+002 +2.498551542e+002 +4.837751542e+002 +4.837751542e+002 +2.0595e+000 +2.8496e+000 +1.3964e+000 -5.2879e+000 +9.7967e+000 +1.7019e+000 +2.5856e+000 +3.1235e+000 -1.7333e+000 +3.6234e+000 -1.6779e+000 +3.4204e+000 -4.5207e+000 -1.4556e+000 -8.9442e-001 +1.3809e+000 -5.8233e-001 -2.1340e+000 +4.5868e-001 -2.5772e+000
1796 +1.547220220e+002 +1.547220220e+002 +3.886420220e+002 +3.886420220e+002 -1.9561e+000 -1.0424e+000 -2.5457e+000 -1.6953e+000 -2.4629e+000 +9.5546e-001 +3.1244e+000 +6.2795e-001 +3.6667e-001 +6.5905e+000 -3.9097e+000 -1.0364e+000 -1.0470e+000 +5.9286e+000 +1.7891e-002 +4.0892e+000 +1.7060e+000 +4.4914e+000 +4.3183e+000 -1.7588e+000
2016 +9.218127657e+001 +9.218127657e+001 +3.261012766e+002 +3.261012766e+002 -2.9996e+000 +2.8472e+000 -2.4198e-001 -6.3115e+000 -1.4945e+000 +2.8855e+000 +3.1536e+000 -3.8242e-001 -3.0662e+000 +1.9681e+000 -3.8006e+000 +2.9305e+000 -3.2805e+000 -8.4988e-001 +3.9571e+000 +4.1438e-001 -8.5041e-002 -2.7777e+000 -3.6135e+000 -1.6887e-001
2384 +5.793048298e+001 +5.793048298e+001 +2.918504830e+002 +2.918504830e+002 -2.9387e+000 +1.1012e+000 -2.1674e+000 -1.0789e-002 -7.9923e-002 +1.2623e+000 +4.6010e+000 +4.1351e-001 +1.7081e-001 +1.4331e+000 -5.7290e+000 -2.1927e+000 -4.2371e-001 +9.4389e-001 +2.9736e-001 +1.8972e+000 -2.1587e+000 +1.9994e+000 -1.8745e+000 +2.3934e+000
2665 +3.536439488e+001 +3.536439488e+001 +2.692843949e+002 +2.692843949e+002 -1.7336e+000 +1.5728e+000 -2.0870e+000 -2.8093e+000 +1.0056e+000 +2.4995e+000 +3.0054e+000 +1.5146e+000 +1.5178e+000 +4.1214e+000 -4.5879e+000 -2.0614e+000 +3.8016e-001 +1.1086e+000 -6.3692e-001 +3.4518e+000 +2.0269e-001 -6.4190e-001 -1.2933e+000 +3.0062e+000
3120 +1.907930952e+001 +1.907930952e+001 +2.529993095e+002 +2.529993095e+002 -3.2627e+000 +1.6296e-001 -3.0830e+000 -3.6693e+000 -6.8987e-001 +3.7269e+000 +1.9934e+000 -1.1681e+000 +8.6802e-001 -3.6407e-001 -1.3693e+000 +3.5733e-002 -5.1370e-001 -8.0473e-002 -9.0630e-001 +3.6898e+000 +1.2503e+000 -1.2093e+000 -3.4886e+000 +1.0185e+000
3422 +1.271620936e+001 +1.271620936e+001 +2.466362094e+002 +2.466362094e+002 -3.3268e+000 +1.3357e-001 -3.6952e+000 -3.9789e+000 -8.1817e-001 +3.8833e+000 +2.7807e-001 +6.0329e-002 +1.0031e+000 +9.1308e-001 -2.1352e+000 -1.8442e+000 -1.3964e+000 +3.1367e-001 +1.3538e+000 +2.9874e+000 +5.9585e-002 +9.8531e-001 -3.2738e+000 -7.7935e-002
3948 +9.134094872e+000 +9.134094872e+000 +2.430540949e+002 +2.430540949e+002 -3.4376e+000 +1.0105e+000 -1.8458e+000 -3.8222e+000 +2.5905e-001 +2.5252e+000 +2.1083e+000 +4.6249e-001 -3.0330e-001 +1.3620e+000 -3.3073e+000 -8.0132e-001 -1.6593e+000 -6.8580e-001 +8.7605e-001 +5.0791e+000 +1.7007e+000 +1.4702e-001 -2.7851e+000 +1.0991e+000
4066 +5.942197735e+000 +5.942197735e+000 +2.398621977e+002 +2.398621977e+002 -3.9293e+000 +9.1673e-001 -3.2436e+000 -3.8275e+000 -9.1142e-001 +3.5093e+000 +1.0667e+000 +6.1777e-001 +2.7608e-001 +9.9434e-001 -1.4977e+000 -8.4585e-001 -1.1560e+000 +1.9479e-001 +1.1892e+000 +3.4251e+000 -4.8267e-001 +1.5542e-001 -1.9711e+000 +4.3299e-001
4722 +3.770159970e+000 +3.770159970e+000 +2.376901600e+002 +2.376901600e+002 -3.3268e+000 -1.0086e-001 -3.2465e+000 -2.8174e+000 -3.5214e-001 +3.1532e+000 +1.1194e+000 +5.6442e-002 +9.1747e-002 +1.4933e+000 -2.5076e+000 -5.6709e-001 -9.4566e-001 -1.9258e-001 +5.3232e-001 +3.9195e+000 +1.4488e+000 +1.0342e+000 -1.4164e+000 +1.0320e+000
4928 +1.990583391e+000 +1.990583391e+000 +2.359105834e+002 +2.359105834e+002 -3.2520e+000 +7.3528e-001 -3.1206e+000 -3.3197e+000 -3.3795e-001 +3.4879e+000 +1.1924e+000 +5.1218e-001 +5.7266e-001 +2.1222e+000 -2.4511e+000 -3.3992e-001 -9.2413e-001 -1.4358e-001 +8.2906e-001 +3.8887e+000 +4.9472e-001 -8.4012e-001 -1.3437e+000 +1.3004e+000
% function evaluation | noise-free fitness - Fopt (-6.092000000000e+001) | best noise-free fitness - Fopt | measured fitness | best measured fitness | x1 | x2...
1 +2.278427361e+003 +2.278427361e+003 +2.217507361e+003 +2.217507361e+003 +7.8785e+000 +1.3069e+001 +6.2531e+000 +1.2740e+001 +1.3031e+001 +5.6668e+000 +7.7977e+000 +5.6461e+000 +1.2851e+001 +1.3040e+001 +9.7645e+000 +6.0931e+000 +5.8535e+000 +5.6245e+000 +1.3856e+001 +1.3317e+001 +1.2111e+001 +1.3179e+001 +9.8710e+000 +6.5477e+000
16 +1.584610601e+003 +1.584610601e+003 +1.523690601e+003 +1.523690601e+003 +1.1253e+001 +1.0723e+001 +1.3988e+001 +6.4847e+000 +5.8577e+000 +1.0000e+001 +1.2030e+001 +5.4884e+000 +8.6810e+000 +5.3345e+000 +1.1093e+001 +1.2068e+001 +6.2678e+000 +7.8617e+000 +5.1203e+000 +9.0216e+000 +7.7935e+000 +7.5627e+000 +8.3002e+000 +6.0083e+000
418 +9.028475016e+002 +9.028475016e+002 +8.419275016e+002 +8.419275016e+002 +2.4313e+000 +8.0781e+000 +1.3283e+001 +5.0052e+000 +4.2594e+000 +7.2666e+000 +5.9283e+000 +3.3247e+000 -3.7209e+000 +3.4019e+000 +8.7161e+000 +5.9961e+000 +1.2739e+001 +3.9113e+000 +4.8456e+000 -3.7845e-001 +1.2170e+001 -2.4417e-001 +6.5297e+000 -4.1556e-001
552 +5.465486121e+002 +5.465486121e+002 +4.856286121e+002 +4.856286121e+002 +6.4745e+000 +1.0867e+001 +3.7349e+000 +4.8337e+000 +3.7248e+000 -2.8593e-001 +1.0834e+001 +3.0815e+000 +1.3948e+000 +1.8193e+000 +1.3544e+000 +6.5715e+000 +3.5537e+000 +1.4437e+000 +6.6845e+000 +7.0308e-001 +5.0940e+000 -1.2419e+000 +9.5727e+000 +1.5825e+000
866 +3.800203192e+002 +3.800203192e+002 +3.191003192e+002 +3.191003192e+002 +3.2486e+000 +6.7525e+000 +6.8918e+000 +1.4238e+000 -7.8621e+000 +6.7079e+000 +8.1535e+000 +1.0317e+000 -2.5976e-001 -5.4564e-001 +1.8771e-001 +8.8833e+000 +2.0068e+000 -3.1613e-001 +4.7304e+000 -3.4752e+000 +5.9683e+000 +3.7667e-001 +7.1797e+000 +7.3080e+000
1309 +2.302794505e+002 +2.302794505e+002 +1.693594505e+002 +1.693594505e+002 +4.8230e+000 +3.8729e+000 +3.3086e+000 +2.7612e+000 -1.2419e+000 +9.2491e+000 +2.0480e+000 +2.0449e+000 +1.1392e+000 -4.8130e+000 +2.9865e+000 +2.5803e+000 -2.5482e+000 +7.1725e+000 +3.5529e+000 +1.0575e+000 +9.1929e-001 +5.0147e+000 +5.7157e+000 -8.3503e-001
1524 +1.176797350e+002 +1.176797350e+002 +5.675973498e+001 +5.675973498e+001 +1.4160e+000 +5.2246e+000 +3.0301e+000 -9.0816e-001 +2.4706e+000 +1.1109e+000 -8.8979e-001 +5.2974e+000 -3.3050e+000 +5.0524e-001 -1.5810e+000 -1.6395e+000 -2.9065e+000 -2.6410e+000 -1.9887e+000 -5.0897e+000 +7.2749e-001 +9.4964e-001 +2.7475e+000 -5.3086e+000
1598 +9.991189421e+001 +9.991189421e+001 +3.899189421e+001 +3.899189421e+001 -3.7044e+000 +1.0939e+000 +5.9748e+000 -1.6683e+000 -3.7040e+000 +3.2713e+000 +2.6349e+000 +9.5880e-001 +7.3754e-001 -5.5771e+000 -9.7592e-002 +6.3737e+000 -8.0549e-001 -2.5702e+000 +1.8905e+000 -2.3559e+000 -6.3224e-001 +3.0078e+000 +3.8231e+000 -1.8444e+000
2009 +4.323368299e+001 +4.323368299e+001 -1.768631701e+001 -1.768631701e+001 -8.7270e-001 +1.6806e+000 +4.6712e+000 -3.1051e+000 -1.1886e+000 +2.7506e+000 +1.4975e+000 +1.7388e+000 -3.3828e+000 -1.8628e+000 -2.4551e+000 -1.1948e+000 -5.4949e+000 -4.5933e-001 -8.7011e-002 -4.2147e+000 +9.4945e-001 +1.4536e+000 +5.8857e+000 -3.2761e+000
2391 +3.810088327e+001 +3.810088327e+001 -2.281911673e+001 -2.281911673e+001 +1.7384e+000 +3.7299e+000 +3.3301e+000 -4.1691e+000 -2.3070e+000 +2.2691e+000 +1.7210e+000 +1.7333e+000 -2.4823e+000 -3.8450e+000 -1.9626e+000 +1.0403e+000 -2.8691e+000 -4.5134e-001 +1.4383e+000 -4.3046e+000 +1.0732e+000 +2.6123e+000 +2.2181e-001 -5.2593e+000
3180 +2.445023639e+001 +2.445023639e+001 -3.646976361e+001 -3.646976361e+001 +1.1772e+000 +3.0628e+000 +4.6884e+000 +2.1935e-001 -1.7835e+000 +3.8341e+000 +1.4321e+000 +1.6565e+000 -3.6154e+000 -3.3607e+000 -3.2554e+000 +4.2585e-001 -5.2125e+000 -8.6828e-001 +8.6320e-001 -3.3896e+000 +6.4666e-001 +7.0086e-001 +4.0702e+000 -1.5300e+000
3607 +1.387090994e+001 +1.387090994e+001 -4.704909006e+001 -4.704909006e+001 +1.7681e+000 +3.4764e+000 +2.8551e+000 -4.6571e-002 -1.7512e+000 +2.2593e+000 +9.5560e-001 +5.2728e-001 -2.0092e+000 -3.4741e+000 -2.7710e+000 +2.2938e+000 -3.5792e+000 +1.5781e-001 +1.2798e+000 -3.3151e+000 +2.7259e+000 +2.3116e+000 +1.1709e+000 -3.4401e+000
3919 +9.380978702e+000 +9.380978702e+000 -5.153902130e+001 -5.153902130e+001 +6.6770e-001 +4.0223e+000 +2.8185e+000 -1.6425e+000 -3.0249e+000 +1.2108e+000 +9.9751e-001 +1.2303e+000 -2.3876e+000 -2.6207e+000 -1.0271e+000 +2.9128e+000 -2.5186e+000 -3.7280e-001 +2.7204e-001 -4.1150e+000 +2.3200e+000 +2.2064e+000 +3.6252e+000 -1.9262e+000
4228 +5.358390801e+000 +5.358390801e+000 -5.556160920e+001 -5.556160920e+001 +1.2383e+000 +3.9259e+000 +3.5071e+000 -1.0019e+000 -3.5082e+000 +3.1760e+000 +1.6594e+000 +8.9281e-002 -1.9706e+000 -2.6023e+000 -2.4783e+000 +2.5131e+000 -3.8803e+000 +5.8943e-001 +2.3880e-002 -3.4893e+000 +1.0003e+000 +1.9847e+000 +2.4788e+000 -2.5797e+000
4507 +3.130126156e+000 +3.130126156e+000 -5.778987384e+001 -5.778987384e+001 +6.7312e-001 +2.2976e+000 +2.9148e+000 -9.6382e-001 -3.7358e+000 +1.9257e+000 +9.5560e-001 +1.4836e+000 -2.2756e+000 -2.5532e+000 -1.4111e+000 +2.9176e+000 -4.3454e+000 +5.6431e-002 +2.0238e-001 -3.4875e+000 +1.8139e+000 +2.3567e+000 +3.6109e+000 -2.3475e+000
4945 +1.995561072e+000 +1.995561072e+000 -5.892443893e+001 -5.892443893e+001 +1.2939e+000 +2.6200e+000 +3.6532e+000 -5.9928e-001 -2.8342e+000 +1.9304e+000 +3.6682e-001 +9.0906e-001 -1.9940e+000 -2.4585e+000 -1.9825e+000 +2.2009e+000 -3.6203e+000 +6.7066e-001 -1.7158e-001 -3.7571e+000 +1.7697e+000 +1.6617e+000 +2.5073e+000 -2.2195e+000
% function evaluation | noise-free fitness - Fopt (-1.948000000000e+001) | best noise-free fitness - Fopt | measured fitness | best measured fitness | x1 | x2...
1 +1.921258407e+003 +1.921258407e+003 +1.901778407e+003 +1.901778407e+003 +5.3522e+000 +1.2980e+001 +1.3600e+001 +1.4504e+001 +1.0328e+001 +1.3956e+001 +8.2437e+000 +6.2891e+000 +1.0118e+001 +5.8920e+000 +1.2355e+001 +1.3062e+001 +6.8748e+000 +7.7154e+000 +5.1713e+000 +1.0225e+001 +6.7096e+000 +5.8361e+000 +8.6569e+000 +6.8085e+000
86 +1.559339524e+003 +1.559339524e+003 +1.539859524e+003 +1.539859524e+003 +1.2041e+001 +1.1107e+001 +3.5314e+000 +5.0315e+000 +6.9802e+000 +5.9358e+000 +6.4104e+000 +7.7189e+000 +2.8718e+000 +1.0716e+001 +5.3030e+000 +4.1968e+000 +1.5263e+001 +1.0281e+001 +1.3450e+001 +8.8791e+000 +6.2386e+000 +1.0625e+001 +1.4487e+001 +8.0118e+000
272 +9.644547380e+002 +9.644547380e+002 +9.449747380e+002 +9.449747380e+002 +1.1925e+001 +5.7398e+000 +5.7332e+000 +8.7247e+000 +1.2285e+001 +3.1683e+000 +6.1983e+000 +4.4496e+000 +1.4136e+001 +4.1915e+000 +6.4505e+000 -4.1142e+000 +4.9878e+000 +8.9977e+000 +8.0098e+000 +8.3424e+000 +5.0457e+000 +4.7548e+000 -8.4089e-001 +3.0447e+000
796 +5.507113613e+002 +5.507113613e+002 +5.312313613e+002 +5.312313613e+002 +2.1256e+000 +1.1798e+000 +1.5062e+000 -1.1726e+000 +9.6730e+000 +2.9344e+000 -1.2985e+000 +1.2404e+001 +8.4781e+000 +3.4473e+000 +2.2106e+000 -4.1146e+000 +1.2836e+001 +1.1978e+000 +5.1831e+000 +1.9387e+000 +2.6203e+000 +6.2185e+000 +4.6911e+000 +2.2574e+000
957 +3.310024002e+002 +3.310024002e+002 +3.115224002e+002 +3.115224002e+002 +1.4628e+000 +6.3080e-001 +4.2098e+000 -2.1789e+000 +1.1353e+001 -3.4504e+000 -4.0654e+000 -3.7534e+000 +9.8988e+000 -8.5212e-001 -3.6880e+000 -5.5007e+000 -2.4381e+000 +6.6217e+000 +5.2654e+000 +1.1799e+000 +3.0074e+000 +7.7104e+000 +6.4424e+000 +8.7156e-001
1336 +2.329211831e+002 +2.329211831e+002 +2.134411831e+002 +2.134411831e+002 +3.4711e+000 +1.4608e+000 +1.1933e+000 +4.5021e+000 +4.7880e+000 +5.8601e+000 +4.4388e+000 -3.0473e+000 +7.0451e-001 +2.1576e+000 -3.3273e+000 -6.9273e+000 +2.6055e+000 +4.5911e+000 +4.2465e+000 +6.4952e+000 +6.8700e-001 +2.6158e+000 +2.7316e+000 +3.3980e-003
1688 +1.573454046e+002 +1.573454046e+002 +1.378654046e+002 +1.378654046e+002 -1.0620e-001 +2.5246e+000 -2.0917e-001 -3.3063e+000 +7.8144e+000 -2.3346e+000 +3.8964e+000 -2.5176e+000 +3.9245e+000 +3.8450e-001 +2.9226e-001 -1.2189e+000 +4.1523e+000 +6.8687e+000 +3.9538e+000 +1.0944e+000 -5.2563e-001 +9.2068e-001 +5.0594e-001 +2.7219e+000
1839 +8.366477028e+001 +8.366477028e+001 +6.418477028e+001 +6.418477028e+001 -1.4584e+000 +3.0726e+000 -9.2174e-001 -1.9802e-001 +5.1441e+000 +9.1075e-001 -1.3055e+000 +1.0748e+000 +3.5730e+000 -1.9947e-001 -3.1316e+000 -2.9646e+000 +5.9877e+000 -1.9705e+000 +5.0716e-001 -2.1546e+000 +1.2816e-001 +1.2391e+000 -2.3425e-001 +1.1546e-001
2448 +6.292522232e+001 +6.292522232e+001 +4.344522232e+001 +4.344522232e+001 -1.0188e+000 +4.2467e+000 -2.4040e-001 +2.5906e+000 +9.6260e-001 -1.0121e+000 -4.5775e-001 -4.2067e+000 +2.5182e+000 -8.2635e-002 -1.5418e+000 -5.6483e+000 +4.1377e+000 +1.4726e+000 +2.2090e+000 -2.9539e+000 -6.2916e-001 +5.7410e+000 -2.7199e+000 -1.1950e+000
2929 +3.889856459e+001 +3.889856459e+001 +1.941856459e+001 +1.941856459e+001 -2.1565e-001 +2.0697e+000 -2.8766e-001 +4.1662e-001 +1.8819e+000 -6.0658e-001 -6.8992e-001 -3.1811e+000 +7.5752e-001 -6.9395e-003 -3.0488e+000 -3.1298e+000 +2.6118e+000 +2.5638e+000 -1.4681e+000 -2.2808e+000 -1.9615e+000 +4.0766e-001 -3.0356e-001 +3.7728e+000
3416 +2.394864900e+001 +2.394864900e+001 +4.468649004e+000 +4.468649004e+000 -2.0176e+000 +2.3063e+000 +1.3017e+000 +8.7711e-001 +3.5680e+000 -1.6716e+000 -2.7178e+000 -1.6534e+000 +2.2861e+000 +1.0541e-001 -1.1735e+000 -5.1728e+000 +3.8830e+000 +3.5262e+000 +2.2467e+000 -5.2879e-001 -2.2808e-002 +3.9336e+000 +2.6680e+000 +7.4938e-001
3678 +1.366511305e+001 +1.366511305e+001 -5.814886948e+000 -5.814886948e+000 -5.0717e-001 +2.3746e+000 +8.5878e-001 +2.6729e+000 +5.0079e+000 -8.4368e-001 -3.0807e+000 -3.7732e+000 +1.3521e+000 +1.4047e+000 -2.2402e+000 -4.5874e+000 +2.0187e+000 +3.3074e+000 -4.3330e-001 -1.2135e+000 -1.8925e+000 +3.8410e+000 -3.1106e-001 +2.2492e+000
3901 +9.677111869e+000 +9.677111869e+000 -9.802888131e+000 -9.802888131e+000 -1.8250e+000 +2.9580e+000 +1.2290e+000 +2.1979e+000 +3.9516e+000 -6.0484e-001 -3.2512e+000 -2.6335e+000 +1.4662e+000 +9.1786e-001 -3.0620e+000 -4.1679e+000 +3.5877e+000 +3.7762e+000 +3.0174e-001 +1.0588e+000 -2.2204e+000 +2.9819e+000 +4.7884e-001 +1.6220e+000
4272 +5.190370949e+000 +5.190370949e+000 -1.428962905e+001 -1.428962905e+001 -6.1841e-001 +1.8817e+000 +4.1799e-001 +1.5634e+000 +3.4254e+000 -1.4689e+000 -2.8431e+000 -2.7010e+000 +2.4563e+000 +9.9600e-001 -2.7258e+000 -4.2903e+000 +3.2834e+000 +2.7983e+000 +1.3176e+000 -1.4510e+000 -2.1622e+000 +2.7971e+000 +1.1695e+000 +1.8419e+000
4678 +3.102477908e+000 +3.102477908e+000 -1.637752209e+001 -1.637752209e+001 -1.0893e+000 +2.3809e+000 +1.4113e+000 +1.8552e+000 +3.1967e+000 -1.6129e+000 -2.6179e+000 -3.4435e+000 +2.7055e+000 +1.4047e+000 -2.7205e+000 -3.7874e+000 +3.5867e+000 +3.2445e+000 -4.3330e-001 -1.0291e+000 -1.2360e+000 +3.1193e+000 +5.3457e-001 +1.2239e+000
% function evaluation | noise-free fitness - Fopt (1.344700000000e+002) | best noise-free fitness - Fopt | measured fitness | best measured fitness | x1 | x2...
1 +2.568368028e+003 +2.568368028e+003 +2.702838028e+003 +2.702838028e+003 +7.5464e+000 +9.3369e+000 +1.2876e+001 +9.6048e+000 +1.4101e+001 +1.3168e+001 +7.4782e+000 +1.3874e+001 +5.6061e+000 +7.9231e+000 +1.2595e+001 +1.4335e+001 +7.2523e+000 +9.5353e+000 +6.8785e+000 +1.4448e+001 +7.5260e+000 +6.1399e+000 +9.4669e+000 +5.9323e+000
8 +2.259174783e+003 +2.259174783e+003 +2.393644783e+003 +2.393644783e+003 +1.1440e+001 +1.2986e+001 +5.5651e+000 +9.8599e+000 +6.5374e+000 +9.7286e+000 +7.7823e+000 +1.1100e+001 +1.2615e+001 +5.8961e+000 +7.3705e+000 +7.5541e+000 +5.7151e+000 +7.3683e+000 +7.2656e+000 +1.3831e+001 +1.0595e+001 +1.0471e+001 +9.6089e+000 +6.6845e+000
339 +1.292567763e+003 +1.292567763e+003 +1.427037763e+003 +1.427037763e+003 +8.3930e+000 +7.0020e+000 +3.9208e+000 +3.7876e+000 +7.0921e+000 +7.4786e+000 +2.9222e+000 +1.1990e+001 +4.9580e+000 +4.7274e+000 +9.4729e+000 +7.7796e+000 +6.7146e+000 +6.9510e+000 +6.0475e+000 +4.5899e+000 +8.3518e+000 +6.6923e+000 +5.1259e+000 -1.2425e+000
740 +7.845108531e+002 +7.845108531e+002 +9.189808531e+002 +9.189808531e+002 +1.6347e+000 +6.6729e+000 +9.1683e+000 +2.4755e+000 +5.0769e+000 -6.6522e-001 -4.4953e-001 +1.3827e+000 +5.4093e+000 +7.2337e+000 +6.3962e+000 +5.5568e+000 -7.6229e+000 +7.0626e+000 +2.9494e+000 -1.5486e+000 +6.0204e+000 -3.9302e+000 +6.1122e+000 +1.5329e+000
1088 +5.801980876e+002 +5.801980876e+002 +7.146680876e+002 +7.146680876e+002 +4.3037e+000 +6.3696e+000 +5.4251e+000 +5.5058e+000 +1.2170e+000 +8.0210e+000 -1.9648e+000 +5.2906e+000 -3.8741e+000 +2.4820e-001 +3.8161e+000 -1.6122e+000 +7.1240e+000 +6.1925e+000 +2.4238e+000 +5.2790e+000 -5.2047e+000 -1.2374e+000 -3.5322e-001 -3.1987e+000
1292 +3.479924249e+002 +3.479924249e+002 +4.824624249e+002 +4.824624249e+002 +4.0769e+000 +5.8472e+000 +7.8571e+000 -2.4402e-001 +1.8299e+000 +2.9798e+000 +2.1292e+000 +1.6683e+000 -1.3221e+000 +3.3002e+000 +4.5015e+000 -3.0614e-001 -6.9415e+000 +5.8433e-001 -5.8530e-001 +2.5131e+000 -1.2894e+000 -2.5096e+000 -2.5248e+000 -5.1675e+000
1643 +2.430071124e+002 +2.430071124e+002 +3.774771124e+002 +3.774771124e+002 +3.1906e-001 +5.5985e+000 -2.4007e+000 -1.7255e+000 +1.9217e-001 +6.6870e+000 +4.3234e+000 -2.2859e+000 -7.5913e+000 -1.1764e+000 +6.9850e+000 +3.7098e+000 -4.5689e+000 +6.0942e-002 -9.4661e+000 -3.7690e-001 +2.9705e-001 -3.6097e+000 -7.9499e+000 +2.5284e+000
1786 +1.333434930e+002 +1.333434930e+002 +2.678134930e+002 +2.678134930e+002 -2.0049e+000 +6.8281e+000 -3.9450e-001 -2.2849e+000 -6.1089e+000 -3.0286e-002 +5.2518e-002 +4.9305e-001 -6.3862e+000 -3.0829e+000 +8.8218e+000 +2.3192e-001 -9.0546e-001 -2.9927e+000 -1.5123e+000 -2.3266e+000 -2.8379e+000 -8.5931e+000 -1.1949e+000 +2.7980e+000
2204 +8.667753906e+001 +8.667753906e+001 +2.211475391e+002 +2.211475391e+002 -2.0314e+000 +1.0305e+000 -1.6177e+000 -2.7691e+000 +1.0927e+000 +5.5222e+000 +5.2409e+000 +5.5578e-001 -1.9147e+000 -2.3175e+000 +4.7595e+000 +2.9345e+000 -2.7462e-002 -1.9307e+000 -3.5411e+000 +5.8687e-001 -1.2027e+000 -2.1489e+000 -2.8724e+000 +7.5567e-001
2766 +4.356828800e+001 +4.356828800e+001 +1.780382880e+002 +1.780382880e+002 -3.7094e+000 +3.8751e+000 -1.8934e+000 -2.0543e+000 -3.3941e+000 +2.7661e+000 +3.6582e+000 -1.9820e+000 -1.4775e+000 -3.6568e+000 +1.0540e+000 +2.3799e+000 +6.8200e-001 -1.4295e+000 -3.7902e+000 +1.0992e+000 -4.9794e+000 -2.7582e+000 -2.1702e+000 +2.1948e+000
3078 +2.175239065e+001 +2.175239065e+001 +1.562223906e+002 +1.562223906e+002 -4.8418e+000 +2.2228e+000 +3.3390e-001 -3.3421e+000 -4.4405e+000 +1.2008e+000 +2.2015e+000 -2.6140e-001 -2.3305e+000 -6.7121e-001 +2.1662e+000 +1.1278e+000 +3.2383e-001 -2.6864e+000 -4.0415e+000 -3.3424e+000 -1.5816e+000 -3.8337e+000 -1.2159e-001 +6.6037e-001
3872 +1.405230854e+001 +1.405230854e+001 +1.485223085e+002 +1.485223085e+002 -3.6137e+000 +3.7865e+000 +2.8754e-001 -3.4039e+000 -7.0104e-001 +7.0117e-001 +2.3900e+000 -1.6013e+000 -4.0968e+000 -2.4471e+000 +8.5311e-001 +2.4606e+000 +3.3045e-001 -2.9781e+000 -4.5528e+000 -6.1996e-001 -1.2718e+000 -3.2839e+000 -1.7229e+000 +1.1265e+000
4310 +9.977600464e+000 +9.977600464e+000 +1.444476005e+002 +1.444476005e+002 -2.3257e+000 +2.5162e+000 +3.2114e-001 -3.3108e+000 -4.1945e+000 +1.8646e-001 +2.0040e+000 -9.5317e-001 -3.5905e+000 -4.3383e+000 +3.0314e+000 +1.8299e+000 -5.1649e-001 -2.4200e+000 -3.0388e+000 -1.7072e+000 -8.2555e-001 -3.0003e+000 -2.3519e+000 +6.1878e-001
4531 +3.314582012e+000 +3.314582012e+000 +1.377845820e+002 +1.377845820e+002 -3.3318e+000 +3.0816e+000 +1.5839e-001 -2.2445e+000 -3.0189e+000 +1.4398e-001 +2.8669e+000 -1.4759e+000 -3.0422e+000 -2.3844e+000 +2.2345e+000 +8.2032e-001 +4.4115e-001 -4.2103e+000 -3.8587e+000 -1.2733e+000 -1.7194e+000 -2.6171e+000 -1.8178e+000 +1.9523e+000
% function evaluation | noise-free fitness - Fopt (4.453500000000e+002) | best noise-free fitness - Fopt | measured fitness | best measured fitness | x1 | x2...
1 +2.196794401e+003 +2.196794401e+003 +2.642144401e+003 +2.642144401e+003 +1.1393e+001 +1.1671e+001 +5.0254e+000 +1.0263e+001 +1.0223e+001 +6.3809e+000 +6.1022e+000 +9.7398e+000 +1.3554e+001 +5.0894e+000 +1.3283e+001 +9.1815e+000 +1.4119e+001 +1.3768e+001 +5.5833e+000 +1.3178e+001 +1.2228e+001 +1.0111e+001 +9.2134e+000 +1.4555e+001
6 +1.498498850e+003 +1.498498850e+003 +1.943848850e+003 +1.943848850e+003 +8.7199e+000 +5.5906e+000 +7.9351e+000 +9.0630e+000 +1.0570e+001 +7.2806e+000 +8.1515e+000 +5.6818e+000 +5.2988e+000 +7.2439e+000 +8.2836e+000 +1.3811e+001 +5.3557e+000 +9.7814e+000 +1.2512e+001 +5.6815e+000 +7.8203e+000 +1.0647e+001 +9.1644e+000 +1.2582e+001
357 +9.098388351e+002 +9.098388351e+002 +1.355188835e+003 +1.355188835e+003 +4.0393e+000 +9.3416e+000 +7.9083e+000 +4.9968e+000 +1.0638e+001 +9.7870e+000 +5.3425e+000 +5.1113e+000 +2.5120e+000 +6.1148e+000 +8.2565e+000 +4.3263e+000 +8.0557e+000 +1.0896e+001 +6.4824e+000 +2.5385e+000 +4.6606e+000 +4.1143e+000 +5.0210e+000 +1.1101e+001
660 +5.338646180e+002 +5.338646180e+002 +9.792146180e+002 +9.792146180e+002 -6.5360e-001 +9.0034e+000 +2.6316e+000 +3.6603e-001 +7.5181e+000 +8.8132e+000 +6.1783e+000 +3.9747e+000 -2.3433e+000 +2.9480e+000 +9.0069e+000 -1.7320e+000 +5.4439e+000 -4.0166e-001 +2.6182e+000 +2.3138e+000 +8.9568e+000 +3.0835e+000 +5.4993e+000 +8.8588e+000
969 +2.365805178e+002 +2.365805178e+002 +6.819305178e+002 +6.819305178e+002 -6.7447e+000 +3.3600e+000 -8.8473e-001 +2.2603e+000 +9.3400e+000 +2.5635e+000 -1.0710e+001 +2.5742e+000 +3.9552e+000 +1.4567e+000 +5.4893e+000 +5.8218e-001 +4.3087e+000 +3.6924e+000 +5.1473e+000 -2.8891e+000 +2.9792e+000 +5.2028e-001 +2.7703e+000 +1.0735e+000
1414 +1.513961972e+002 +1.513961972e+002 +5.967461972e+002 +5.967461972e+002 -3.9101e+000 +4.9802e+000 -6.0149e-001 +2.9741e+000 +6.9961e+000 +6.7061e+000 -5.6479e+000 +3.4724e+000 -2.0504e-001 +4.4406e-001 +6.3750e+000 +2.4759e+000 +5.3208e+000 +1.8970e-001 +2.6554e+000 -6.7290e+000 +1.8409e+000 -2.0295e+000 +5.9995e+000 -2.7987e-001
1812 +9.371902239e+001 +9.371902239e+001 +5.390690224e+002 +5.390690224e+002 -3.3184e+000 +7.2290e+000 -3.7302e-001 -4.6869e-001 +1.0775e+000 +4.4591e+000 -2.9323e+000 -1.3143e+000 -9.6497e-001 -7.1204e-001 +6.8593e+000 +2.9260e+000 +6.6037e-001 -1.4650e+000 +2.2913e+000 +7.6236e-001 +2.0439e+000 +1.0571e+000 +3.1140e+000 +4.3830e+000
2271 +5.779876237e+001 +5.779876237e+001 +5.031487624e+002 +5.031487624e+002 -2.7867e+000 +2.4183e+000 +7.7560e-001 +3.1795e+000 +3.4164e+000 +5.4803e+000 -7.2210e+000 +5.2699e+000 +1.7691e+000 -1.6631e+000 +4.6679e+000 +4.1210e+000 +1.4760e+000 -2.5028e+000 +3.3885e-001 -1.3001e-001 -2.7710e+000 -1.5143e+000 +4.7648e+000 +2.7287e+000
2781 +3.386394685e+001 +3.386394685e+001 +4.792139469e+002 +4.792139469e+002 -4.0067e+000 +5.0071e+000 +1.6640e+000 -6.5274e-001 +3.4687e+000 +5.3410e+000 -3.2452e+000 +1.4446e+000 +1.8382e+000 -9.2682e-001 +2.6016e+000 +3.2038e+000 +1.0691e+000 -1.0052e+000 +2.3626e+000 -3.3974e-001 -2.4473e+000 -3.0880e+000 +5.4882e+000 +5.1441e+000
3371 +2.365313140e+001 +2.365313140e+001 +4.690031314e+002 +4.690031314e+002 -4.1586e+000 +1.8415e+000 +3.6498e-001 -2.3848e+000 +4.1374e+000 +2.7338e+000 -4.8249e+000 +2.2568e+000 +1.0324e+000 -1.8698e+000 +2.8517e+000 +4.1210e+000 +1.4760e+000 -2.4071e+000 +1.6147e+000 -4.3287e+000 -1.0498e+000 -2.9897e-001 +4.0880e+000 +2.4931e+000
3549 +1.454949554e+001 +1.454949554e+001 +4.598994955e+002 +4.598994955e+002 -4.2657e+000 +1.4678e+000 -2.0134e-001 -1.0838e+000 +3.8993e+000 +2.7493e+000 -3.7511e+000 +1.3714e+000 +1.0504e+000 -8.5430e-001 +1.3792e+000 +2.7986e+000 +1.0179e+000 -3.0834e+000 +1.6803e+000 -3.7479e+000 -1.3602e+000 -6.2017e-001 +3.9882e+000 +2.1550e+000
4049 +7.495769026e+000 +7.495769026e+000 +4.528457690e+002 +4.528457690e+002 -2.7820e+000 +3.0700e+000 -2.0134e-001 -4.6153e-001 +2.9329e+000 +2.3800e+000 -3.5876e+000 +1.3714e+000 +2.3938e+000 -1.3179e+000 +1.9339e+000 +2.7986e+000 -3.8230e-001 -2.8279e+000 +2.8549e+000 -2.7702e+000 -1.3602e+000 -6.2017e-001 +3.9882e+000 +2.1550e+000
4294 +6.100591185e+000 +6.100591185e+000 +4.514505912e+002 +4.514505912e+002 -3.0379e+000 +2.9270e+000 -1.1543e+000 +1.1217e+000 +3.4831e+000 +3.7625e+000 -3.7399e+000 +5.5459e-001 +8.2667e-001 -2.3677e+000 +2.2451e+000 +3.0648e+000 -3.7069e-001 -2.2176e+000 +1.8859e+000 -1.7674e+000 -1.8829e+000 -2.5248e+000 +3.1005e+000 +3.0610e+000
4779 +3.599917865e+000 +3.599917865e+000 +4.489499179e+002 +4.489499179e+002 -3.7487e+000 +3.0785e+000 -7.4333e-001 +5.3824e-001 +3.2305e+000 +3.2345e+000 -4.6756e+000 +1.6112e+000 +2.1532e+000 -2.2627e+000 +1.5919e+000 +2.6594e+000 +6.2754e-001 -2.2147e+000 +1.4049e+000 -2.4148e+000 -1.0736e+000 -6.3402e-001 +3.8908e+000 +3.4415e+000
