% function evaluation | noise-free fitness - Fopt (-4.620900000000e+002) | best noise-free fitness - Fopt | measured fitness | best measured fitness | x1 | x2...
1 +3.594152168e+005 +3.594152168e+005 +3.589531268e+005 +3.589531268e+005 +1.1389e+001 +1.1851e+001 +1.0693e+001 +1.3184e+001 +9.2436e+000 +1.3103e+001 +1.3249e+001 +1.3712e+001 +5.2129e+000 +6.0760e+000 +1.0769e+001 +1.3163e+001 +1.4354e+001 +6.0113e+000 +1.2884e+001 +5.5863e+000 +6.7709e+000 +7.1100e+000 +6.5758e+000 +6.9286e+000
37 +2.012441766e+005 +2.012441766e+005 +2.007820866e+005 +2.007820866e+005 +1.4851e+001 +9.0907e+000 +1.1459e+001 +6.0249e+000 +6.5185e+000 +6.4871e+000 +5.1915e+000 +5.3789e+000 +8.0303e+000 +1.0048e+001 +5.8730e+000 +1.4471e+001 +1.1357e+001 +8.3229e+000 +6.8626e+000 +6.2675e+000 +7.6468e+000 +9.5047e+000 +5.5632e+000 +8.2934e+000
281 +1.504369707e+005 +1.504369707e+005 +1.499748807e+005 +1.499748807e+005 +1.4570e+001 +4.4106e+000 +5.6543e+000 +1.1178e+001 +6.8481e+000 +8.4037e+000 +2.0500e+000 +1.0062e+001 +7.8039e+000 +5.7697e+000 +1.0620e+001 +1.3787e+001 +4.5795e+000 +2.2445e+000 +3.6616e+000 +9.7835e+000 +9.0840e+000 +5.6084e+000 +3.8093e+000 +3.7150e+000
496 +9.699578221e+004 +9.699578221e+004 +9.653369221e+004 +9.653369221e+004 +8.7733e+000 +9.5735e+000 +5.0008e+000 +1.3361e+001 +8.5944e+000 +8.1571e+000 +4.0772e+000 +1.0636e+001 +7.4607e+000 +1.2703e+001 +7.5788e+000 +1.6249e+001 +4.5475e+000 +5.4647e+000 +3.3941e+000 +6.1188e+000 +5.4840e+000 +3.9769e+000 +2.3267e+000 +6.6429e+000
684 +5.605585095e+004 +5.605585095e+004 +5.559376095e+004 +5.559376095e+004 +5.5054e+000 +9.6976e+000 +7.1651e+000 +5.2917e+000 +4.4533e+000 +8.6161e+000 -3.1120e+000 +8.7759e+000 +7.1140e+000 +1.1843e+001 +8.1396e+000 +9.7542e+000 +2.3896e+000 +1.4464e+000 +2.8960e+000 +3.2390e+000 +4.2032e+000 +5.2100e+000 -7.7835e-001 +1.1042e+001
831 +3.576720054e+004 +3.576720054e+004 +3.530511054e+004 +3.530511054e+004 +5.3037e+000 +1.2016e+001 +5.3251e+000 +5.8924e+000 +5.3522e+000 +5.9712e+000 -3.3602e+000 +8.9458e+000 +6.2466e+000 +8.9148e+000 +6.3404e+000 +1.3499e+001 -1.0708e+000 +1.2705e+000 +1.6433e+000 +5.3984e+000 +1.9419e+000 +2.2201e+000 +5.7533e-001 +9.9959e+000
982 +2.422420531e+004 +2.422420531e+004 +2.376211531e+004 +2.376211531e+004 +2.2296e+000 +1.0058e+001 +4.8928e+000 +2.5626e+000 +2.8527e+000 +5.4208e+000 -4.2157e+000 +7.2861e+000 +5.4480e+000 +9.1528e+000 +5.3656e+000 +1.1008e+001 -2.4357e+000 -7.1521e+000 -3.1287e-001 +4.1637e-001 +8.0245e-001 +8.8452e-001 -3.2109e-001 +1.2322e+001
1242 +1.541737866e+004 +1.541737866e+004 +1.495528866e+004 +1.495528866e+004 +2.8329e+000 +1.0038e+001 +4.4274e+000 +2.5512e+000 +4.6945e-001 +6.6169e+000 -4.5190e+000 +8.8467e+000 +4.5835e+000 +9.2449e+000 +2.8726e+000 +7.9423e+000 -4.2595e+000 -4.3461e+000 -3.3873e+000 -3.5313e+000 -2.8240e+000 -5.6526e+000 -1.3578e+000 +1.0208e+001
1408 +9.957825805e+003 +9.957825805e+003 +9.495735805e+003 +9.495735805e+003 -6.8385e-001 +9.3425e+000 +4.2361e+000 -5.5828e-001 -1.5222e+000 +5.6184e+000 -4.8807e+000 +5.8231e+000 +3.3085e+000 +9.2919e+000 +3.2019e+000 +7.3490e+000 -2.0851e+000 -4.1941e+000 -7.3172e-002 -1.2178e+000 -1.3443e+000 -5.2504e-001 -3.6871e+000 +9.6701e+000
1643 +6.166639056e+003 +6.166639056e+003 +5.704549056e+003 +5.704549056e+003 -4.3600e-001 +9.1861e+000 +3.2661e+000 -3.6552e+000 -8.4987e-001 +5.6013e+000 -4.7652e+000 +5.0943e+000 +2.8778e+000 +6.7899e+000 +2.6659e+000 +5.8591e+000 -4.1768e+000 +9.5695e-002 +1.8415e+000 -1.4213e+000 -1.1526e+000 -1.8793e+000 -2.3583e+000 +8.7039e+000
1866 +3.905416332e+003 +3.905416332e+003 +3.443326332e+003 +3.443326332e+003 -2.8663e-002 +8.9943e+000 +2.9495e+000 -3.0616e+000 -2.0531e+000 +5.9589e+000 -3.5788e+000 +4.5673e+000 +1.9919e+000 +6.3554e+000 +2.8957e+000 +4.9940e+000 -3.6002e+000 +2.7239e+000 +1.9741e+000 -7.3276e-001 -1.0055e+000 +1.3641e+000 -1.9664e+000 +6.3930e+000
2035 +2.498483369e+003 +2.498483369e+003 +2.036393369e+003 +2.036393369e+003 -7.3258e-002 +8.5431e+000 +2.2988e+000 -2.0588e+000 -1.4618e+000 +4.4424e+000 -3.8074e+000 +4.0255e+000 +2.0865e+000 +5.8176e+000 +2.8520e+000 +3.9271e+000 -3.9974e+000 -3.7230e-001 +1.0958e+000 -2.5578e+000 -2.9465e-001 +1.0421e+000 -2.2830e+000 +3.8950e+000
2282 +1.570841287e+003 +1.570841287e+003 +1.108751287e+003 +1.108751287e+003 +1.1163e+000 +7.6345e+000 +2.0600e+000 -2.5638e+000 -1.1672e+000 +5.1037e+000 -3.2748e+000 +4.0799e+000 +1.9962e+000 +5.3161e+000 +2.7917e+000 +3.8779e+000 -2.5570e+000 +7.8188e-001 +1.4251e+000 -3.2034e+000 -8.7029e-002 +3.1869e+000 -6.3503e-001 +1.6813e+000
2562 +9.262918962e+002 +9.262918962e+002 +4.642018962e+002 +4.642018962e+002 +2.6458e+000 +6.6606e+000 +2.0743e+000 -1.5921e+000 -8.3960e-001 +4.6554e+000 -3.4868e+000 +3.5141e+000 +1.5817e+000 +4.7657e+000 +2.2581e+000 +2.3755e+000 -2.4310e+000 -9.5402e-001 +1.5169e+000 -3.0201e+000 +1.3769e-001 +3.0430e+000 +1.0971e+000 +3.3143e-001
2880 +5.965309720e+002 +5.965309720e+002 +1.344409720e+002 +1.344409720e+002 +2.6492e+000 +6.0342e+000 +1.5018e+000 -2.0164e+000 -4.2511e-003 +4.5255e+000 -3.2668e+000 +3.2419e+000 +1.6751e+000 +4.6989e+000 +2.7081e+000 +1.2723e+000 -1.6838e+000 -1.3872e+000 +1.2878e+000 -3.4895e+000 +2.7767e-001 +3.4244e+000 +1.5653e+000 -7.8621e-001
3704 +3.961819640e+002 +3.961819640e+002 -6.590803604e+001 -6.590803604e+001 +2.2809e+000 +4.8731e+000 +4.6035e-001 -1.9385e+000 +9.4375e-002 +4.9832e+000 -3.1820e+000 +3.1815e+000 +1.7325e+000 +4.4461e+000 +2.8043e+000 +8.8199e-001 -1.8102e+000 -2.0038e+000 +1.3867e+000 -3.4907e+000 +9.2246e-003 +3.1226e+000 +2.1162e+000 +1.5558e-001
6546 +2.511767478e+002 +2.511767478e+002 -2.109132522e+002 -2.109132522e+002 +2.2885e+000 +4.8984e+000 +5.8832e-001 -1.8715e+000 +8.6143e-001 +3.9247e+000 -3.2244e+000 +3.2164e+000 +1.7849e+000 +4.6608e+000 +2.7187e+000 -1.4611e-001 -1.2242e+000 -2.4445e+000 +1.3416e+000 -3.5341e+000 -2.2705e-002 +3.3377e+000 +2.1516e+000 +1.5138e+000
% function evaluation | noise-free fitness - Fopt (7.766000000000e+001) | best noise-free fitness - Fopt | measured fitness | best measured fitness | x1 | x2...
1 +3.168637653e+005 +3.168637653e+005 +3.169414253e+005 +3.169414253e+005 +1.0904e+001 +1.3394e+001 +1.4274e+001 +1.4102e+001 +6.9941e+000 +1.2800e+001 +5.6409e+000 +7.8203e+000 +9.8067e+000 +1.0294e+001 +6.7010e+000 +9.0274e+000 +7.3118e+000 +6.3761e+000 +1.4336e+001 +1.1086e+001 +5.1844e+000 +8.2814e+000 +1.1549e+001 +1.4857e+001
3 +2.478713968e+005 +2.478713968e+005 +2.479490568e+005 +2.479490568e+005 +7.6580e+000 +5.2848e+000 +1.2014e+001 +8.5403e+000 +6.8280e+000 +5.3238e+000 +8.4551e+000 +8.2596e+000 +8.9424e+000 +9.7376e+000 +8.3824e+000 +1.1584e+001 +8.7326e+000 +7.6423e+000 +9.9727e+000 +6.9861e+000 +1.1757e+001 +6.1021e+000 +5.0569e+000 +7.1212e+000
337 +1.562760824e+005 +1.562760824e+005 +1.563537424e+005 +1.563537424e+005 +5.7502e+000 +6.6437e+000 +1.0354e+001 +1.4243e+001 +7.3807e+000 +1.2915e+001 +6.8576e+000 +8.5728e+000 +5.7105e+000 +9.7288e+000 +9.0461e+000 +1.2275e+001 +1.0212e+001 +6.4716e+000 +4.2057e+000 +7.1368e+000 +4.2083e+000 +1.4332e+001 +2.5159e+000 +1.7088e+001
655 +9.776247935e+004 +9.776247935e+004 +9.784013935e+004 +9.784013935e+004 +7.1025e+000 +1.3077e+001 +1.1993e+001 +8.3231e+000 +5.3794e+000 +1.2910e+001 +6.1163e+000 +1.0902e+001 +2.3544e+000 +1.1526e+001 +8.9228e+000 +9.8766e+000 +1.8062e+000 +7.0055e+000 +6.0114e+000 +1.2656e+001 +4.0766e+000 +6.8041e+000 +4.3791e+000 +7.5723e+000
825 +6.109471018e+004 +6.109471018e+004 +6.117237018e+004 +6.117237018e+004 +4.8014e+000 +1.1146e+001 +9.2669e+000 +1.2720e+001 +4.2963e+000 +1.0228e+001 +2.5495e+000 +1.0169e+001 +1.9850e+000 +8.8174e+000 +8.7388e+000 +7.4350e+000 +1.8028e+000 +7.9565e+000 +1.7582e+000 +1.2847e+001 -1.4475e+000 +9.3890e+000 +4.0928e+000 +8.5448e+000
1040 +3.856026510e+004 +3.856026510e+004 +3.863792510e+004 +3.863792510e+004 +1.8947e+000 +1.0192e+001 +6.5339e+000 +1.3586e+001 +4.9980e+000 +8.5527e+000 -4.5706e+000 +6.4920e+000 +1.2166e+000 +1.0134e+001 +4.8069e+000 +1.7962e+000 +2.2078e+000 +6.9701e+000 +1.0859e+000 +1.3972e+001 -1.3508e+000 +8.9102e+000 +2.5222e+000 +8.5504e+000
1236 +2.396560691e+004 +2.396560691e+004 +2.404326691e+004 +2.404326691e+004 +2.4570e+000 +6.7068e+000 +6.2726e+000 +8.8229e+000 +3.4320e+000 +7.9014e+000 -2.4668e+000 +6.9180e+000 -3.6237e-001 +9.4164e+000 +6.7555e+000 +3.1319e+000 +7.6718e-001 +6.9602e+000 +1.3030e-001 +1.2601e+001 -2.4391e+000 +7.0017e+000 +1.9741e+000 +6.0366e+000
1449 +1.316507520e+004 +1.316507520e+004 +1.324273520e+004 +1.324273520e+004 -1.5799e+000 +9.0860e+000 +6.6799e-001 +6.9486e+000 +4.1874e+000 +5.6109e+000 -3.1298e+000 +6.6727e+000 +1.0820e+000 +9.6598e+000 +5.5371e+000 +4.7636e+000 +1.2351e+000 +7.8985e+000 -7.2081e-001 +4.9791e+000 -1.8850e+000 +7.3581e+000 +3.6422e+000 +4.9968e+000
1576 +9.868035333e+003 +9.868035333e+003 +9.945695333e+003 +9.945695333e+003 +7.3374e-001 +9.0213e+000 +2.8264e+000 +6.0977e+000 +3.3158e+000 +3.2373e+000 -1.3919e+000 +4.4319e+000 -3.1367e-001 +8.7164e+000 +4.5984e+000 +3.9837e+000 +9.6831e-001 +7.0328e+000 -2.0867e+000 +8.0517e+000 -2.6512e+000 +7.5800e+000 +2.7882e+000 +5.8557e+000
1776 +6.181945859e+003 +6.181945859e+003 +6.259605859e+003 +6.259605859e+003 +3.0247e-002 +6.7964e+000 +5.1160e-001 +6.5485e+000 +2.6102e+000 +4.2243e+000 -5.1989e+000 +5.9376e+000 -9.6133e-001 +8.4035e+000 +4.5339e+000 +1.2882e+000 +1.0663e+000 +6.6041e+000 -1.9325e+000 +5.2672e+000 -2.5693e+000 +6.7526e+000 +2.2961e+000 +5.0467e+000
1951 +3.741155916e+003 +3.741155916e+003 +3.818815916e+003 +3.818815916e+003 -2.8189e-001 +6.1620e+000 -1.5715e-002 +5.4414e+000 +2.7345e+000 +3.6402e+000 -5.9117e+000 +5.5937e+000 -2.4103e+000 +6.6868e+000 +3.6740e+000 +5.1163e-001 +5.7799e-001 +5.2155e+000 -1.2966e+000 +5.7225e+000 -1.4424e+000 +6.4169e+000 +1.8725e+000 +5.9071e+000
2243 +2.501199165e+003 +2.501199165e+003 +2.578859165e+003 +2.578859165e+003 +6.0211e-001 +5.1572e+000 +1.4257e-001 +5.8349e+000 +1.9572e+000 +4.2795e+000 -5.0172e+000 +5.1100e+000 -3.1658e+000 +5.8343e+000 +1.9748e+000 -2.0963e+000 +5.6822e-001 +3.3277e+000 -1.2273e+000 +5.0604e+000 -1.9078e+000 +5.7825e+000 +2.1941e+000 +4.0775e+000
2781 +1.572306520e+003 +1.572306520e+003 +1.649966520e+003 +1.649966520e+003 +3.1913e-001 +3.0833e+000 +4.1093e-001 +5.6581e+000 +1.8913e+000 +4.2357e+000 -4.4805e+000 +5.7692e+000 -2.7875e+000 +4.1567e+000 +7.2330e-001 -3.6708e+000 +2.3122e-001 +2.7730e+000 -7.2996e-001 +4.6079e+000 -1.5536e+000 +3.1947e+000 +1.8698e+000 +1.9641e+000
3341 +9.811355206e+002 +9.811355206e+002 +1.058795521e+003 +1.058795521e+003 +2.7059e-001 +3.8397e+000 +1.6359e+000 +4.9969e+000 +1.7665e+000 +3.9560e+000 -4.3116e+000 +5.5180e+000 -3.3121e+000 +4.8458e+000 +1.0357e+000 -2.5280e+000 +4.1210e-001 -1.5659e+000 -1.4133e-001 +3.5567e+000 -1.4917e+000 +9.1816e-001 +2.5071e+000 -5.8618e-003
4068 +6.286845682e+002 +6.286845682e+002 +7.063445682e+002 +7.063445682e+002 +2.9578e-001 +2.9573e+000 +1.2473e+000 +5.2391e+000 +1.6331e+000 +4.6653e+000 -4.3189e+000 +5.2926e+000 -2.9401e+000 +4.2409e+000 +1.4959e+000 -2.5042e+000 +2.7392e-001 -1.2804e+000 +6.2805e-001 +3.8989e+000 -1.1317e+000 -2.3534e+000 +2.4050e+000 -1.8019e+000
% function evaluation | noise-free fitness - Fopt (1.156800000000e+002) | best noise-free fitness - Fopt | measured fitness | best measured fitness | x1 | x2...
1 +2.517017984e+005 +2.517017984e+005 +2.518174784e+005 +2.518174784e+005 +9.1019e+000 +6.7241e+000 +6.8066e+000 +6.8549e+000 +1.0097e+001 +8.8973e+000 +1.1964e+001 +7.7907e+000 +1.4788e+001 +9.5666e+000 +1.3621e+001 +5.8222e+000 +7.4687e+000 +7.5948e+000 +1.3221e+001 +5.1574e+000 +6.5288e+000 +8.5933e+000 +7.8571e+000 +5.9883e+000
11 +2.486551486e+005 +2.486551486e+005 +2.487708286e+005 +2.487708286e+005 +9.1707e+000 +7.9265e+000 +1.2617e+001 +1.2612e+001 +8.8442e+000 +5.5925e+000 +7.1399e+000 +5.1771e+000 +1.2619e+001 +1.0061e+001 +1.0753e+001 +6.5271e+000 +8.4936e+000 +8.5227e+000 +5.2963e+000 +8.0158e+000 +8.2426e+000 +1.4928e+001 +1.1007e+001 +1.4746e+001
42 +1.357201267e+005 +1.357201267e+005 +1.358358067e+005 +1.358358067e+005 +5.4192e+000 +1.3027e+001 +5.0806e+000 +1.2062e+001 +7.4075e+000 +1.1402e+001 +8.5781e+000 +6.3595e+000 +8.0959e+000 +1.1671e+001 +5.8674e+000 +6.6671e+000 +1.1638e+001 +1.2977e+001 +5.1520e+000 +1.2263e+001 +7.1498e+000 +5.1446e+000 +5.0714e+000 +1.0115e+001
312 +9.841579959e+004 +9.841579959e+004 +9.853147959e+004 +9.853147959e+004 +6.4634e+000 -9.1928e-001 +4.1006e+000 +1.0545e+001 +4.6180e+000 +1.2857e+001 +8.8057e+000 +6.1555e+000 +7.6132e+000 +6.2469e+000 +7.8129e+000 +7.9247e+000 +7.2898e+000 -5.4540e-001 +2.8366e+000 +9.7721e+000 +5.7465e+000 +4.8303e+000 +9.2709e+000 +8.9536e+000
440 +5.203045526e+004 +5.203045526e+004 +5.214613526e+004 +5.214613526e+004 +4.6382e+000 +6.3179e+000 +9.3013e+000 +3.7049e+000 +2.3979e+000 +4.2069e+000 +6.5570e+000 +7.8905e+000 +5.1879e+000 +8.9784e+000 +2.7012e+000 +1.0468e+001 +7.9759e+000 +7.2354e+000 +2.1422e+000 +1.1481e+001 +3.7503e+000 +7.2018e+000 +2.6045e+000 +1.2114e+001
721 +3.825555734e+004 +3.825555734e+004 +3.837123734e+004 +3.837123734e+004 -2.7573e+000 +7.2547e-001 +5.2669e+000 +5.6988e+000 +2.8836e+000 +6.8598e+000 +7.0338e+000 +8.3832e+000 +4.8387e+000 +9.3201e+000 +3.6599e+000 +9.8451e+000 +7.2533e+000 +5.2550e+000 +1.8488e+000 +1.1397e+001 +3.6751e+000 +1.8572e+000 +1.7218e+000 +1.1586e+001
898 +2.399724350e+004 +2.399724350e+004 +2.411292350e+004 +2.411292350e+004 -2.7783e+000 +7.0516e+000 +3.9607e+000 +4.2556e+000 +3.6046e+000 +7.6665e-001 +5.7788e+000 +8.7727e+000 +1.3861e+000 +5.8476e+000 +2.5623e+000 +1.0382e+001 +5.9655e+000 +5.6886e+000 +1.4073e+000 +1.2537e+001 +9.6192e-001 +3.3448e+000 +1.2412e+000 +1.0639e+001
1144 +1.514735930e+004 +1.514735930e+004 +1.526303930e+004 +1.526303930e+004 +8.1046e-002 +6.4546e+000 +2.4028e+000 +7.5839e+000 +3.5962e+000 +4.7587e+000 +5.6633e+000 +8.5127e+000 -6.6355e+000 +6.0998e+000 +3.8697e+000 +9.2468e+000 +4.1585e+000 +2.8492e+000 +7.4551e-001 +1.0662e+001 -5.8220e-001 +4.8714e+000 -3.9232e+000 +9.4914e+000
1264 +8.795452665e+003 +8.795452665e+003 +8.911132665e+003 +8.911132665e+003 -3.4659e-001 +5.0909e+000 +1.4149e+000 -2.6348e+000 +2.8542e+000 -8.6741e-001 +3.7576e+000 +5.9128e+000 -4.1011e+000 +6.3619e+000 +1.3790e+000 +9.1405e+000 +4.1966e+000 +6.2013e+000 +9.9010e-001 +9.9029e+000 +4.7823e-001 +1.2092e+000 +2.6239e+000 +8.2293e+000
1423 +5.377802087e+003 +5.377802087e+003 +5.493482087e+003 +5.493482087e+003 -2.2301e+000 +8.2432e-001 +1.2737e+000 +5.7071e+000 +8.3341e-001 -3.8240e-002 +3.8731e+000 +3.9786e+000 -1.0274e+000 +4.8952e+000 +2.7344e+000 +8.7464e+000 +3.9519e+000 +2.3630e+000 +4.0332e-001 +7.9184e+000 -2.1240e-001 +1.5162e+000 +1.1190e+000 +7.4311e+000
1565 +3.912848780e+003 +3.912848780e+003 +4.028528780e+003 +4.028528780e+003 +9.9014e-001 +3.1438e+000 +1.0198e+000 +1.3366e+000 +1.8474e+000 -7.1718e-001 +3.1821e+000 +3.5037e+000 -3.4472e+000 +4.9856e+000 +2.3885e+000 +8.3686e+000 +3.6093e+000 +2.5502e+000 +9.8932e-001 +7.7591e+000 +8.8681e-001 +1.7833e-001 +2.0571e+000 +4.5388e+000
1755 +2.337128570e+003 +2.337128570e+003 +2.452808570e+003 +2.452808570e+003 -1.9826e+000 +1.0958e+000 +3.0249e-001 +3.3059e+000 +1.1131e+000 -1.9253e+000 +3.1305e+000 +1.3783e+000 -3.3792e+000 +4.9597e+000 +1.9465e+000 +6.9592e+000 +3.1770e+000 +2.0471e+000 +1.0500e+000 +6.9448e+000 +5.3295e-001 +7.4840e-001 +2.9533e+000 +4.3631e+000
1998 +1.417811948e+003 +1.417811948e+003 +1.533491948e+003 +1.533491948e+003 -4.4660e+000 -1.0764e+000 +7.5597e-001 +2.9283e+000 -3.2441e-001 -2.7450e+000 +2.0420e+000 -1.6616e+000 -2.9856e+000 +4.6104e+000 +4.8354e-001 +5.8293e+000 +3.1712e+000 +1.3573e+000 +4.2512e-001 +5.3792e+000 +4.6597e-001 +4.1395e-001 +2.3517e+000 +2.8467e+000
2448 +9.900677595e+002 +9.900677595e+002 +1.105747760e+003 +1.105747760e+003 -4.2680e+000 -2.4971e+000 +6.9765e-001 +4.9224e+000 -1.9614e-001 -2.5842e+000 +3.0557e+000 -1.7530e+000 -1.5786e+000 +4.5690e+000 +2.2659e+000 +4.8711e+000 +3.2142e+000 +1.3335e+000 +9.7148e-001 +4.1942e+000 -3.0185e-001 +5.9760e-001 +2.4600e+000 +8.3765e-001
3375 +6.198767198e+002 +6.198767198e+002 +7.355567198e+002 +7.355567198e+002 -8.2563e-001 -1.9850e+000 +5.6684e-001 +4.8936e+000 +6.2406e-001 -1.6288e+000 +2.7076e+000 -4.7769e-001 -1.6589e+000 +4.2364e+000 +2.2263e+000 +2.8241e+000 +2.7494e+000 +1.4216e-001 +1.1969e+000 +3.2800e+000 -3.3349e-001 +1.2848e+000 +2.1300e+000 +9.9382e-002
5064 +3.966172375e+002 +3.966172375e+002 +5.122972375e+002 +5.122972375e+002 +8.7087e-002 -1.9911e+000 +2.4339e-001 +4.8354e+000 -2.1070e-001 -1.9171e+000 +2.2227e+000 +3.1330e+000 -9.6178e-001 +4.2756e+000 +3.2192e+000 +1.2746e+000 +2.7167e+000 +1.8539e-001 +1.2333e+000 +2.4005e+000 +4.4043e-001 +3.1042e+000 +2.3845e+000 -9.6207e-001
% function evaluation | noise-free fitness - Fopt (-3.710000000000e+000) | best noise-free fitness - Fopt | measured fitness | best measured fitness | x1 | x2...
1 +4.577205500e+005 +4.577205500e+005 +4.577168400e+005 +4.577168400e+005 +1.2176e+001 +1.1375e+001 +6.7959e+000 +1.2952e+001 +1.0538e+001 +1.2008e+001 +1.4050e+001 +8.3638e+000 +1.1575e+001 +1.0932e+001 +1.2999e+001 +5.3481e+000 +9.4269e+000 +5.5126e+000 +9.4261e+000 +7.8692e+000 +1.3112e+001 +1.4690e+001 +1.4866e+001 +1.1670e+001
3 +3.030881697e+005 +3.030881697e+005 +3.030844597e+005 +3.030844597e+005 +8.1641e+000 +1.2627e+001 +1.3309e+001 +1.3899e+001 +1.3692e+001 +9.8048e+000 +8.6314e+000 +9.1980e+000 +1.4642e+001 +1.1252e+001 +1.4442e+001 +1.2886e+001 +7.0996e+000 +6.7616e+000 +1.0507e+001 +9.3174e+000 +6.3612e+000 +9.3583e+000 +9.1871e+000 +9.5698e+000
6 +2.006050815e+005 +2.006050815e+005 +2.006013715e+005 +2.006013715e+005 +1.4080e+001 +9.3411e+000 +1.1793e+001 +5.9318e+000 +1.2287e+001 +1.3992e+001 +6.7521e+000 +5.8707e+000 +6.1603e+000 +5.8610e+000 +1.3116e+001 +6.6665e+000 +6.7939e+000 +7.9923e+000 +5.0965e+000 +1.0459e+001 +9.7066e+000 +1.3249e+001 +5.5059e+000 +1.2764e+001
116 +1.510748453e+005 +1.510748453e+005 +1.510711353e+005 +1.510711353e+005 +5.4398e+000 +9.3659e+000 +4.1554e+000 +1.2617e+001 +1.3101e+001 +1.2835e+001 +9.8606e+000 +8.8084e+000 +4.8487e+000 +7.1599e+000 +9.2444e+000 +2.5445e+000 +1.0428e+001 +5.3712e+000 +5.0254e+000 +2.8720e+000 +5.6365e+000 +1.1697e+001 +8.1820e+000 +1.1238e+001
535 +9.418207740e+004 +9.418207740e+004 +9.417836740e+004 +9.417836740e+004 +7.9565e+000 +8.1774e+000 +7.5523e+000 +1.6568e+001 +1.0515e+001 +5.9474e+000 +5.7454e+000 +1.0224e+001 +4.7235e+000 +1.4735e+001 +5.9578e+000 +8.4770e+000 +9.7452e+000 +8.2432e+000 -3.3158e+000 +8.1335e+000 +8.6559e-001 +1.0867e+001 +4.7109e+000 +1.1023e+001
641 +5.216575012e+004 +5.216575012e+004 +5.216204012e+004 +5.216204012e+004 +6.2593e+000 +7.4703e+000 +8.8203e+000 +9.6294e+000 +7.8350e+000 +9.4643e+000 +5.5755e+000 +8.7696e+000 +5.6061e+000 +9.9524e+000 +6.2376e+000 +5.9009e+000 +5.0486e+000 +1.0195e+001 +3.5764e+000 +4.7446e+000 +1.1238e+000 +9.9510e+000 +5.0799e+000 +8.9914e+000
823 +3.892846995e+004 +3.892846995e+004 +3.892475995e+004 +3.892475995e+004 +3.6976e+000 +7.4236e+000 +6.5569e+000 +1.0490e+001 +7.7213e+000 +1.0284e+001 +1.3732e+000 +8.5881e+000 +4.5053e+000 +1.0925e+001 +4.0886e+000 +7.3436e+000 +2.6707e+000 +1.0199e+001 +1.1253e+000 +6.0504e+000 +1.5437e+000 +1.1504e+001 +4.0336e+000 +1.2133e+001
1017 +2.443043070e+004 +2.443043070e+004 +2.442672070e+004 +2.442672070e+004 +6.5377e+000 +7.5572e+000 +5.5259e+000 +5.9662e+000 +3.9300e+000 +1.0812e+001 +1.9259e+000 +5.9790e+000 +5.2388e+000 +1.3037e+001 +3.1929e+000 +4.6580e+000 +2.1145e+000 +8.0584e+000 -1.1554e-001 +1.4715e+000 -7.1603e+000 +1.0467e+001 +2.3893e+000 +4.9519e+000
1178 +1.338286370e+004 +1.338286370e+004 +1.337915370e+004 +1.337915370e+004 +5.0996e+000 +6.8248e+000 +5.3634e+000 +7.2817e+000 +3.6858e+000 +9.3070e+000 +2.1711e+000 +3.2904e+000 +5.1492e+000 +8.6824e+000 +3.3613e+000 +5.1082e+000 +1.1057e+000 +8.5133e+000 -3.3452e-001 +1.3512e+000 -5.4670e+000 +7.4909e+000 +2.8005e+000 +5.0746e+000
1367 +9.446512851e+003 +9.446512851e+003 +9.442802851e+003 +9.442802851e+003 +4.5571e+000 +6.7508e+000 +5.1024e+000 +7.1874e+000 +4.7141e+000 +8.6332e+000 -4.4341e-001 +3.7619e+000 +4.7626e+000 +6.1558e+000 +4.2483e+000 +7.2516e+000 -9.7476e-001 +8.3570e+000 -3.6429e-001 +5.7384e-001 -2.1665e+000 +1.3964e+000 +2.7601e+000 +3.7346e+000
1541 +6.188078866e+003 +6.188078866e+003 +6.184368866e+003 +6.184368866e+003 +3.3518e+000 +6.1733e+000 +4.6907e+000 +6.5713e+000 +4.9692e+000 +8.1993e+000 -5.5829e-002 +1.5903e+000 +4.0963e+000 +5.7269e+000 +3.1654e+000 +4.1798e+000 -6.8484e-001 +7.8443e+000 -1.6646e+000 +6.5398e-001 -5.3310e+000 +2.9484e+000 +2.3552e+000 +2.4802e+000
1697 +3.803954705e+003 +3.803954705e+003 +3.800244705e+003 +3.800244705e+003 +3.0407e+000 +4.3387e+000 +2.5372e+000 +5.9712e+000 +3.4324e+000 +7.7561e+000 -3.0642e-001 +1.9190e+000 +4.4021e+000 +3.5803e+000 +4.5052e+000 +3.1667e+000 +2.0230e+000 +6.2404e+000 -6.7485e-001 -4.0142e+000 -5.9300e+000 +4.4470e+000 +1.4177e+000 +7.7724e-001
1861 +2.286227378e+003 +2.286227378e+003 +2.282517378e+003 +2.282517378e+003 +2.4076e+000 +4.0164e+000 +2.7517e+000 +5.2381e+000 +3.5954e+000 +6.7939e+000 -2.2123e+000 -2.2733e+000 +3.8404e+000 +4.3403e+000 +3.8400e+000 +5.0988e+000 +3.0441e+000 +6.7222e+000 -3.5728e-001 -5.3283e+000 -3.6857e+000 +1.2708e+000 +2.6492e+000 -1.4686e+000
2138 +1.583005246e+003 +1.583005246e+003 +1.579295246e+003 +1.579295246e+003 +2.2953e+000 +3.5827e+000 +2.1172e+000 +5.4322e+000 +3.6388e+000 +5.5310e+000 -2.7862e+000 -3.1719e+000 +3.6526e+000 +3.9626e+000 +3.7394e+000 +4.0425e+000 +3.1196e+000 +5.7099e+000 -2.9636e-001 -4.5501e+000 -4.7980e+000 -9.5592e-001 +2.3669e+000 -2.1151e+000
2347 +9.742732103e+002 +9.742732103e+002 +9.705632103e+002 +9.705632103e+002 +2.2891e+000 +3.2549e+000 +1.7378e+000 +4.9876e+000 +3.5248e+000 +5.5800e+000 -3.6239e+000 -2.6793e+000 +3.1829e+000 +3.5219e+000 +3.8857e+000 +4.8365e+000 +3.9891e+000 +4.9833e+000 -6.6550e-001 -4.8750e+000 -1.0189e+000 +6.9369e-001 +2.0890e+000 -2.7222e+000
2631 +6.216984061e+002 +6.216984061e+002 +6.179884061e+002 +6.179884061e+002 +2.2084e+000 +2.6536e+000 +1.9369e+000 +4.8212e+000 +3.2530e+000 +4.5204e+000 -2.4748e+000 -3.5460e+000 +2.5402e+000 +3.8117e+000 +3.7194e+000 +4.2633e+000 +3.5516e+000 +4.6955e+000 -4.5308e-001 -3.2269e+000 -9.1234e-001 +1.0870e+000 +1.9355e+000 -1.9066e+000
3533 +3.900868380e+002 +3.900868380e+002 +3.863768380e+002 +3.863768380e+002 +2.0418e+000 +2.4828e+000 +1.6381e+000 +4.5250e+000 +3.1416e+000 +4.4894e+000 -4.2178e+000 -1.4602e+000 +2.2528e+000 +3.5200e+000 +3.7275e+000 +4.7112e+000 +3.3379e+000 +3.4229e+000 -2.9992e-001 -2.5011e+000 +7.0143e-001 +1.4626e+000 +2.4021e+000 -3.8074e+000
5752 +2.508289729e+002 +2.508289729e+002 +2.471189729e+002 +2.471189729e+002 +2.0845e+000 +2.4392e+000 +1.7448e+000 +4.6751e+000 +3.1295e+000 +4.3768e+000 -1.8706e+000 -2.0290e+000 +2.2547e+000 +3.6174e+000 +3.7298e+000 +4.7255e+000 +3.5342e+000 +3.2963e+000 -3.7641e-001 -2.3842e+000 +1.1419e+000 +1.5320e+000 +2.5641e+000 -3.5261e+000
% function evaluation | noise-free fitness - Fopt (1.321800000000e+002) | best noise-free fitness - Fopt | measured fitness | best measured fitness | x1 | x2...
1 +4.917394882e+005 +4.917394882e+005 +4.918716682e+005 +4.918716682e+005 +1.3295e+001 +9.6951e+000 +6.0040e+000 +1.4478e+001 +1.3901e+001 +1.3837e+001 +1.1069e+001 +9.3872e+000 +1.1552e+001 +1.3778e+001 +6.3248e+000 +1.0555e+001 +1.3662e+001 +1.2808e+001 +1.0663e+001 +1.0156e+001 +9.5484e+000 +1.3205e+001 +1.4105e+001 +8.8747e+000
3 +3.408912995e+005 +3.408912995e+005 +3.410234795e+005 +3.410234795e+005 +1.2489e+001 +1.0267e+001 +9.8037e+000 +7.7588e+000 +6.7196e+000 +7.7868e+000 +6.4654e+000 +1.4178e+001 +1.1951e+001 +1.3970e+001 +1.4638e+001 +1.1754e+001 +5.4025e+000 +1.1248e+001 +7.0744e+000 +5.2360e+000 +9.3776e+000 +8.7540e+000 +1.1859e+001 +1.3035e+001
46 +2.022654463e+005 +2.022654463e+005 +2.023976263e+005 +2.023976263e+005 +1.3503e+001 +8.0017e+000 +6.4953e+000 +6.0342e+000 +1.2015e+001 +6.4487e+000 +5.4752e+000 +5.6657e+000 +1.0441e+001 +1.0409e+001 +8.5179e+000 +1.2796e+001 +8.6759e+000 +9.3562e+000 +1.1223e+001 +9.7427e+000 +6.0959e+000 +1.0952e+001 +6.0186e+000 +6.7036e+000
304 +1.510700496e+005 +1.510700496e+005 +1.512022296e+005 +1.512022296e+005 +1.0920e+001 +2.0091e+000 +5.5485e+000 +1.7029e+001 +7.2116e+000 +1.3350e+001 +1.0115e+001 +9.2300e+000 +7.0800e+000 +1.5055e+001 +4.1993e+000 +7.4084e+000 +3.3540e+000 +6.0100e+000 +3.2338e+000 -2.0653e+000 +1.1345e+001 +1.2107e+001 -2.5005e+000 +8.3479e+000
567 +9.347955043e+004 +9.347955043e+004 +9.361173043e+004 +9.361173043e+004 +5.1432e+000 +1.0179e+001 +7.0955e+000 +1.4985e+001 +7.0634e+000 +1.2143e+001 +5.2101e+000 +7.5841e+000 +6.8192e+000 +1.2934e+001 +6.2417e+000 +7.9281e+000 +6.1227e+000 +9.3109e+000 +6.7934e+000 +1.4602e+000 +3.5668e+000 +1.3750e+001 -1.4834e+000 +1.3666e+001
813 +6.160246897e+004 +6.160246897e+004 +6.173464897e+004 +6.173464897e+004 +6.6156e+000 +1.1448e+001 +5.1783e+000 +9.5460e+000 +7.4902e+000 +8.3282e+000 +6.6333e+000 +5.1439e+000 +5.4457e+000 +1.0921e+001 +5.1614e+000 +6.7976e+000 +4.5715e+000 +7.4652e+000 +7.2877e+000 -3.1467e+000 +3.1802e+000 +1.1749e+001 -1.9339e+000 +1.2473e+001
1047 +3.647149603e+004 +3.647149603e+004 +3.660367603e+004 +3.660367603e+004 -5.7227e-002 +3.9096e+000 +6.2172e+000 +8.0247e+000 +5.6820e+000 +9.3868e+000 +3.2384e+000 +6.6007e+000 +5.2066e+000 +1.2926e+001 +3.7800e+000 +6.0391e+000 +3.8887e+000 +7.2006e+000 +6.7613e+000 -2.4510e+000 +3.8248e-001 +9.3414e+000 +7.8304e-001 +9.8584e+000
1212 +2.465097074e+004 +2.465097074e+004 +2.478315074e+004 +2.478315074e+004 -1.5707e+000 +4.2525e+000 +4.0248e+000 +6.0404e+000 +3.2248e+000 +8.7833e+000 +3.4577e+000 +6.3386e+000 +3.5622e+000 +1.3874e+001 +8.2369e-002 +4.4630e+000 +2.3841e+000 +8.6363e+000 +6.4757e+000 -4.6459e+000 +1.0209e-001 +8.8584e+000 -1.5456e-001 +9.0118e+000
1356 +1.560242571e+004 +1.560242571e+004 +1.573460571e+004 +1.573460571e+004 -1.6924e+000 +3.6856e+000 +4.1084e+000 +5.0963e+000 +2.3039e+000 +8.7730e+000 +1.7599e+000 +6.2040e+000 +3.5112e+000 +1.1391e+001 +2.0896e+000 +3.2134e+000 +2.3990e+000 +8.8179e+000 +4.2789e+000 -5.0860e+000 +1.2624e+000 +8.3868e+000 -2.4048e-001 +8.6643e+000
1574 +8.895239313e+003 +8.895239313e+003 +9.027419313e+003 +9.027419313e+003 -2.6992e+000 +5.0823e-001 +3.6241e+000 +2.5433e+000 +3.0080e+000 +8.0948e+000 +2.3298e+000 +7.1917e+000 +2.4826e+000 +8.7420e+000 +8.1096e-001 +3.5073e-001 +2.6772e+000 +7.5601e+000 +4.5813e+000 -5.8492e+000 +8.0693e-001 +7.9691e+000 -5.5198e-001 +7.0798e+000
1698 +5.531647377e+003 +5.531647377e+003 +5.663827377e+003 +5.663827377e+003 -4.3367e+000 +8.6893e-001 +3.7050e+000 +4.1993e+000 +1.6623e+000 +6.5588e+000 +2.1223e+000 +4.9133e+000 +2.3288e+000 +8.3755e+000 +1.5790e+000 +1.7449e+000 +2.1872e+000 +7.5931e+000 +3.3581e+000 -4.2753e+000 +2.1154e+000 +6.0463e+000 +3.7986e-001 +6.8062e+000
1848 +3.927758732e+003 +3.927758732e+003 +4.059938732e+003 +4.059938732e+003 -3.5767e+000 +9.6062e-002 +3.6213e+000 +3.2102e+000 +1.8266e+000 +6.8798e+000 +2.4948e+000 +5.3039e+000 +2.1345e+000 +6.9011e+000 +1.2266e+000 +1.3098e+000 +2.2345e+000 +6.9712e+000 +3.4389e+000 -4.6790e+000 +1.6313e+000 +5.8334e+000 +6.2373e-001 +6.2003e+000
1987 +2.248216148e+003 +2.248216148e+003 +2.380396148e+003 +2.380396148e+003 -2.3175e+000 +7.7253e-001 +3.4389e+000 +2.4382e+000 +1.6494e+000 +6.6732e+000 +2.3342e+000 +4.6871e+000 +1.7542e+000 +5.7998e+000 +9.7115e-001 +7.1046e-001 +1.4508e+000 +7.1314e+000 +3.5334e+000 -4.4905e+000 +1.8859e+000 +4.8657e+000 -5.7123e-002 +5.7794e+000
2104 +1.548786914e+003 +1.548786914e+003 +1.680966914e+003 +1.680966914e+003 -3.3461e+000 -2.4374e-001 +2.7171e+000 +1.6982e+000 +8.5811e-001 +5.4070e+000 +1.9041e+000 +4.0418e+000 +1.3650e+000 +5.1829e+000 +9.7432e-001 +3.2448e-002 +1.8131e+000 +6.4202e+000 +3.1076e+000 -4.4666e+000 +1.1478e+000 +4.9070e+000 +6.1147e-001 +5.4664e+000
2345 +9.283164822e+002 +9.283164822e+002 +1.060496482e+003 +1.060496482e+003 -4.8000e+000 -1.0109e+000 +2.0616e+000 -1.0986e+000 +1.1328e+000 +5.1110e+000 +1.8633e+000 +2.3815e+000 +8.8340e-001 +3.8173e+000 +5.3414e-001 +2.4628e-001 +1.3270e+000 +4.8719e+000 +3.2696e+000 -4.0315e+000 +1.2259e+000 +4.7838e+000 +8.0261e-001 +4.9688e+000
2888 +6.138839286e+002 +6.138839286e+002 +7.460639286e+002 +7.460639286e+002 -4.5124e+000 -2.0681e+000 +2.0006e+000 -7.5880e-001 +1.6133e+000 +3.3631e+000 +2.1778e+000 +1.2677e+000 +8.8572e-001 +3.8540e+000 +7.0514e-001 +2.9412e+000 +9.3101e-001 +2.9994e+000 +3.2127e+000 -3.7708e+000 +8.5893e-001 +3.5930e+000 +8.5795e-001 +4.0067e+000
4273 +3.925596270e+002 +3.925596270e+002 +5.247396270e+002 +5.247396270e+002 -2.3773e+000 -1.4269e+000 +2.4252e+000 -2.7648e+000 +9.9202e-001 +1.8376e+000 +2.3499e+000 +1.7400e+000 +7.5554e-001 +3.3971e+000 +7.7560e-001 +3.5743e+000 +4.3410e-001 +2.2610e+000 +3.1804e+000 -1.7493e+000 +7.5076e-001 +3.7514e+000 +7.6162e-001 +3.2525e+000
5742 +2.509683016e+002 +2.509683016e+002 +3.831483016e+002 +3.831483016e+002 -1.5093e+000 -1.3167e+000 +2.5991e+000 -1.8224e+000 +1.4301e+000 +2.0877e+000 +2.3552e+000 +1.2902e+000 +3.5302e-001 +3.3606e+000 +7.2606e-001 +3.5754e+000 +4.3042e-001 +2.7329e+000 +3.2276e+000 -4.3507e-001 +8.7816e-001 +3.8863e+000 +1.0895e+000 +2.7697e+000
7556 +1.545171189e+002 +1.545171189e+002 +2.866971189e+002 +2.866971189e+002 -1.2188e+000 -1.3959e+000 +2.6164e+000 -1.9482e+000 +1.0809e+000 +1.9399e+000 +2.2632e+000 +6.9219e-001 +3.6590e-001 +3.3326e+000 +7.3276e-001 +3.0677e+000 +4.7937e-001 +3.3030e+000 +3.2109e+000 +7.8860e-001 +8.5142e-001 +3.7687e+000 +1.0742e+000 +2.7791e+000
% function evaluation | noise-free fitness - Fopt (-4.174000000000e+001) | best noise-free fitness - Fopt | measured fitness | best measured fitness | x1 | x2...
1 +3.321599626e+005 +3.321599626e+005 +3.321182226e+005 +3.321182226e+005 +1.0105e+001 +6.7062e+000 +9.4298e+000 +8.5084e+000 +1.1212e+001 +1.2513e+001 +1.1217e+001 +1.4508e+001 +6.2863e+000 +6.5060e+000 +5.2099e+000 +5.8334e+000 +1.4852e+001 +6.9148e+000 +1.2957e+001 +6.9220e+000 +6.8039e+000 +1.0744e+001 +9.1135e+000 +1.4982e+001
3 +2.506911623e+005 +2.506911623e+005 +2.506494223e+005 +2.506494223e+005 +6.1608e+000 +8.9007e+000 +7.8734e+000 +1.3631e+001 +1.4004e+001 +1.2629e+001 +5.9860e+000 +9.6677e+000 +5.3651e+000 +7.8796e+000 +6.8959e+000 +1.3384e+001 +6.7014e+000 +1.2608e+001 +1.0312e+001 +1.0142e+001 +7.6447e+000 +1.0536e+001 +1.0690e+001 +1.4984e+001
176 +1.326026102e+005 +1.326026102e+005 +1.325608702e+005 +1.325608702e+005 +8.2254e+000 +1.3168e+001 +8.2151e+000 +1.0607e+001 +8.4355e+000 +5.7891e+000 +9.3351e+000 +1.0355e+001 +9.2821e+000 +9.7847e+000 +5.6447e+000 +8.7137e+000 +7.8769e+000 +8.4686e+000 +7.7212e+000 +8.0982e+000 +5.9280e+000 +8.6704e+000 +3.5793e+000 +1.1334e+001
546 +9.080012839e+004 +9.080012839e+004 +9.075838839e+004 +9.075838839e+004 +7.0474e+000 +5.3909e+000 +5.9645e+000 +5.7401e+000 +4.3847e+000 +9.6985e+000 +7.8048e+000 +1.1199e+001 +7.9466e+000 +1.1603e+001 +4.0941e+000 +6.6279e+000 +4.3638e+000 +1.2846e+001 +8.2065e+000 +7.7360e+000 +6.2339e+000 +5.8778e+000 +5.1466e+000 +7.4841e+000
748 +5.995218764e+004 +5.995218764e+004 +5.991044764e+004 +5.991044764e+004 -8.5727e-001 +7.1943e+000 +7.2621e+000 +6.1054e+000 +4.4980e+000 +1.2329e+001 +9.7652e+000 +1.3000e+001 +5.7322e+000 +9.4484e+000 +4.6123e+000 +7.3381e+000 +2.4406e+000 +1.1838e+001 +6.5312e+000 +8.4548e+000 +2.1362e+000 +9.6409e+000 +1.1158e+000 +7.7110e+000
940 +3.744717805e+004 +3.744717805e+004 +3.740543805e+004 +3.740543805e+004 +1.5790e+000 +6.4572e+000 +4.8388e+000 +6.8856e+000 +1.8856e+000 +1.0180e+001 +8.5105e+000 +1.1598e+001 +2.8116e+000 +8.6493e+000 -4.2204e-001 +5.4216e+000 +1.2443e+000 +1.2364e+001 +7.1741e+000 +8.4680e+000 +4.8204e-001 +7.3631e+000 +1.3215e+000 +8.5115e+000
1172 +2.406258233e+004 +2.406258233e+004 +2.402084233e+004 +2.402084233e+004 +4.4379e+000 +4.2541e+000 +3.2317e+000 +8.3364e+000 +6.2135e-001 +8.5840e+000 +7.3175e+000 +9.0345e+000 +1.9596e+000 +8.3248e+000 -1.7236e+000 +6.5482e+000 +1.0623e-001 +1.2156e+001 +5.9556e+000 +8.2770e+000 +1.3746e+000 +7.4094e+000 +1.3085e-001 +7.2366e+000
1380 +1.564755350e+004 +1.564755350e+004 +1.560581350e+004 +1.560581350e+004 +7.7807e-001 +7.0390e+000 +2.3191e+000 +6.0483e+000 -1.6538e+000 +5.8403e+000 +6.9253e+000 +9.7922e+000 -5.3077e-001 +5.9834e+000 -2.4156e+000 +2.7961e+000 -1.8965e+000 +1.0095e+001 +4.7889e+000 +8.2639e+000 +1.2313e+000 +7.7288e+000 -9.7781e-001 +7.8590e+000
1584 +9.733043232e+003 +9.733043232e+003 +9.691303232e+003 +9.691303232e+003 +1.2741e+000 +2.9572e+000 +1.8365e+000 +5.9245e+000 -3.3699e-002 +5.7061e+000 +5.0220e+000 +8.0180e+000 -1.7905e+000 +6.1839e+000 -2.5005e+000 +6.0802e+000 -2.7991e+000 +1.0274e+001 +4.2092e+000 +7.9768e+000 +1.3457e+000 +7.0141e+000 -4.5881e-002 +7.3648e+000
1759 +5.686150301e+003 +5.686150301e+003 +5.644410301e+003 +5.644410301e+003 +2.2681e+000 +4.0146e+000 +1.7616e+000 +5.5108e+000 -2.8158e+000 +4.1787e+000 +4.8963e+000 +6.9457e+000 -3.5226e+000 +6.2160e+000 -4.0786e+000 +2.3659e+000 -2.6513e+000 +8.0586e+000 +4.3172e+000 +7.4686e+000 +5.5667e-001 +6.5917e+000 -4.7306e-001 +6.4586e+000
1892 +3.877129066e+003 +3.877129066e+003 +3.835389066e+003 +3.835389066e+003 +2.1329e+000 +4.2261e+000 +7.8389e-001 +6.0782e+000 -1.9737e+000 +4.9716e+000 +3.3371e+000 +5.5876e+000 -5.9349e+000 +5.7430e+000 -4.1839e+000 +3.4476e+000 -3.3458e+000 +7.8412e+000 +3.6624e+000 +6.8801e+000 +1.1449e+000 +6.1790e+000 -5.2357e-001 +6.3750e+000
2067 +2.481555537e+003 +2.481555537e+003 +2.439815537e+003 +2.439815537e+003 +1.2534e+000 +3.8399e+000 +5.6748e-001 +6.3854e+000 -9.0798e-001 +2.3097e+000 +3.0503e+000 +4.9951e+000 -4.9876e+000 +5.7752e+000 -3.9906e+000 +3.8487e+000 -5.2148e+000 +6.8224e+000 +3.5028e+000 +6.0990e+000 +1.0038e+000 +5.9535e+000 -1.6053e-001 +4.8784e+000
2252 +1.578240542e+003 +1.578240542e+003 +1.536500542e+003 +1.536500542e+003 -1.1249e+000 +4.5814e+000 +6.5079e-001 +5.4520e+000 -5.7861e-001 +2.4539e+000 +2.7068e+000 +4.8054e+000 -5.0695e+000 +5.2582e+000 -2.8789e+000 +2.8422e+000 -5.1037e+000 +5.2447e+000 +3.3876e+000 +5.3772e+000 +6.8207e-001 +5.8379e+000 +2.7677e-001 +4.8426e+000
2966 +9.977707356e+002 +9.977707356e+002 +9.560307356e+002 +9.560307356e+002 +1.4220e+000 +4.0129e+000 +1.7347e-001 +5.0640e+000 -1.0599e+000 +1.3722e+000 +2.7709e+000 +3.4233e+000 -4.0247e+000 +5.2069e+000 +9.8572e-001 +4.9314e+000 -4.7367e+000 +4.2240e+000 +3.4835e+000 +4.0266e+000 +9.7103e-001 +4.1863e+000 +1.3873e+000 +4.6608e+000
4097 +6.251866003e+002 +6.251866003e+002 +5.834466003e+002 +5.834466003e+002 +1.0363e+000 +3.7041e+000 +1.3980e-001 +5.1215e+000 +5.1469e-001 +1.4683e+000 +2.7499e+000 +2.9708e+000 -3.0086e+000 +5.2191e+000 +1.8566e+000 +4.6691e+000 -3.9287e+000 +2.5508e+000 +3.3932e+000 +2.8742e+000 +8.7704e-001 +3.5055e+000 +1.8652e+000 +4.5570e+000
5681 +3.969919767e+002 +3.969919767e+002 +3.552519767e+002 +3.552519767e+002 +1.0570e+000 +3.7463e+000 +1.2381e-001 +5.0675e+000 +6.8229e-001 +1.2871e+000 +2.9714e+000 +2.8845e+000 -2.4344e+000 +4.8232e+000 +1.7789e+000 +4.6146e+000 -2.8289e+000 +2.7629e-001 +3.4598e+000 +2.9898e+000 +9.0733e-001 +3.3490e+000 +1.8885e+000 +4.4952e+000
% function evaluation | noise-free fitness - Fopt (-4.948600000000e+002) | best noise-free fitness - Fopt | measured fitness | best measured fitness | x1 | x2...
1 +3.684091335e+005 +3.684091335e+005 +3.679142735e+005 +3.679142735e+005 +5.6339e+000 +6.1231e+000 +1.0684e+001 +1.2781e+001 +5.4163e+000 +1.1557e+001 +1.3904e+001 +8.1875e+000 +1.1992e+001 +1.0810e+001 +8.3918e+000 +1.1286e+001 +5.0559e+000 +9.0257e+000 +9.9983e+000 +1.3774e+001 +1.4867e+001 +7.8438e+000 +7.8419e+000 +9.5936e+000
6 +1.901268310e+005 +1.901268310e+005 +1.896319710e+005 +1.896319710e+005 +9.9602e+000 +1.3304e+001 +1.2816e+001 +8.1353e+000 +6.6110e+000 +5.8494e+000 +5.1929e+000 +6.1536e+000 +6.4599e+000 +1.0027e+001 +5.7135e+000 +5.3056e+000 +1.3857e+001 +1.2437e+001 +5.4624e+000 +1.2826e+001 +8.6701e+000 +8.4677e+000 +6.9430e+000 +8.3790e+000
131 +1.533840424e+005 +1.533840424e+005 +1.528891824e+005 +1.528891824e+005 +9.2856e+000 +7.6502e+000 +1.1586e+001 +1.2546e+001 +5.4862e+000 +1.1860e+001 +8.7957e+000 +1.0823e+001 +3.1600e+000 +1.5841e+001 +6.5218e+000 +8.5758e+000 +5.0068e+000 +4.4197e+000 +7.8348e+000 +7.8897e+000 +7.9388e+000 +1.4175e+001 +5.7920e+000 +7.4343e+000
394 +9.644200105e+004 +9.644200105e+004 +9.594714105e+004 +9.594714105e+004 +9.6687e+000 +1.2157e+001 +9.8701e+000 +1.3580e+001 +5.1402e+000 +8.1260e+000 +1.0143e+001 +9.4253e-001 +5.0061e+000 +5.5814e+000 +5.7299e+000 +8.2894e+000 +7.0949e+000 +9.8777e+000 +4.5230e+000 +1.0994e+001 +2.8421e+000 +1.1949e+001 +5.4438e+000 +1.0945e+001
825 +5.943478227e+004 +5.943478227e+004 +5.893992227e+004 +5.893992227e+004 +5.4222e+000 +1.2779e+001 +1.1702e+001 +1.1771e+001 +5.9506e+000 +6.5439e+000 +9.2426e+000 +3.4949e+000 +2.2340e+000 +8.1573e+000 +5.2577e+000 +1.0890e+001 +5.5630e+000 +7.1167e+000 +3.3184e+000 +9.2353e+000 +9.0507e-001 +3.8554e+000 +3.6031e+000 -1.8817e-001
922 +3.854877440e+004 +3.854877440e+004 +3.805391440e+004 +3.805391440e+004 +8.3021e+000 +1.1548e+001 +8.9357e+000 +1.0505e+001 +2.4497e+000 +7.3886e+000 +7.9001e+000 +4.0531e+000 +2.2790e+000 +4.6808e+000 +4.3440e+000 +6.8780e+000 +4.5201e+000 +7.7268e+000 +2.3387e+000 +9.4577e+000 +2.1523e+000 +1.0482e+001 +3.3646e-001 +4.9773e+000
1088 +2.499667228e+004 +2.499667228e+004 +2.450181228e+004 +2.450181228e+004 +7.7766e+000 +1.0472e+001 +9.1734e+000 +7.7223e+000 +3.6406e+000 +5.2343e+000 +5.6387e+000 +2.9818e+000 +1.1086e+000 +1.6479e+000 +4.3227e+000 +8.2034e+000 +4.7120e+000 +7.6685e+000 +1.7658e+000 +8.4651e+000 +2.9672e+000 +7.1649e+000 +6.7793e-001 +2.7691e+000
1235 +1.562381823e+004 +1.562381823e+004 +1.512895823e+004 +1.512895823e+004 +7.6206e+000 +3.2266e-001 +3.7301e+000 +6.9461e+000 +1.2414e+000 +3.6668e+000 +4.5306e+000 +3.9449e+000 -7.4925e-001 +3.9482e-001 +3.1647e+000 +5.8575e+000 +4.4108e+000 +2.9182e+000 +3.3640e+000 +9.8854e+000 +3.2706e+000 +7.1159e+000 +2.3806e-001 +2.9008e-001
1385 +9.556518261e+003 +9.556518261e+003 +9.061658261e+003 +9.061658261e+003 +6.2181e+000 +4.7367e+000 +5.8275e+000 +5.7142e+000 +1.2433e+000 +5.6893e+000 +4.9551e+000 +3.2378e+000 +9.0814e-001 +8.2027e-001 +2.5845e+000 +7.9148e+000 +3.2769e+000 +6.1078e+000 +1.3434e+000 +7.9918e+000 +2.8810e+000 +5.5801e+000 +2.3329e+000 +2.2706e+000
1556 +6.052279136e+003 +6.052279136e+003 +5.557419136e+003 +5.557419136e+003 +6.5980e+000 +1.4148e+000 +5.2087e+000 +4.1078e+000 +1.5404e+000 +3.5754e+000 +3.3863e+000 +2.6416e+000 +2.8604e-002 -7.4309e-001 +2.5165e+000 +7.5220e+000 +3.6058e+000 +3.4452e+000 +1.3586e+000 +7.5386e+000 +2.3639e+000 +3.2997e+000 +2.0592e+000 -5.2858e-001
1712 +3.975642861e+003 +3.975642861e+003 +3.480782861e+003 +3.480782861e+003 +5.2513e+000 +1.8761e+000 +5.6262e+000 +5.4257e+000 +2.3648e+000 +3.0322e+000 +3.1385e+000 +3.3135e+000 +2.1771e+000 +3.7955e+000 +2.9934e+000 +7.0890e+000 +4.0368e+000 -1.5858e+000 +9.2654e-001 +5.7925e+000 +1.6279e+000 +4.5120e+000 -7.3855e-001 -1.0701e+000
1831 +2.492049962e+003 +2.492049962e+003 +1.997189962e+003 +1.997189962e+003 +4.3478e+000 +1.1255e+000 +4.4796e+000 +4.9312e+000 +2.0292e+000 +3.2303e+000 +2.2498e+000 +2.9059e+000 -5.6367e-001 +1.3741e+000 +2.4912e+000 +6.4716e+000 +3.4668e+000 +5.8318e-001 +1.7408e+000 +6.5155e+000 +1.9579e+000 +1.9560e+000 +5.0645e-001 -1.7709e+000
2073 +1.478823887e+003 +1.478823887e+003 +9.839638868e+002 +9.839638868e+002 +3.1787e+000 -2.4732e-001 +3.7313e+000 +4.4416e+000 +1.3097e+000 +1.9578e+000 +1.9198e+000 +4.2274e+000 -2.1370e-001 +9.6209e-001 +2.7383e+000 +6.2933e+000 +3.1774e+000 -3.3501e+000 +1.5632e+000 +5.9614e+000 +1.5204e+000 +2.2449e+000 -1.3437e-001 -1.0251e+000
2631 +9.256593491e+002 +9.256593491e+002 +4.307993491e+002 +4.307993491e+002 +1.8881e+000 -2.1127e+000 +2.7984e+000 +4.5955e+000 +1.0243e+000 -1.4737e+000 +1.8246e+000 +3.1933e+000 -9.6409e-002 +3.4395e+000 +2.9529e+000 +5.2969e+000 +3.0637e+000 -5.6314e+000 +1.4682e+000 +4.7821e+000 +1.3473e+000 +2.5191e+000 +7.8050e-002 +5.8417e-001
3670 +6.095751425e+002 +6.095751425e+002 +1.147151425e+002 +1.147151425e+002 +1.7122e+000 -4.6650e+000 +2.2109e+000 +4.1520e+000 +7.1990e-001 -1.5580e+000 +1.7249e+000 +3.0471e+000 +4.0816e-001 +3.0544e+000 +2.5558e+000 +4.7068e+000 +2.9497e+000 -4.8387e+000 +1.1863e+000 +2.8362e+000 +1.4325e+000 +2.5509e+000 +1.0180e-001 +6.6219e-001
4301 +3.935322480e+002 +3.935322480e+002 -1.013277520e+002 -1.013277520e+002 +1.8677e+000 -3.2556e+000 +2.2421e+000 +4.0706e+000 +6.1737e-001 -1.7862e+000 +1.7788e+000 +2.9235e+000 +3.6235e-001 +2.9013e+000 +2.5152e+000 +4.4210e+000 +2.8093e+000 -4.6455e+000 +1.1878e+000 -8.1631e-002 +1.3885e+000 +2.4029e+000 +2.2827e-002 +6.4925e-001
5155 +2.509725290e+002 +2.509725290e+002 -2.438874710e+002 -2.438874710e+002 +1.7654e+000 -3.0380e+000 +2.2892e+000 +4.4368e+000 +7.7512e-001 -1.6775e+000 +1.7471e+000 +3.0950e+000 +4.0543e-001 +2.9256e+000 +2.4979e+000 +4.2520e+000 +2.8931e+000 -4.2191e+000 +1.2260e+000 -3.0107e+000 +1.3620e+000 +2.5012e+000 +6.3069e-002 +6.3085e-001
% function evaluation | noise-free fitness - Fopt (3.484000000000e+002) | best noise-free fitness - Fopt | measured fitness | best measured fitness | x1 | x2...
1 +3.509428062e+005 +3.509428062e+005 +3.512912062e+005 +3.512912062e+005 +1.2364e+001 +1.0894e+001 +1.2769e+001 +1.1148e+001 +7.0991e+000 +1.0115e+001 +7.6926e+000 +1.1826e+001 +1.0004e+001 +1.0787e+001 +6.7488e+000 +1.4238e+001 +1.3737e+001 +5.2929e+000 +1.3589e+001 +5.1673e+000 +9.4548e+000 +6.3922e+000 +1.2007e+001 +1.1405e+001
5 +2.435978285e+005 +2.435978285e+005 +2.439462285e+005 +2.439462285e+005 +1.4811e+001 +1.4289e+001 +1.1806e+001 +7.9843e+000 +1.3800e+001 +8.3235e+000 +1.1419e+001 +5.8767e+000 +8.9520e+000 +1.2762e+001 +7.8788e+000 +1.3337e+001 +5.5508e+000 +8.6243e+000 +6.8614e+000 +5.4535e+000 +7.4295e+000 +1.2842e+001 +1.1915e+001 +1.2345e+001
12 +1.325215679e+005 +1.325215679e+005 +1.328699679e+005 +1.328699679e+005 +8.6682e+000 +6.9407e+000 +7.2514e+000 +6.3331e+000 +6.6088e+000 +6.5625e+000 +1.0196e+001 +6.7313e+000 +5.5265e+000 +8.8484e+000 +1.3917e+001 +1.2330e+001 +9.9537e+000 +7.5447e+000 +5.0318e+000 +5.3865e+000 +5.9180e+000 +8.3146e+000 +5.9173e+000 +5.9857e+000
299 +8.574651984e+004 +8.574651984e+004 +8.609491984e+004 +8.609491984e+004 +6.1859e+000 +5.5334e+000 +9.1997e+000 +6.8711e+000 +9.5947e+000 +4.1654e+000 +6.1904e+000 +4.1284e+000 +7.0902e+000 +9.4366e+000 +7.6625e+000 +1.2312e+001 +9.9691e+000 +1.1969e+001 +2.4132e+000 +4.3987e+000 +4.7007e+000 +7.4792e+000 +5.1729e+000 +3.9472e+000
763 +6.164340456e+004 +6.164340456e+004 +6.199180456e+004 +6.199180456e+004 +6.5794e+000 +4.8026e+000 +1.1318e+001 +7.3763e+000 +6.2248e+000 +4.9574e+000 +3.5586e+000 +4.7483e+000 +6.4166e+000 +2.9316e+000 +8.3310e+000 +1.3598e+001 +7.8249e+000 +5.8767e+000 +2.7487e+000 +5.3528e+000 +2.5796e+000 +6.3155e+000 +5.3388e+000 +4.8092e+000
887 +3.970131448e+004 +3.970131448e+004 +4.004971448e+004 +4.004971448e+004 +6.2168e+000 +4.0420e+000 +9.8426e+000 +7.1678e+000 +5.7374e+000 +2.1769e+000 +5.6680e+000 +5.9088e+000 +6.1439e+000 +6.6907e+000 +6.7234e+000 +1.4206e+001 +4.6951e+000 +7.2775e+000 +8.1971e-001 +3.4715e+000 +3.8235e+000 +6.8469e+000 +3.9232e+000 +3.6311e+000
1129 +2.465543383e+004 +2.465543383e+004 +2.500383383e+004 +2.500383383e+004 +5.4687e+000 +4.4132e+000 +8.0104e+000 +2.5248e+000 +3.1769e+000 +5.7255e+000 +5.1262e+000 +4.5732e+000 +6.5362e+000 +4.7261e+000 +5.5767e+000 +1.3567e+001 +2.5158e+000 +3.9541e+000 +1.0244e+000 -4.1326e-001 +1.6180e+000 +5.3045e+000 +4.8162e+000 +3.7442e+000
1377 +1.581945067e+004 +1.581945067e+004 +1.616785067e+004 +1.616785067e+004 +4.5663e+000 +4.1893e+000 +6.7855e+000 +4.0117e+000 +2.8809e+000 +4.9138e+000 +4.4651e+000 +4.7290e+000 +5.9200e+000 +6.5320e+000 +4.7378e+000 +1.2303e+001 +2.0774e+000 +5.7077e+000 +1.3796e-001 -3.8721e-001 +2.0460e+000 +4.5894e+000 +4.4706e+000 +1.6804e+000
1568 +9.588163472e+003 +9.588163472e+003 +9.936563472e+003 +9.936563472e+003 +2.9218e+000 +5.2422e+000 +5.9932e+000 +4.8669e+000 +2.8761e+000 +6.3373e+000 +4.7084e+000 +3.5305e+000 +5.3169e+000 +5.5705e+000 +3.5238e+000 +1.0023e+001 +1.9591e+000 +7.3981e+000 +6.3341e-001 -7.3457e-002 +1.6403e+000 +5.1367e+000 +4.1173e+000 +1.6646e+000
1682 +5.998824590e+003 +5.998824590e+003 +6.347224590e+003 +6.347224590e+003 +3.7659e+000 +5.6144e+000 +3.0796e+000 +4.0440e+000 +2.3670e+000 +5.4845e+000 +3.6443e+000 +4.0392e+000 +5.3797e+000 +6.3193e+000 +2.8225e+000 +9.4620e+000 +1.5553e+000 +7.9804e+000 +5.4857e-001 -2.8676e-002 +1.9595e+000 +4.4136e+000 +4.1306e+000 +1.5683e+000
1922 +3.733016628e+003 +3.733016628e+003 +4.081416628e+003 +4.081416628e+003 +3.5543e+000 +4.9612e+000 +1.7087e+000 +4.2272e+000 +1.8463e+000 +6.3059e+000 +3.0128e+000 +4.0276e+000 +4.8833e+000 +6.8668e+000 +2.6529e+000 +7.9059e+000 +1.1291e+000 +6.1182e+000 +9.8876e-001 -2.7674e-001 +1.5870e+000 +4.2939e+000 +4.5397e+000 +1.0061e+000
2020 +1.870552848e+003 +1.870552848e+003 +2.218952848e+003 +2.218952848e+003 +2.9264e+000 +5.2594e+000 +1.9569e+000 +4.3161e+000 +1.6751e+000 +5.6553e+000 +2.9345e+000 +4.9332e+000 +3.9348e+000 +6.1828e+000 +2.2652e+000 +7.1528e+000 +7.2586e-001 +5.8768e+000 +9.7403e-001 +1.6597e+000 +2.4927e+000 +4.5139e+000 +4.0249e+000 +1.9310e+000
2137 +1.426981638e+003 +1.426981638e+003 +1.775381638e+003 +1.775381638e+003 +2.9496e+000 +5.5683e+000 +1.5719e+000 +5.9158e+000 +1.8695e+000 +6.4163e+000 +2.2143e+000 +3.5912e+000 +4.2424e+000 +5.8953e+000 +2.3487e+000 +5.4961e+000 +1.4454e+000 +5.6479e+000 +7.8929e-001 -7.7351e-001 +1.9022e+000 +4.7895e+000 +3.9949e+000 +9.9678e-001
2215 +8.641036769e+002 +8.641036769e+002 +1.212503677e+003 +1.212503677e+003 +2.5104e+000 +5.2903e+000 +1.5367e+000 +5.0221e+000 +1.4674e+000 +6.2422e+000 +1.8383e+000 +4.1763e+000 +3.5518e+000 +5.8467e+000 +2.0614e+000 +5.3288e+000 +1.4140e+000 +3.9906e+000 +1.1999e+000 +6.3560e-001 +2.4477e+000 +4.5265e+000 +3.9084e+000 +1.4842e+000
2421 +6.009551206e+002 +6.009551206e+002 +9.493551206e+002 +9.493551206e+002 +2.3845e+000 +5.2383e+000 +6.3964e-001 +4.8056e+000 +1.3925e+000 +5.0070e+000 +2.1908e+000 +4.4121e+000 +3.5888e+000 +5.7140e+000 +2.3230e+000 +4.9760e+000 +9.7507e-001 +2.7437e+000 +1.0328e+000 +1.3908e+000 +2.9686e+000 +4.0056e+000 +3.7886e+000 +1.5023e+000
3373 +3.969540663e+002 +3.969540663e+002 +7.453540663e+002 +7.453540663e+002 +1.9661e+000 +5.2717e+000 +1.1071e+000 +4.9322e+000 +1.1432e+000 +5.0492e+000 +1.8262e+000 +5.0515e+000 +2.9134e+000 +5.1624e+000 +2.0756e+000 +1.4406e+000 +1.0559e+000 +2.4014e+000 +9.1292e-001 +4.9487e-001 +2.8397e+000 +4.4233e+000 +3.8087e+000 +1.7966e+000
5909 +2.500595549e+002 +2.500595549e+002 +5.984595549e+002 +5.984595549e+002 +1.9371e+000 +5.1309e+000 +1.1538e+000 +4.8798e+000 +1.1716e+000 +5.0138e+000 +1.9499e+000 +4.1410e+000 +2.9579e+000 +4.4042e+000 +2.5146e+000 +1.4706e+000 +1.0873e+000 +2.4778e+000 +1.1772e+000 +5.8305e-001 +2.8532e+000 +1.9136e+000 +3.8388e+000 +1.8160e+000
% function evaluation | noise-free fitness - Fopt (3.770000000000e+000) | best noise-free fitness - Fopt | measured fitness | best measured fitness | x1 | x2...
1 +3.562698015e+005 +3.562698015e+005 +3.562735715e+005 +3.562735715e+005 +1.1573e+001 +1.3822e+001 +1.1355e+001 +1.3454e+001 +6.6958e+000 +1.2089e+001 +5.1333e+000 +9.8031e+000 +5.5685e+000 +1.4890e+001 +1.2259e+001 +6.3585e+000 +6.1056e+000 +8.8292e+000 +6.2096e+000 +6.9725e+000 +1.4086e+001 +1.4986e+001 +9.8095e+000 +9.3861e+000
10 +2.129424695e+005 +2.129424695e+005 +2.129462395e+005 +2.129462395e+005 +9.4307e+000 +1.1023e+001 +7.2365e+000 +1.4902e+001 +8.9453e+000 +1.2633e+001 +9.2987e+000 +8.2711e+000 +5.5032e+000 +1.2612e+001 +1.2430e+001 +6.6532e+000 +1.1723e+001 +8.4686e+000 +7.7793e+000 +7.8720e+000 +5.0344e+000 +6.9293e+000 +7.7252e+000 +1.2791e+001
226 +1.429479729e+005 +1.429479729e+005 +1.429517429e+005 +1.429517429e+005 +9.4307e+000 +1.1023e+001 +9.6496e+000 +4.2959e+000 +9.4590e+000 +1.2633e+001 +9.2987e+000 +8.2711e+000 +5.5032e+000 +1.2612e+001 +6.9952e+000 +9.0120e+000 +4.5650e+000 +8.4686e+000 +7.0679e+000 +8.9497e+000 +5.0344e+000 +1.4729e+001 +7.7252e+000 +1.0487e+001
371 +8.351186863e+004 +8.351186863e+004 +8.351563863e+004 +8.351563863e+004 +7.5858e+000 +1.1331e+001 +9.6496e+000 +4.2959e+000 +9.4590e+000 +9.0428e+000 +9.0768e+000 +6.8748e+000 +5.5032e+000 +1.2684e+001 +2.5279e+000 +6.1841e+000 +4.5650e+000 +8.4686e+000 +6.6922e+000 +1.0190e+001 +5.5253e+000 +4.6270e+000 -1.1218e+000 +6.9744e+000
674 +6.014719710e+004 +6.014719710e+004 +6.015096710e+004 +6.015096710e+004 +5.0322e+000 +1.0011e+001 +6.2995e+000 +9.6116e+000 +9.3271e+000 +8.5114e+000 +4.3337e+000 +3.1820e+000 +8.2602e+000 +1.3859e+001 +9.5072e-001 +9.7628e+000 +1.9441e+000 +1.1932e+001 +6.1095e+000 +9.6739e+000 +3.3537e+000 +1.0892e+001 -5.7071e-001 +2.9523e+000
822 +3.688164530e+004 +3.688164530e+004 +3.688541530e+004 +3.688541530e+004 +2.7018e+000 +9.1399e+000 +5.0425e+000 +7.8635e+000 +9.2027e+000 +7.3195e+000 +4.2078e+000 +3.4556e+000 +7.0373e+000 +1.2173e+001 +1.5632e+000 +9.9952e+000 +1.3181e+000 +1.1050e+001 +5.0090e+000 +1.1216e+001 +1.0467e+000 +8.0301e+000 +1.6515e+000 +8.4190e-001
1000 +2.439013480e+004 +2.439013480e+004 +2.439390480e+004 +2.439390480e+004 -1.9830e+000 +6.9268e+000 +1.9801e+000 +6.7943e+000 +7.6816e+000 +4.9203e+000 +2.1494e+000 +5.0130e-001 +6.1900e+000 +1.0059e+001 -1.9953e-001 +8.0454e+000 -1.4416e-002 +1.2909e+001 +4.3433e+000 +9.0090e+000 +7.2020e-001 +9.3951e+000 +1.3592e+000 -2.8002e+000
1151 +1.347858700e+004 +1.347858700e+004 +1.348235700e+004 +1.348235700e+004 +3.7110e+000 +8.5729e+000 +1.2813e+000 +7.3285e+000 +6.4752e+000 +6.5369e+000 +4.4960e+000 +3.2750e+000 +5.5490e+000 -1.8225e+000 -2.9209e+000 +5.0985e+000 +1.5629e+000 +8.0593e+000 +4.6826e+000 +9.4312e+000 -8.4762e-002 +7.6675e+000 -1.3760e+000 -2.5823e+000
1316 +9.338132836e+003 +9.338132836e+003 +9.341902836e+003 +9.341902836e+003 +1.7414e-001 +7.7167e+000 +1.5155e+000 +6.5332e+000 +5.6828e+000 +6.2490e+000 +3.0721e+000 +2.8292e+000 +4.9246e+000 +1.5245e+000 -3.7357e+000 +5.5896e+000 +1.4346e+000 +9.0188e+000 +4.1255e+000 +7.8298e+000 -2.8937e-001 +7.4576e+000 -2.0033e-001 -4.9758e+000
1457 +6.040733824e+003 +6.040733824e+003 +6.044503824e+003 +6.044503824e+003 +6.9092e-001 +7.2391e+000 +1.8171e+000 +6.0755e+000 +4.4994e+000 +6.1865e+000 +4.0983e+000 +4.2092e+000 +4.5693e+000 -2.5753e+000 -4.3576e+000 +5.8746e+000 +3.7801e-001 +7.0660e+000 +3.1191e+000 +8.7499e+000 -1.4651e+000 +5.5610e+000 -1.5849e+000 -2.3134e+000
1637 +3.743887126e+003 +3.743887126e+003 +3.747657126e+003 +3.747657126e+003 +2.0396e+000 +6.2198e+000 +1.4435e+000 +6.5910e+000 +3.6400e+000 +6.3303e+000 +2.1342e+000 +4.0909e+000 +4.0269e+000 -5.7376e+000 -5.2134e+000 +6.6384e+000 +5.3178e-001 +5.9863e+000 +2.9350e+000 +6.7214e+000 -1.6693e+000 +6.0812e+000 -1.5114e+000 -4.9418e+000
1844 +2.457760134e+003 +2.457760134e+003 +2.461530134e+003 +2.461530134e+003 +5.2479e-001 +6.4795e+000 +9.5913e-001 +5.1402e+000 +2.8131e+000 +6.6884e+000 +2.3827e+000 +4.7536e+000 +4.0971e+000 -1.6083e+000 -4.8587e+000 +4.6874e+000 -7.2072e-001 +5.4515e+000 +3.1137e+000 +6.2622e+000 -1.2666e+000 +4.9724e+000 -1.6434e+000 -2.2679e+000
2253 +1.565212575e+003 +1.565212575e+003 +1.568982575e+003 +1.568982575e+003 +8.9253e-001 +6.2398e+000 +1.7432e+000 +3.9357e+000 +3.3547e+000 +6.0645e+000 +2.1828e+000 +3.7492e+000 +3.8304e+000 -2.8285e+000 -3.1586e+000 +3.6908e+000 -3.0467e-001 +4.9149e+000 +2.9642e+000 +4.8938e+000 -1.0750e+000 +4.7707e+000 -1.3800e+000 +3.7468e+000
3156 +9.779056329e+002 +9.779056329e+002 +9.816756329e+002 +9.816756329e+002 +9.8166e-001 +5.9153e+000 +2.3980e+000 +3.4728e+000 +2.8746e+000 +4.2863e+000 +2.1158e+000 +3.2127e+000 +3.7229e+000 -1.1815e+000 -8.0022e-001 +3.1253e+000 -1.1909e+000 +2.2205e+000 +3.0948e+000 +5.2372e+000 +3.3619e-002 +3.9114e+000 -6.2342e-001 +2.9122e+000
4247 +6.212532610e+002 +6.212532610e+002 +6.250232610e+002 +6.250232610e+002 +8.1473e-001 +5.7526e+000 +2.7687e+000 +3.4033e+000 +2.6040e+000 +3.7448e+000 +2.0297e+000 +2.7938e+000 +3.7060e+000 -1.7879e+000 +2.1467e+000 +2.0352e+000 -6.4139e-001 +1.8475e-002 +3.0665e+000 +4.3746e+000 +3.9199e-001 +3.3060e+000 -5.2664e-001 +1.9024e+000
7860 +3.957839265e+002 +3.957839265e+002 +3.995539265e+002 +3.995539265e+002 +1.0272e+000 +5.7108e+000 +3.1306e+000 +3.5205e+000 +2.6213e+000 +3.8579e+000 +2.0898e+000 +1.9553e+000 +3.7666e+000 -1.2951e+000 +1.9998e+000 +2.1446e+000 -6.1962e-001 -3.9478e+000 +3.0387e+000 +4.3535e+000 +2.4771e-001 +2.9627e+000 +1.2040e+000 +1.9191e+000
% function evaluation | noise-free fitness - Fopt (3.770000000000e+001) | best noise-free fitness - Fopt | measured fitness | best measured fitness | x1 | x2...
1 +1.745979370e+005 +1.745979370e+005 +1.746356370e+005 +1.746356370e+005 +6.9686e+000 +1.1081e+001 +9.8348e+000 +6.5342e+000 +1.1714e+001 +1.0476e+001 +1.0214e+001 +7.4796e+000 +1.1547e+001 +9.4418e+000 +9.9788e+000 +1.0032e+001 +6.2381e+000 +1.0250e+001 +9.7706e+000 +5.7054e+000 +5.9054e+000 +1.1694e+001 +5.2464e+000 +5.3512e+000
210 +1.532915464e+005 +1.532915464e+005 +1.533292464e+005 +1.533292464e+005 +5.9226e+000 +1.5576e+001 +7.4173e+000 +3.3121e+000 +5.4247e+000 +1.1855e+001 +8.0075e+000 +9.5984e+000 +1.3630e+001 +8.7659e+000 +3.4251e+000 +1.4515e+001 +6.8990e+000 +8.0175e+000 +7.5000e+000 +3.7458e+000 +8.9217e+000 +8.2274e+000 +4.3872e+000 +1.4568e+001
515 +9.938748127e+004 +9.938748127e+004 +9.942518127e+004 +9.942518127e+004 +9.5741e+000 +8.0167e+000 +9.4075e+000 +8.2536e+000 +6.3462e+000 +9.6576e+000 +6.6352e+000 +2.5013e+000 +6.9170e+000 +1.5636e+001 +6.1756e+000 +1.6391e+001 +5.1702e+000 +4.9694e+000 +6.4361e+000 +1.2346e+001 +2.1884e+000 +1.0591e+001 +4.6368e+000 +9.4766e+000
692 +5.859918004e+004 +5.859918004e+004 +5.863688004e+004 +5.863688004e+004 +5.4379e+000 +6.0442e+000 +1.1793e+001 +8.8034e+000 +8.6504e+000 +1.1508e+001 +3.9564e+000 +6.1861e+000 +5.9276e+000 +1.0018e+001 +3.6163e+000 +1.1844e+001 +5.9091e-001 +4.6921e+000 +4.6635e+000 +8.0204e+000 -5.7379e-001 +5.2126e+000 +4.6979e+000 +1.3058e+001
856 +3.724721316e+004 +3.724721316e+004 +3.728491316e+004 +3.728491316e+004 +3.8274e+000 +7.6176e+000 +1.0694e+001 +3.7546e+000 +4.8357e+000 +9.8818e+000 +5.5593e+000 +5.1492e+000 +5.8789e+000 +1.0481e+001 +3.1285e+000 +1.1381e+001 -1.1260e+000 +3.6745e+000 +2.0799e+000 +7.8156e+000 -2.8530e+000 +5.6332e+000 +4.8831e+000 +1.0089e+001
1040 +2.308181637e+004 +2.308181637e+004 +2.311951637e+004 +2.311951637e+004 +3.1540e+000 +6.3884e+000 +8.8767e+000 +5.1098e+000 +5.7769e+000 +1.0296e+001 +3.9737e+000 +2.8886e+000 +4.0168e+000 +1.0379e+001 +1.5295e-001 +1.0203e+001 -8.4365e-001 +3.7350e+000 +3.1586e+000 +7.7914e+000 -1.5117e+000 +4.4587e+000 +4.6433e+000 +7.6944e+000
1183 +1.492277123e+004 +1.492277123e+004 +1.496047123e+004 +1.496047123e+004 +6.3961e-002 +8.2773e+000 +8.0704e+000 +1.2080e+000 +6.0232e+000 +1.0268e+001 +3.7219e+000 +3.9104e+000 +2.3955e+000 +6.5770e+000 +5.6968e-002 +7.9699e+000 -2.4421e+000 +3.8582e+000 +1.5778e+000 +6.8624e+000 -4.8357e+000 +1.4760e+000 +4.6704e+000 +3.6224e+000
1348 +9.336946912e+003 +9.336946912e+003 +9.374646912e+003 +9.374646912e+003 -3.0583e+000 +6.8238e+000 +7.1438e+000 +3.6947e+000 +5.0531e+000 +8.8908e+000 +3.2886e+000 +4.4201e+000 +1.2031e+000 +5.0004e+000 -4.1734e-001 +7.3801e+000 -3.4580e+000 +2.9231e+000 +2.2508e+000 +6.4577e+000 -5.6978e+000 -1.8015e+000 +4.5166e+000 +4.8978e+000
1492 +5.744953959e+003 +5.744953959e+003 +5.782653959e+003 +5.782653959e+003 -1.6500e+000 +7.8479e+000 +4.6486e+000 +2.3866e+000 +4.2849e+000 +8.8395e+000 +2.5092e+000 +2.6061e+000 +6.9388e-001 +4.3178e+000 -1.8172e+000 +6.7364e+000 -1.4775e+000 +2.0966e+000 +2.3255e+000 +5.9232e+000 -6.1582e+000 -2.8373e-001 +3.9645e+000 +5.3438e+000
1593 +3.865955277e+003 +3.865955277e+003 +3.903655277e+003 +3.903655277e+003 -3.8854e+000 +6.6204e+000 +4.4161e+000 +1.9488e+000 +3.8030e+000 +7.7641e+000 +3.9810e+000 +2.2573e+000 -6.7606e-001 +4.2532e+000 -3.1734e+000 +5.9595e+000 -2.5138e+000 +1.9668e+000 +2.4356e+000 +5.6547e+000 -6.1807e+000 -1.7359e+000 +3.6131e+000 +5.3503e+000
1803 +2.360329836e+003 +2.360329836e+003 +2.398029836e+003 +2.398029836e+003 -2.6414e+000 +5.3649e+000 +2.3143e+000 +1.7590e+000 +4.2838e+000 +6.9870e+000 +1.6305e+000 +3.3781e+000 +1.0469e+000 +2.6269e+000 -3.0276e+000 +5.4295e+000 -2.9791e+000 +2.1710e+000 +2.1298e+000 +5.0936e+000 -4.9036e+000 -1.9633e+000 +3.5872e+000 +3.2384e+000
2102 +1.538608015e+003 +1.538608015e+003 +1.576308015e+003 +1.576308015e+003 -2.0328e+000 +5.1985e+000 +1.8018e+000 +1.3618e+000 +3.4555e+000 +5.9397e+000 +7.5189e-001 +3.7492e+000 +2.5473e-001 +2.5620e-003 -3.9248e+000 +4.1599e+000 -2.7086e+000 +2.0922e+000 +2.1788e+000 +5.0945e+000 -4.4679e+000 -4.1690e+000 +3.1705e+000 +2.7536e+000
2454 +9.737819055e+002 +9.737819055e+002 +1.011481906e+003 +1.011481906e+003 -2.8448e+000 +3.4066e+000 +1.4339e+000 +7.8952e-001 +2.9980e+000 +4.8967e+000 +1.2630e-002 +3.0750e+000 +3.7873e-001 +3.8500e-001 -1.8231e+000 +3.1185e+000 -2.2680e+000 +2.1033e+000 +2.3067e+000 +4.3229e+000 -3.5587e+000 -4.2004e+000 +3.3020e+000 +1.1241e+000
2905 +6.224282050e+002 +6.224282050e+002 +6.601282050e+002 +6.601282050e+002 -2.0321e+000 +3.3915e+000 +1.8018e+000 +2.5954e-001 +2.6697e+000 +4.6681e+000 +3.4728e-002 +1.4315e+000 +1.0085e+000 -5.1121e-002 -9.1381e-001 +2.8743e+000 -1.8830e+000 +1.7898e+000 +1.5550e+000 +4.1095e+000 -3.0094e-001 -3.6293e+000 +3.6912e+000 +1.5424e+000
3795 +3.943742541e+002 +3.943742541e+002 +4.320742541e+002 +4.320742541e+002 -1.6990e+000 +3.3113e+000 +1.7083e+000 +4.8709e-001 +2.6340e+000 +4.6026e+000 +6.4599e-001 +3.1604e-002 +2.6382e+000 +4.9025e-001 +1.4172e-001 +1.0609e+000 -1.0009e+000 +1.9864e+000 +1.7837e+000 +4.0504e+000 +2.4459e+000 -3.2011e+000 +3.5138e+000 +7.8091e-001
5120 +2.489152701e+002 +2.489152701e+002 +2.866152701e+002 +2.866152701e+002 -1.8085e+000 +3.2942e+000 +1.7954e+000 +5.2211e-001 +2.5315e+000 +4.6074e+000 +1.5027e+000 -2.7293e+000 +3.2397e+000 -1.3054e-002 +1.3056e-001 -6.9140e-001 -8.3395e-001 +1.9739e+000 +1.8518e+000 +4.0929e+000 +2.4019e+000 -2.9261e+000 +3.3821e+000 +1.2029e+000
7052 +1.564139788e+002 +1.564139788e+002 +1.941139788e+002 +1.941139788e+002 -1.8678e+000 +3.2879e+000 +1.7671e+000 +5.4716e-001 +2.3702e+000 +4.5354e+000 +1.3010e+000 -2.6205e+000 +3.2350e+000 -7.6282e-002 +1.5627e-001 -1.0968e+000 -7.9719e-001 +1.9437e+000 +1.8729e+000 +3.1325e+000 +2.4469e+000 -2.2531e+000 +3.3371e+000 +1.1664e+000
% function evaluation | noise-free fitness - Fopt (6.956900000000e+002) | best noise-free fitness - Fopt | measured fitness | best measured fitness | x1 | x2...
1 +3.764004473e+005 +3.764004473e+005 +3.770961373e+005 +3.770961373e+005 +1.4744e+001 +7.4898e+000 +1.4637e+001 +1.2366e+001 +1.1612e+001 +1.1100e+001 +1.3922e+001 +1.1110e+001 +9.8112e+000 +1.3453e+001 +8.4089e+000 +9.4428e+000 +8.3260e+000 +9.2403e+000 +5.1551e+000 +8.4852e+000 +1.4859e+001 +7.1860e+000 +1.0769e+001 +7.3638e+000
7 +1.677332557e+005 +1.677332557e+005 +1.684289457e+005 +1.684289457e+005 +5.1734e+000 +1.0444e+001 +1.2740e+001 +9.8481e+000 +1.2061e+001 +1.3416e+001 +7.3203e+000 +6.1284e+000 +8.9656e+000 +7.9985e+000 +1.0883e+001 +8.9373e+000 +5.2261e+000 +6.3035e+000 +6.8550e+000 +1.1394e+001 +6.4268e+000 +9.2412e+000 +6.2424e+000 +1.4092e+001
147 +1.133910332e+005 +1.133910332e+005 +1.140867232e+005 +1.140867232e+005 +1.0291e+001 +6.5970e+000 +6.0913e+000 +1.3954e+001 +6.3323e+000 +1.4386e+001 +9.0142e+000 +8.8903e+000 +7.7407e+000 +7.6289e+000 +6.2583e+000 +6.6872e+000 +7.2995e+000 +1.4046e+001 +5.9835e+000 +9.1509e+000 +5.3805e+000 +8.5618e+000 +6.8238e+000 +5.0293e+000
395 +9.116365255e+004 +9.116365255e+004 +9.185934255e+004 +9.185934255e+004 +1.3220e+000 +9.5449e+000 +5.8949e+000 +7.7764e+000 +1.1449e+001 +1.3774e+001 +7.3170e+000 +2.9385e+000 +6.7164e+000 +5.5443e+000 +3.5057e+000 +1.0558e+001 +6.1877e+000 +9.8892e+000 +7.2260e+000 +1.2721e+001 -9.7992e-001 +1.0710e+001 +5.1985e+000 -1.8064e+000
702 +6.086730082e+004 +6.086730082e+004 +6.156299082e+004 +6.156299082e+004 +1.7287e+000 +8.2861e+000 +6.9773e+000 +7.8107e+000 +2.8142e+000 +9.7107e+000 +7.2913e+000 +7.8636e+000 +7.3180e+000 +5.1154e+000 +5.6934e+000 +7.1926e+000 +7.9349e+000 +1.1674e+001 +4.6820e+000 +9.7697e+000 +2.2752e+000 +1.2600e+001 +4.2501e+000 -5.8486e+000
879 +3.978953412e+004 +3.978953412e+004 +4.048522412e+004 +4.048522412e+004 +2.6938e+000 +5.4377e+000 +4.9726e+000 +6.1789e+000 +3.0114e+000 +1.1248e+001 +5.4121e+000 +6.0458e+000 +7.1386e+000 +8.4750e+000 +4.0708e+000 +9.5890e+000 +5.5054e+000 +9.6785e+000 +4.2074e+000 +1.0232e+001 +8.4881e-001 +6.8997e+000 +5.4034e+000 +2.7808e+000
1061 +2.479838027e+004 +2.479838027e+004 +2.549407027e+004 +2.549407027e+004 +7.5419e-001 +6.5395e+000 +5.2993e+000 +5.2754e+000 +1.2698e+000 +6.9863e+000 +5.6623e+000 +7.1414e+000 +5.3652e+000 +7.3748e+000 +2.9266e+000 +7.3072e+000 +6.4054e+000 +5.0174e+000 +2.8218e+000 +9.5811e+000 -4.1639e-001 +1.1045e+001 +5.1174e+000 -1.4955e+000
1233 +1.559458624e+004 +1.559458624e+004 +1.629027624e+004 +1.629027624e+004 -1.9833e+000 +5.2717e+000 +5.0334e+000 +4.8109e+000 -1.2148e+000 +5.8601e+000 +4.4935e+000 +6.3203e+000 +3.8599e+000 +6.6301e+000 +2.8375e+000 +6.8047e+000 +5.7655e+000 +6.4971e+000 +2.2309e+000 +8.7177e+000 +1.9190e-001 +1.1504e+001 +4.4708e+000 -2.3748e+000
1399 +9.579283819e+003 +9.579283819e+003 +1.027497382e+004 +1.027497382e+004 -2.2670e+000 +3.7608e+000 +5.0248e+000 +6.1706e+000 +4.2349e-001 +4.2420e+000 +3.8044e+000 +6.7435e+000 +2.6014e+000 +6.5845e+000 +2.3273e+000 +6.3049e+000 +4.2996e+000 +4.4469e+000 +1.8806e+000 +8.0099e+000 +1.4600e+000 +1.1387e+001 +4.0485e+000 -1.3608e+000
1638 +5.988362744e+003 +5.988362744e+003 +6.684052744e+003 +6.684052744e+003 -1.2668e+000 +4.5948e+000 +2.4605e+000 +2.2003e+000 +1.2831e+000 +5.8167e+000 +1.7998e+000 +5.7079e+000 +1.5146e+000 +6.2810e+000 +1.7143e+000 +6.5311e+000 +4.5608e+000 +4.1693e+000 +1.4666e-001 +7.3568e+000 +1.6783e+000 +9.7434e+000 +3.7566e+000 -5.0129e+000
1811 +3.056371324e+003 +3.056371324e+003 +3.752061324e+003 +3.752061324e+003 -1.2072e+000 +4.1422e+000 +2.8552e+000 +4.6638e+000 -1.9678e-001 +5.4453e+000 +2.3264e+000 +4.4644e+000 +1.3145e+000 +5.6252e+000 +1.6370e+000 +6.6938e+000 +4.3513e+000 +3.4795e+000 +4.3590e-001 +6.0274e+000 +5.2295e-001 +7.6302e+000 +3.5060e+000 -3.5274e+000
1886 +2.480525202e+003 +2.480525202e+003 +3.176215202e+003 +3.176215202e+003 -1.2086e+000 +4.0784e+000 +2.8182e+000 +4.3643e+000 -6.4146e-001 +5.7780e+000 +2.1707e+000 +4.9127e+000 +1.2607e+000 +5.6079e+000 +1.4463e+000 +6.3869e+000 +4.3576e+000 +4.1390e+000 +4.6460e-001 +6.2417e+000 +6.6843e-001 +6.5580e+000 +3.5538e+000 -3.9456e+000
2210 +1.582814730e+003 +1.582814730e+003 +2.278504730e+003 +2.278504730e+003 -1.1254e+000 +2.7566e+000 +2.6125e+000 +4.2146e+000 +2.6860e-001 +5.7058e+000 +2.0974e+000 +3.0385e+000 +1.5317e-001 +4.7016e+000 +1.0170e+000 +5.8311e+000 +3.9617e+000 +3.7602e+000 +5.0685e-001 +6.0656e+000 +7.7054e-001 +4.8973e+000 +3.5907e+000 -3.4465e+000
2653 +9.939506486e+002 +9.939506486e+002 +1.689640649e+003 +1.689640649e+003 -8.0338e-001 +2.3903e+000 +2.5314e+000 +4.4475e+000 -2.0524e-001 +5.4460e+000 +2.2211e+000 +1.5389e+000 +9.4858e-001 +3.3820e+000 +1.1067e+000 +5.2069e+000 +3.5848e+000 +2.9902e+000 -5.7564e-001 +5.4207e+000 +1.8752e+000 +2.5083e+000 +3.3756e+000 -3.6888e+000
3866 +6.086294294e+002 +6.086294294e+002 +1.304319429e+003 +1.304319429e+003 -7.5943e-001 +1.3858e+000 +2.3705e+000 +4.2129e+000 -1.7578e-001 +4.3520e+000 +2.4138e+000 +1.6487e+000 +1.0002e+000 +1.0883e+000 +1.4343e+000 +4.4285e+000 +3.5295e+000 +2.1424e+000 -6.3503e-001 +4.1797e+000 +2.2570e+000 +1.8476e+000 +3.3812e+000 -3.3106e+000
% function evaluation | noise-free fitness - Fopt (-1.180300000000e+002) | best noise-free fitness - Fopt | measured fitness | best measured fitness | x1 | x2...
1 +2.940812898e+005 +2.940812898e+005 +2.939632598e+005 +2.939632598e+005 +1.0773e+001 +1.4668e+001 +1.1488e+001 +8.3347e+000 +7.4641e+000 +7.9531e+000 +1.4028e+001 +1.4885e+001 +7.7274e+000 +1.2422e+001 +8.8851e+000 +8.3848e+000 +1.1546e+001 +6.9037e+000 +6.0776e+000 +8.5717e+000 +1.0197e+001 +1.2185e+001 +1.1554e+001 +1.3917e+001
4 +2.364246799e+005 +2.364246799e+005 +2.363066499e+005 +2.363066499e+005 +7.0285e+000 +8.2269e+000 +5.4168e+000 +8.6357e+000 +7.7905e+000 +1.2828e+001 +9.2993e+000 +1.1683e+001 +9.5492e+000 +1.3878e+001 +1.3097e+001 +1.0624e+001 +7.5254e+000 +7.1093e+000 +5.1132e+000 +8.7857e+000 +1.4775e+001 +6.2038e+000 +5.1590e+000 +1.3410e+001
187 +1.561198753e+005 +1.561198753e+005 +1.560018453e+005 +1.560018453e+005 +9.5585e+000 +6.9692e+000 +1.2741e+001 +9.0847e+000 +1.3576e+001 +1.0410e+001 +1.2935e+001 +1.2560e+001 +7.3851e+000 +5.9706e+000 +6.7557e+000 +9.8000e+000 +7.6589e+000 +2.0659e+000 +6.4756e+000 +4.2572e+000 +7.3892e+000 +5.4363e+000 +3.5954e+000 +9.0800e+000
541 +9.755894491e+004 +9.755894491e+004 +9.744091491e+004 +9.744091491e+004 +8.5474e+000 +1.0098e+001 +1.1524e+001 +1.0347e+001 +6.6107e+000 +5.5138e+000 +8.3960e+000 +1.5214e+001 +1.1228e+001 +7.9368e+000 +3.6089e+000 +8.3414e+000 +6.1764e+000 +5.8030e+000 +1.2960e+000 +1.0883e+001 +6.0514e+000 +1.0045e+001 +1.6545e+000 +8.3919e+000
780 +6.186953858e+004 +6.186953858e+004 +6.175150858e+004 +6.175150858e+004 +1.0220e+001 +1.0174e+001 +4.8494e+000 +9.4112e+000 +7.7187e+000 +8.7625e+000 +9.0310e+000 +1.0085e+001 +4.4427e+000 +1.0413e+001 +4.2171e+000 +6.6239e+000 +4.9252e+000 +8.2090e+000 +3.9173e+000 +1.1925e+001 +5.2414e+000 +1.0606e+001 +3.1696e+000 +6.6151e+000
986 +3.978208903e+004 +3.978208903e+004 +3.966405903e+004 +3.966405903e+004 +7.9301e+000 +7.1644e+000 -1.9156e+000 +8.4700e+000 +7.7842e+000 +9.5445e+000 +9.1571e+000 +5.4592e+000 -1.1344e+000 +9.2958e+000 +3.9129e+000 +9.1420e+000 +1.5497e+000 +9.8785e+000 +3.5703e+000 +8.6333e+000 +4.2668e+000 +9.3589e+000 +2.4868e+000 +5.1655e+000
1258 +2.428752613e+004 +2.428752613e+004 +2.416949613e+004 +2.416949613e+004 +6.3911e+000 +8.1123e+000 -4.9146e+000 +7.7806e+000 +8.7668e+000 +8.9387e+000 +7.4195e+000 +2.6516e+000 -2.6359e+000 +8.2186e+000 +4.0841e+000 +6.9321e+000 +2.1785e+000 +8.5250e+000 +1.9876e+000 +8.1534e+000 +3.4041e+000 +8.6034e+000 +2.1607e+000 +2.2352e+000
1487 +1.433647049e+004 +1.433647049e+004 +1.421844049e+004 +1.421844049e+004 +6.2123e+000 +6.2709e+000 -3.7436e+000 +7.4180e+000 +7.2147e+000 +6.7773e+000 +6.4237e+000 +4.4529e+000 -1.7163e+000 +8.6288e+000 +2.7978e+000 +6.8498e+000 +1.9918e+000 +5.9248e+000 +1.5976e+000 +6.8733e+000 +3.3541e+000 +8.2839e+000 +2.4534e+000 +2.7425e+000
1718 +9.713178323e+003 +9.713178323e+003 +9.595148323e+003 +9.595148323e+003 +4.4597e+000 +5.9531e+000 -4.5568e+000 +7.3803e+000 +7.0032e+000 +8.1089e+000 +5.8429e+000 +2.8324e+000 -4.0382e+000 +8.4830e+000 +4.0088e+000 +5.6547e+000 +1.5276e+000 +5.2131e+000 +8.0518e-001 +5.5170e+000 +3.2189e+000 +6.2704e+000 +1.7964e+000 +2.0794e+000
1986 +6.172586789e+003 +6.172586789e+003 +6.054556789e+003 +6.054556789e+003 +3.6393e+000 +6.2222e+000 -5.2750e+000 +6.9408e+000 +7.2837e+000 +5.2514e+000 +4.1655e+000 +3.4727e+000 -4.6151e+000 +7.7098e+000 +2.2937e+000 +5.4560e+000 +2.1809e+000 +3.8685e+000 +9.5956e-001 +5.1082e+000 +3.2362e+000 +5.5452e+000 +1.7211e+000 +8.7671e-001
2291 +3.969097668e+003 +3.969097668e+003 +3.851067668e+003 +3.851067668e+003 +1.5301e+000 +5.7385e+000 -5.5665e+000 +6.7373e+000 +6.7339e+000 +4.6653e+000 +3.4032e+000 +3.2903e+000 -4.9768e+000 +6.9772e+000 +2.5149e+000 +5.4158e+000 +1.5556e+000 +4.1766e+000 +3.9301e-001 +5.2432e+000 +3.3518e+000 +5.2804e+000 +1.4411e+000 +8.0647e-001
2588 +2.480809115e+003 +2.480809115e+003 +2.362779115e+003 +2.362779115e+003 +1.2733e+000 +5.9329e+000 -5.3122e+000 +6.1852e+000 +5.6303e+000 +4.6347e+000 +3.3713e+000 +2.9060e+000 -5.0561e+000 +6.9148e+000 +2.0899e+000 +4.8009e+000 +1.9084e+000 +4.0801e+000 +4.5578e-001 +5.4285e+000 +3.4303e+000 +4.7283e+000 +1.4776e+000 +4.5057e-001
2977 +1.548443860e+003 +1.548443860e+003 +1.430413860e+003 +1.430413860e+003 +7.2719e-001 +5.3001e+000 -5.4644e+000 +5.7262e+000 +4.5815e+000 +4.3254e+000 +3.2117e+000 +3.4192e+000 -4.8879e+000 +5.9983e+000 +2.5912e+000 +4.6490e+000 +1.9950e+000 +3.4475e+000 +3.5431e-002 +5.3475e+000 +3.6395e+000 +5.0809e+000 +9.9802e-001 +2.9347e-001
3693 +9.889786950e+002 +9.889786950e+002 +8.709486950e+002 +8.709486950e+002 +1.1863e+000 +4.6643e+000 -5.1229e+000 +5.3327e+000 +3.6308e+000 +3.9794e+000 +3.1711e+000 +3.2026e+000 -5.0095e+000 +4.9573e+000 +2.1503e+000 +3.9816e+000 +1.8237e+000 +2.6636e+000 -1.0596e-001 +4.9627e+000 +3.7081e+000 +4.2874e+000 +8.1994e-001 -1.2121e-001
% function evaluation | noise-free fitness - Fopt (4.816000000000e+001) | best noise-free fitness - Fopt | measured fitness | best measured fitness | x1 | x2...
1 +4.217071571e+005 +4.217071571e+005 +4.217553171e+005 +4.217553171e+005 +8.9962e+000 +7.6304e+000 +8.7410e+000 +5.1120e+000 +1.1302e+001 +6.4368e+000 +9.5389e+000 +1.3946e+001 +1.3187e+001 +7.5625e+000 +8.5167e+000 +8.9862e+000 +1.1359e+001 +1.2440e+001 +6.5633e+000 +7.1063e+000 +1.4780e+001 +8.9361e+000 +1.1360e+001 +1.4400e+001
3 +3.864689355e+005 +3.864689355e+005 +3.865170955e+005 +3.865170955e+005 +7.0881e+000 +5.6846e+000 +1.1544e+001 +1.2123e+001 +6.2915e+000 +8.2677e+000 +1.2987e+001 +6.6431e+000 +1.1456e+001 +1.4281e+001 +8.4022e+000 +1.2761e+001 +1.1997e+001 +8.4965e+000 +9.1201e+000 +1.0093e+001 +7.8154e+000 +7.2919e+000 +1.3281e+001 +1.0302e+001
10 +2.135170910e+005 +2.135170910e+005 +2.135652510e+005 +2.135652510e+005 +9.5783e+000 +8.5586e+000 +1.1875e+001 +7.7454e+000 +1.4915e+001 +9.5036e+000 +7.7946e+000 +1.0893e+001 +1.1715e+001 +1.3103e+001 +7.8679e+000 +1.0475e+001 +8.5591e+000 +1.2500e+001 +5.8399e+000 +7.3353e+000 +7.6839e+000 +8.5205e+000 +5.0870e+000 +6.0465e+000
413 +1.172102020e+005 +1.172102020e+005 +1.172583620e+005 +1.172583620e+005 +2.9348e+000 +9.6988e+000 +8.7171e+000 +1.0027e+001 +7.5549e+000 +2.8283e+000 +1.1426e+001 +8.1740e+000 +6.2642e+000 +6.0936e-001 +1.1171e+001 +3.1046e+000 +3.9144e+000 +4.5793e+000 +4.5718e+000 +7.3837e+000 +5.7988e+000 +7.8378e+000 +4.1956e+000 +1.2233e+001
494 +8.014271599e+004 +8.014271599e+004 +8.019087599e+004 +8.019087599e+004 +1.1357e+001 +3.8088e+000 +6.8671e+000 +8.7532e+000 +1.0152e+001 +3.6105e+000 +4.1455e+000 +1.3726e+001 +4.2360e+000 +9.5750e+000 +8.6902e-001 +3.3956e+000 +6.5758e+000 +7.6324e+000 +5.7280e+000 +1.6388e+001 -1.8243e+000 +1.3513e+001 +1.6929e+000 +5.4930e+000
647 +5.542590851e+004 +5.542590851e+004 +5.547406851e+004 +5.547406851e+004 +6.4837e+000 +3.8773e+000 +8.1444e+000 +8.2670e+000 +7.7823e+000 +9.0345e-002 +8.6631e+000 +1.3030e+001 +3.5215e+000 +1.0480e+001 -1.0930e+000 +2.4205e+000 +6.5397e+000 +7.5180e+000 +5.9110e+000 +1.1327e+001 +1.9920e+000 +9.6130e+000 +5.8861e-001 +7.9594e+000
897 +3.770093236e+004 +3.770093236e+004 +3.774909236e+004 +3.774909236e+004 +6.7400e+000 +6.6119e+000 +4.6443e+000 +1.0487e+001 +6.9126e+000 -9.7463e-001 +3.6598e+000 +8.8448e+000 +1.3514e+000 +5.7759e+000 -2.4747e+000 +2.7625e+000 +6.5490e+000 +3.5942e+000 +5.2291e+000 +1.4608e+001 -5.2655e-001 +1.0547e+001 -2.2784e+000 +7.3918e+000
1041 +2.504023903e+004 +2.504023903e+004 +2.508839903e+004 +2.508839903e+004 +4.9768e+000 -1.6331e+000 +5.0069e+000 +5.0181e+000 +7.4591e+000 -8.5640e-001 +4.1943e+000 +1.1886e+001 -1.1959e+000 +6.0955e+000 -4.6514e+000 +1.6228e-001 +3.9728e+000 +4.1239e+000 +4.8477e+000 +1.1633e+001 -3.3237e+000 +1.0818e+001 -1.2487e+000 +4.6100e+000
1302 +1.551960582e+004 +1.551960582e+004 +1.556776582e+004 +1.556776582e+004 +4.2282e+000 +2.7794e+000 +3.4869e+000 +4.8233e+000 +6.5457e+000 -5.9414e-002 +3.7057e+000 +8.1602e+000 -3.9750e+000 +8.4911e+000 -5.4256e+000 +1.2042e+000 +3.2225e+000 +4.3794e+000 +4.6845e+000 +1.0019e+001 -5.2631e-001 +9.6942e+000 -1.4821e+000 +5.7886e+000
1479 +9.546584994e+003 +9.546584994e+003 +9.594744994e+003 +9.594744994e+003 +2.8672e+000 +4.6617e+000 +1.0360e+000 +6.7022e+000 +5.5323e+000 +3.8058e-002 +3.1074e+000 +9.9341e+000 -4.8724e+000 +1.3122e+000 -5.2941e+000 -3.3175e+000 +3.1102e+000 +4.0786e+000 +3.8000e+000 +6.9591e+000 -3.3728e+000 +8.9969e+000 +3.1236e-001 +4.8147e+000
1603 +6.100152248e+003 +6.100152248e+003 +6.148312248e+003 +6.148312248e+003 +3.7359e+000 +2.7380e+000 +1.4856e+000 +3.3814e+000 +5.0548e+000 +2.0613e-001 +2.5792e+000 +6.3199e+000 -3.8745e+000 +2.7475e+000 -5.3972e+000 +1.1884e+000 +1.9071e+000 +4.3246e+000 +3.4432e+000 +7.5361e+000 -3.7071e+000 +8.1649e+000 -2.8742e-001 +5.3970e+000
1711 +3.938663196e+003 +3.938663196e+003 +3.986823196e+003 +3.986823196e+003 +2.0408e+000 +2.1086e-001 +2.5955e+000 +2.1399e+000 +5.1237e+000 +5.3060e-001 +2.7376e+000 +6.2629e+000 -4.6565e+000 +1.8251e+000 -5.7381e+000 -3.2837e+000 +1.5615e+000 +4.0543e+000 +2.9116e+000 +4.9461e+000 -3.1255e+000 +6.9546e+000 +5.8343e-001 +5.6972e+000
1854 +2.370946629e+003 +2.370946629e+003 +2.419106629e+003 +2.419106629e+003 +2.3584e+000 -1.6823e-001 +3.5953e+000 +1.8444e-001 +3.8711e+000 +8.4198e-002 +3.1846e+000 +4.9569e+000 -3.7152e+000 -1.3368e-001 -5.9546e+000 -5.8072e+000 +1.8884e+000 +3.3084e+000 +2.5850e+000 +4.5777e+000 -3.7987e+000 +5.3535e+000 -4.2706e-001 +5.0809e+000
2041 +1.582694457e+003 +1.582694457e+003 +1.630854457e+003 +1.630854457e+003 +2.8086e+000 -1.0731e+000 +2.9987e+000 +1.0137e+000 +2.1968e+000 +1.2570e+000 +3.1820e+000 +4.8876e+000 -3.3757e+000 +3.8913e-001 -5.3371e+000 -5.2010e+000 +8.0534e-001 +3.5852e+000 +2.2935e+000 +3.0269e+000 -4.2617e+000 +4.0728e+000 -7.0727e-001 +4.9777e+000
2347 +9.956170323e+002 +9.956170323e+002 +1.043777032e+003 +1.043777032e+003 +1.3860e+000 -2.2668e+000 +3.8873e+000 +5.0996e-002 +2.0924e+000 +2.1728e-001 +2.6864e+000 +2.5598e+000 -1.3134e+000 +4.8961e-001 -4.9748e+000 -5.0091e+000 +3.4666e-001 +3.5350e+000 +1.9828e+000 +1.3061e+000 -4.2708e+000 +3.4660e+000 -2.0225e-001 +4.4690e+000
3021 +6.132008993e+002 +6.132008993e+002 +6.613608993e+002 +6.613608993e+002 +1.0052e+000 -3.6798e+000 +3.6533e+000 -8.2054e-001 +3.4214e-001 +5.0494e-001 +2.0777e+000 +1.8272e+000 +1.5138e-001 +7.3555e-001 -4.1807e+000 -1.9968e+000 +1.6885e+000 +3.7214e+000 +2.2327e+000 +1.2823e+000 -2.1838e+000 +1.5770e+000 -1.4819e-001 +3.9931e+000
4106 +3.573628630e+002 +3.573628630e+002 +4.055228630e+002 +4.055228630e+002 +9.3256e-001 -2.5313e+000 +3.4301e+000 -8.2874e-001 +3.9586e-001 +4.6510e-001 +2.0015e+000 +4.2469e-001 +5.8684e-001 +7.5154e-001 -1.2608e+000 -1.5866e+000 +2.9155e+000 +3.8445e+000 +2.6822e+000 +1.1040e+000 +1.4470e+000 +1.1019e+000 +9.3698e-002 +3.7767e+000
6250 +2.423885664e+002 +2.423885664e+002 +2.905485664e+002 +2.905485664e+002 +1.0153e+000 -2.6273e+000 +3.4233e+000 -5.6605e-001 +4.0863e-001 +4.6926e-001 +2.0264e+000 +5.3066e-002 +6.1030e-001 +8.2662e-001 +1.2503e-001 -1.3532e+000 +2.9328e+000 +2.8706e+000 +2.6703e+000 +1.2207e+000 +1.8838e+000 +1.2324e+000 -2.4607e-001 +2.7522e+000
7139 +1.361836373e+002 +1.361836373e+002 +1.843436373e+002 +1.843436373e+002 +1.1465e+000 -2.5280e+000 +3.4548e+000 -7.4100e-001 +4.2755e-001 +1.0973e+000 +2.0242e+000 +1.0861e-001 +7.4285e-001 +7.9167e-001 -4.4108e-001 -1.5423e+000 +3.0051e+000 +2.7718e+000 +2.6458e+000 +1.3384e+000 +1.9096e+000 +1.1550e+000 -2.2167e-001 +6.6548e-001
7796 +9.819378541e+001 +9.819378541e+001 +1.463537854e+002 +1.463537854e+002 +1.1556e+000 -2.5123e+000 +3.4210e+000 -6.7380e-001 +4.2436e-001 +9.2773e-001 +2.0234e+000 +3.0898e-002 +7.2556e-001 +7.6596e-001 -3.5994e-001 -1.5125e+000 +2.9588e+000 +2.8716e+000 +2.6491e+000 +1.3181e+000 +1.8918e+000 +1.2183e+000 -2.8469e-001 +8.2041e-001
% function evaluation | noise-free fitness - Fopt (8.384000000000e+001) | best noise-free fitness - Fopt | measured fitness | best measured fitness | x1 | x2...
1 +3.394078190e+005 +3.394078190e+005 +3.394916590e+005 +3.394916590e+005 +6.8094e+000 +1.0952e+001 +1.3938e+001 +9.6681e+000 +9.5343e+000 +1.2430e+001 +7.6361e+000 +9.2764e+000 +1.2966e+001 +1.2081e+001 +1.3918e+001 +1.3411e+001 +1.1477e+001 +1.2234e+001 +5.8125e+000 +1.4491e+001 +1.0225e+001 +1.0758e+001 +6.6356e+000 +1.1101e+001
11 +2.208225704e+005 +2.208225704e+005 +2.209064104e+005 +2.209064104e+005 +8.5415e+000 +5.0472e+000 +8.0826e+000 +5.0791e+000 +9.8466e+000 +1.4588e+001 +6.3794e+000 +1.3257e+001 +8.9963e+000 +1.4137e+001 +8.1522e+000 +1.4989e+001 +1.0654e+001 +1.1463e+001 +6.0149e+000 +5.3978e+000 +6.2801e+000 +6.8148e+000 +9.6566e+000 +1.2470e+001
143 +1.343255734e+005 +1.343255734e+005 +1.344094134e+005 +1.344094134e+005 +7.2065e+000 +9.6680e+000 +5.9331e+000 +8.5454e+000 +1.2371e+001 +2.6653e+000 +7.7605e+000 +4.1996e+000 +9.8661e+000 +7.7193e+000 +4.2622e+000 +1.4814e+001 +4.3892e+000 +5.9322e+000 +5.7622e+000 +1.3807e+001 +4.9924e+000 +1.4206e+001 +6.4528e+000 +9.0166e+000
604 +8.960202040e+004 +8.960202040e+004 +8.968586040e+004 +8.968586040e+004 +1.1874e+001 +8.8062e+000 +4.1937e+000 +6.5050e+000 +1.1763e+001 +1.0823e+001 +5.4753e+000 +5.9462e+000 +5.8937e+000 +6.1988e+000 +2.1616e+000 +1.2615e+001 +2.1395e+000 +3.5817e+000 +4.9925e+000 +1.0478e+001 +5.1169e+000 +9.0379e+000 +3.2746e+000 +1.0810e+001
839 +5.399214888e+004 +5.399214888e+004 +5.407598888e+004 +5.407598888e+004 +6.9020e+000 +7.0275e+000 +3.8028e+000 +2.1969e+000 +8.8122e+000 +4.5531e+000 +2.6931e+000 +5.8263e+000 +4.7744e+000 +5.7725e-001 +1.0648e+000 +1.4507e+001 +3.4488e+000 -4.8029e+000 +4.5950e+000 +6.5156e+000 +4.2972e+000 +1.1109e+001 +1.1890e+000 +1.0286e+001
907 +3.557052477e+004 +3.557052477e+004 +3.565436477e+004 +3.565436477e+004 +5.3339e+000 +6.3366e+000 +3.6741e+000 +2.6277e+000 +7.3439e+000 +1.3850e+000 +2.7177e+000 +6.3942e+000 +4.4207e+000 +4.1350e+000 +1.4838e+000 +1.4563e+001 +2.8886e+000 -4.9692e+000 +2.8440e+000 +2.8617e+000 +3.0567e+000 +1.1232e+001 +2.0598e+000 +8.4279e+000
1054 +2.491181531e+004 +2.491181531e+004 +2.499565531e+004 +2.499565531e+004 +2.3556e+000 +5.7058e+000 +4.1938e+000 +4.6320e+000 +5.8135e+000 -1.7002e+000 +1.2321e+000 +6.0873e+000 +4.3119e+000 +8.5716e+000 +2.0401e+000 +1.3914e+001 +2.5516e+000 -4.2810e+000 +6.3791e-001 +1.4389e+000 +1.0107e+000 +1.1693e+001 +3.2754e+000 +7.2217e+000
1257 +1.119134745e+004 +1.119134745e+004 +1.127518745e+004 +1.127518745e+004 +1.7840e+000 +5.2662e+000 +4.1105e+000 +1.1200e+000 +3.0580e+000 -3.3969e+000 +1.7830e+000 +3.7526e+000 +2.3794e+000 +7.1343e+000 +1.5938e+000 +1.1612e+001 +3.8062e+000 -3.8940e+000 -1.4272e+000 -2.1430e+000 +8.6970e-001 +8.1965e+000 +4.0148e+000 +6.9431e+000
1407 +8.776588517e+003 +8.776588517e+003 +8.860428517e+003 +8.860428517e+003 -5.5516e-001 +5.9968e+000 +3.8536e+000 +3.6492e-001 +1.7535e+000 -3.1517e+000 +1.4759e-001 +3.8973e+000 +2.3727e+000 +6.9206e+000 +1.2788e+000 +1.1016e+001 +2.6384e+000 -3.7335e+000 -2.9998e+000 -1.1980e+000 +3.5539e-002 +7.7578e+000 +4.3677e+000 +5.6015e+000
1572 +5.766208341e+003 +5.766208341e+003 +5.850048341e+003 +5.850048341e+003 +1.7820e+000 +5.3598e+000 +2.6242e+000 +2.2344e+000 -2.5955e-001 +1.9159e+000 -1.0923e+000 +1.9162e+000 +1.9984e+000 +6.9898e+000 +6.1421e-001 +9.8415e+000 +1.2533e+000 -4.7773e+000 +8.6447e-001 -2.3830e+000 +2.3142e-001 +6.7805e+000 +3.6954e+000 +6.4480e+000
1725 +3.755560118e+003 +3.755560118e+003 +3.839400118e+003 +3.839400118e+003 +1.8525e+000 +5.1649e+000 +1.9107e+000 +1.9903e+000 -1.2581e+000 -3.1371e-001 -7.4275e-001 +4.8677e+000 +1.2704e+000 +6.6544e+000 +4.3215e-001 +8.2586e+000 +1.4298e+000 -5.2404e+000 +6.2804e-001 -2.7760e+000 +5.3787e-001 +5.1427e+000 +2.8170e+000 +6.5113e+000
1976 +2.322957014e+003 +2.322957014e+003 +2.406797014e+003 +2.406797014e+003 +1.5302e+000 +3.7158e+000 +1.3708e+000 +1.7616e+000 -3.7907e+000 +3.2634e+000 -2.3514e+000 +2.3314e+000 +1.2366e+000 +6.2230e+000 +5.2396e-001 +6.1073e+000 +7.4328e-002 -5.2109e+000 +1.3795e+000 -2.9222e+000 +5.6578e-001 +3.4962e+000 +3.7731e+000 +6.2888e+000
2506 +1.570792202e+003 +1.570792202e+003 +1.654632202e+003 +1.654632202e+003 +1.3067e+000 +3.2984e+000 +8.5166e-001 +1.1052e+000 -2.3621e+000 +3.0111e+000 -1.6646e+000 +1.5580e+000 +9.6932e-001 +5.1302e+000 +2.0109e-001 +5.0588e+000 +6.3701e-001 -2.3969e+000 +1.2537e+000 -1.5128e+000 +4.5588e-001 +2.9469e+000 +3.9359e+000 +5.8119e+000
3845 +9.951376280e+002 +9.951376280e+002 +1.078977628e+003 +1.078977628e+003 +1.5254e+000 +2.4625e+000 +4.8815e-001 +9.0604e-001 +2.8114e-001 +2.2807e+000 -1.1483e+000 +9.8894e-001 +9.3549e-001 +3.5969e+000 +1.1208e-001 +3.2288e+000 +1.5618e+000 +8.8055e-001 +1.0786e+000 +1.0343e+000 +4.5987e-001 +2.3731e+000 +3.7715e+000 +5.1528e+000
% function evaluation | noise-free fitness - Fopt (1.536000000000e+001) | best noise-free fitness - Fopt | measured fitness | best measured fitness | x1 | x2...
1 +2.465652865e+005 +2.465652865e+005 +2.465806465e+005 +2.465806465e+005 +6.8757e+000 +6.6601e+000 +7.6512e+000 +1.4280e+001 +7.4648e+000 +5.8626e+000 +1.2326e+001 +7.1632e+000 +8.3803e+000 +7.3352e+000 +1.3608e+001 +7.0922e+000 +9.3765e+000 +1.1047e+001 +5.5115e+000 +6.5900e+000 +1.3347e+001 +1.2211e+001 +7.3325e+000 +7.6190e+000
228 +1.563715040e+005 +1.563715040e+005 +1.563868640e+005 +1.563868640e+005 +1.4349e+001 +1.2974e+001 +8.2408e+000 +5.0133e+000 +4.6958e+000 +7.6988e+000 +1.1447e+001 +4.4963e+000 +5.6720e+000 +6.1009e+000 +8.5411e+000 +8.0013e+000 +6.8378e+000 +6.2357e+000 +9.1492e+000 +1.4467e+001 +4.4675e+000 +8.2282e+000 +8.8654e+000 +7.4015e+000
605 +8.348335551e+004 +8.348335551e+004 +8.349871551e+004 +8.349871551e+004 +8.3098e+000 +1.3307e+001 +8.7980e+000 +4.1315e+000 +8.0638e+000 +1.3405e+001 +7.0009e+000 +9.4903e+000 +1.8836e+000 +5.2627e+000 +5.7293e+000 +1.1621e+001 +7.6543e+000 +1.1262e+001 +4.7931e+000 +1.1644e+001 +2.9813e+000 +6.8977e+000 +4.9209e+000 +2.7763e+000
916 +5.796351158e+004 +5.796351158e+004 +5.797887158e+004 +5.797887158e+004 +1.0288e+001 +1.2397e+001 +8.0953e+000 +2.6083e+000 +4.9901e+000 +1.1657e+001 +5.5250e+000 +9.1426e+000 +1.9880e+000 +2.4809e+000 +5.0238e+000 +9.2931e+000 +6.2176e+000 +7.7945e+000 +4.4137e+000 +1.3017e+001 +9.6385e-001 +6.9446e+000 +4.7687e+000 +1.5211e+000
1030 +3.453156745e+004 +3.453156745e+004 +3.454692745e+004 +3.454692745e+004 +2.9088e+000 +9.7522e+000 +4.9176e+000 -3.1202e-001 +5.1148e+000 +1.2001e+001 +5.0453e+000 +8.5124e+000 +1.9936e+000 +4.1859e+000 +4.5624e+000 +1.0263e+001 +5.7717e+000 +6.1742e+000 +3.0498e+000 +1.1400e+001 -3.0792e-001 +5.9558e+000 +4.2601e+000 +1.5834e+000
1261 +2.347960739e+004 +2.347960739e+004 +2.349496739e+004 +2.349496739e+004 +6.4669e+000 +9.5190e+000 +4.7732e+000 -1.4088e+000 +3.5461e+000 +9.7224e+000 +4.0074e+000 +7.7324e+000 +1.2233e+000 +4.5071e+000 +4.0529e+000 +8.2480e+000 +4.6336e+000 +6.8019e+000 +1.5423e+000 +1.0138e+001 -4.1640e-001 +8.7345e+000 +3.5380e+000 -1.6886e+000
1481 +1.559237939e+004 +1.559237939e+004 +1.560773939e+004 +1.560773939e+004 +2.4119e+000 +7.0469e+000 +2.1656e+000 -3.7345e+000 +4.3076e+000 +8.3028e+000 +3.5113e+000 +7.1268e+000 +3.3296e+000 +4.3296e+000 +3.6809e+000 +5.9882e+000 +4.9205e+000 +5.6034e+000 +2.4230e+000 +9.4547e+000 -3.7920e+000 +7.0620e+000 +2.9433e+000 -3.4116e+000
1750 +9.759816584e+003 +9.759816584e+003 +9.775176584e+003 +9.775176584e+003 +1.0764e+000 +5.1137e+000 +2.4662e+000 -5.2015e+000 +3.0827e+000 +6.9515e+000 +2.5540e+000 +5.8079e+000 +2.6026e+000 +2.5438e+000 +3.5871e+000 +4.7356e+000 +3.6407e+000 +5.4154e+000 +2.5738e+000 +1.0457e+001 -3.5049e+000 +5.8312e+000 +3.0742e+000 -4.7384e+000
1987 +5.963841439e+003 +5.963841439e+003 +5.979201439e+003 +5.979201439e+003 +1.3583e+000 +3.8515e+000 +2.0218e+000 -4.3053e+000 +3.2240e+000 +5.3448e+000 +2.0624e+000 +5.8025e+000 +2.6104e+000 +2.4948e+000 +3.6515e+000 +2.9329e+000 +2.8350e+000 +5.5076e+000 +1.8880e+000 +9.1202e+000 -4.3416e+000 +5.0925e+000 +2.5004e+000 -4.7785e+000
2279 +3.927102483e+003 +3.927102483e+003 +3.942462483e+003 +3.942462483e+003 +2.4671e+000 +2.3803e+000 +1.8687e+000 -4.7279e+000 +2.5542e+000 +2.3710e+000 +2.1012e+000 +5.5046e+000 +1.6624e+000 +1.0796e+000 +3.1577e+000 +2.0776e+000 +2.1904e+000 +5.0787e+000 +1.3386e+000 +8.5041e+000 -4.7751e+000 +4.3397e+000 +2.7833e+000 -4.2180e+000
2610 +2.467309255e+003 +2.467309255e+003 +2.482669255e+003 +2.482669255e+003 +2.6668e+000 +1.4205e+000 +2.3706e+000 -3.9155e+000 +2.0627e+000 +1.6769e+000 +1.3860e+000 +4.7303e+000 +1.8941e+000 +1.8535e+000 +3.0928e+000 +1.3131e+000 +1.5741e+000 +5.1451e+000 +1.5707e+000 +7.6200e+000 -3.9327e+000 +4.6561e+000 +2.3441e+000 -3.9102e+000
2911 +1.532673455e+003 +1.532673455e+003 +1.548033455e+003 +1.548033455e+003 +2.5311e+000 +9.4492e-001 +2.9043e+000 -3.9516e+000 +1.4341e+000 +2.1712e+000 +1.5013e+000 +3.6807e+000 +1.7173e+000 +2.3708e+000 +2.9517e+000 +1.0513e+000 +1.0123e+000 +4.9398e+000 +1.5551e+000 +6.4818e+000 -3.5089e+000 +4.5769e+000 +2.2125e+000 -2.7475e+000
3490 +9.973549917e+002 +9.973549917e+002 +1.012714992e+003 +1.012714992e+003 +1.7440e+000 -1.1424e+000 +2.8682e+000 -4.1360e+000 +2.0597e+000 +1.1354e+000 +1.9211e+000 +2.4137e+000 +1.5302e+000 +1.6826e+000 +2.7821e+000 -1.1950e+000 +5.7598e-001 +4.6040e+000 +2.1804e+000 +5.3677e+000 -3.0350e+000 +4.0157e+000 +2.1629e+000 -2.6710e+000
5116 +6.242190754e+002 +6.242190754e+002 +6.395790754e+002 +6.395790754e+002 +1.7741e+000 +3.5063e-002 +2.9871e+000 -4.2034e+000 +1.7461e+000 +1.2310e+000 +1.8348e+000 -8.4847e-001 +1.6423e+000 +1.5883e+000 +2.6466e+000 -2.3494e+000 +2.9888e-001 +3.2162e+000 +3.2197e+000 +3.7387e+000 -1.8400e+000 +4.2539e+000 +2.1705e+000 -1.9089e+000
7048 +3.735821968e+002 +3.735821968e+002 +3.889421968e+002 +3.889421968e+002 +1.7631e+000 +6.6321e-001 +3.0299e+000 -4.0098e+000 +1.9687e+000 +1.2759e+000 +1.8675e+000 -1.5659e+000 +1.6132e+000 +1.6696e+000 +2.7299e+000 -1.8519e+000 +2.9729e-001 +2.7033e+000 +3.3461e+000 +1.5491e+000 -5.8791e-001 +3.8329e+000 +2.1811e+000 -1.7030e+000
