% function evaluation | noise-free fitness - Fopt (6.870000000000e+000) | best noise-free fitness - Fopt | measured fitness | best measured fitness | x1 | x2...
1 +3.702930086e+001 +3.702930086e+001 +4.389930086e+001 +4.389930086e+001 -3.8164e+000 -2.6560e+000 +8.7795e-001
5 +1.986813954e+001 +1.986813954e+001 +2.673813954e+001 +2.673813954e+001 +1.2655e+000 -2.2180e+000 +4.1122e+000
8 +1.339403726e+001 +1.339403726e+001 +2.026403726e+001 +2.026403726e+001 +3.8719e-001 +2.4594e-001 +3.2025e-001
9 +5.457003065e+000 +5.457003065e+000 +1.232700306e+001 +1.232700306e+001 -3.5133e+000 -4.5117e+000 +2.5728e+000
24 +1.089434748e+000 +1.089434748e+000 +7.959434748e+000 +7.959434748e+000 +4.7561e+000 -2.0640e+000 -7.3644e-001
1626 +4.863626427e-001 +4.863626427e-001 +7.356362643e+000 +7.356362643e+000 -2.6219e+000 -4.5113e-001 +1.1202e+000
10662 +2.820972552e-001 +2.820972552e-001 +7.152097255e+000 +7.152097255e+000 -2.4298e+000 -4.2888e-001 +2.8531e+000
17236 +1.850232746e-001 +1.850232746e-001 +7.055023275e+000 +7.055023275e+000 -2.7116e-002 +2.4589e+000 -2.5030e+000
25405 +1.228672579e-001 +1.228672579e-001 +6.992867258e+000 +6.992867258e+000 -2.5071e+000 +4.9787e-001 +3.7776e+000
29656 +2.921820642e-002 +2.921820642e-002 +6.899218206e+000 +6.899218206e+000 +1.6460e+000 -1.8079e+000 +6.9342e-001
46760 +1.936487506e-002 +1.936487506e-002 +6.889364875e+000 +6.889364875e+000 -1.2565e+000 +3.9705e+000 -1.6037e+000
55382 +1.075133937e-002 +1.075133937e-002 +6.880751339e+000 +6.880751339e+000 -2.9235e-001 +3.1897e+000 -1.9252e+000
61049 +8.472724995e-003 +8.472724995e-003 +6.878472725e+000 +6.878472725e+000 -1.6023e-001 -5.2806e-001 -2.2140e+000
71735 +4.174291546e-003 +4.174291546e-003 +6.874174292e+000 +6.874174292e+000 +2.0240e+000 +1.7614e+000 +1.1823e+000
77070 +2.739524724e-003 +2.739524724e-003 +6.872739525e+000 +6.872739525e+000 +2.1423e-001 +2.3445e-001 +8.5595e-001
82485 +2.307875361e-003 +2.307875361e-003 +6.872307875e+000 +6.872307875e+000 -3.5645e-002 +3.4737e+000 +1.1565e+000
82728 +9.068451560e-004 +9.068451560e-004 +6.870906845e+000 +6.870906845e+000 -3.2595e-002 +3.1806e+000 +2.8421e-001
100185 +1.568900814e-004 +1.568900814e-004 +6.870156890e+000 +6.870156890e+000 -1.4219e+000 +2.8671e+000 -1.7908e-001
115400 +9.948830529e-005 +9.948830529e-005 +6.870099488e+000 +6.870099488e+000 +1.1485e+000 +4.1061e+000 -1.6624e+000
123518 +5.669302675e-005 +5.669302675e-005 +6.870056693e+000 +6.870056693e+000 +2.6612e+000 +1.7169e+000 +2.1714e+000
128342 +3.703390240e-005 +3.703390240e-005 +6.870037034e+000 +6.870037034e+000 +3.4698e+000 -7.7486e-001 +2.7424e+000
142218 +2.393917758e-005 +2.393917758e-005 +6.870023939e+000 +6.870023939e+000 +3.4935e+000 +9.5168e-001 +1.3908e-001
146440 +1.189369792e-005 +1.189369792e-005 +6.870011894e+000 +6.870011894e+000 -1.4278e+000 +3.0842e+000 -8.0995e-001
157725 +7.702536561e-006 +7.702536561e-006 +6.870007703e+000 +6.870007703e+000 -2.1806e+000 +2.9596e+000 +1.0490e+000
163149 +5.550566676e-006 +5.550566676e-006 +6.870005551e+000 +6.870005551e+000 -3.0338e+000 +4.5336e+000 +1.0186e+000
167775 +3.277450058e-006 +3.277450058e-006 +6.870003277e+000 +6.870003277e+000 +9.7913e-001 +5.6533e-001 +4.7190e+000
173247 +2.421214914e-006 +2.421214914e-006 +6.870002421e+000 +6.870002421e+000 -2.4639e+000 +4.2064e+000 -1.3083e+000
185421 +7.264385964e-007 +7.264385964e-007 +6.870000726e+000 +6.870000726e+000 -6.3762e-001 +1.8464e+000 +1.5772e+000
189837 +6.133077823e-007 +6.133077823e-007 +6.870000613e+000 +6.870000613e+000 -4.6368e+000 +1.8518e+000 -1.0673e+000
196290 +3.927207759e-007 +3.927207759e-007 +6.870000393e+000 +6.870000393e+000 -1.9785e+000 +2.4290e+000 +1.7857e+000
211331 +1.147026714e-007 +1.147026714e-007 +6.870000115e+000 +6.870000115e+000 -1.6001e+000 -1.5422e+000 -2.7676e+000
219594 +7.722759587e-008 +7.722759587e-008 +6.870000077e+000 +6.870000077e+000 -2.5044e+000 -4.3549e-001 -1.5550e+000
220073 +6.084969240e-008 +6.084969240e-008 +6.870000061e+000 +6.870000061e+000 -5.8305e-001 +2.1562e+000 +5.0428e-001
223448 +3.283369132e-008 +3.283369132e-008 +6.870000033e+000 +6.870000033e+000 -1.1892e+000 -3.4231e+000 -4.3721e+000
237754 +2.025921475e-008 +2.025921475e-008 +6.870000020e+000 +6.870000020e+000 -2.1519e+000 -2.6046e+000 -3.2991e+000
245216 +1.212370560e-008 +1.212370560e-008 +6.870000012e+000 +6.870000012e+000 -3.0812e+000 -2.9825e-001 -2.9861e+000
245417 +4.886020477e-009 +4.886020477e-009 +6.870000005e+000 +6.870000005e+000 -3.0505e+000 +2.1231e+000 +1.5865e+000
% function evaluation | noise-free fitness - Fopt (1.000000000000e-002) | best noise-free fitness - Fopt | measured fitness | best measured fitness | x1 | x2...
1 +6.254074661e+000 +6.254074661e+000 +6.264074661e+000 +6.264074661e+000 +3.0904e+000 +2.7019e+000 +3.1989e+000
41 +3.858801313e+000 +3.858801313e+000 +3.868801313e+000 +3.868801313e+000 -5.2089e-002 +2.5403e+000 +1.2845e+000
1386 +1.470355825e+000 +1.470355825e+000 +1.480355825e+000 +1.480355825e+000 -2.9193e+000 -2.4923e+000 +2.9350e+000
1742 +3.388124312e-001 +3.388124312e-001 +3.488124312e-001 +3.488124312e-001 -1.1779e+000 +3.6809e+000 -2.5973e+000
9583 +2.396989076e-001 +2.396989076e-001 +2.496989076e-001 +2.496989076e-001 -4.2963e+000 -1.9998e+000 +4.0985e+000
16473 +1.581586439e-001 +1.581586439e-001 +1.681586439e-001 +1.681586439e-001 -2.7535e+000 +1.3895e+000 -3.1938e+000
24985 +8.529084032e-002 +8.529084032e-002 +9.529084032e-002 +9.529084032e-002 +1.1296e+000 +1.5997e+000 -3.8268e+000
35187 +5.129065693e-002 +5.129065693e-002 +6.129065693e-002 +6.129065693e-002 -4.1881e+000 -1.9288e-001 +1.1064e+000
39450 +1.164648043e-002 +1.164648043e-002 +2.164648043e-002 +2.164648043e-002 +4.8725e-001 -3.0186e+000 -3.1640e+000
56438 +8.104947475e-003 +8.104947475e-003 +1.810494748e-002 +1.810494748e-002 -4.0158e+000 -6.6466e-001 -4.7248e+000
58155 +3.066924157e-003 +3.066924157e-003 +1.306692416e-002 +1.306692416e-002 -4.1853e-001 +1.7901e-001 -1.7602e+000
76635 +2.095153889e-003 +2.095153889e-003 +1.209515389e-002 +1.209515389e-002 -2.8032e-001 +2.3107e+000 -3.0771e+000
77225 +1.377940409e-003 +1.377940409e-003 +1.137794041e-002 +1.137794041e-002 +4.1555e+000 +9.6109e-001 -1.9000e+000
86108 +6.601097586e-004 +6.601097586e-004 +1.066010976e-002 +1.066010976e-002 +8.1641e-001 +2.2635e+000 -2.7033e+000
88554 +6.163570216e-004 +6.163570216e-004 +1.061635702e-002 +1.061635702e-002 +1.2527e+000 +2.6824e+000 -2.4747e+000
93682 +3.211855003e-004 +3.211855003e-004 +1.032118550e-002 +1.032118550e-002 -1.9899e+000 +4.4756e-002 -2.7773e+000
95738 +1.582268318e-004 +1.582268318e-004 +1.015822683e-002 +1.015822683e-002 -1.4464e+000 +3.1962e+000 -1.5189e+000
105709 +7.486188067e-005 +7.486188067e-005 +1.007486188e-002 +1.007486188e-002 -3.7210e-001 +1.7370e+000 -1.2375e+000
113871 +1.933322305e-005 +1.933322305e-005 +1.001933322e-002 +1.001933322e-002 +1.4374e+000 +1.1319e+000 -3.1625e+000
123290 +1.333723729e-005 +1.333723729e-005 +1.001333724e-002 +1.001333724e-002 +2.8937e+000 +4.3339e+000 -2.0212e+000
131364 +8.627725398e-006 +8.627725398e-006 +1.000862773e-002 +1.000862773e-002 -2.5484e+000 +1.0849e+000 -1.4731e+000
141069 +5.966287273e-006 +5.966287273e-006 +1.000596629e-002 +1.000596629e-002 -1.8993e+000 +1.3552e+000 -2.1114e+000
144974 +2.614079548e-006 +2.614079548e-006 +1.000261408e-002 +1.000261408e-002 -1.4945e+000 -2.3361e+000 -2.2731e+000
153918 +1.111319172e-006 +1.111319172e-006 +1.000111132e-002 +1.000111132e-002 -1.5988e+000 +2.1640e+000 -1.5133e+000
165928 +7.008614671e-007 +7.008614671e-007 +1.000070086e-002 +1.000070086e-002 -3.8176e+000 +4.9361e-001 -1.5541e+000
169784 +4.181917477e-007 +4.181917477e-007 +1.000041819e-002 +1.000041819e-002 +2.9717e+000 +4.7618e+000 -1.0019e+000
180060 +3.813031693e-007 +3.813031693e-007 +1.000038130e-002 +1.000038130e-002 -4.1034e+000 -3.5834e+000 -6.9304e-001
183074 +2.208996162e-007 +2.208996162e-007 +1.000022090e-002 +1.000022090e-002 +3.1850e-001 +2.1227e+000 -2.2603e+000
190253 +9.971410875e-008 +9.971410875e-008 +1.000009971e-002 +1.000009971e-002 -2.1439e+000 -3.3223e+000 -3.0797e-001
204139 +5.986329366e-008 +5.986329366e-008 +1.000005986e-002 +1.000005986e-002 -1.0013e+000 +3.5712e-001 +4.4052e-001
207875 +1.125947113e-008 +1.125947113e-008 +1.000001126e-002 +1.000001126e-002 -3.4087e+000 -3.0246e-001 +3.7004e-001
220475 +5.165507799e-009 +5.165507799e-009 +1.000000517e-002 +1.000000517e-002 -1.6167e-001 -9.3332e-001 -1.1572e+000
% function evaluation | noise-free fitness - Fopt (-1.306100000000e+002) | best noise-free fitness - Fopt | measured fitness | best measured fitness | x1 | x2...
1 +3.517018297e+000 +3.517018297e+000 -1.270929817e+002 -1.270929817e+002 -4.8441e+000 -3.8181e+000 +1.2354e+000
224 +1.979004238e+000 +1.979004238e+000 -1.286309958e+002 -1.286309958e+002 +3.5815e-001 -3.5338e+000 -5.2057e+000
1722 +1.131035586e+000 +1.131035586e+000 -1.294789644e+002 -1.294789644e+002 -2.6043e+000 -1.2681e+000 -1.1905e+000
2173 +8.444605426e-001 +8.444605426e-001 -1.297655395e+002 -1.297655395e+002 +1.0426e-001 -3.4947e+000 -3.0723e+000
8373 +5.274243059e-001 +5.274243059e-001 -1.300825757e+002 -1.300825757e+002 +1.0426e-001 -3.4947e+000 -3.0736e+000
9733 +3.846645426e-001 +3.846645426e-001 -1.302253355e+002 -1.302253355e+002 -1.5778e+000 +7.0680e-001 -4.3737e+000
14186 +1.923627360e-001 +1.923627360e-001 -1.304176373e+002 -1.304176373e+002 -1.5231e+000 +1.0227e+000 -4.1346e-002
20118 +1.033740822e-001 +1.033740822e-001 -1.305066259e+002 -1.305066259e+002 -6.8123e-001 -4.6209e+000 -4.3892e+000
27240 +4.946040572e-002 +4.946040572e-002 -1.305605396e+002 -1.305605396e+002 -4.7460e-001 -2.8720e+000 -1.8961e-001
35947 +3.094602946e-002 +3.094602946e-002 -1.305790540e+002 -1.305790540e+002 -2.1916e+000 +2.2338e+000 -9.7136e-001
50035 +2.493493654e-002 +2.493493654e-002 -1.305850651e+002 -1.305850651e+002 -2.5781e+000 -8.3796e-001 -2.7195e+000
50111 +1.149699387e-002 +1.149699387e-002 -1.305985030e+002 -1.305985030e+002 -1.7096e+000 -6.0692e-001 +1.2000e+000
57488 +5.835793159e-003 +5.835793159e-003 -1.306041642e+002 -1.306041642e+002 -2.6250e+000 +7.6565e-001 -3.3530e-001
64900 +2.661844581e-003 +2.661844581e-003 -1.306073382e+002 -1.306073382e+002 -3.0205e+000 +4.9364e+000 -1.5349e-001
74879 +2.255624726e-003 +2.255624726e-003 -1.306077444e+002 -1.306077444e+002 -3.6451e+000 +4.7312e+000 +4.7969e-001
88603 +1.490216312e-003 +1.490216312e-003 -1.306085098e+002 -1.306085098e+002 -1.5990e+000 +2.3887e+000 -3.6374e-001
91423 +9.226931603e-004 +9.226931603e-004 -1.306090773e+002 -1.306090773e+002 -1.8181e+000 -2.8290e+000 -1.9161e+000
95425 +4.751157702e-004 +4.751157702e-004 -1.306095249e+002 -1.306095249e+002 -4.9758e-001 -2.4668e+000 +2.3878e+000
99841 +2.851300976e-004 +2.851300976e-004 -1.306097149e+002 -1.306097149e+002 -2.4524e+000 +8.3981e-001 -1.3529e+000
108363 +1.574759935e-004 +1.574759935e-004 -1.306098425e+002 -1.306098425e+002 -5.9911e-001 -6.1578e-002 +7.9192e-001
117365 +7.951650278e-005 +7.951650278e-005 -1.306099205e+002 -1.306099205e+002 -1.4268e+000 +4.5437e+000 -1.7666e+000
129066 +5.510500949e-005 +5.510500949e-005 -1.306099449e+002 -1.306099449e+002 +2.4731e-001 +1.9731e+000 -2.1981e+000
138664 +3.152933562e-005 +3.152933562e-005 -1.306099685e+002 -1.306099685e+002 -7.3988e-001 +4.8598e+000 -3.9273e+000
138759 +1.270920237e-005 +1.270920237e-005 -1.306099873e+002 -1.306099873e+002 +2.4405e+000 -1.6148e+000 +4.8863e+000
144671 +9.466006020e-006 +9.466006020e-006 -1.306099905e+002 -1.306099905e+002 -6.6751e-001 +1.4330e+000 -1.3115e+000
167652 +5.712241347e-006 +5.712241347e-006 -1.306099943e+002 -1.306099943e+002 +1.5684e+000 +4.2265e-001 +4.5277e+000
171263 +3.339739493e-006 +3.339739493e-006 -1.306099967e+002 -1.306099967e+002 +3.1857e-001 -4.9246e-001 -3.1590e-001
172700 +5.371198597e-007 +5.371198597e-007 -1.306099995e+002 -1.306099995e+002 -1.3930e+000 +4.1377e+000 +3.8358e+000
194038 +2.553644265e-007 +2.553644265e-007 -1.306099997e+002 -1.306099997e+002 -4.0086e-001 -3.6128e+000 -4.6754e+000
202550 +9.362821629e-008 +9.362821629e-008 -1.306099999e+002 -1.306099999e+002 +6.0728e-001 +2.0385e-002 +2.4221e+000
217606 +4.337761084e-008 +4.337761084e-008 -1.306100000e+002 -1.306100000e+002 -2.1176e+000 +1.0466e+000 +2.3407e+000
218047 +3.878801635e-008 +3.878801635e-008 -1.306100000e+002 -1.306100000e+002 -2.0778e+000 -5.1803e-001 +3.7756e+000
229312 +3.366011470e-009 +3.366011470e-009 -1.306100000e+002 -1.306100000e+002 +2.3323e+000 -8.0467e-001 -3.0349e-001
% function evaluation | noise-free fitness - Fopt (-2.231200000000e+002) | best noise-free fitness - Fopt | measured fitness | best measured fitness | x1 | x2...
1 +2.075103672e+001 +2.075103672e+001 -2.023689633e+002 -2.023689633e+002 +1.7917e+000 +1.2373e+000 -4.3723e+000
12 +9.362459722e+000 +9.362459722e+000 -2.137575403e+002 -2.137575403e+002 +4.6185e+000 +1.2719e+000 -3.9589e+000
79 +3.965517562e+000 +3.965517562e+000 -2.191544824e+002 -2.191544824e+002 +6.0830e+000 +2.5670e+000 +3.4977e+000
441 +2.369786224e+000 +2.369786224e+000 -2.207502138e+002 -2.207502138e+002 +5.0100e+000 +3.3375e+000 +4.9723e-001
1106 +1.390788340e+000 +1.390788340e+000 -2.217292117e+002 -2.217292117e+002 +4.1989e+000 -5.6190e-001 -1.5265e+000
2966 +8.739337168e-001 +8.739337168e-001 -2.222460663e+002 -2.222460663e+002 +2.9209e+000 -2.7378e+000 -3.3902e+000
11548 +3.826840523e-001 +3.826840523e-001 -2.227373159e+002 -2.227373159e+002 +5.1868e+000 -7.3493e-001 -2.8361e+000
23455 +1.598721811e-001 +1.598721811e-001 -2.229601278e+002 -2.229601278e+002 -5.2163e+000 +1.8628e+000 +1.9913e+000
38546 +1.382680754e-001 +1.382680754e-001 -2.229817319e+002 -2.229817319e+002 +9.3578e-001 +3.6639e-001 -9.3001e-001
41129 +7.066245354e-002 +7.066245354e-002 -2.230493375e+002 -2.230493375e+002 +5.8551e-001 -1.3913e+000 -9.7553e-001
43488 +4.026009857e-002 +4.026009857e-002 -2.230797399e+002 -2.230797399e+002 +2.5831e+000 -1.0959e+000 -2.4461e+000
46968 +2.824387447e-002 +2.824387447e-002 -2.230917561e+002 -2.230917561e+002 +2.0471e+000 -4.3307e-001 +5.8714e-001
47653 +2.308432827e-002 +2.308432827e-002 -2.230969157e+002 -2.230969157e+002 -5.3320e-001 -1.6527e+000 -1.3516e+000
57928 +1.550885767e-002 +1.550885767e-002 -2.231044911e+002 -2.231044911e+002 -4.5641e+000 +2.1070e+000 +3.9679e+000
59188 +8.031730077e-003 +8.031730077e-003 -2.231119683e+002 -2.231119683e+002 -1.2542e+000 -2.2902e+000 +1.4304e+000
59712 +4.326809247e-003 +4.326809247e-003 -2.231156732e+002 -2.231156732e+002 -6.8877e-001 -2.0860e+000 -6.3091e-001
62493 +3.341828354e-003 +3.341828354e-003 -2.231166582e+002 -2.231166582e+002 -1.1469e+000 -2.9812e-001 +9.3007e-001
68509 +2.007930956e-003 +2.007930956e-003 -2.231179921e+002 -2.231179921e+002 +4.6763e-001 -3.9156e-001 -4.3297e-001
82394 +1.550755305e-003 +1.550755305e-003 -2.231184492e+002 -2.231184492e+002 -4.2644e+000 +2.1636e+000 +2.5809e+000
91952 +3.065175258e-004 +3.065175258e-004 -2.231196935e+002 -2.231196935e+002 -4.6794e+000 +3.8883e+000 +3.9428e+000
106323 +2.038362978e-004 +2.038362978e-004 -2.231197962e+002 -2.231197962e+002 +3.5855e+000 -3.3239e-001 -1.5349e+000
111746 +7.215532693e-005 +7.215532693e-005 -2.231199278e+002 -2.231199278e+002 -4.6360e+000 +2.5843e+000 +2.6339e+000
119223 +4.518908943e-005 +4.518908943e-005 -2.231199548e+002 -2.231199548e+002 -2.1946e+000 +7.4163e-001 +1.3345e+000
123015 +3.315032291e-005 +3.315032291e-005 -2.231199668e+002 -2.231199668e+002 +1.5942e+000 -2.0845e+000 -1.7562e+000
133768 +1.379314639e-005 +1.379314639e-005 -2.231199862e+002 -2.231199862e+002 +2.6381e+000 -8.8635e-001 -1.0367e+000
145949 +6.036805416e-006 +6.036805416e-006 -2.231199940e+002 -2.231199940e+002 +3.4389e+000 -4.4990e+000 -1.9594e+000
158486 +1.683053256e-006 +1.683053256e-006 -2.231199983e+002 -2.231199983e+002 +1.9121e+000 -1.5364e-001 -4.3405e+000
173173 +1.565810891e-006 +1.565810891e-006 -2.231199984e+002 -2.231199984e+002 +3.6837e-001 +1.2415e+000 -2.1973e+000
181132 +5.459010310e-007 +5.459010310e-007 -2.231199995e+002 -2.231199995e+002 +2.4778e+000 +7.5340e-001 -3.6286e+000
189845 +3.575683820e-007 +3.575683820e-007 -2.231199996e+002 -2.231199996e+002 +2.0023e+000 -1.8150e+000 -3.0896e+000
194339 +2.208220735e-007 +2.208220735e-007 -2.231199998e+002 -2.231199998e+002 +8.3447e-001 +1.2606e+000 -3.7986e+000
203874 +6.266137120e-008 +6.266137120e-008 -2.231199999e+002 -2.231199999e+002 -4.6710e-001 +1.7217e+000 -3.8840e+000
218333 +2.063990223e-008 +2.063990223e-008 -2.231200000e+002 -2.231200000e+002 -9.2135e-001 +1.2716e+000 -3.4470e+000
219036 +1.537446792e-008 +1.537446792e-008 -2.231200000e+002 -2.231200000e+002 +6.6669e-001 -1.2625e+000 -2.4625e+000
221874 +9.142326007e-009 +9.142326007e-009 -2.231200000e+002 -2.231200000e+002 +1.4046e+000 -6.0814e-001 -2.5472e+000
% function evaluation | noise-free fitness - Fopt (-4.443000000000e+001) | best noise-free fitness - Fopt | measured fitness | best measured fitness | x1 | x2...
1 +2.714925554e+001 +2.714925554e+001 -1.728074446e+001 -1.728074446e+001 +6.1321e-001 -2.9368e+000 +4.4346e+000
3 +1.791487565e+001 +1.791487565e+001 -2.651512435e+001 -2.651512435e+001 +3.5660e-002 +1.9443e+000 +4.7243e+000
5 +9.061377399e+000 +9.061377399e+000 -3.536862260e+001 -3.536862260e+001 +3.7655e+000 -2.4360e+000 +2.3662e+000
20 +4.739793736e+000 +4.739793736e+000 -3.969020626e+001 -3.969020626e+001 -3.7924e-001 +4.8500e+000 +1.5162e+000
68 +3.850680461e+000 +3.850680461e+000 -4.057931954e+001 -4.057931954e+001 +4.1896e+000 -3.8048e+000 +5.8734e+000
390 +1.208556679e+000 +1.208556679e+000 -4.322144332e+001 -4.322144332e+001 +3.3343e+000 +1.7761e+000 -1.5880e-001
7990 +8.382159731e-001 +8.382159731e-001 -4.359178403e+001 -4.359178403e+001 +5.5088e+000 +3.0748e+000 -1.0714e+000
13485 +6.047202953e-001 +6.047202953e-001 -4.382527970e+001 -4.382527970e+001 -4.5005e+000 +1.5844e+000 -2.2143e+000
27063 +3.927325325e-001 +3.927325325e-001 -4.403726747e+001 -4.403726747e+001 +1.1628e-001 +2.6066e+000 +4.8003e+000
29612 +1.913337307e-001 +1.913337307e-001 -4.423866627e+001 -4.423866627e+001 -1.2427e+000 +4.6957e+000 -9.2073e-001
36623 +8.346464550e-002 +8.346464550e-002 -4.434653535e+001 -4.434653535e+001 -3.9223e+000 -8.2779e-002 -1.9666e+000
43395 +5.442318051e-002 +5.442318051e-002 -4.437557682e+001 -4.437557682e+001 +4.2857e-001 +2.0858e+000 +2.1257e-001
47643 +3.762712087e-002 +3.762712087e-002 -4.439237288e+001 -4.439237288e+001 +2.1869e+000 +1.2719e+000 -1.2682e+000
56945 +2.337333272e-002 +2.337333272e-002 -4.440662667e+001 -4.440662667e+001 +4.4822e+000 -3.6963e-001 -1.1413e+000
77949 +1.568662551e-002 +1.568662551e-002 -4.441431337e+001 -4.441431337e+001 +4.6873e-001 +3.5563e+000 -3.7028e+000
84145 +9.317588308e-003 +9.317588308e-003 -4.442068241e+001 -4.442068241e+001 +2.7232e+000 -4.2491e+000 -2.7908e+000
86746 +5.671100789e-003 +5.671100789e-003 -4.442432890e+001 -4.442432890e+001 +6.2679e-001 +9.7909e-001 -2.5028e+000
93608 +3.686469207e-003 +3.686469207e-003 -4.442631353e+001 -4.442631353e+001 +2.0764e+000 +6.6199e-001 -2.0145e+000
100238 +2.074617468e-003 +2.074617468e-003 -4.442792538e+001 -4.442792538e+001 -1.6920e+000 +4.2147e+000 -2.8563e+000
109059 +1.254481675e-003 +1.254481675e-003 -4.442874552e+001 -4.442874552e+001 +5.2318e-001 +3.6003e-001 -2.8681e+000
110732 +3.992687739e-004 +3.992687739e-004 -4.442960073e+001 -4.442960073e+001 -1.8032e+000 +2.0669e+000 -4.0067e-001
122362 +3.694079065e-004 +3.694079065e-004 -4.442963059e+001 -4.442963059e+001 +7.9126e-001 +2.2703e+000 -4.0584e+000
128726 +2.492107624e-004 +2.492107624e-004 -4.442975079e+001 -4.442975079e+001 +4.9785e+000 -3.4779e+000 -3.8584e-001
135390 +7.916481235e-005 +7.916481235e-005 -4.442992084e+001 -4.442992084e+001 +1.7514e+000 +1.1687e+000 -2.3076e+000
146696 +6.008154963e-005 +6.008154963e-005 -4.442993992e+001 -4.442993992e+001 +4.9467e+000 -2.6477e+000 -1.4263e-001
163381 +1.949514179e-005 +1.949514179e-005 -4.442998050e+001 -4.442998050e+001 +3.3682e+000 -1.3629e+000 -2.7229e+000
164762 +1.455159077e-005 +1.455159077e-005 -4.442998545e+001 -4.442998545e+001 +2.2960e+000 +2.6409e+000 -4.3724e+000
179556 +9.593777492e-006 +9.593777492e-006 -4.442999041e+001 -4.442999041e+001 -1.4557e-003 +2.7613e-002 -3.7737e-001
184941 +4.366878400e-006 +4.366878400e-006 -4.442999563e+001 -4.442999563e+001 +2.3079e+000 -2.8051e+000 -2.7104e-001
191312 +3.781414364e-006 +3.781414364e-006 -4.442999622e+001 -4.442999622e+001 +1.2215e+000 +2.3896e+000 -1.9002e+000
196770 +1.964641221e-006 +1.964641221e-006 -4.442999804e+001 -4.442999804e+001 +1.6958e+000 -2.2298e+000 +9.1422e-001
197852 +1.231940047e-006 +1.231940047e-006 -4.442999877e+001 -4.442999877e+001 +2.2696e+000 +4.2643e+000 -4.8089e-001
207600 +7.686580545e-007 +7.686580545e-007 -4.442999923e+001 -4.442999923e+001 +3.3390e+000 +3.7661e+000 +5.1655e-001
209496 +4.006318477e-007 +4.006318477e-007 -4.442999960e+001 -4.442999960e+001 +2.3687e+000 -9.5989e-001 -1.4096e+000
217921 +2.148427569e-007 +2.148427569e-007 -4.442999979e+001 -4.442999979e+001 +2.2304e+000 +1.5837e+000 -2.9663e+000
230889 +9.586653249e-008 +9.586653249e-008 -4.442999990e+001 -4.442999990e+001 +3.5427e+000 -6.6729e-002 -8.9790e-001
241369 +4.132074594e-008 +4.132074594e-008 -4.442999996e+001 -4.442999996e+001 -3.8019e-001 -1.4651e-001 +1.6316e+000
250176 +2.167038105e-008 +2.167038105e-008 -4.442999998e+001 -4.442999998e+001 -3.9002e+000 +1.0649e+000 -4.0562e-002
253190 +6.613980474e-009 +6.613980474e-009 -4.442999999e+001 -4.442999999e+001 -3.6738e-001 -1.7110e-001 +8.9391e-001
% function evaluation | noise-free fitness - Fopt (1.994000000000e+001) | best noise-free fitness - Fopt | measured fitness | best measured fitness | x1 | x2...
1 +4.465059014e+001 +4.465059014e+001 +6.459059014e+001 +6.459059014e+001 +2.6946e+000 +3.2771e+000 +2.3093e+000
3 +2.552302891e+001 +2.552302891e+001 +4.546302891e+001 +4.546302891e+001 -4.1721e+000 +2.0774e+000 +3.7018e+000
5 +2.196224271e+001 +2.196224271e+001 +4.190224271e+001 +4.190224271e+001 -2.8970e+000 +2.0990e+000 -1.5684e+000
8 +1.483940842e+001 +1.483940842e+001 +3.477940842e+001 +3.477940842e+001 +3.6188e+000 -4.0593e-001 +3.3301e+000
10 +6.985095596e+000 +6.985095596e+000 +2.692509560e+001 +2.692509560e+001 +1.4346e-001 -2.0463e+000 +4.9684e+000
39 +2.335477810e+000 +2.335477810e+000 +2.227547781e+001 +2.227547781e+001 +2.7698e+000 -4.8932e+000 +3.7331e-001
2503 +1.195371069e+000 +1.195371069e+000 +2.113537107e+001 +2.113537107e+001 -2.9615e+000 -8.4466e-001 +4.4214e+000
3264 +5.106820399e-001 +5.106820399e-001 +2.045068204e+001 +2.045068204e+001 -3.1752e+000 -2.3053e+000 +2.5370e+000
8181 +1.412249541e-001 +1.412249541e-001 +2.008122495e+001 +2.008122495e+001 -2.7691e+000 -5.4506e-001 -7.4519e-001
35022 +9.403378467e-002 +9.403378467e-002 +2.003403378e+001 +2.003403378e+001 -4.5040e+000 -2.5382e+000 -4.2842e+000
38387 +2.279618654e-002 +2.279618654e-002 +1.996279619e+001 +1.996279619e+001 +1.4478e+000 -1.3968e-001 -1.4665e+000
55359 +1.528581021e-002 +1.528581021e-002 +1.995528581e+001 +1.995528581e+001 -7.2958e-001 +1.0439e+000 -1.9347e+000
56661 +8.920706983e-003 +8.920706983e-003 +1.994892071e+001 +1.994892071e+001 +1.9427e-001 +4.7818e-001 +2.5416e-001
62575 +4.901581306e-003 +4.901581306e-003 +1.994490158e+001 +1.994490158e+001 -2.3674e+000 -3.1517e+000 -2.2100e+000
63585 +2.447295161e-003 +2.447295161e-003 +1.994244730e+001 +1.994244730e+001 -1.5756e+000 +3.2670e-001 +1.5593e+000
85260 +3.410901241e-004 +3.410901241e-004 +1.994034109e+001 +1.994034109e+001 +1.7971e+000 +2.0203e+000 -3.8282e+000
103531 +2.388577694e-004 +2.388577694e-004 +1.994023886e+001 +1.994023886e+001 +2.6011e+000 +4.8025e+000 +7.1518e-001
110429 +1.530151421e-004 +1.530151421e-004 +1.994015302e+001 +1.994015302e+001 +1.8738e-001 -3.0210e-001 +2.6148e+000
119251 +7.705540867e-005 +7.705540867e-005 +1.994007706e+001 +1.994007706e+001 +3.6885e+000 -4.1947e-001 +5.1121e-001
119518 +5.840503710e-005 +5.840503710e-005 +1.994005841e+001 +1.994005841e+001 +4.6788e+000 +1.5563e+000 +1.7474e+000
127174 +3.675216641e-005 +3.675216641e-005 +1.994003675e+001 +1.994003675e+001 +2.5209e+000 +1.2004e+000 +1.8909e+000
132301 +1.166337526e-005 +1.166337526e-005 +1.994001166e+001 +1.994001166e+001 +3.1698e+000 -1.9842e-001 +1.1945e+000
148699 +8.396052745e-006 +8.396052745e-006 +1.994000840e+001 +1.994000840e+001 -1.7266e+000 +1.6366e-001 -3.4203e-001
156913 +5.000698724e-006 +5.000698724e-006 +1.994000500e+001 +1.994000500e+001 +3.9316e+000 -2.7260e+000 +3.2724e+000
157530 +3.830810929e-006 +3.830810929e-006 +1.994000383e+001 +1.994000383e+001 +1.2925e+000 +1.1781e+000 +3.3282e+000
163902 +2.226355690e-006 +2.226355690e-006 +1.994000223e+001 +1.994000223e+001 -4.1656e+000 +8.2245e-001 -2.0867e+000
166802 +1.573976657e-006 +1.573976657e-006 +1.994000157e+001 +1.994000157e+001 -2.9061e-001 -2.5270e+000 +1.2241e+000
179777 +5.415486335e-007 +5.415486335e-007 +1.994000054e+001 +1.994000054e+001 -9.0843e-002 +1.8502e+000 +2.7621e+000
189758 +3.864666454e-007 +3.864666454e-007 +1.994000039e+001 +1.994000039e+001 -2.3884e+000 -3.8690e+000 +2.6736e+000
195480 +2.219483584e-007 +2.219483584e-007 +1.994000022e+001 +1.994000022e+001 -1.9285e+000 -2.2363e-001 +1.9873e+000
195792 +9.791656197e-008 +9.791656197e-008 +1.994000010e+001 +1.994000010e+001 +9.8294e-001 +9.4315e-001 +1.5197e+000
211972 +2.875773930e-008 +2.875773930e-008 +1.994000003e+001 +1.994000003e+001 +4.4886e+000 -3.2789e+000 +3.9142e+000
218267 +2.373305463e-008 +2.373305463e-008 +1.994000002e+001 +1.994000002e+001 +7.1540e-001 -2.3570e+000 +6.6996e-001
221021 +1.124303495e-008 +1.124303495e-008 +1.994000001e+001 +1.994000001e+001 -2.1971e+000 -1.0287e+000 -1.4269e+000
222325 +9.507807874e-009 +9.507807874e-009 +1.994000001e+001 +1.994000001e+001 +2.4994e+000 -2.7686e+000 +1.3399e+000
% function evaluation | noise-free fitness - Fopt (2.047400000000e+002) | best noise-free fitness - Fopt | measured fitness | best measured fitness | x1 | x2...
1 +1.411222575e+001 +1.411222575e+001 +2.188522258e+002 +2.188522258e+002 -3.0705e-001 +4.3768e+000 -6.5659e-001
11 +6.242439913e+000 +6.242439913e+000 +2.109824399e+002 +2.109824399e+002 +3.4459e+000 -4.0269e+000 -3.5757e+000
106 +2.529785962e+000 +2.529785962e+000 +2.072697860e+002 +2.072697860e+002 +6.3896e-001 -3.6926e+000 +4.2154e+000
766 +1.645556826e+000 +1.645556826e+000 +2.063855568e+002 +2.063855568e+002 -9.1107e-001 +4.4164e+000 -1.6638e+000
1417 +1.018171756e+000 +1.018171756e+000 +2.057581718e+002 +2.057581718e+002 -1.9324e+000 +3.4458e+000 +2.2348e-001
1829 +6.817070601e-001 +6.817070601e-001 +2.054217071e+002 +2.054217071e+002 -4.2164e+000 -1.8379e+000 +3.2614e+000
4992 +5.287975975e-001 +5.287975975e-001 +2.052687976e+002 +2.052687976e+002 +1.2208e+000 -2.9431e+000 +7.9528e-001
10207 +3.716453480e-001 +3.716453480e-001 +2.051116453e+002 +2.051116453e+002 -4.6723e-001 +3.2192e+000 -1.6797e+000
16974 +2.134189749e-001 +2.134189749e-001 +2.049534190e+002 +2.049534190e+002 +2.6067e+000 +4.7105e+000 -1.1104e+000
31540 +1.228213490e-001 +1.228213490e-001 +2.048628213e+002 +2.048628213e+002 +1.1222e-001 +2.0920e+000 +4.1371e+000
42559 +5.467281570e-002 +5.467281570e-002 +2.047946728e+002 +2.047946728e+002 +3.3004e+000 +3.5910e+000 +3.1932e+000
46615 +2.061285253e-002 +2.061285253e-002 +2.047606129e+002 +2.047606129e+002 -4.4140e+000 +1.0306e+000 +4.8623e+000
69068 +5.451083062e-003 +5.451083062e-003 +2.047454511e+002 +2.047454511e+002 +1.2753e+000 +2.8842e+000 +2.6332e+000
83700 +2.566506084e-003 +2.566506084e-003 +2.047425665e+002 +2.047425665e+002 +6.7452e-001 +3.1901e+000 +3.0028e+000
95465 +1.874127543e-003 +1.874127543e-003 +2.047418741e+002 +2.047418741e+002 +2.4774e+000 -2.6497e+000 -3.5670e+000
101432 +1.525368173e-003 +1.525368173e-003 +2.047415254e+002 +2.047415254e+002 +2.4418e-001 -7.0512e-001 +3.2026e+000
109684 +8.228732382e-004 +8.228732382e-004 +2.047408229e+002 +2.047408229e+002 +4.8738e+000 -1.8323e+000 -4.9836e+000
111430 +5.829723468e-004 +5.829723468e-004 +2.047405830e+002 +2.047405830e+002 +1.4159e+000 -1.0514e+000 -2.9356e+000
116657 +3.130177104e-004 +3.130177104e-004 +2.047403130e+002 +2.047403130e+002 +1.2853e+000 -2.9880e-001 -3.5604e-001
124690 +1.353372155e-004 +1.353372155e-004 +2.047401353e+002 +2.047401353e+002 -3.3618e+000 +6.6661e-001 +3.6516e+000
132294 +9.946897532e-005 +9.946897532e-005 +2.047400995e+002 +2.047400995e+002 +3.1841e+000 +3.4565e+000 +3.5173e+000
133000 +5.839502646e-005 +5.839502646e-005 +2.047400584e+002 +2.047400584e+002 +1.5169e+000 -1.0538e+000 +6.7162e-001
146030 +3.846243908e-005 +3.846243908e-005 +2.047400385e+002 +2.047400385e+002 -1.5034e+000 -1.2531e-001 +4.6823e+000
147301 +1.054863793e-005 +1.054863793e-005 +2.047400105e+002 +2.047400105e+002 +1.4419e+000 -1.4422e+000 +1.2739e+000
160914 +9.307970828e-006 +9.307970828e-006 +2.047400093e+002 +2.047400093e+002 -3.8868e+000 +4.3692e-001 -1.8255e+000
171812 +5.384795742e-006 +5.384795742e-006 +2.047400054e+002 +2.047400054e+002 +3.4367e-001 -1.2927e+000 +2.1446e+000
175824 +3.498965924e-006 +3.498965924e-006 +2.047400035e+002 +2.047400035e+002 +8.1770e-001 -3.6942e+000 +3.6516e+000
181523 +1.744659016e-006 +1.744659016e-006 +2.047400017e+002 +2.047400017e+002 +4.3052e+000 -2.1308e+000 +2.0566e-001
188314 +1.421867580e-006 +1.421867580e-006 +2.047400014e+002 +2.047400014e+002 -1.0488e+000 -1.3251e+000 +9.1395e-001
189271 +5.297888492e-007 +5.297888492e-007 +2.047400005e+002 +2.047400005e+002 -3.1645e-001 -2.9442e+000 +1.4096e+000
211761 +3.423842827e-007 +3.423842827e-007 +2.047400003e+002 +2.047400003e+002 -5.6880e-001 -1.0881e+000 +2.0271e+000
213473 +9.193183814e-008 +9.193183814e-008 +2.047400001e+002 +2.047400001e+002 +4.2858e+000 -8.0798e-001 -2.1732e+000
229006 +2.869157356e-008 +2.869157356e-008 +2.047400000e+002 +2.047400000e+002 +6.7194e-001 -3.4422e+000 +1.4732e+000
234890 +1.745809186e-008 +1.745809186e-008 +2.047400000e+002 +2.047400000e+002 +1.4768e+000 -1.4820e+000 +9.4186e-001
239399 +6.414978770e-009 +6.414978770e-009 +2.047400000e+002 +2.047400000e+002 -2.6516e-001 +7.1158e-001 +3.7038e+000
% function evaluation | noise-free fitness - Fopt (-3.887700000000e+002) | best noise-free fitness - Fopt | measured fitness | best measured fitness | x1 | x2...
1 +3.650131146e+001 +3.650131146e+001 -3.522686885e+002 -3.522686885e+002 -1.0503e+000 -1.2367e+000 +3.1972e+000
4 +6.050869771e+000 +6.050869771e+000 -3.827191302e+002 -3.827191302e+002 -4.3121e+000 -3.4651e+000 -2.6878e+000
265 +3.923322139e+000 +3.923322139e+000 -3.848466779e+002 -3.848466779e+002 -1.9183e+000 +3.6600e+000 +2.5259e+000
1209 +1.408493376e+000 +1.408493376e+000 -3.873615066e+002 -3.873615066e+002 -1.0223e+000 +1.3338e-001 -2.5776e+000
5599 +6.269666115e-001 +6.269666115e-001 -3.881430334e+002 -3.881430334e+002 +2.3995e+000 -1.1628e+000 -2.2108e-001
11589 +3.886698788e-001 +3.886698788e-001 -3.883813301e+002 -3.883813301e+002 +4.2613e+000 +3.2371e+000 -4.8323e+000
21308 +2.511078607e-001 +2.511078607e-001 -3.885188921e+002 -3.885188921e+002 +4.0870e-001 +2.3263e+000 +4.1253e-001
28075 +1.495508164e-001 +1.495508164e-001 -3.886204492e+002 -3.886204492e+002 +2.0258e+000 +8.9004e-001 -4.2845e+000
31114 +6.275584698e-002 +6.275584698e-002 -3.887072442e+002 -3.887072442e+002 +3.2591e+000 +3.7583e+000 -6.2770e-001
32243 +1.453762973e-002 +1.453762973e-002 -3.887554624e+002 -3.887554624e+002 +2.4361e+000 +4.0133e+000 -1.6807e+000
52832 +3.218018006e-003 +3.218018006e-003 -3.887667820e+002 -3.887667820e+002 +1.2389e+000 +4.3045e+000 -3.9383e+000
74161 +2.470681954e-003 +2.470681954e-003 -3.887675293e+002 -3.887675293e+002 +1.8299e+000 +4.7626e+000 -2.6666e-003
88629 +1.503908363e-003 +1.503908363e-003 -3.887684961e+002 -3.887684961e+002 +1.9654e+000 +4.9875e+000 +4.3056e-001
89436 +5.067444911e-004 +5.067444911e-004 -3.887694933e+002 -3.887694933e+002 +1.6057e+000 +4.8720e+000 +7.3190e-002
96720 +3.769015196e-004 +3.769015196e-004 -3.887696231e+002 -3.887696231e+002 +1.5760e+000 +3.5438e+000 -2.4897e+000
97274 +2.387767207e-004 +2.387767207e-004 -3.887697612e+002 -3.887697612e+002 +1.5242e+000 +4.4107e+000 -3.6042e-001
111307 +1.313424852e-004 +1.313424852e-004 -3.887698687e+002 -3.887698687e+002 +3.2560e+000 +2.9357e+000 -8.9253e-001
115597 +6.305736332e-005 +6.305736332e-005 -3.887699369e+002 -3.887699369e+002 +3.8124e+000 +1.4283e+000 -1.4792e+000
118377 +3.193398885e-005 +3.193398885e-005 -3.887699681e+002 -3.887699681e+002 +2.9231e+000 +1.8861e+000 -1.6843e+000
128024 +1.966027975e-005 +1.966027975e-005 -3.887699803e+002 -3.887699803e+002 +4.3497e+000 +1.6909e+000 -1.7058e+000
131612 +1.223596274e-005 +1.223596274e-005 -3.887699878e+002 -3.887699878e+002 +3.6846e+000 +2.0393e+000 -1.9867e+000
140518 +6.514021663e-006 +6.514021663e-006 -3.887699935e+002 -3.887699935e+002 +4.9098e+000 +3.6456e+000 -2.5893e+000
145015 +3.338913700e-006 +3.338913700e-006 -3.887699967e+002 -3.887699967e+002 +3.5667e+000 +2.6772e+000 -3.1721e+000
152060 +2.215296092e-006 +2.215296092e-006 -3.887699978e+002 -3.887699978e+002 +3.6424e+000 +6.7759e-001 -3.7021e+000
154662 +8.672577678e-007 +8.672577678e-007 -3.887699991e+002 -3.887699991e+002 +3.3602e+000 -1.8149e+000 -1.0307e+000
167965 +6.300541600e-007 +6.300541600e-007 -3.887699994e+002 -3.887699994e+002 +2.6823e+000 +3.1484e+000 -3.7162e+000
177851 +3.111091473e-007 +3.111091473e-007 -3.887699997e+002 -3.887699997e+002 +1.2885e+000 -1.8414e+000 -4.9444e+000
180878 +2.111460731e-007 +2.111460731e-007 -3.887699998e+002 -3.887699998e+002 +2.9809e+000 -1.7921e+000 -1.8963e+000
185466 +1.426384415e-007 +1.426384415e-007 -3.887699999e+002 -3.887699999e+002 +1.8240e+000 +8.6201e-001 -3.6989e+000
195099 +8.707314691e-008 +8.707314691e-008 -3.887699999e+002 -3.887699999e+002 +1.9645e+000 +1.1004e+000 -3.6046e+000
203855 +4.783595386e-008 +4.783595386e-008 -3.887700000e+002 -3.887700000e+002 +2.5564e+000 +2.7583e+000 -2.9632e+000
205543 +3.171697927e-008 +3.171697927e-008 -3.887700000e+002 -3.887700000e+002 +2.7830e+000 +3.2794e+000 -9.1013e-001
211267 +2.182230219e-008 +2.182230219e-008 -3.887700000e+002 -3.887700000e+002 +2.4971e+000 +2.1654e+000 -3.0580e+000
214563 +1.290669616e-008 +1.290669616e-008 -3.887700000e+002 -3.887700000e+002 +3.7320e+000 -3.2974e+000 -2.3892e+000
223806 +9.961638625e-009 +9.961638625e-009 -3.887700000e+002 -3.887700000e+002 +3.6684e+000 -2.0801e+000 -3.1408e+000
% function evaluation | noise-free fitness - Fopt (-1.918000000000e+001) | best noise-free fitness - Fopt | measured fitness | best measured fitness | x1 | x2...
1 +4.879825831e+001 +4.879825831e+001 +2.961825831e+001 +2.961825831e+001 +3.1640e+000 +4.2486e+000 +2.9525e-001
3 +2.908236546e+001 +2.908236546e+001 +9.902365457e+000 +9.902365457e+000 +2.3790e+000 +3.5967e+000 -6.6907e-001
5 +2.387662618e+001 +2.387662618e+001 +4.696626178e+000 +4.696626178e+000 -1.4750e+000 -3.9874e+000 +4.5672e+000
7 +1.460381375e+001 +1.460381375e+001 -4.576186254e+000 -4.576186254e+000 -3.5107e+000 +2.3849e+000 -1.9566e+000
38 +6.741342041e+000 +6.741342041e+000 -1.243865796e+001 -1.243865796e+001 +3.5959e+000 -4.7301e+000 -2.8436e+000
43 +3.251152467e+000 +3.251152467e+000 -1.592884753e+001 -1.592884753e+001 +4.3779e+000 +1.9315e+000 -3.5162e-002
47 +1.403496658e+000 +1.403496658e+000 -1.777650334e+001 -1.777650334e+001 +4.9901e+000 -2.3045e+000 -1.8004e+000
5094 +6.285230418e-001 +6.285230418e-001 -1.855147696e+001 -1.855147696e+001 +3.3133e+000 -3.7430e+000 +1.8987e-001
12658 +2.314754649e-001 +2.314754649e-001 -1.894852454e+001 -1.894852454e+001 +4.7059e+000 -1.8433e+000 +7.1181e-001
21915 +1.439984139e-001 +1.439984139e-001 -1.903600159e+001 -1.903600159e+001 -3.8330e+000 -1.3821e+000 -2.2140e+000
22502 +5.266938274e-002 +5.266938274e-002 -1.912733062e+001 -1.912733062e+001 -2.7422e+000 +4.0958e+000 +3.5872e+000
45888 +3.149296527e-002 +3.149296527e-002 -1.914850703e+001 -1.914850703e+001 +2.7495e-001 +1.4243e+000 +3.4656e+000
46915 +2.289210281e-002 +2.289210281e-002 -1.915710790e+001 -1.915710790e+001 -3.7576e+000 +1.7076e-001 +1.2975e+000
53150 +8.310465644e-003 +8.310465644e-003 -1.917168953e+001 -1.917168953e+001 -3.7545e+000 +4.9846e+000 +3.7509e+000
71250 +5.265072955e-003 +5.265072955e-003 -1.917473493e+001 -1.917473493e+001 -3.3483e+000 +1.8016e+000 +2.4981e+000
72115 +3.548747417e-003 +3.548747417e-003 -1.917645125e+001 -1.917645125e+001 -2.6778e+000 -5.9538e-001 +4.9889e-001
83975 +1.755138898e-003 +1.755138898e-003 -1.917824486e+001 -1.917824486e+001 +2.2915e+000 -1.8214e+000 +2.5986e+000
87960 +1.125142103e-003 +1.125142103e-003 -1.917887486e+001 -1.917887486e+001 -4.2819e+000 +2.1830e+000 +2.0467e+000
98694 +7.282951368e-004 +7.282951368e-004 -1.917927170e+001 -1.917927170e+001 +3.4638e+000 +1.9219e+000 +4.5872e+000
100698 +4.603743400e-004 +4.603743400e-004 -1.917953963e+001 -1.917953963e+001 -1.9952e+000 +2.8741e+000 +1.0281e+000
107360 +3.075140263e-004 +3.075140263e-004 -1.917969249e+001 -1.917969249e+001 -1.2043e+000 +3.8287e+000 +2.3302e+000
116163 +2.248831093e-004 +2.248831093e-004 -1.917977512e+001 -1.917977512e+001 -7.2573e-001 +4.3342e+000 +1.5020e+000
117538 +1.325069120e-004 +1.325069120e-004 -1.917986749e+001 -1.917986749e+001 -7.2707e-001 -1.3480e+000 +1.7257e+000
130642 +9.632950386e-005 +9.632950386e-005 -1.917990367e+001 -1.917990367e+001 -9.9586e-001 +3.8629e+000 +2.2385e+000
133006 +5.681056924e-005 +5.681056924e-005 -1.917994319e+001 -1.917994319e+001 +1.8563e+000 -3.5605e+000 +1.2934e+000
142904 +1.434532392e-005 +1.434532392e-005 -1.917998565e+001 -1.917998565e+001 +2.3146e+000 -3.4780e+000 +3.7040e-001
151252 +7.774781547e-006 +7.774781547e-006 -1.917999223e+001 -1.917999223e+001 +1.7667e+000 -3.2377e+000 -8.4360e-001
155171 +5.526921562e-006 +5.526921562e-006 -1.917999447e+001 -1.917999447e+001 -2.0451e+000 +1.7893e+000 +3.4958e+000
166255 +3.154837426e-006 +3.154837426e-006 -1.917999685e+001 -1.917999685e+001 -1.6910e+000 +1.8548e+000 +2.6187e+000
169203 +2.161871574e-006 +2.161871574e-006 -1.917999784e+001 -1.917999784e+001 +4.0152e+000 -4.6585e+000 -1.6424e+000
177935 +1.242460481e-006 +1.242460481e-006 -1.917999876e+001 -1.917999876e+001 +1.7772e+000 -3.4330e+000 -2.1624e+000
181766 +9.367484175e-007 +9.367484175e-007 -1.917999906e+001 -1.917999906e+001 +8.9464e-001 -2.0215e+000 +3.2797e-001
186451 +5.183065426e-007 +5.183065426e-007 -1.917999948e+001 -1.917999948e+001 +1.4789e+000 +7.1839e-001 -1.3548e+000
190275 +2.793246345e-007 +2.793246345e-007 -1.917999972e+001 -1.917999972e+001 +2.6697e+000 -7.7941e-001 -8.5089e-001
197655 +1.263445242e-007 +1.263445242e-007 -1.917999987e+001 -1.917999987e+001 +7.0434e-001 -3.6673e-001 +1.0516e-001
199754 +9.205425755e-008 +9.205425755e-008 -1.917999991e+001 -1.917999991e+001 +2.2403e+000 +6.1346e-001 +2.4197e-001
211388 +3.665062565e-008 +3.665062565e-008 -1.917999996e+001 -1.917999996e+001 -8.8075e-001 -1.7806e-001 -1.9790e+000
221647 +1.826056462e-008 +1.826056462e-008 -1.917999998e+001 -1.917999998e+001 +3.9449e+000 +3.6597e-001 -3.6715e-001
222158 +1.450342424e-008 +1.450342424e-008 -1.917999999e+001 -1.917999999e+001 +4.9676e+000 -3.2007e-001 +4.1809e-001
228787 +7.466006480e-009 +7.466006480e-009 -1.917999999e+001 -1.917999999e+001 +4.3409e+000 +4.2734e-001 -1.8074e-001
% function evaluation | noise-free fitness - Fopt (-3.724500000000e+002) | best noise-free fitness - Fopt | measured fitness | best measured fitness | x1 | x2...
1 +4.620014299e+001 +4.620014299e+001 -3.262498570e+002 -3.262498570e+002 -2.0208e+000 -2.2889e+000 -6.0318e-002
5 +3.907852468e+001 +3.907852468e+001 -3.333714753e+002 -3.333714753e+002 +1.1222e+000 +4.8871e+000 -4.9375e+000
7 +6.696133739e+000 +6.696133739e+000 -3.657538663e+002 -3.657538663e+002 +7.7095e-001 +2.0793e+000 -4.0323e+000
30 +5.655410656e+000 +5.655410656e+000 -3.667945893e+002 -3.667945893e+002 -3.2798e+000 +2.0486e+000 -4.4790e+000
51 +2.233817055e+000 +2.233817055e+000 -3.702161829e+002 -3.702161829e+002 +3.9794e+000 -3.6628e+000 +1.5893e-001
1029 +1.175826412e+000 +1.175826412e+000 -3.712741736e+002 -3.712741736e+002 +9.5340e-001 +2.2879e+000 -3.9465e-001
4820 +8.599747239e-001 +8.599747239e-001 -3.715900253e+002 -3.715900253e+002 -4.2542e+000 -2.1545e+000 +2.1760e+000
7092 +2.567324136e-001 +2.567324136e-001 -3.721932676e+002 -3.721932676e+002 -3.7876e+000 -4.4861e+000 +3.9574e+000
26927 +2.148146866e-001 +2.148146866e-001 -3.722351853e+002 -3.722351853e+002 +8.1518e-001 +2.9324e-001 -2.4754e+000
27877 +1.477757094e-001 +1.477757094e-001 -3.723022243e+002 -3.723022243e+002 +1.5915e+000 +2.4218e+000 -3.3547e+000
36792 +5.068208672e-002 +5.068208672e-002 -3.723993179e+002 -3.723993179e+002 +6.2491e-001 -3.1191e-001 -8.5009e-001
55682 +4.857150795e-003 +4.857150795e-003 -3.724451428e+002 -3.724451428e+002 +1.8745e+000 -7.2905e-001 -1.0624e+000
76724 +3.905341556e-003 +3.905341556e-003 -3.724460947e+002 -3.724460947e+002 -1.5614e-001 +1.8742e+000 -6.8411e-001
85514 +2.267981114e-003 +2.267981114e-003 -3.724477320e+002 -3.724477320e+002 +7.6487e-001 +2.1113e+000 -2.7377e+000
86294 +1.375844236e-003 +1.375844236e-003 -3.724486242e+002 -3.724486242e+002 +2.0283e+000 -3.1238e+000 +9.7473e-001
93883 +7.812369701e-004 +7.812369701e-004 -3.724492188e+002 -3.724492188e+002 +2.8976e+000 -2.3156e-002 -4.4196e+000
102360 +3.763069737e-004 +3.763069737e-004 -3.724496237e+002 -3.724496237e+002 +3.9942e+000 +1.2561e-001 +2.6542e+000
110876 +2.158435610e-004 +2.158435610e-004 -3.724497842e+002 -3.724497842e+002 -2.5745e+000 +3.0765e+000 -3.2116e+000
120620 +1.277006455e-004 +1.277006455e-004 -3.724498723e+002 -3.724498723e+002 +8.7940e-001 +1.0282e+000 -1.4998e+000
127467 +8.674333975e-005 +8.674333975e-005 -3.724499133e+002 -3.724499133e+002 +8.2786e-001 +9.6137e-001 +1.7617e+000
132277 +6.294705435e-005 +6.294705435e-005 -3.724499371e+002 -3.724499371e+002 -4.2216e-001 +2.8625e-001 -4.4940e+000
133777 +1.840614601e-005 +1.840614601e-005 -3.724499816e+002 -3.724499816e+002 +2.8898e+000 -2.0307e+000 -1.2515e+000
134761 +1.527532476e-005 +1.527532476e-005 -3.724499847e+002 -3.724499847e+002 -1.0461e+000 +2.7042e+000 -8.1954e-001
146069 +6.245353120e-006 +6.245353120e-006 -3.724499938e+002 -3.724499938e+002 -1.5445e+000 +3.1946e+000 +2.0844e+000
159735 +3.378707618e-006 +3.378707618e-006 -3.724499966e+002 -3.724499966e+002 -4.6347e+000 +3.9146e+000 +1.5846e-001
166868 +2.001841892e-006 +2.001841892e-006 -3.724499980e+002 -3.724499980e+002 -4.5701e+000 +3.5412e+000 -1.5876e+000
173085 +1.404158411e-006 +1.404158411e-006 -3.724499986e+002 -3.724499986e+002 -1.2529e+000 +1.7161e+000 -4.0108e+000
181482 +9.438883808e-007 +9.438883808e-007 -3.724499991e+002 -3.724499991e+002 -1.0361e+000 +3.6600e+000 -9.0984e-001
186050 +5.449550713e-007 +5.449550713e-007 -3.724499995e+002 -3.724499995e+002 -2.1886e+000 +2.6081e+000 -5.2851e-001
188514 +3.473737138e-007 +3.473737138e-007 -3.724499997e+002 -3.724499997e+002 -4.0764e+000 +3.6704e+000 +1.4809e-001
190744 +2.125972856e-007 +2.125972856e-007 -3.724499998e+002 -3.724499998e+002 -3.5000e+000 +3.4684e+000 -2.6555e-001
199626 +9.251840538e-008 +9.251840538e-008 -3.724499999e+002 -3.724499999e+002 +7.4970e-001 +4.6869e+000 +2.8842e+000
212339 +5.945503290e-008 +5.945503290e-008 -3.724499999e+002 -3.724499999e+002 -1.3220e+000 +2.7185e+000 -1.3723e+000
222237 +1.538410288e-008 +1.538410288e-008 -3.724500000e+002 -3.724500000e+002 +5.2524e-001 +4.7588e+000 +2.8171e+000
231036 +6.224183835e-009 +6.224183835e-009 -3.724500000e+002 -3.724500000e+002 -9.6808e-001 +2.9926e+000 +1.6708e+000
% function evaluation | noise-free fitness - Fopt (8.450000000000e+000) | best noise-free fitness - Fopt | measured fitness | best measured fitness | x1 | x2...
1 +2.207185363e+001 +2.207185363e+001 +3.052185363e+001 +3.052185363e+001 +4.9829e+000 -3.1303e+000 +4.9135e+000
7 +6.464089617e+000 +6.464089617e+000 +1.491408962e+001 +1.491408962e+001 +4.4009e+000 -1.1435e+000 -1.2922e+000
8 +3.869026407e+000 +3.869026407e+000 +1.231902641e+001 +1.231902641e+001 -3.0474e+000 +4.3505e-001 -1.5067e+000
377 +2.207631888e+000 +2.207631888e+000 +1.065763189e+001 +1.065763189e+001 -5.4849e+000 -6.2072e+000 +3.3301e+000
1555 +8.269409250e-001 +8.269409250e-001 +9.276940925e+000 +9.276940925e+000 -3.8888e+000 -1.6233e+000 +6.1168e-001
5567 +3.950258058e-001 +3.950258058e-001 +8.845025806e+000 +8.845025806e+000 -9.5492e-002 +1.6814e+000 +2.4037e+000
17080 +1.205521446e-001 +1.205521446e-001 +8.570552145e+000 +8.570552145e+000 -1.8735e+000 -1.3172e-001 +3.2855e+000
27658 +9.115186369e-002 +9.115186369e-002 +8.541151864e+000 +8.541151864e+000 -3.6138e+000 -2.0900e+000 -8.9420e-001
42103 +4.374047033e-002 +4.374047033e-002 +8.493740470e+000 +8.493740470e+000 -1.9595e+000 +1.0568e-001 +4.1114e+000
46950 +3.966978184e-002 +3.966978184e-002 +8.489669782e+000 +8.489669782e+000 +1.5250e-001 -4.0914e+000 -4.4765e+000
56708 +2.389522040e-002 +2.389522040e-002 +8.473895220e+000 +8.473895220e+000 -1.2773e-001 -3.0579e+000 -3.1989e+000
64666 +8.467882219e-003 +8.467882219e-003 +8.458467882e+000 +8.458467882e+000 +2.7652e+000 -6.2385e-003 -1.2785e+000
72503 +4.490417778e-003 +4.490417778e-003 +8.454490418e+000 +8.454490418e+000 +1.6630e+000 -1.3743e+000 -1.1875e+000
77775 +3.321269603e-003 +3.321269603e-003 +8.453321270e+000 +8.453321270e+000 +4.9004e+000 -2.4232e+000 +8.7675e-001
85992 +2.248598510e-003 +2.248598510e-003 +8.452248599e+000 +8.452248599e+000 +3.4729e+000 -4.9542e+000 -3.2139e+000
90079 +1.082582308e-003 +1.082582308e-003 +8.451082582e+000 +8.451082582e+000 -5.0357e-001 -2.3820e+000 -2.2212e+000
102886 +7.506087311e-004 +7.506087311e-004 +8.450750609e+000 +8.450750609e+000 +2.7868e+000 +3.6612e+000 +1.2344e+000
109972 +4.180499251e-004 +4.180499251e-004 +8.450418050e+000 +8.450418050e+000 +3.3337e+000 +4.4985e+000 +1.6189e+000
114294 +2.007766661e-004 +2.007766661e-004 +8.450200777e+000 +8.450200777e+000 +3.7300e+000 +4.3503e+000 +1.8877e+000
127056 +1.550668053e-004 +1.550668053e-004 +8.450155067e+000 +8.450155067e+000 +3.3539e+000 +2.5497e+000 +2.6032e+000
130807 +6.864667442e-005 +6.864667442e-005 +8.450068647e+000 +8.450068647e+000 +2.3985e+000 +1.6892e+000 +8.4800e-001
137960 +6.205686862e-005 +6.205686862e-005 +8.450062057e+000 +8.450062057e+000 +3.8954e+000 +3.3332e+000 +1.0494e+000
140714 +3.274404250e-005 +3.274404250e-005 +8.450032744e+000 +8.450032744e+000 -7.4588e-001 -1.4335e+000 -1.4171e+000
150306 +2.170160840e-005 +2.170160840e-005 +8.450021702e+000 +8.450021702e+000 -1.2132e+000 -4.3761e+000 -3.8231e+000
152174 +1.514381928e-005 +1.514381928e-005 +8.450015144e+000 +8.450015144e+000 -1.6370e+000 -4.8733e+000 -4.5020e+000
157876 +5.415208523e-006 +5.415208523e-006 +8.450005415e+000 +8.450005415e+000 -1.0276e+000 -6.3884e-001 -1.1206e+000
178278 +2.185638897e-006 +2.185638897e-006 +8.450002186e+000 +8.450002186e+000 -9.2694e-001 -1.5533e+000 -8.9130e-001
188224 +1.449160287e-006 +1.449160287e-006 +8.450001449e+000 +8.450001449e+000 -1.8540e+000 +2.2041e-001 +7.7676e-001
190904 +6.707525877e-007 +6.707525877e-007 +8.450000671e+000 +8.450000671e+000 -1.8065e+000 -5.9521e-001 -5.7994e-001
198149 +4.712533030e-007 +4.712533030e-007 +8.450000471e+000 +8.450000471e+000 -9.4744e-001 -1.4182e+000 -1.1333e+000
200394 +3.448389378e-007 +3.448389378e-007 +8.450000345e+000 +8.450000345e+000 +2.0920e+000 -3.3551e-001 -1.3214e+000
212277 +1.750795633e-007 +1.750795633e-007 +8.450000175e+000 +8.450000175e+000 +2.7733e+000 -2.1264e+000 -1.3961e+000
214371 +1.249018524e-007 +1.249018524e-007 +8.450000125e+000 +8.450000125e+000 +2.6028e+000 -5.0008e-001 -1.4916e+000
221810 +8.130941964e-008 +8.130941964e-008 +8.450000081e+000 +8.450000081e+000 -3.8609e+000 +3.0313e+000 +2.6529e-001
222088 +2.966731039e-008 +2.966731039e-008 +8.450000030e+000 +8.450000030e+000 +6.7037e-001 -1.4868e+000 -1.4650e+000
231707 +2.179691272e-008 +2.179691272e-008 +8.450000022e+000 +8.450000022e+000 +5.5005e-001 -4.0008e+000 -3.2263e+000
234813 +1.373750713e-008 +1.373750713e-008 +8.450000014e+000 +8.450000014e+000 -2.3972e-001 +3.3695e-001 -5.1231e-001
240163 +7.400265289e-009 +7.400265289e-009 +8.450000007e+000 +8.450000007e+000 +4.0613e-001 -4.6692e-001 +1.8717e+000
% function evaluation | noise-free fitness - Fopt (1.184000000000e+001) | best noise-free fitness - Fopt | measured fitness | best measured fitness | x1 | x2...
1 +5.524025235e+001 +5.524025235e+001 +6.708025235e+001 +6.708025235e+001 +3.9904e+000 -4.0510e+000 +5.8221e-001
3 +2.465128650e+001 +2.465128650e+001 +3.649128650e+001 +3.649128650e+001 -4.1642e+000 -2.3314e+000 +3.2166e+000
4 +1.220769892e+001 +1.220769892e+001 +2.404769892e+001 +2.404769892e+001 -2.4111e+000 +3.0907e+000 +8.7724e-001
10 +9.914477884e+000 +9.914477884e+000 +2.175447788e+001 +2.175447788e+001 +3.9819e+000 -3.6132e+000 -1.3698e+000
13 +7.180696604e-001 +7.180696604e-001 +1.255806966e+001 +1.255806966e+001 +4.8056e+000 +3.6585e+000 -3.3783e+000
11616 +5.644172663e-001 +5.644172663e-001 +1.240441727e+001 +1.240441727e+001 +3.1794e+000 -3.0162e-002 -2.7602e-001
11881 +3.467424114e-001 +3.467424114e-001 +1.218674241e+001 +1.218674241e+001 -3.2040e+000 -1.1875e+000 -2.7871e+000
16389 +2.330830080e-001 +2.330830080e-001 +1.207308301e+001 +1.207308301e+001 -2.1714e-001 -1.7374e+000 +3.3845e+000
27515 +1.339561839e-001 +1.339561839e-001 +1.197395618e+001 +1.197395618e+001 +2.4402e+000 -3.4642e-001 +4.9392e+000
30598 +9.004386690e-002 +9.004386690e-002 +1.193004387e+001 +1.193004387e+001 -1.5337e+000 -1.0940e+000 +3.5278e+000
41754 +2.879556681e-002 +2.879556681e-002 +1.186879557e+001 +1.186879557e+001 -1.2837e-001 -1.0509e-001 -2.6618e+000
52685 +2.361773993e-002 +2.361773993e-002 +1.186361774e+001 +1.186361774e+001 +2.2654e-001 +1.1111e+000 -3.9241e+000
57190 +1.464123524e-002 +1.464123524e-002 +1.185464124e+001 +1.185464124e+001 -1.9348e+000 -1.7900e+000 +5.0689e+000
68614 +9.968024289e-003 +9.968024289e-003 +1.184996802e+001 +1.184996802e+001 -1.4839e+000 -1.2188e+000 +3.3166e+000
69646 +5.119529812e-003 +5.119529812e-003 +1.184511953e+001 +1.184511953e+001 -1.6283e-001 +1.3021e+000 -3.6106e+000
79165 +3.044928991e-003 +3.044928991e-003 +1.184304493e+001 +1.184304493e+001 -1.5004e+000 -1.8114e+000 +1.6923e+000
84997 +1.482656771e-003 +1.482656771e-003 +1.184148266e+001 +1.184148266e+001 -1.7634e+000 -2.3822e+000 +4.0185e-001
85477 +9.226624732e-004 +9.226624732e-004 +1.184092266e+001 +1.184092266e+001 -1.2754e+000 -3.5160e+000 +3.0846e-001
89814 +4.451744855e-004 +4.451744855e-004 +1.184044517e+001 +1.184044517e+001 -9.7352e-001 -4.5600e+000 -2.4753e-001
107049 +3.127687147e-004 +3.127687147e-004 +1.184031277e+001 +1.184031277e+001 -2.9213e+000 -1.3150e+000 +2.1888e+000
108427 +2.358770332e-004 +2.358770332e-004 +1.184023588e+001 +1.184023588e+001 -3.6392e+000 -2.5513e+000 +4.0143e+000
121195 +1.077695108e-004 +1.077695108e-004 +1.184010777e+001 +1.184010777e+001 -2.8598e+000 -1.9371e+000 +4.1764e+000
123239 +5.750133252e-005 +5.750133252e-005 +1.184005750e+001 +1.184005750e+001 -2.4937e+000 -1.1325e+000 -5.3450e-001
139505 +3.176160008e-005 +3.176160008e-005 +1.184003176e+001 +1.184003176e+001 +8.1199e-001 -5.9485e-002 +4.9732e-001
140166 +2.131190222e-005 +2.131190222e-005 +1.184002131e+001 +1.184002131e+001 -1.0196e+000 -1.0551e+000 +2.5746e-001
145880 +9.724423373e-006 +9.724423373e-006 +1.184000972e+001 +1.184000972e+001 +5.6182e-002 -5.8690e-001 -1.2538e-001
156812 +5.480827756e-006 +5.480827756e-006 +1.184000548e+001 +1.184000548e+001 +1.0607e-001 -7.1124e-001 -3.3641e-001
163781 +2.268774431e-006 +2.268774431e-006 +1.184000227e+001 +1.184000227e+001 -3.5270e+000 +4.6702e-001 -2.7258e-001
173545 +1.025369640e-006 +1.025369640e-006 +1.184000103e+001 +1.184000103e+001 -2.3061e+000 +7.6997e-001 +1.5066e+000
176612 +8.626277523e-007 +8.626277523e-007 +1.184000086e+001 +1.184000086e+001 -8.5636e-001 +1.1488e+000 -1.4564e+000
188607 +2.447721279e-007 +2.447721279e-007 +1.184000024e+001 +1.184000024e+001 -3.1958e+000 +1.5963e+000 -1.0743e+000
199977 +1.460157932e-007 +1.460157932e-007 +1.184000015e+001 +1.184000015e+001 +1.5749e-001 +1.1567e+000 +1.0311e+000
208803 +7.439824579e-008 +7.439824579e-008 +1.184000007e+001 +1.184000007e+001 +6.6287e-002 -1.6926e+000 -2.9316e+000
210748 +3.154762851e-008 +3.154762851e-008 +1.184000003e+001 +1.184000003e+001 +1.7737e-001 +8.4735e-001 +5.0250e-001
222724 +1.839216424e-008 +1.839216424e-008 +1.184000002e+001 +1.184000002e+001 -2.0472e+000 +2.6309e+000 +7.3430e-001
230208 +1.185583720e-008 +1.185583720e-008 +1.184000001e+001 +1.184000001e+001 -3.2381e+000 +2.5130e+000 -7.2736e-001
231220 +8.546395591e-009 +8.546395591e-009 +1.184000001e+001 +1.184000001e+001 +2.7381e+000 -1.0092e-001 +2.3210e+000
% function evaluation | noise-free fitness - Fopt (1.581200000000e+002) | best noise-free fitness - Fopt | measured fitness | best measured fitness | x1 | x2...
1 +3.923096370e+001 +3.923096370e+001 +1.973509637e+002 +1.973509637e+002 -3.5749e+000 -3.2342e-001 -4.4774e+000
3 +9.041680136e+000 +9.041680136e+000 +1.671616801e+002 +1.671616801e+002 +1.1762e+000 -3.8047e+000 +2.3403e+000
34 +4.749881377e+000 +4.749881377e+000 +1.628698814e+002 +1.628698814e+002 +3.1043e+000 -4.5397e+000 +1.3993e+000
38 +1.544229499e+000 +1.544229499e+000 +1.596642295e+002 +1.596642295e+002 -1.0641e+000 +2.6589e+000 +3.5412e-001
1125 +6.102231296e-001 +6.102231296e-001 +1.587302231e+002 +1.587302231e+002 +3.5313e+000 +2.6259e+000 +2.9892e+000
6853 +2.545898595e-001 +2.545898595e-001 +1.583745899e+002 +1.583745899e+002 +1.7939e+000 -1.1799e+000 +8.9121e-001
19197 +1.042351475e-001 +1.042351475e-001 +1.582242351e+002 +1.582242351e+002 +4.1877e+000 -2.7531e+000 +2.4624e+000
26915 +9.605952019e-002 +9.605952019e-002 +1.582160595e+002 +1.582160595e+002 +2.0490e+000 -7.9765e-001 +1.7062e+000
31769 +4.364949074e-002 +4.364949074e-002 +1.581636495e+002 +1.581636495e+002 +2.2342e+000 -4.4637e+000 +9.4008e-001
37154 +2.468238225e-002 +2.468238225e-002 +1.581446824e+002 +1.581446824e+002 +3.2557e-001 -1.6130e+000 +1.6504e+000
46885 +1.335343921e-002 +1.335343921e-002 +1.581333534e+002 +1.581333534e+002 +2.1043e+000 -5.5471e-001 +3.0431e+000
50750 +8.503193889e-003 +8.503193889e-003 +1.581285032e+002 +1.581285032e+002 +1.4966e+000 -4.1430e+000 +2.7223e+000
56503 +3.725738802e-003 +3.725738802e-003 +1.581237257e+002 +1.581237257e+002 +9.6958e-001 -3.5771e+000 +1.7008e+000
81509 +2.291856542e-003 +2.291856542e-003 +1.581222919e+002 +1.581222919e+002 +1.4942e+000 -7.1590e-001 +1.5340e+000
85595 +1.409603369e-003 +1.409603369e-003 +1.581214096e+002 +1.581214096e+002 +4.9325e-001 -2.9525e+000 +4.1885e-001
87613 +8.348335236e-004 +8.348335236e-004 +1.581208348e+002 +1.581208348e+002 +8.1831e-001 -1.4316e-001 +2.8918e+000
96924 +4.013591806e-004 +4.013591806e-004 +1.581204014e+002 +1.581204014e+002 -3.0452e-001 -4.7754e+000 +7.4049e-001
102555 +3.100248302e-004 +3.100248302e-004 +1.581203100e+002 +1.581203100e+002 +1.2898e+000 +6.7318e-001 +7.4240e-001
108222 +2.084350523e-004 +2.084350523e-004 +1.581202084e+002 +1.581202084e+002 +4.2420e+000 +1.9111e+000 +3.2935e+000
109046 +6.545928665e-005 +6.545928665e-005 +1.581200655e+002 +1.581200655e+002 +7.4302e-002 -1.1795e+000 -8.3884e-002
114308 +6.186434257e-005 +6.186434257e-005 +1.581200619e+002 +1.581200619e+002 -2.4664e-001 +7.0622e-001 -2.2675e-001
120416 +3.404992884e-005 +3.404992884e-005 +1.581200340e+002 +1.581200340e+002 -1.9802e+000 -3.0966e+000 -2.3252e+000
126880 +2.123596104e-005 +2.123596104e-005 +1.581200212e+002 +1.581200212e+002 -6.6193e-002 +2.3582e+000 -2.9594e-001
142657 +1.184043677e-005 +1.184043677e-005 +1.581200118e+002 +1.581200118e+002 +3.0707e+000 -8.8313e-001 +2.4064e+000
144102 +3.654339906e-006 +3.654339906e-006 +1.581200037e+002 +1.581200037e+002 +3.0491e+000 +4.0548e+000 +2.5494e+000
167949 +2.106702482e-006 +2.106702482e-006 +1.581200021e+002 +1.581200021e+002 +1.2617e+000 -7.1314e-001 +1.2695e+000
170787 +1.465804615e-006 +1.465804615e-006 +1.581200015e+002 +1.581200015e+002 +3.3766e+000 +3.1693e+000 +2.4926e+000
175013 +9.595311212e-007 +9.595311212e-007 +1.581200010e+002 +1.581200010e+002 +3.5153e-001 +2.3880e+000 +8.5199e-001
179535 +5.422356537e-007 +5.422356537e-007 +1.581200005e+002 +1.581200005e+002 +2.5000e+000 -2.7720e-001 +1.1232e+000
180964 +2.246203792e-007 +2.246203792e-007 +1.581200002e+002 +1.581200002e+002 -5.3821e-001 -2.9699e+000 +1.1212e+000
201928 +1.369467668e-007 +1.369467668e-007 +1.581200001e+002 +1.581200001e+002 -9.6197e-001 +5.1176e-001 +9.0515e-001
205430 +6.500576433e-008 +6.500576433e-008 +1.581200001e+002 +1.581200001e+002 -2.2038e+000 -1.8267e-002 +6.9300e-001
211378 +6.014943210e-009 +6.014943210e-009 +1.581200000e+002 +1.581200000e+002 -3.3092e-001 +1.8712e+000 +1.1701e+000
% function evaluation | noise-free fitness - Fopt (-1.021200000000e+002) | best noise-free fitness - Fopt | measured fitness | best measured fitness | x1 | x2...
1 +1.653834258e+001 +1.653834258e+001 -8.558165742e+001 -8.558165742e+001 +3.9932e+000 -4.8548e-001 -4.3551e-001
7 +1.021752982e+001 +1.021752982e+001 -9.190247018e+001 -9.190247018e+001 -1.2290e+000 -7.1363e-001 -1.2443e+000
9 +5.075035326e+000 +5.075035326e+000 -9.704496467e+001 -9.704496467e+001 +4.6586e+000 -3.0601e+000 -4.7296e+000
153 +3.430335895e+000 +3.430335895e+000 -9.868966411e+001 -9.868966411e+001 -4.9554e+000 +5.8469e+000 -4.1734e+000
766 +1.479148563e+000 +1.479148563e+000 -1.006408514e+002 -1.006408514e+002 +7.9067e-002 +2.6215e+000 -2.1852e+000
2458 +8.475634635e-001 +8.475634635e-001 -1.012724365e+002 -1.012724365e+002 +4.3857e+000 -9.3453e-001 -4.4221e+000
5722 +4.215077997e-001 +4.215077997e-001 -1.016984922e+002 -1.016984922e+002 -2.1270e+000 +4.9953e+000 -4.5196e-001
18108 +3.397010663e-001 +3.397010663e-001 -1.017802989e+002 -1.017802989e+002 -1.2988e-001 -2.1296e+000 -2.0643e+000
21014 +2.432635577e-001 +2.432635577e-001 -1.018767364e+002 -1.018767364e+002 -4.3266e+000 -1.9937e+000 +4.1615e+000
27715 +2.470012367e-002 +2.470012367e-002 -1.020952999e+002 -1.020952999e+002 +8.0963e-001 +4.9345e-001 -2.6528e-001
59193 +1.230198481e-002 +1.230198481e-002 -1.021076980e+002 -1.021076980e+002 +2.9683e+000 +8.4866e-001 +1.9767e-001
64878 +7.849649909e-003 +7.849649909e-003 -1.021121504e+002 -1.021121504e+002 +3.3115e+000 -3.9278e-001 +1.1306e-001
68828 +2.168180810e-003 +2.168180810e-003 -1.021178318e+002 -1.021178318e+002 -1.5373e+000 +2.1081e+000 +1.2529e+000
86178 +8.513754887e-004 +8.513754887e-004 -1.021191486e+002 -1.021191486e+002 +3.4998e+000 +4.6979e-001 +1.3835e+000
96916 +4.207509452e-004 +4.207509452e-004 -1.021195792e+002 -1.021195792e+002 +3.1879e-002 +2.3218e+000 +1.9508e+000
108258 +3.883867691e-004 +3.883867691e-004 -1.021196116e+002 -1.021196116e+002 -1.3110e+000 +1.5625e+000 +3.5562e-001
115223 +1.951086341e-004 +1.951086341e-004 -1.021198049e+002 -1.021198049e+002 -1.2152e+000 +3.7581e+000 +4.6488e+000
119248 +1.354800843e-004 +1.354800843e-004 -1.021198645e+002 -1.021198645e+002 -1.4144e+000 +1.8802e+000 -2.0427e-001
124113 +9.152476694e-005 +9.152476694e-005 -1.021199085e+002 -1.021199085e+002 -9.8454e-001 -1.1621e+000 -1.0416e+000
131738 +5.988594306e-005 +5.988594306e-005 -1.021199401e+002 -1.021199401e+002 +9.1058e-002 +2.2709e+000 +1.1801e+000
135478 +2.737148282e-005 +2.737148282e-005 -1.021199726e+002 -1.021199726e+002 -1.2931e+000 -1.7740e+000 -2.5589e+000
141294 +1.779155397e-005 +1.779155397e-005 -1.021199822e+002 -1.021199822e+002 -1.6117e+000 +2.6860e+000 -1.7484e-002
153327 +1.309922413e-005 +1.309922413e-005 -1.021199869e+002 -1.021199869e+002 +2.4826e-001 -3.8079e+000 -2.1261e+000
154328 +8.241018989e-006 +8.241018989e-006 -1.021199918e+002 -1.021199918e+002 -4.4375e-001 +2.2045e+000 +5.6011e-001
156957 +4.751461390e-006 +4.751461390e-006 -1.021199952e+002 -1.021199952e+002 -3.3017e-001 -1.7688e+000 -1.3128e+000
170837 +2.548340333e-006 +2.548340333e-006 -1.021199975e+002 -1.021199975e+002 -3.6273e-001 +2.5171e+000 +6.9859e-001
173605 +7.502715391e-007 +7.502715391e-007 -1.021199992e+002 -1.021199992e+002 -2.8544e+000 -2.5239e-001 -2.1127e+000
185737 +4.346732823e-007 +4.346732823e-007 -1.021199996e+002 -1.021199996e+002 -1.9860e+000 -1.8162e-001 -1.2580e+000
194155 +3.489626295e-007 +3.489626295e-007 -1.021199997e+002 -1.021199997e+002 -5.1909e-001 -2.2148e-001 -4.6969e-001
201694 +2.039483888e-007 +2.039483888e-007 -1.021199998e+002 -1.021199998e+002 -1.8195e+000 -1.0988e+000 -2.5225e+000
211195 +6.319251611e-008 +6.319251611e-008 -1.021199999e+002 -1.021199999e+002 -9.3643e-001 -3.3936e+000 -2.3906e+000
217227 +5.624181654e-008 +5.624181654e-008 -1.021199999e+002 -1.021199999e+002 -1.3796e-001 -1.4548e+000 -1.0961e+000
220364 +3.751510746e-008 +3.751510746e-008 -1.021200000e+002 -1.021200000e+002 -1.7334e+000 -1.9060e+000 -2.7875e+000
223331 +1.956634321e-008 +1.956634321e-008 -1.021200000e+002 -1.021200000e+002 +2.0488e+000 -2.4272e+000 +5.2274e-001
230399 +1.578656850e-008 +1.578656850e-008 -1.021200000e+002 -1.021200000e+002 +4.0717e+000 -2.4597e+000 +1.7022e+000
230520 +9.239002452e-009 +9.239002452e-009 -1.021200000e+002 -1.021200000e+002 +4.3539e+000 -2.0852e+000 +2.2260e+000
% function evaluation | noise-free fitness - Fopt (-8.798000000000e+001) | best noise-free fitness - Fopt | measured fitness | best measured fitness | x1 | x2...
1 +1.329583390e+001 +1.329583390e+001 -7.468416610e+001 -7.468416610e+001 +2.8457e+000 +1.0770e+000 -1.5044e+000
7 +9.677303525e+000 +9.677303525e+000 -7.830269648e+001 -7.830269648e+001 +3.5048e+000 -4.6779e+000 +1.1739e+000
30 +3.144291525e+000 +3.144291525e+000 -8.483570847e+001 -8.483570847e+001 +4.0844e+000 +3.2073e+000 +3.3239e+000
655 +2.088780088e+000 +2.088780088e+000 -8.589121991e+001 -8.589121991e+001 +3.9176e+000 +8.5442e-001 -5.5522e-001
3307 +1.180109811e+000 +1.180109811e+000 -8.679989019e+001 -8.679989019e+001 -5.1923e+000 -4.3443e-002 +1.2313e+000
3650 +8.183423015e-001 +8.183423015e-001 -8.716165770e+001 -8.716165770e+001 -3.6637e+000 -4.2174e+000 +2.5822e+000
6540 +5.244231750e-001 +5.244231750e-001 -8.745557682e+001 -8.745557682e+001 -3.0461e+000 -3.6777e+000 +2.9270e+000
16493 +2.592536719e-001 +2.592536719e-001 -8.772074633e+001 -8.772074633e+001 -1.5364e+000 +1.9225e-001 -2.6615e+000
23455 +2.243905956e-001 +2.243905956e-001 -8.775560940e+001 -8.775560940e+001 -2.0759e+000 +5.7601e-001 -2.1048e+000
27618 +7.932588261e-002 +7.932588261e-002 -8.790067412e+001 -8.790067412e+001 -3.2790e+000 -2.4451e-001 +3.8230e+000
36945 +4.781128156e-002 +4.781128156e-002 -8.793218872e+001 -8.793218872e+001 -4.4222e-001 +1.8806e+000 +2.1679e+000
40910 +3.024612851e-002 +3.024612851e-002 -8.794975387e+001 -8.794975387e+001 -4.3124e+000 +7.2751e-001 +3.6723e+000
52509 +2.248509015e-002 +2.248509015e-002 -8.795751491e+001 -8.795751491e+001 -1.9416e+000 +1.5751e-001 -2.8063e+000
58490 +1.130100108e-002 +1.130100108e-002 -8.796869900e+001 -8.796869900e+001 -1.1808e+000 +1.0278e+000 -1.6624e+000
69371 +5.915029587e-003 +5.915029587e-003 -8.797408497e+001 -8.797408497e+001 +3.1285e-001 -3.0077e+000 -4.0620e+000
73969 +1.614157266e-003 +1.614157266e-003 -8.797838584e+001 -8.797838584e+001 +4.1662e-001 +3.4020e+000 -2.7828e+000
87669 +1.577838763e-003 +1.577838763e-003 -8.797842216e+001 -8.797842216e+001 -1.1543e+000 -7.5199e-001 -4.4133e+000
94114 +8.139092833e-004 +8.139092833e-004 -8.797918609e+001 -8.797918609e+001 -2.2817e+000 +4.8563e+000 -2.8066e+000
96561 +3.694141158e-004 +3.694141158e-004 -8.797963059e+001 -8.797963059e+001 -9.0348e-001 -4.0136e-001 -2.1124e+000
105726 +2.020324697e-004 +2.020324697e-004 -8.797979797e+001 -8.797979797e+001 -1.6450e+000 +3.2151e+000 -2.4631e+000
120088 +1.253426577e-004 +1.253426577e-004 -8.797987466e+001 -8.797987466e+001 -2.6078e+000 -2.6766e+000 -2.2925e+000
130235 +8.779801354e-005 +8.779801354e-005 -8.797991220e+001 -8.797991220e+001 -2.7704e+000 +1.8112e+000 -4.2575e+000
134030 +5.885401909e-005 +5.885401909e-005 -8.797994115e+001 -8.797994115e+001 -2.2830e+000 -2.7315e+000 -1.9564e+000
135545 +1.194915960e-005 +1.194915960e-005 -8.797998805e+001 -8.797998805e+001 -4.2834e+000 -4.8554e+000 -3.9302e+000
147157 +9.790126001e-006 +9.790126001e-006 -8.797999021e+001 -8.797999021e+001 -3.0087e+000 -4.0922e+000 -1.9570e+000
161867 +4.181174262e-006 +4.181174262e-006 -8.797999582e+001 -8.797999582e+001 +2.4476e-001 +1.0195e+000 -3.0045e+000
168518 +2.584196025e-006 +2.584196025e-006 -8.797999742e+001 -8.797999742e+001 -2.6686e+000 -3.7458e+000 -2.7284e+000
171882 +2.398893102e-006 +2.398893102e-006 -8.797999760e+001 -8.797999760e+001 +1.5044e+000 -1.2183e-001 -1.2885e+000
176414 +1.339690300e-006 +1.339690300e-006 -8.797999866e+001 -8.797999866e+001 -1.8671e+000 -2.9535e+000 +1.0178e-001
181818 +8.609912641e-007 +8.609912641e-007 -8.797999914e+001 -8.797999914e+001 -2.2101e-001 -2.8778e+000 -1.5902e+000
186061 +6.171235043e-007 +6.171235043e-007 -8.797999938e+001 -8.797999938e+001 -1.4070e+000 -4.1810e+000 -1.7699e+000
190853 +1.360208870e-007 +1.360208870e-007 -8.797999986e+001 -8.797999986e+001 +1.9740e+000 -1.8966e+000 +5.5149e-002
211251 +6.274956377e-008 +6.274956377e-008 -8.797999994e+001 -8.797999994e+001 +3.1267e+000 +6.0337e-001 -1.6658e+000
216200 +3.483560818e-008 +3.483560818e-008 -8.797999997e+001 -8.797999997e+001 +1.3630e+000 -1.9861e-001 -2.3604e+000
222910 +1.897056734e-008 +1.897056734e-008 -8.797999998e+001 -8.797999998e+001 +3.2891e+000 -2.3813e+000 +1.6640e+000
233580 +9.362892683e-009 +9.362892683e-009 -8.797999999e+001 -8.797999999e+001 +2.3917e+000 -2.5824e+000 -6.9474e-001
