% function evaluation | noise-free fitness - Fopt (7.948000000000e+001) | best noise-free fitness - Fopt | measured fitness | best measured fitness | x1 | x2...
1 +2.768463171e+003 +2.768463171e+003 +2.847943171e+003 +2.847943171e+003 +6.0161e+000 +5.1926e+000 +1.1116e+001 +1.3997e+001 +5.4219e+000 +1.1069e+001 +5.7783e+000 +8.0882e+000 +1.2326e+001 +1.4821e+001 +1.4647e+001 +1.2712e+001 +1.3332e+001 +1.2688e+001 +1.1827e+001 +1.4218e+001 +1.4214e+001 +1.4403e+001 +7.3933e+000 +1.0641e+001
3 +2.422172443e+003 +2.422172443e+003 +2.501652443e+003 +2.501652443e+003 +7.9630e+000 +1.3082e+001 +5.7152e+000 +1.3080e+001 +1.3133e+001 +7.3143e+000 +8.3581e+000 +1.0423e+001 +1.3055e+001 +9.4755e+000 +5.0867e+000 +1.4133e+001 +1.3403e+001 +6.2829e+000 +1.1684e+001 +1.1316e+001 +1.1573e+001 +1.1179e+001 +1.2577e+001 +1.2418e+001
136 +1.557025485e+003 +1.557025485e+003 +1.636505485e+003 +1.636505485e+003 +8.5864e+000 +7.5721e+000 +1.1406e+001 +6.7039e+000 +1.0913e+001 +6.6302e+000 +9.6814e+000 +6.8315e+000 +1.0829e+001 +2.5861e+000 +7.4632e+000 +9.0830e+000 +3.6311e+000 +6.8395e+000 +6.9657e+000 +1.3928e+001 +1.1626e+001 +4.1920e+000 +1.1669e+001 +7.2369e+000
513 +9.990821968e+002 +9.990821968e+002 +1.078562197e+003 +1.078562197e+003 +9.9449e-001 -1.7342e-002 +1.9790e+000 +8.0211e+000 +6.7271e+000 +4.7458e+000 +1.6336e+001 +7.6992e-001 -5.0436e-001 +4.7508e+000 -3.9564e+000 +6.0715e+000 +5.7988e+000 +1.2702e+001 -1.9476e+000 +1.2594e+001 +7.3943e+000 +6.3407e+000 +7.0778e+000 +2.3158e+000
849 +5.766158842e+002 +5.766158842e+002 +6.560958842e+002 +6.560958842e+002 +8.9488e+000 -3.5745e+000 +4.0046e-001 +3.9038e+000 -3.0623e+000 +9.1807e-001 +1.3506e+001 +3.2595e+000 +3.0310e+000 +1.1337e+000 +4.4480e+000 +1.5944e+000 +6.4497e+000 +3.6457e+000 +7.0383e+000 +1.1786e+001 +1.8456e+000 -4.6058e+000 +5.2276e+000 +7.6982e+000
1082 +3.529057334e+002 +3.529057334e+002 +4.323857334e+002 +4.323857334e+002 +2.7338e+000 +4.1554e+000 +4.5061e+000 +2.6271e+000 +8.4966e+000 +3.2411e+000 +2.2350e+000 +2.4086e+000 -6.5315e+000 -1.4941e+000 -6.7754e+000 -3.0185e+000 +2.0231e+000 +1.7531e+000 -1.6355e+000 +3.0332e+000 -1.5798e+000 -1.2299e-001 +8.5002e+000 +7.0910e-001
1372 +2.359178983e+002 +2.359178983e+002 +3.153978983e+002 +3.153978983e+002 +1.5508e+000 +5.5314e-001 +1.6315e+000 +2.3767e-001 -6.7895e+000 -7.0354e-001 +1.2294e+000 +2.9731e+000 -5.0411e+000 +7.6956e-001 -2.7915e+000 +1.9990e+000 +5.6857e+000 -1.1135e+000 -5.0436e+000 +4.8857e+000 +5.1085e+000 +1.8844e+000 +3.8114e+000 +2.9528e+000
1766 +1.368926682e+002 +1.368926682e+002 +2.163726682e+002 +2.163726682e+002 -2.6580e-001 +1.2693e+000 +8.6866e-001 +3.8636e+000 -2.9718e+000 +5.2117e+000 -8.9194e-001 +7.3361e+000 -1.2896e+000 -2.1465e+000 -8.7664e-001 -4.7720e-001 +1.4252e+000 -2.7785e-002 +5.1156e+000 +2.7739e+000 +6.0299e-001 +1.0359e+000 +4.6153e+000 +7.5948e-001
2141 +9.677272299e+001 +9.677272299e+001 +1.762527230e+002 +1.762527230e+002 -3.0202e+000 +4.3658e-002 +3.3890e-001 +2.5107e+000 -1.5090e+000 -1.7623e+000 +3.6213e+000 +2.9804e+000 -2.0476e+000 -7.4151e-001 -1.1824e+000 +1.3181e-001 +1.6364e+000 -4.9638e+000 +4.6963e+000 +1.6906e+000 +2.8644e+000 -2.8056e+000 +1.2741e+000 +6.3094e-001
2504 +5.487524081e+001 +5.487524081e+001 +1.343552408e+002 +1.343552408e+002 -1.9473e+000 +4.0514e-001 -3.3797e-001 +1.2229e+000 -6.2809e+000 +2.3399e+000 -3.9814e-001 +1.4742e+000 -2.2750e+000 -2.4790e+000 -4.4947e+000 +2.4856e+000 +2.7266e+000 +4.3401e-001 +3.3600e+000 -1.6425e-001 +2.3393e+000 -1.7289e+000 +4.2370e+000 +9.2121e-001
2939 +3.825093135e+001 +3.825093135e+001 +1.177309314e+002 +1.177309314e+002 -1.2211e+000 -1.9564e+000 +3.0484e-001 +4.1818e+000 -2.6799e+000 +1.5945e+000 +6.1884e-001 -9.0342e-001 +1.9379e-001 -2.3251e+000 -3.3936e+000 +3.4829e+000 +2.5896e+000 -4.8437e-001 +4.4733e+000 +2.0999e+000 -4.8287e-001 -6.1322e+000 +7.3738e-002 +3.8376e+000
3535 +1.518114239e+001 +1.518114239e+001 +9.466114239e+001 +9.466114239e+001 -2.5382e-001 -6.1237e-001 -1.9358e+000 +1.9909e+000 -1.6229e+000 +1.9674e+000 -8.1181e-001 -7.1263e-001 -1.4138e+000 -2.5568e+000 -3.5174e+000 +1.6476e+000 +7.1890e-001 -1.9779e+000 +3.5447e+000 +1.4686e+000 -1.3239e+000 -3.8476e+000 +1.9763e+000 +2.1266e+000
4276 +8.776197575e+000 +8.776197575e+000 +8.825619757e+001 +8.825619757e+001 +4.2763e-001 -3.3653e-001 -5.9290e-001 +2.5612e+000 -2.4769e+000 +5.2695e-001 -1.5386e+000 +1.3146e+000 -1.4385e+000 -3.4108e+000 -3.3368e+000 +1.6590e+000 +1.3675e+000 -8.8232e-002 +4.0205e+000 +1.7615e+000 -5.5059e-001 -4.1873e+000 +3.6265e+000 +8.9997e-001
4944 +6.076499982e+000 +6.076499982e+000 +8.555649998e+001 +8.555649998e+001 +1.2675e+000 -1.3206e+000 -1.0670e+000 +1.0335e+000 -2.7917e+000 +1.3374e+000 -4.2483e-001 -1.0669e-001 -1.9751e+000 -3.2899e+000 -4.0735e+000 +1.5947e+000 +6.0684e-001 -1.1098e+000 +3.4991e+000 +2.3399e+000 -7.7757e-002 -4.7713e+000 +2.4389e+000 +7.2527e-001
5046 +3.611000302e+000 +3.611000302e+000 +8.309100030e+001 +8.309100030e+001 -2.3868e-001 -1.0901e+000 -6.0098e-001 +2.0221e+000 -2.7208e+000 +2.2793e-001 -4.1935e-001 +9.3340e-002 -1.3297e+000 -2.8895e+000 -3.5461e+000 +2.5403e+000 +1.9285e+000 +4.8594e-003 +4.2363e+000 +3.3952e+000 -3.2701e-001 -3.3533e+000 +1.4024e+000 +1.7018e+000
% function evaluation | noise-free fitness - Fopt (3.944800000000e+002) | best noise-free fitness - Fopt | measured fitness | best measured fitness | x1 | x2...
1 +2.418696693e+003 +2.418696693e+003 +2.813176693e+003 +2.813176693e+003 +6.7142e+000 +8.0795e+000 +6.8103e+000 +5.1603e+000 +8.3990e+000 +1.3995e+001 +7.2196e+000 +7.7901e+000 +1.3469e+001 +1.1543e+001 +8.6277e+000 +1.0150e+001 +1.1782e+001 +5.3229e+000 +1.3603e+001 +1.3232e+001 +1.3533e+001 +7.9999e+000 +1.0008e+001 +1.1732e+001
263 +1.522678568e+003 +1.522678568e+003 +1.917158568e+003 +1.917158568e+003 +6.5810e+000 +6.9322e+000 +3.8204e+000 -3.8605e+000 +9.0600e+000 +1.1779e+001 +7.6016e+000 +1.1809e+001 +4.1347e+000 -5.7067e-001 +7.4211e+000 +1.1958e+001 -7.2873e+000 +8.9576e+000 +1.0571e+001 +1.5049e+000 +8.0512e+000 +2.3736e+000 +4.1158e+000 +1.1253e+001
435 +9.925916335e+002 +9.925916335e+002 +1.387071634e+003 +1.387071634e+003 +4.5149e+000 +6.0945e+000 +3.5162e-001 +5.4492e-001 +5.1427e+000 +4.4217e+000 +4.8608e-002 +5.2778e+000 +9.3944e-001 +8.3222e+000 +1.2588e+001 +8.7861e+000 +4.5866e+000 +9.7679e+000 -5.4600e+000 +4.6791e+000 +1.0286e+001 +3.8490e+000 +1.0645e+001 +4.7592e+000
802 +6.206656129e+002 +6.206656129e+002 +1.015145613e+003 +1.015145613e+003 +3.8763e+000 -4.4668e+000 -6.4241e+000 -4.5641e+000 +5.0545e+000 +2.7661e+000 +2.4708e+000 +1.0903e+000 +4.6830e+000 -9.2888e+000 -1.5778e+000 +3.2214e+000 +5.0211e+000 +1.1185e+001 -3.6153e-001 +5.5047e+000 +1.1785e+001 -3.1661e+000 +6.7001e+000 +7.7610e-001
1090 +3.121947311e+002 +3.121947311e+002 +7.066747311e+002 +7.066747311e+002 +2.5085e+000 -5.4415e+000 -1.9927e+000 +7.7969e+000 +3.0240e+000 +2.0023e+000 -1.5707e-002 -1.5205e+000 +2.5103e+000 +4.1881e+000 +1.4980e+000 +5.8433e+000 -9.0927e-001 +1.1353e+001 -5.4910e-002 +2.2432e+000 -7.2577e-001 +1.3238e+000 +3.0515e+000 -1.9080e+000
1659 +1.725119105e+002 +1.725119105e+002 +5.669919105e+002 +5.669919105e+002 -3.7517e+000 -7.9519e+000 -3.8534e+000 +4.2605e+000 +4.6019e+000 -3.1274e+000 +4.8561e+000 -2.6210e+000 -3.9611e+000 +6.0544e-001 +2.5223e+000 +6.1376e+000 -4.0310e+000 +4.1258e+000 -1.4898e+000 +5.3135e+000 -5.5171e-001 -4.1479e+000 +1.4659e-001 +5.6030e+000
1856 +1.395881059e+002 +1.395881059e+002 +5.340681059e+002 +5.340681059e+002 -1.6424e+000 -2.6230e+000 +2.4648e+000 +4.1479e+000 +3.6739e-001 -5.9337e+000 +1.2316e+000 +6.4463e-001 -1.0632e+000 -2.3751e+000 +1.6013e+000 -8.9332e-002 -3.4755e+000 +9.6843e-001 +1.2106e+000 +4.7414e+000 -2.7828e+000 +1.2410e+000 +1.1441e+000 +3.6497e+000
2295 +7.989961866e+001 +7.989961866e+001 +4.743796187e+002 +4.743796187e+002 -2.0213e+000 -1.1527e+000 -6.4462e+000 +2.9282e+000 +4.1986e+000 -1.7014e+000 +5.4105e+000 +2.5484e+000 +7.1247e-001 -3.9556e+000 -1.5291e-001 +3.1809e+000 +9.0564e-001 +4.6963e+000 -4.5127e+000 +2.3849e+000 -7.9261e-001 -5.0503e+000 +2.5547e+000 -3.3329e-001
2545 +5.201134418e+001 +5.201134418e+001 +4.464913442e+002 +4.464913442e+002 -4.9800e+000 -1.9626e+000 -6.6053e+000 +2.9282e+000 +4.3396e+000 -2.4938e+000 +5.4105e+000 -1.5313e-002 +7.1247e-001 -3.9556e+000 +3.3408e+000 +3.1809e+000 +2.6184e+000 +4.6963e+000 -4.5127e+000 +2.3849e+000 -4.4845e+000 +3.5201e-001 +2.5547e+000 -1.5069e-001
2848 +3.602769915e+001 +3.602769915e+001 +4.305076991e+002 +4.305076991e+002 -2.9481e+000 -2.4579e+000 -1.9113e+000 +2.9141e+000 +3.2073e+000 -2.0713e+000 +4.2098e+000 -2.0398e+000 -2.3718e-001 -3.9980e+000 +1.3034e+000 +8.5240e-001 +6.5304e-003 +9.9418e-001 -2.2157e+000 +2.9145e+000 -1.9514e+000 -3.4779e+000 +6.2687e-001 +2.7808e+000
3398 +2.192287592e+001 +2.192287592e+001 +4.164028759e+002 +4.164028759e+002 -2.9481e+000 -3.9429e+000 -4.9865e+000 +2.6947e+000 +8.0007e-001 -1.7962e+000 +2.9866e+000 -1.4052e+000 -8.9717e-001 -3.9980e+000 +2.3818e+000 +8.5240e-001 -7.4129e-001 +3.0332e+000 -2.2157e+000 +2.7630e+000 -1.9514e+000 -4.0028e-001 -8.5363e-001 -5.0550e-001
3891 +1.388275371e+001 +1.388275371e+001 +4.083627537e+002 +4.083627537e+002 -5.1176e+000 -2.3915e+000 -4.1673e+000 +4.6452e+000 +5.5287e-001 -1.9008e+000 +3.2826e+000 -5.3844e-001 -1.7161e+000 -3.6198e+000 +1.2080e+000 +1.1606e-001 +1.9671e-001 +4.9987e+000 -3.8395e+000 +1.6528e+000 -3.7250e+000 -2.6512e+000 -5.4239e-001 +1.3855e+000
4254 +8.521174092e+000 +8.521174092e+000 +4.030011741e+002 +4.030011741e+002 -4.0682e+000 -2.7343e+000 -4.4813e+000 +4.1314e+000 +3.7429e-001 -2.4313e+000 +3.3058e+000 +9.8948e-003 +1.5115e-001 -4.3433e+000 +1.2952e+000 +1.8899e-001 +1.8604e+000 +4.1922e+000 -3.3140e+000 +2.0675e+000 -3.5167e+000 -7.1903e-001 -3.7428e-001 +2.6034e+000
4360 +5.918234032e+000 +5.918234032e+000 +4.003982340e+002 +4.003982340e+002 -4.0559e+000 -2.5580e+000 -3.2277e+000 +3.5277e+000 +7.0349e-001 -3.0936e+000 +3.7691e+000 -9.7373e-001 -1.3649e+000 -4.8565e+000 +1.4087e+000 +3.5703e-001 +8.9094e-001 +4.2077e+000 -4.1715e+000 +1.8911e+000 -3.4622e+000 -1.3417e+000 +4.5814e-001 +1.0357e+000
4869 +3.883788891e+000 +3.883788891e+000 +3.983637889e+002 +3.983637889e+002 -4.8366e+000 -3.1482e+000 -4.2628e+000 +3.6212e+000 +1.1931e+000 -2.7120e+000 +3.1943e+000 -1.1983e+000 -1.5583e+000 -4.2321e+000 +1.9427e+000 +1.4587e+000 +1.6579e+000 +3.6698e+000 -4.7753e+000 +3.1101e+000 -3.4136e+000 -1.6643e+000 +4.6862e-002 +1.1064e+000
% function evaluation | noise-free fitness - Fopt (-2.471100000000e+002) | best noise-free fitness - Fopt | measured fitness | best measured fitness | x1 | x2...
1 +2.036476870e+003 +2.036476870e+003 +1.789366870e+003 +1.789366870e+003 +1.1703e+001 +5.5492e+000 +1.2745e+001 +1.1283e+001 +9.3735e+000 +1.1998e+001 +5.4217e+000 +8.8659e+000 +8.8570e+000 +5.6773e+000 +7.9678e+000 +1.2876e+001 +5.5770e+000 +1.4302e+001 +1.2633e+001 +6.3445e+000 +8.9848e+000 +1.3803e+001 +1.0185e+001 +1.0422e+001
171 +1.562007842e+003 +1.562007842e+003 +1.314897842e+003 +1.314897842e+003 +1.4708e+001 +4.8032e+000 +1.0564e+001 +7.2533e+000 +6.9110e+000 +1.2094e+001 +1.1164e+001 +1.7345e+000 +9.4571e+000 +6.3783e+000 +8.6692e+000 +9.8038e+000 +1.0872e+001 +7.1605e+000 +1.4005e+001 +5.5256e+000 +1.2279e+001 +7.1280e+000 +8.3947e+000 +6.5212e+000
411 +9.490679558e+002 +9.490679558e+002 +7.019579558e+002 +7.019579558e+002 +9.5767e+000 +2.8135e+000 +8.3217e+000 +5.7624e+000 +2.0353e+000 +4.1010e+000 +5.3059e+000 +6.4633e+000 +7.5862e+000 +6.1398e+000 +1.1051e+001 +3.9792e+000 +1.0652e+001 +7.8107e+000 +9.5712e+000 +9.7489e+000 +2.5482e+000 +7.8933e+000 -1.9966e-001 -1.4173e+000
735 +5.806888148e+002 +5.806888148e+002 +3.335788148e+002 +3.335788148e+002 +2.6619e+000 +9.1759e+000 +6.0842e+000 +5.8490e+000 +3.4295e+000 +1.4874e+000 +5.9591e+000 +2.0154e+000 +4.9727e+000 +7.8459e+000 +1.9777e+000 +8.2162e+000 +6.1668e+000 +3.8052e+000 -6.8481e-001 -1.7928e+000 +9.4255e+000 +6.5370e+000 +2.6622e+000 -1.7146e+000
1027 +3.713587420e+002 +3.713587420e+002 +1.242487420e+002 +1.242487420e+002 +6.0424e-001 -3.0684e+000 +3.1569e+000 +5.8846e+000 +3.4243e+000 +8.2755e-001 +5.1555e+000 -7.1910e+000 -1.2350e+000 +3.6386e+000 +7.4662e+000 +1.0636e+001 +6.8312e+000 +3.2512e+000 +6.2535e+000 -1.5945e+000 +5.6042e-001 +1.3128e+000 +5.9033e+000 -2.6480e+000
1294 +1.897348475e+002 +1.897348475e+002 -5.737515251e+001 -5.737515251e+001 -3.4273e-001 +3.8265e+000 +2.2287e+000 +1.5537e+000 -8.2218e-001 +5.3962e+000 +3.6162e+000 -3.0326e+000 +2.7979e-001 +5.4150e+000 +4.1684e+000 +6.4034e+000 +5.3543e+000 +1.2252e+000 +2.6231e-001 +5.1095e-001 +4.3969e+000 +5.1042e+000 -3.0118e+000 +4.9439e-001
1982 +1.178744817e+002 +1.178744817e+002 -1.292355183e+002 -1.292355183e+002 -2.7963e+000 -8.3882e-001 +2.0679e+000 +1.7247e+000 -3.2407e+000 +4.5116e+000 +2.2434e+000 +3.7895e-001 +1.7533e+000 +3.4630e+000 +4.0087e+000 +1.8838e-002 +6.0699e+000 -7.2179e-001 +3.8306e+000 +5.0660e+000 +4.5724e+000 +8.6362e-001 +4.6179e+000 -1.5731e+000
2359 +8.746642024e+001 +8.746642024e+001 -1.596435798e+002 -1.596435798e+002 -1.4613e+000 -3.2773e-001 -1.4346e+000 +8.2172e-001 -3.3042e+000 +1.6142e+000 +2.9732e+000 -2.3768e+000 +2.7207e+000 +4.8824e+000 +3.3326e+000 +2.0074e+000 +2.3883e+000 -2.4476e+000 +8.2934e+000 -2.4639e-001 +8.6999e-001 +1.7451e+000 +2.1595e+000 -2.1431e+000
2623 +6.078308515e+001 +6.078308515e+001 -1.863269148e+002 -1.863269148e+002 -4.8406e+000 -1.7714e+000 +4.0419e-001 -2.3856e+000 -4.6399e+000 +1.0791e+000 +3.7508e+000 -5.3128e+000 +5.0656e-001 +1.1424e+000 +1.0435e+000 +1.6299e-001 -7.1766e-001 +3.7535e-001 +6.1442e+000 +4.6151e+000 +5.2054e+000 -1.2255e+000 +1.6406e+000 +2.4261e-001
3021 +3.892344561e+001 +3.892344561e+001 -2.081865544e+002 -2.081865544e+002 -5.5851e+000 +7.9670e-001 +2.3286e+000 -2.1847e+000 -1.0023e+000 +2.5387e+000 +2.8390e+000 -4.5034e+000 -7.0728e-002 +5.0341e+000 +2.8948e+000 -3.2969e-001 +2.0209e+000 -8.3566e-001 +4.2822e+000 +9.9156e-001 +3.1501e+000 -2.3774e+000 +2.9047e+000 -9.9251e-001
3144 +1.698236288e+001 +1.698236288e+001 -2.301276371e+002 -2.301276371e+002 -5.1970e+000 -5.4794e-001 -2.7830e-001 -2.0375e+000 -2.1769e+000 +2.3936e+000 +3.8320e+000 -4.9543e+000 -6.1693e-001 +3.5886e+000 +1.9797e+000 -4.9231e-001 +3.0536e+000 -1.3961e-001 +3.2933e+000 -6.0954e-001 +3.8321e+000 -8.0252e-001 +2.4296e+000 +1.0106e+000
3775 +1.509262575e+001 +1.509262575e+001 -2.320173742e+002 -2.320173742e+002 -3.9242e+000 +8.7368e-001 -5.6386e-001 -4.7851e+000 -2.6910e+000 +1.7777e+000 +3.3534e+000 -5.2782e+000 +8.5811e-001 +3.4435e+000 +6.0466e-001 +8.3158e-001 +2.3730e+000 -1.9642e-001 +5.1455e+000 +8.1944e-001 +2.3898e+000 +6.8462e-001 +3.8737e+000 +1.1362e-001
4097 +6.929907688e+000 +6.929907688e+000 -2.401800923e+002 -2.401800923e+002 -3.1498e+000 -2.0459e-001 -1.1634e+000 -3.0018e+000 -2.1189e+000 +1.9598e+000 +3.7306e+000 -4.5001e+000 +5.9293e-001 +2.9600e+000 +2.7674e+000 +1.1349e+000 +3.4363e+000 +1.2094e+000 +4.4137e+000 -3.4326e-001 +2.0717e+000 +4.9457e-001 +2.9308e+000 +7.8765e-002
4458 +5.667421933e+000 +5.667421933e+000 -2.414425781e+002 -2.414425781e+002 -4.4293e+000 -4.4428e-001 +4.2077e-001 -4.0770e+000 -3.0400e+000 +2.7942e+000 +3.3539e+000 -4.0726e+000 +2.1779e-001 +2.8984e+000 +1.7529e+000 +1.4759e+000 +2.2151e+000 +6.3813e-001 +3.2054e+000 +1.0001e+000 +2.8813e+000 -4.8704e-001 +1.0538e+000 +5.4481e-001
4767 +3.143147955e+000 +3.143147955e+000 -2.439668520e+002 -2.439668520e+002 -3.7081e+000 +7.9443e-002 -1.3172e+000 -3.0817e+000 -3.1055e+000 +2.8966e+000 +3.0640e+000 -3.9684e+000 +5.9119e-001 +2.2126e+000 +2.0537e+000 +1.0549e+000 +2.9784e+000 +1.3877e+000 +3.5714e+000 +6.6282e-002 +2.8975e+000 +3.6292e-001 +2.2640e+000 +1.4013e-001
% function evaluation | noise-free fitness - Fopt (-1.520400000000e+002) | best noise-free fitness - Fopt | measured fitness | best measured fitness | x1 | x2...
1 +2.118188062e+003 +2.118188062e+003 +1.966148062e+003 +1.966148062e+003 +8.3948e+000 +5.5594e+000 +1.4998e+001 +8.0750e+000 +1.4996e+001 +1.1753e+001 +7.4963e+000 +6.0481e+000 +5.3979e+000 +1.3145e+001 +7.2923e+000 +1.0006e+001 +9.4896e+000 +8.2226e+000 +7.0903e+000 +1.1750e+001 +1.4727e+001 +1.2447e+001 +1.1592e+001 +1.3730e+001
6 +1.474100950e+003 +1.474100950e+003 +1.322060950e+003 +1.322060950e+003 +7.3038e+000 +7.1307e+000 +5.2380e+000 +6.1432e+000 +1.3530e+001 +9.5616e+000 +5.1305e+000 +5.5842e+000 +7.5975e+000 +8.3557e+000 +1.0564e+001 +6.0442e+000 +8.9661e+000 +1.0460e+001 +1.1025e+001 +8.5280e+000 +1.4738e+001 +1.0721e+001 +6.5785e+000 +1.0491e+001
440 +9.415489111e+002 +9.415489111e+002 +7.895089111e+002 +7.895089111e+002 -1.0607e+001 +1.6733e+001 -2.5625e+000 +8.7042e+000 +1.0063e+001 +6.6542e+000 +4.6213e+000 +1.0347e+001 +2.4693e+000 +1.0018e+001 +3.6363e+000 +6.3992e+000 +4.6837e-001 +1.0267e+001 +9.3177e+000 +2.8755e+000 +5.5298e+000 +1.1822e+000 +3.2982e+000 +3.3987e+000
702 +5.642861338e+002 +5.642861338e+002 +4.122461338e+002 +4.122461338e+002 +4.5963e+000 +1.1706e+001 +7.0164e+000 +3.6739e+000 +7.9604e+000 +7.1593e+000 +5.7775e+000 +1.5835e+000 -6.8135e-001 +5.4496e+000 +6.0573e+000 +2.1442e+000 -3.1905e+000 +6.7537e+000 +6.7624e+000 +5.1072e+000 +3.6460e+000 +4.9553e+000 -7.6540e-001 -1.1353e-001
1031 +3.939129355e+002 +3.939129355e+002 +2.418729355e+002 +2.418729355e+002 +4.9746e-001 +7.0243e+000 -3.9635e+000 +1.5201e+000 +1.3139e+001 +3.7499e+000 -5.9612e-001 -7.1613e+000 +1.1202e+000 +5.3184e+000 -4.1183e-001 +1.5321e+000 -1.7056e+000 +1.1998e-001 +9.0069e+000 +9.0011e+000 +5.3955e+000 +1.0663e+000 +4.4020e-001 +3.6225e+000
1237 +2.454444837e+002 +2.454444837e+002 +9.340448370e+001 +9.340448370e+001 +2.4466e+000 -6.5333e-001 -5.0939e+000 +4.3257e+000 +5.5809e+000 +7.6528e+000 -2.5365e+000 +2.7598e+000 +5.1455e-001 +2.7606e+000 -4.3582e+000 +4.9560e+000 -1.0627e+000 +5.7482e+000 -1.7116e+000 +2.6535e-001 +6.9557e+000 -4.5689e+000 +3.3578e+000 +4.7824e+000
1505 +1.499436839e+002 +1.499436839e+002 -2.096316105e+000 -2.096316105e+000 -5.5160e-002 +1.2368e-001 -1.2064e-002 +1.8313e+000 +5.3179e+000 -2.1651e+000 +1.5291e+000 +6.0368e-001 +2.0537e-001 +5.8466e+000 +4.0418e+000 +2.8283e-002 +2.2039e+000 +3.0854e+000 +5.0810e+000 +7.8192e-001 +2.9678e+000 +1.2889e+000 -3.2184e+000 +3.8448e+000
1676 +9.490488277e+001 +9.490488277e+001 -5.713511723e+001 -5.713511723e+001 +9.0900e-001 +1.5230e+000 -6.6606e+000 +1.7932e+000 +5.1261e+000 -3.5743e-001 -2.1746e-002 -1.6231e+000 +4.4899e-001 +8.4733e+000 +8.8947e-001 -9.1323e-001 -1.7108e+000 +5.4937e+000 +2.5001e+000 -3.6178e-001 +5.7136e+000 +2.9488e-001 +7.8523e-001 +7.5534e+000
2306 +5.327416949e+001 +5.327416949e+001 -9.876583051e+001 -9.876583051e+001 -1.7787e+000 +1.2839e+000 -1.0865e+000 +1.9252e+000 +2.7932e+000 +1.2017e+000 +8.4766e-001 +6.6920e-001 +1.9816e+000 +5.7010e+000 -2.1831e-001 -4.3131e+000 -4.7431e+000 +6.5033e+000 -2.8833e-001 +4.3497e+000 +4.2550e+000 -1.0295e+000 -1.9149e-001 +2.4002e+000
2756 +3.261849416e+001 +3.261849416e+001 -1.194215058e+002 -1.194215058e+002 -2.9378e+000 +1.7490e+000 -3.9057e+000 +3.0764e+000 +2.7932e+000 +5.5062e-001 -2.1011e+000 +6.6920e-001 -4.9703e-001 +3.1541e+000 +1.8473e-002 -1.3913e+000 -3.8260e+000 +4.1257e+000 +1.5002e+000 -9.8896e-001 +3.5734e+000 -1.3166e+000 -1.5591e+000 +2.4002e+000
2913 +2.364718375e+001 +2.364718375e+001 -1.283928163e+002 -1.283928163e+002 -7.1676e-001 +4.4484e-001 -5.1527e+000 +1.7247e+000 +1.7814e+000 -1.7367e+000 -2.2067e+000 -7.2942e-001 +1.4331e+000 +4.1282e+000 +1.7322e-001 -2.9442e+000 -3.9072e+000 +3.2183e+000 +5.8188e-001 +2.0021e+000 +3.2070e+000 -4.1047e-001 -2.8350e+000 +2.4860e+000
3474 +1.577693906e+001 +1.577693906e+001 -1.362630609e+002 -1.362630609e+002 +2.3159e-001 +2.4436e+000 -4.8622e+000 +1.5756e+000 +1.7464e+000 +1.6453e-001 -1.3748e+000 -1.3374e+000 +2.4268e+000 +2.9179e+000 -8.9427e-001 -2.3109e+000 -4.5065e+000 +3.7306e+000 -1.5152e-001 +3.0672e+000 +1.4246e+000 +1.1937e-001 -8.6265e-001 +2.0385e+000
3658 +9.248419229e+000 +9.248419229e+000 -1.427915808e+002 -1.427915808e+002 +4.1792e-001 +7.5749e-001 -4.0063e+000 +4.1183e+000 +1.0806e+000 -1.4310e-002 -7.4127e-001 -2.0233e+000 +8.3485e-001 +3.5406e+000 -3.6785e-001 -1.7366e+000 -4.4111e+000 +3.2068e+000 -1.1466e-001 +2.0352e+000 +2.5454e+000 +6.2978e-001 -1.1940e+000 +3.8461e+000
4274 +5.723308708e+000 +5.723308708e+000 -1.463166913e+002 -1.463166913e+002 -5.8303e-001 +1.8990e+000 -3.9645e+000 +3.2586e+000 +1.7464e+000 +1.0002e+000 -6.2229e-001 -1.8516e-001 +1.8229e+000 +3.9075e+000 -7.9505e-001 -2.3109e+000 -4.7400e+000 +4.1805e+000 +3.1211e-001 +6.6116e-001 +2.6853e+000 +8.2670e-001 -1.5683e+000 +3.4478e+000
4593 +3.060690485e+000 +3.060690485e+000 -1.489793095e+002 -1.489793095e+002 +5.2635e-002 +1.4939e+000 -3.7579e+000 +2.8463e+000 +2.5003e+000 -4.7345e-001 -1.2342e+000 -3.1134e-001 +1.8739e+000 +3.4557e+000 -8.8575e-001 -3.1485e+000 -3.4218e+000 +3.9348e+000 +3.8283e-001 +8.4090e-001 +1.6273e+000 -1.5095e-001 -2.7799e-002 +3.0855e+000
4968 +2.487568574e+000 +2.487568574e+000 -1.495524314e+002 -1.495524314e+002 -6.5314e-001 +1.7785e+000 -4.1396e+000 +3.2197e+000 +2.2068e+000 -8.4145e-002 -6.8032e-001 -1.1819e+000 +1.2960e+000 +3.9185e+000 -4.3821e-001 -2.8189e+000 -3.9318e+000 +4.1412e+000 +3.2469e-001 +9.6892e-001 +2.0425e+000 +1.8887e-001 -1.4594e+000 +3.8359e+000
% function evaluation | noise-free fitness - Fopt (-2.525000000000e+001) | best noise-free fitness - Fopt | measured fitness | best measured fitness | x1 | x2...
1 +2.307874430e+003 +2.307874430e+003 +2.282624430e+003 +2.282624430e+003 +5.2311e+000 +1.4315e+001 +6.5112e+000 +1.0176e+001 +5.3208e+000 +1.3642e+001 +1.0646e+001 +1.1360e+001 +9.5061e+000 +1.1718e+001 +1.3744e+001 +7.8617e+000 +5.2020e+000 +6.8148e+000 +1.1939e+001 +1.3818e+001 +7.1636e+000 +1.3149e+001 +9.3257e+000 +1.2440e+001
17 +1.514773118e+003 +1.514773118e+003 +1.489523118e+003 +1.489523118e+003 +1.1292e+001 +5.0961e+000 +5.1919e+000 +7.5298e+000 +1.0052e+001 +5.2492e+000 +7.1189e+000 +8.7966e+000 +1.1557e+001 +1.3159e+001 +1.0212e+001 +8.5327e+000 +5.9965e+000 +7.1538e+000 +8.1186e+000 +6.0657e+000 +8.8237e+000 +5.7586e+000 +8.3310e+000 +1.1288e+001
308 +9.896405068e+002 +9.896405068e+002 +9.643905068e+002 +9.643905068e+002 +1.1191e+001 +1.0044e+001 +2.3145e-001 +6.2395e+000 +6.9506e+000 +7.8174e+000 +4.6234e+000 +1.1398e+001 +4.6602e+000 +4.9493e+000 +2.2280e+000 +8.3716e+000 +1.3351e+000 +4.8499e+000 +9.1168e+000 +3.6215e+000 +3.8978e+000 +4.5707e+000 +7.5239e+000 +1.0748e+001
780 +4.978876571e+002 +4.978876571e+002 +4.726376571e+002 +4.726376571e+002 +2.4464e+000 +1.0525e+001 +8.2438e-001 -1.2600e+000 +2.2752e+000 +4.5020e+000 +2.2105e+000 +2.5956e+000 -2.3037e+000 +1.1969e+000 +6.2371e+000 +1.1496e+001 -3.5358e+000 -3.7410e-001 +4.5533e+000 +3.2826e+000 +5.8401e+000 -3.8767e+000 +1.0745e+001 +1.6808e+000
979 +3.435136217e+002 +3.435136217e+002 +3.182636217e+002 +3.182636217e+002 +3.0983e+000 +7.1583e+000 +4.8836e-001 -1.6946e+000 -4.7078e-002 +7.1002e+000 -4.2621e-001 -2.0295e+000 -1.1509e+000 +2.2167e+000 +4.9442e+000 -1.3282e+000 -5.2109e+000 +9.4142e+000 +5.4052e-001 +6.2963e+000 +1.5733e+000 +5.4558e+000 +5.9964e-001 -3.3404e+000
1262 +2.253688204e+002 +2.253688204e+002 +2.001188204e+002 +2.001188204e+002 +2.2309e+000 -1.0336e+000 +6.0052e+000 +1.5811e+000 +4.2248e+000 -1.1825e+000 +1.6050e+000 -1.8400e+000 +4.3161e+000 -2.1908e+000 +5.9593e+000 +2.7588e+000 -2.7295e+000 +7.5848e-001 +5.0468e+000 +3.2675e+000 +1.1925e+000 -4.2189e+000 +8.2558e+000 +3.0315e+000
1852 +1.407068761e+002 +1.407068761e+002 +1.154568761e+002 +1.154568761e+002 -8.3346e-001 +1.9550e+000 -3.0044e+000 -2.3269e+000 +4.1131e+000 +5.2259e+000 -5.0362e-001 -1.7280e+000 -4.6228e+000 +2.2653e-001 +1.3902e+000 -5.5639e-001 -2.3231e+000 +2.9379e+000 +1.9238e+000 +2.3138e+000 -2.8465e+000 -1.3083e+000 +1.5192e+000 +2.9657e+000
2348 +8.853105437e+001 +8.853105437e+001 +6.328105437e+001 +6.328105437e+001 +3.7196e+000 +3.6832e+000 -3.7156e+000 -1.1516e+000 +3.5749e+000 +2.8237e+000 -4.6396e+000 -1.4051e+000 -6.6623e-001 -3.9609e-001 +2.0998e+000 -2.0878e+000 -5.2079e+000 +4.4316e+000 +1.5840e+000 -1.8269e+000 +8.5613e-001 -3.3286e+000 +6.7594e-001 +3.8906e-001
2546 +5.959184673e+001 +5.959184673e+001 +3.434184673e+001 +3.434184673e+001 +4.9249e+000 -8.9395e-001 -2.2209e+000 -2.6995e+000 +4.0020e+000 -1.4497e+000 +5.0454e-001 -1.0181e+000 +1.4589e+000 -1.3120e+000 +2.1714e+000 -1.9625e-001 +8.2384e-001 +2.6124e+000 +2.0489e+000 -1.6389e+000 -1.6818e+000 -3.0747e+000 -5.8154e-001 +2.2926e+000
2880 +2.896923441e+001 +2.896923441e+001 +3.719234411e+000 +3.719234411e+000 +2.5462e+000 -9.1054e-001 -2.0862e+000 -3.5646e+000 +1.4406e+000 +2.3688e-001 -2.6030e+000 -2.3959e+000 +2.9435e+000 -1.5604e+000 +2.3406e+000 +1.7402e+000 -5.1712e+000 -1.4550e-001 +2.9388e+000 -9.0551e-001 -5.6416e-001 -1.8446e+000 +1.5883e+000 +8.0058e-001
2979 +2.318605356e+001 +2.318605356e+001 -2.063946444e+000 -2.063946444e+000 +4.6717e+000 -9.0418e-001 -2.8923e+000 -2.8129e+000 +4.5097e+000 -1.1418e-001 -1.3999e+000 -1.2196e+000 +1.7202e+000 -4.4150e+000 +1.8517e+000 +3.4673e+000 -2.3705e+000 +6.6818e-001 +2.1345e+000 +3.6730e-001 -1.3174e-001 -1.0200e+000 +2.2908e+000 -1.6854e+000
3670 +1.428419109e+001 +1.428419109e+001 -1.096580891e+001 -1.096580891e+001 +2.5822e+000 -5.8034e-001 -1.6909e+000 -2.7753e+000 +2.3317e+000 +3.6404e-001 -3.2009e+000 -2.3361e+000 +2.0653e+000 -2.3179e+000 +2.9869e+000 +3.4979e+000 -3.1943e+000 +7.5852e-001 +2.1493e+000 +1.1661e+000 -8.0914e-001 -5.3111e-001 -3.8123e-001 -9.4424e-001
4205 +9.017193958e+000 +9.017193958e+000 -1.623280604e+001 -1.623280604e+001 +3.7179e+000 +4.3171e-001 -2.3321e+000 -1.3556e+000 +3.3364e+000 -1.0148e+000 -1.7404e+000 -8.1220e-001 +1.4694e+000 -2.5007e+000 +2.0692e+000 +1.1663e+000 -3.1343e+000 +1.2880e+000 +2.8786e+000 +2.6144e-002 +5.3834e-001 -7.4029e-001 +1.0351e-001 -1.7239e+000
4271 +6.218338944e+000 +6.218338944e+000 -1.903166106e+001 -1.903166106e+001 +4.0345e+000 +1.0775e+000 -1.3671e+000 -2.4311e+000 +2.7401e+000 -7.7747e-001 -2.9974e+000 -1.8277e+000 +8.2805e-001 -2.1829e+000 +2.6143e+000 +1.0857e+000 -2.6048e+000 +7.6725e-001 +2.1328e+000 -4.5204e-001 -5.4101e-001 -6.2567e-001 +1.0985e+000 +2.9698e-001
5042 +3.814969155e+000 +3.814969155e+000 -2.143503085e+001 -2.143503085e+001 +3.1686e+000 +5.3980e-001 -1.4899e-001 -1.8198e+000 +3.2047e+000 +7.7195e-002 -2.7485e+000 -1.9625e+000 +1.9362e+000 -2.9145e+000 +2.8515e+000 +1.2630e+000 -3.1574e+000 +1.7930e-001 +1.9626e+000 +4.3776e-001 -1.1119e+000 -1.8556e+000 +9.1990e-001 -1.1792e+000
% function evaluation | noise-free fitness - Fopt (2.230000000000e+000) | best noise-free fitness - Fopt | measured fitness | best measured fitness | x1 | x2...
1 +2.774188986e+003 +2.774188986e+003 +2.776418986e+003 +2.776418986e+003 +1.0357e+001 +1.4975e+001 +9.7112e+000 +7.4478e+000 +1.3831e+001 +1.2127e+001 +1.1787e+001 +1.3785e+001 +1.2368e+001 +1.0753e+001 +1.1079e+001 +6.5978e+000 +5.7869e+000 +5.3988e+000 +1.3866e+001 +1.3313e+001 +1.3406e+001 +1.0007e+001 +6.5020e+000 +1.4812e+001
4 +2.203530137e+003 +2.203530137e+003 +2.205760137e+003 +2.205760137e+003 +9.2729e+000 +1.0913e+001 +8.8023e+000 +9.0999e+000 +1.3935e+001 +8.5632e+000 +1.1684e+001 +1.3424e+001 +1.0674e+001 +8.5966e+000 +5.1186e+000 +7.4705e+000 +1.1802e+001 +6.6269e+000 +8.8109e+000 +1.3617e+001 +5.6470e+000 +1.4547e+001 +5.8850e+000 +5.5759e+000
154 +1.538980986e+003 +1.538980986e+003 +1.541210986e+003 +1.541210986e+003 +8.0568e+000 +4.1524e+000 +8.8023e+000 +5.3574e+000 +6.1940e+000 +8.5632e+000 +5.2609e+000 +1.3424e+001 +1.0072e+001 +8.5966e+000 +5.1186e+000 +9.7402e+000 +9.2598e+000 +6.6269e+000 +8.8109e+000 +8.5363e+000 +5.6470e+000 +5.5599e+000 +5.8850e+000 +1.3710e+001
469 +9.200472349e+002 +9.200472349e+002 +9.222772349e+002 +9.222772349e+002 +2.8175e+000 +7.9794e-001 +5.0969e+000 +1.5785e+000 +1.2826e+001 +5.3131e+000 -8.4967e+000 +3.7963e+000 -2.5777e+000 +7.4881e+000 +8.2199e+000 +5.8172e+000 +8.9952e+000 -9.7987e+000 +1.0914e+001 +4.6800e+000 +8.9712e+000 +5.5028e+000 +3.9171e+000 +8.3090e+000
857 +6.182903376e+002 +6.182903376e+002 +6.205203376e+002 +6.205203376e+002 +6.2449e+000 +7.3808e+000 +3.2860e+000 -1.4315e+000 +5.1134e+000 +1.9451e+000 -1.2248e+001 -3.1684e-001 -2.1426e+000 +1.1901e+001 +1.9490e+000 +2.9463e+000 +9.5526e+000 -7.6387e+000 +6.9422e+000 -6.2647e+000 +3.2395e+000 +7.6327e+000 -3.6370e-001 +2.0827e+000
1148 +3.896008415e+002 +3.896008415e+002 +3.918308415e+002 +3.918308415e+002 -6.1076e-001 -2.7361e+000 -1.4955e+000 -8.5423e-001 +9.7327e+000 +3.1671e+000 +3.1490e+000 -1.6809e+000 +2.9358e+000 +5.6232e+000 -4.3077e+000 +2.3361e+000 +9.5616e+000 +3.6594e+000 +2.2649e+000 -3.4520e+000 +1.0318e+001 +6.4454e-001 +2.6719e+000 +8.1538e+000
1307 +2.095749363e+002 +2.095749363e+002 +2.118049363e+002 +2.118049363e+002 +3.1538e+000 -2.5237e-001 +3.2096e+000 -5.7511e+000 -1.1367e+000 -4.9395e+000 -4.1336e+000 +1.5961e-001 -2.1426e+000 -2.4207e+000 -5.7097e+000 +2.9463e+000 +3.0928e+000 -1.7684e+000 +1.8852e+000 -7.4894e+000 +6.7679e+000 +3.6809e+000 -1.9324e+000 +7.9109e+000
1860 +1.032200796e+002 +1.032200796e+002 +1.054500796e+002 +1.054500796e+002 +3.9413e+000 -3.9704e+000 -2.1853e+000 -3.5849e+000 +1.5016e+000 -7.8212e+000 -3.1866e+000 -1.3105e+000 -2.4845e-001 -3.6426e-001 +2.0917e+000 -1.6623e+000 +3.0063e+000 -3.8922e+000 -3.8777e+000 -5.5180e+000 +3.9998e+000 +3.7150e-002 +7.1007e+000 +5.4877e+000
2001 +8.801051725e+001 +8.801051725e+001 +9.024051725e+001 +9.024051725e+001 +4.2819e+000 -3.2085e+000 -7.1399e-001 -5.1479e+000 +3.0792e+000 -6.5140e+000 -3.3787e+000 +4.6057e-001 -1.4006e+000 -3.2207e+000 -4.0916e+000 +5.0560e-001 +2.8518e+000 -2.2852e+000 -5.1164e+000 -4.2450e+000 +3.9954e+000 +2.6289e+000 +3.7520e-001 -5.7071e-001
2850 +4.878816007e+001 +4.878816007e+001 +5.101816007e+001 +5.101816007e+001 +4.1380e+000 -3.3697e+000 +9.5989e-001 -4.0623e+000 +2.4368e+000 -3.5788e+000 -2.8372e+000 -4.2204e+000 +4.6673e+000 +2.5594e+000 -1.6692e+000 -2.5769e+000 +2.8406e+000 -2.8443e+000 -2.8762e+000 -5.2716e+000 +2.8377e+000 +1.7776e+000 +9.4029e-001 +3.6505e+000
3090 +3.799612380e+001 +3.799612380e+001 +4.022612380e+001 +4.022612380e+001 +4.1193e+000 -2.2636e+000 +1.0583e+000 -1.5621e+000 +2.6336e+000 -2.9712e+000 -1.1065e+000 -3.8839e+000 +1.8611e+000 +4.2545e+000 -5.3389e-001 -1.4815e+000 +4.3679e-001 +1.3906e+000 -1.4738e+000 -2.8370e+000 +2.9688e+000 +2.5482e+000 +2.3412e-001 +2.1283e+000
3622 +2.006908982e+001 +2.006908982e+001 +2.229908982e+001 +2.229908982e+001 +5.5248e+000 -1.1364e+000 -5.4981e-002 -3.1494e+000 +4.9650e+000 -2.6806e+000 -2.9215e+000 -3.3536e+000 +3.2063e-001 +4.9782e-001 -8.1083e-001 -2.0017e+000 +2.9633e+000 -2.4396e+000 -8.5124e-001 -3.4808e+000 +2.3090e+000 -5.3880e-001 +2.2852e+000 +1.9073e+000
3848 +1.438265241e+001 +1.438265241e+001 +1.661265241e+001 +1.661265241e+001 +6.0281e+000 -3.5789e+000 +3.5201e-001 -1.9166e+000 +3.1770e+000 -3.6176e+000 -2.4290e+000 -2.0579e+000 -1.7920e-001 +1.4964e+000 -6.2539e-001 -1.4843e-001 +2.8250e+000 -2.7835e+000 -1.9859e-002 -3.3257e+000 +2.8266e+000 +8.1722e-001 +4.9897e-001 +3.0836e+000
4220 +8.732228740e+000 +8.732228740e+000 +1.096222874e+001 +1.096222874e+001 +4.0473e+000 -2.8580e+000 -8.0724e-001 -2.4258e+000 +3.1125e+000 -3.6037e+000 -1.7276e+000 -2.9266e+000 +4.6074e-001 -2.4497e-001 -2.0837e+000 -7.1490e-001 +1.4385e-001 -1.4853e+000 -2.1987e+000 -3.9492e+000 +3.2242e+000 +2.8012e-001 +1.1576e+000 +2.6382e+000
4723 +5.300223865e+000 +5.300223865e+000 +7.530223865e+000 +7.530223865e+000 +3.6546e+000 -2.8378e+000 -6.2507e-001 -2.4334e+000 +4.3683e+000 -4.8098e+000 -2.8008e+000 -3.0009e+000 -1.7305e-001 +1.4661e+000 -6.7643e-001 -2.3387e-001 +1.5228e+000 -1.4271e+000 -1.9176e+000 -4.0106e+000 +2.3038e+000 +9.9304e-001 +2.4752e+000 +2.2237e+000
% function evaluation | noise-free fitness - Fopt (-1.308000000000e+001) | best noise-free fitness - Fopt | measured fitness | best measured fitness | x1 | x2...
1 +2.225837162e+003 +2.225837162e+003 +2.212757162e+003 +2.212757162e+003 +5.2383e+000 +7.9671e+000 +9.7743e+000 +7.5436e+000 +1.4753e+001 +9.0874e+000 +1.1344e+001 +1.2552e+001 +8.9260e+000 +6.9714e+000 +1.4550e+001 +9.7637e+000 +8.8423e+000 +5.0332e+000 +1.4951e+001 +1.1577e+001 +1.0335e+001 +1.2970e+001 +8.0840e+000 +1.2089e+001
88 +1.345372680e+003 +1.345372680e+003 +1.332292680e+003 +1.332292680e+003 +1.1794e+001 +1.1421e+001 +8.0918e+000 +1.0502e+001 +4.1320e+000 +8.1934e+000 +8.0935e+000 +3.1801e+000 +5.9382e+000 +9.8710e+000 +7.5851e+000 +1.0647e+001 +5.4313e+000 +6.0688e+000 +1.0634e+001 +6.3713e+000 +7.6844e+000 +6.7258e+000 +7.9449e+000 +3.7033e+000
342 +9.636142509e+002 +9.636142509e+002 +9.505342509e+002 +9.505342509e+002 -3.1404e+000 +5.3786e+000 +1.3692e+001 +6.0549e+000 +3.0440e+000 +7.6824e+000 +7.1391e+000 +8.9235e+000 +6.6363e+000 +2.3638e+000 +1.1466e+001 -3.1404e+000 +8.7203e+000 +8.5933e+000 +5.5831e+000 +6.4283e+000 +4.6715e-001 +9.8480e+000 +7.3344e+000 +7.3188e+000
666 +5.886742655e+002 +5.886742655e+002 +5.755942655e+002 +5.755942655e+002 +3.2171e+000 +5.9372e+000 +1.1350e+001 +8.8128e+000 +1.3163e+000 +2.2412e+000 +5.8691e+000 +3.5211e+000 +4.1610e+000 +3.9554e+000 +9.4429e+000 -3.5660e+000 +7.4008e+000 +7.5712e+000 +8.3127e+000 +4.2594e+000 +4.8179e+000 +3.3964e+000 +2.9781e+000 +6.0377e+000
991 +3.812214765e+002 +3.812214765e+002 +3.681414765e+002 +3.681414765e+002 -4.0892e+000 -2.6626e+000 +3.8749e+000 +2.2418e+000 +1.5755e+000 -2.2314e+000 +6.3835e+000 +2.8779e+000 +1.1833e+001 -3.6424e-002 +6.9386e+000 +2.5775e+000 -6.2104e+000 +4.6941e+000 +2.5552e+000 -7.4386e+000 -4.7562e-001 +2.7605e+000 +8.3157e-001 +2.4747e+000
1158 +2.278668616e+002 +2.278668616e+002 +2.147868616e+002 +2.147868616e+002 +3.9895e+000 -6.8172e-001 +1.0873e+001 +5.4909e+000 +1.6968e+000 -5.2890e+000 +7.1479e+000 +1.7274e-001 +4.3903e+000 -5.9194e-001 +4.9861e+000 +5.0141e-001 +2.2689e-001 +7.3686e+000 +1.9263e+000 +2.4370e-002 -1.1930e+000 -1.8733e-001 +4.0016e+000 +1.3906e+000
1394 +1.121553156e+002 +1.121553156e+002 +9.907531564e+001 +9.907531564e+001 +5.5298e-001 -1.0751e+000 +9.9158e-001 +3.7479e+000 -1.2079e+000 -1.1757e+000 +2.9290e+000 +8.9238e-001 +5.2198e+000 -3.3016e-001 +4.3503e+000 +1.0380e+000 +1.5440e+000 -2.9031e+000 +1.8085e+000 -5.7379e-001 +1.8438e+000 -3.6185e-001 +3.8467e+000 -1.5307e+000
2109 +9.689805415e+001 +9.689805415e+001 +8.381805415e+001 +8.381805415e+001 +2.2397e+000 -3.5255e+000 +2.9211e+000 +6.9565e+000 -2.5137e+000 -5.0104e+000 +2.4127e+000 -3.4176e+000 -5.9628e-001 -3.0872e+000 +7.2377e+000 +2.3339e+000 -3.0115e+000 +8.7718e-001 +1.2166e-001 -4.0108e-001 -1.5757e+000 +2.6005e+000 +2.1327e+000 +1.1337e+000
2368 +6.024473995e+001 +6.024473995e+001 +4.716473995e+001 +4.716473995e+001 -3.3547e-002 +4.1954e-002 +3.9685e+000 +4.6438e+000 -3.4772e+000 -1.1669e+000 -1.1047e+000 -8.2271e-001 +4.2705e+000 -1.4434e+000 +3.5242e+000 -1.2136e+000 +5.0446e-001 -1.2703e-001 -1.7289e-001 -2.9933e+000 +2.3175e+000 +3.1214e+000 +3.2666e+000 +3.1732e+000
2690 +2.308962161e+001 +2.308962161e+001 +1.000962161e+001 +1.000962161e+001 -2.8352e-001 -2.3344e+000 +2.1206e+000 +3.2275e+000 -1.8759e+000 -5.8000e+000 +9.4558e-001 -2.1024e+000 +2.0152e+000 -4.5967e+000 +4.0318e+000 -3.2868e-001 +1.4377e+000 +2.9635e-001 +3.9015e-001 -3.3494e+000 -5.8056e-001 +9.8804e-001 +8.2949e-001 +3.0440e+000
3298 +1.440321508e+001 +1.440321508e+001 +1.323215083e+000 +1.323215083e+000 -2.4692e-001 -1.5557e+000 +2.3154e+000 +3.9028e+000 -2.3041e+000 -2.9407e+000 +3.1327e+000 -1.3417e+000 +9.3676e-001 -2.8917e+000 +5.1142e-001 -7.4187e-001 +2.8191e+000 +1.3399e+000 -1.3254e-001 -2.3166e+000 -1.3849e+000 +1.3635e+000 +9.6631e-002 +2.2881e+000
3946 +7.443298964e+000 +7.443298964e+000 -5.636701036e+000 -5.636701036e+000 -8.2039e-003 -1.4740e+000 +3.0476e+000 +4.4247e+000 -1.9412e+000 -2.3389e+000 +1.9556e+000 -1.9024e+000 -1.3646e+000 -2.9663e+000 +2.6670e+000 -2.2314e+000 +2.4989e+000 +8.9261e-001 +1.4620e+000 -3.1347e+000 +2.6204e-001 +6.5691e-001 +7.7239e-001 +1.9001e+000
4334 +6.234449180e+000 +6.234449180e+000 -6.845550820e+000 -6.845550820e+000 +5.5024e-001 -1.9463e+000 +3.5616e+000 +3.5822e+000 -3.3583e+000 -1.9616e+000 +2.3815e+000 -2.2479e+000 +1.2231e-001 -2.3057e+000 +2.9599e+000 -1.6968e+000 +1.5164e+000 +8.7084e-001 -2.4448e-001 -1.6615e+000 +5.6782e-001 +1.6810e+000 +9.7223e-001 +2.6657e+000
4651 +3.648417650e+000 +3.648417650e+000 -9.431582350e+000 -9.431582350e+000 -5.7924e-002 -2.4249e+000 +3.2631e+000 +3.3455e+000 -1.9787e+000 -2.6232e+000 +8.4332e-001 -2.9808e+000 -2.3585e-001 -2.9866e+000 +2.4599e+000 -5.7889e-001 +2.2380e+000 +9.3848e-001 +2.6531e-001 -2.0732e+000 -3.2398e-001 +5.4009e-001 +7.7768e-001 +2.5566e+000
% function evaluation | noise-free fitness - Fopt (2.671600000000e+002) | best noise-free fitness - Fopt | measured fitness | best measured fitness | x1 | x2...
1 +3.094878998e+003 +3.094878998e+003 +3.362038998e+003 +3.362038998e+003 +1.2434e+001 +8.9099e+000 +9.6077e+000 +6.4339e+000 +1.4414e+001 +8.5109e+000 +1.3052e+001 +5.6921e+000 +1.3527e+001 +1.4207e+001 +9.2938e+000 +1.0506e+001 +1.4011e+001 +1.3983e+001 +6.4059e+000 +1.4630e+001 +1.3937e+001 +9.3696e+000 +8.6690e+000 +1.4680e+001
6 +2.180902934e+003 +2.180902934e+003 +2.448062934e+003 +2.448062934e+003 +7.1846e+000 +5.5497e+000 +8.3680e+000 +1.2942e+001 +1.0845e+001 +7.2813e+000 +6.3506e+000 +7.0183e+000 +1.3535e+001 +8.2262e+000 +7.2333e+000 +1.4678e+001 +6.2208e+000 +6.1825e+000 +1.0825e+001 +9.6658e+000 +7.3112e+000 +1.0725e+001 +1.3809e+001 +6.2765e+000
273 +1.396197404e+003 +1.396197404e+003 +1.663357404e+003 +1.663357404e+003 +4.0044e+000 +1.1363e+001 +6.8302e+000 +8.1188e+000 +7.5496e+000 +5.7615e-001 +5.7312e+000 +3.1412e+000 +3.7776e+000 +1.2795e+001 +8.4421e+000 +7.8433e+000 +3.1840e+000 +6.3998e+000 +7.4757e+000 +7.9809e+000 +2.5763e+000 +1.2541e+001 +3.5283e+000 +9.3616e+000
555 +9.769753102e+002 +9.769753102e+002 +1.244135310e+003 +1.244135310e+003 +4.3660e+000 +4.9745e+000 +7.2541e+000 +4.7350e+000 +4.2084e+000 +4.6714e+000 +1.0278e+000 -1.0110e-001 +7.5120e-001 +8.2702e+000 +4.0780e+000 +1.3474e+001 +7.5405e+000 -2.8594e-001 +7.8486e+000 +2.7444e+000 +4.4200e+000 +1.1388e+001 +7.8622e+000 +3.6498e+000
739 +6.028833679e+002 +6.028833679e+002 +8.700433679e+002 +8.700433679e+002 +1.5814e+000 +2.0746e+000 -2.6039e+000 +8.1389e+000 +1.0640e+001 +2.0242e+000 +1.6321e+000 -3.7539e+000 -7.0249e+000 +3.3825e+000 +5.5606e+000 +3.4110e+000 +6.2118e+000 -1.2970e+000 +9.8967e+000 +5.0401e+000 -3.4507e+000 +8.2210e+000 +5.2143e-001 +3.9672e+000
1091 +3.818566141e+002 +3.818566141e+002 +6.490166141e+002 +6.490166141e+002 +2.8185e+000 -2.0700e-001 +9.5708e-001 -1.6767e+000 +7.1272e-001 +3.3102e+000 +1.6407e+000 -1.0517e+000 -3.5008e+000 -9.0080e-001 +8.5400e+000 -1.6225e+000 +6.3736e+000 -2.7846e+000 +4.0667e+000 -3.7844e-001 -2.9181e+000 -4.7964e-001 +1.6100e-001 +5.3512e+000
1559 +2.408236537e+002 +2.408236537e+002 +5.079836537e+002 +5.079836537e+002 +9.4256e-002 -2.2686e+000 -5.3094e+000 +1.4096e+000 +5.6625e+000 +4.4084e+000 -1.5842e-001 -2.6354e+000 -3.7945e-001 +6.2958e+000 +7.8398e-001 +1.7161e+000 -3.0998e+000 -4.1432e+000 -3.1692e-002 +5.0645e+000 -3.2797e-001 +4.7204e+000 -8.2828e+000 -6.1954e-001
1984 +1.526737539e+002 +1.526737539e+002 +4.198337539e+002 +4.198337539e+002 -5.5434e+000 +1.8943e-001 -1.2997e+000 -4.3398e+000 -1.4369e+000 +8.9558e-001 +7.7152e-001 -1.0027e+000 -4.0000e+000 -5.5563e-001 +2.0929e+000 +1.3241e+000 -2.3858e+000 -3.9071e+000 +2.3960e-001 +4.7256e+000 -3.0874e+000 +5.3419e+000 -2.0043e+000 +9.1827e-001
2365 +9.340639707e+001 +9.340639707e+001 +3.605663971e+002 +3.605663971e+002 -1.3061e+000 -2.7649e+000 -3.0643e+000 -2.2727e+000 +3.8132e+000 -2.5978e+000 +1.4130e+000 -5.6159e-001 -2.5103e+000 +2.4815e+000 -6.1093e+000 +1.6795e+000 +1.7495e+000 -2.3240e+000 +8.6734e-001 -3.0487e+000 -3.0317e+000 -2.3809e-001 +4.6672e+000 +2.2157e-001
2524 +5.553558805e+001 +5.553558805e+001 +3.226955881e+002 +3.226955881e+002 -1.5312e+000 -3.1519e+000 -3.0648e+000 -3.3611e+000 -6.5863e-001 +1.2779e+000 +3.1484e+000 -2.3280e+000 -2.0735e+000 +2.0175e+000 -3.9590e+000 +2.5302e+000 +4.7124e-001 -3.7965e+000 -1.8779e+000 +2.6036e+000 +2.5519e-001 +1.6045e+000 -8.3880e-001 -1.6705e+000
3096 +3.273033513e+001 +3.273033513e+001 +2.998903351e+002 +2.998903351e+002 -1.7300e+000 -4.4728e+000 -3.1533e+000 -2.8366e+000 +2.5792e+000 -8.8121e-001 +2.4541e+000 -4.7462e-001 -3.1100e+000 +7.1571e-001 -2.7592e+000 -1.5507e+000 +1.6616e+000 -3.2693e+000 -2.9552e+000 -2.5682e+000 -1.7945e+000 +1.6711e+000 +1.7891e+000 -1.9819e+000
3620 +2.180782091e+001 +2.180782091e+001 +2.889678209e+002 +2.889678209e+002 -2.5981e+000 -2.9822e+000 -2.1704e+000 -1.1340e+000 +3.3210e+000 -2.4939e+000 +2.7128e+000 -4.0166e+000 -2.1219e+000 +4.6165e-001 -3.4531e+000 -8.3107e-001 -2.7642e-001 -2.9642e+000 -2.7544e+000 +2.3245e+000 -6.1972e-001 +3.3472e+000 +5.1230e-001 -1.0427e+000
3810 +1.485558528e+001 +1.485558528e+001 +2.820155853e+002 +2.820155853e+002 -1.2776e+000 -3.2720e+000 -2.6921e+000 -1.5814e+000 +3.0229e+000 -3.1000e+000 +8.8987e-002 -1.6385e+000 -2.2709e+000 +1.3608e+000 -1.4954e+000 -4.2040e-001 +2.7030e-001 -1.6064e+000 -3.0904e+000 +1.8809e+000 -1.7341e+000 +3.2314e+000 -2.1016e-002 -7.6227e-001
3989 +7.625694501e+000 +7.625694501e+000 +2.747856945e+002 +2.747856945e+002 -3.4044e+000 -3.6202e+000 -5.3432e+000 -2.2742e+000 +2.8941e+000 -2.0167e+000 +1.3077e+000 -1.4215e+000 -4.4911e+000 +2.2054e+000 -1.7643e+000 -3.3001e-002 +8.6735e-001 -1.6985e+000 -3.1526e+000 +4.9911e-001 -1.2294e+000 +2.3439e+000 +4.2309e-001 -3.0137e+000
4175 +6.272687294e+000 +6.272687294e+000 +2.734326873e+002 +2.734326873e+002 -2.9048e+000 -4.2222e+000 -3.4444e+000 -1.1850e+000 +3.5718e+000 -1.3382e+000 +2.7866e+000 -1.5741e+000 -3.2695e+000 +1.6310e+000 -2.7574e+000 +8.3131e-001 +3.7500e-001 -1.1595e+000 -2.6867e+000 +6.1481e-001 -9.2745e-001 +2.7807e+000 +8.7926e-001 -1.7450e+000
4818 +3.392701038e+000 +3.392701038e+000 +2.705527010e+002 +2.705527010e+002 -2.9309e+000 -3.5892e+000 -3.1601e+000 -1.9256e+000 +3.1631e+000 -1.3415e+000 +1.2605e+000 -2.0222e+000 -3.9857e+000 +1.5759e+000 -2.5277e+000 +5.3096e-001 +1.5564e-001 -1.4250e+000 -1.6455e+000 +2.5218e-001 -6.5784e-001 +1.9668e+000 +2.0133e-001 -2.3012e+000
% function evaluation | noise-free fitness - Fopt (3.710000000000e+000) | best noise-free fitness - Fopt | measured fitness | best measured fitness | x1 | x2...
1 +2.696822636e+003 +2.696822636e+003 +2.700532636e+003 +2.700532636e+003 +1.0381e+001 +1.2810e+001 +6.5146e+000 +1.2091e+001 +9.1789e+000 +1.3369e+001 +7.9393e+000 +7.5532e+000 +1.0442e+001 +1.2252e+001 +1.0621e+001 +1.3219e+001 +1.2326e+001 +1.0663e+001 +1.2766e+001 +1.1210e+001 +5.8810e+000 +6.4605e+000 +1.1550e+001 +1.0083e+001
3 +2.473277228e+003 +2.473277228e+003 +2.476987228e+003 +2.476987228e+003 +1.1996e+001 +1.2094e+001 +1.2944e+001 +1.4247e+001 +8.8974e+000 +6.9416e+000 +1.0703e+001 +1.1369e+001 +9.5787e+000 +1.1279e+001 +6.6828e+000 +5.1505e+000 +6.6297e+000 +1.0075e+001 +9.0479e+000 +1.4409e+001 +5.2740e+000 +1.3553e+001 +9.7749e+000 +5.8790e+000
262 +1.281591131e+003 +1.281591131e+003 +1.285301131e+003 +1.285301131e+003 +6.9672e+000 +1.1512e+001 +4.0921e+000 +6.3317e+000 +1.0608e+000 +9.0690e+000 +4.8234e+000 +8.1823e+000 +8.8432e+000 +6.4234e+000 +3.2896e+000 -4.9929e-001 +2.5824e+000 +4.2541e+000 +7.2800e+000 +7.5555e+000 +1.3886e+001 +6.8522e+000 +6.6588e+000 +7.9522e+000
499 +6.849881465e+002 +6.849881465e+002 +6.886981465e+002 +6.886981465e+002 +8.5441e+000 +3.1349e+000 +2.5085e+000 +3.9137e+000 +6.9492e+000 +5.6376e+000 +7.8355e+000 +3.6246e-001 +9.7436e+000 +8.4217e+000 +1.8523e+000 +3.3049e+000 +6.7829e+000 +3.1937e+000 +5.3703e+000 +5.5299e+000 -1.3517e+000 +1.7202e+000 -1.4513e+000 +1.1522e+000
649 +6.217890485e+002 +6.217890485e+002 +6.254990485e+002 +6.254990485e+002 +8.5441e+000 +1.2916e+001 -1.2399e+000 -2.4947e+000 +8.5887e+000 +5.6376e+000 -7.1671e-001 +3.6246e-001 +5.6396e+000 +4.7858e+000 +1.9215e+000 -5.1710e+000 -2.7522e+000 +3.1937e+000 +3.1007e+000 +7.4764e+000 -1.3517e+000 -1.4657e+000 -3.6185e-001 +2.0008e+000
947 +3.268851347e+002 +3.268851347e+002 +3.305951347e+002 +3.305951347e+002 +1.9402e+000 -9.6294e+000 -1.3633e+000 +5.9494e-001 +5.6533e+000 +3.9866e+000 +4.3048e+000 +7.4004e+000 +2.6335e+000 -1.2959e+000 +5.4792e+000 -8.0366e-001 +3.4528e+000 +4.8063e+000 +3.4873e+000 +1.9775e+000 +1.2305e+000 +6.5223e-002 -4.4847e+000 +3.2428e+000
1417 +1.806460231e+002 +1.806460231e+002 +1.843560231e+002 +1.843560231e+002 +1.6243e+000 -4.7721e+000 -4.4724e+000 -4.9057e+000 -2.0418e+000 +3.6862e+000 +1.4063e+000 +3.9962e+000 -8.0640e-001 -4.6432e+000 -2.3861e+000 -2.2695e+000 +3.5180e+000 +2.8805e+000 +3.2625e+000 -7.0386e+000 -4.3956e+000 -1.9097e+000 -6.1234e+000 +1.2493e+000
1643 +1.483890023e+002 +1.483890023e+002 +1.520990023e+002 +1.520990023e+002 +3.0508e-001 +1.4831e+000 -2.4490e+000 -5.1626e+000 +4.1338e+000 +1.6837e+000 -2.8768e+000 +8.3827e+000 +2.1031e+000 -7.2553e-001 -4.4798e+000 -2.9140e+000 -3.3350e+000 -8.6107e-001 +3.5372e-001 -7.6590e-001 +2.4087e-001 +9.5001e-002 -2.4825e+000 +2.8371e+000
1996 +8.263161067e+001 +8.263161067e+001 +8.634161067e+001 +8.634161067e+001 +3.6939e+000 -3.9387e+000 -9.3027e-001 -3.2032e+000 +1.3371e+000 -2.7449e-001 -4.4313e+000 +3.3753e+000 +2.6096e+000 -1.1700e+000 -3.2818e+000 -2.3983e-001 -2.4782e+000 +7.2057e-001 +1.2506e+000 -8.6167e-001 -6.1159e+000 -1.0323e+000 -1.0228e+000 -1.8387e+000
2375 +5.811560750e+001 +5.811560750e+001 +6.182560750e+001 +6.182560750e+001 +5.0630e+000 -2.1088e+000 +2.2648e+000 -1.4440e+000 +2.3495e+000 -8.0043e-001 -7.6708e-001 +1.1648e+000 +3.3336e+000 -6.1680e-001 -1.0016e+000 -1.6948e+000 -1.3620e+000 +6.0901e-001 +1.7832e+000 -2.8175e+000 +2.4353e+000 -2.8667e+000 -6.9494e-001 -2.1720e+000
2764 +2.480533958e+001 +2.480533958e+001 +2.851533958e+001 +2.851533958e+001 +2.6623e+000 -4.0460e+000 +9.3372e-001 -1.7421e+000 +1.5462e+000 -1.4470e-001 +4.9829e-001 +4.5300e+000 +1.4602e+000 -6.6762e-001 +2.4942e-001 -1.6421e+000 +7.5684e-001 +7.0261e-001 -3.2723e-001 -4.1253e+000 +3.6858e-001 -1.1363e+000 -3.3046e+000 -1.0122e+000
3572 +9.998895833e+000 +9.998895833e+000 +1.370889583e+001 +1.370889583e+001 +2.3814e+000 -3.1069e+000 +1.1248e-001 -2.7874e+000 +1.0119e-002 +1.0434e+000 -1.2055e+000 +2.2042e+000 +7.4882e-001 -1.5847e+000 -1.6758e+000 -3.3366e+000 -1.1038e+000 -3.7913e-001 -1.4348e+000 -3.9280e+000 -1.9024e+000 -1.8074e+000 -3.9747e+000 -1.9691e+000
4643 +6.149727958e+000 +6.149727958e+000 +9.859727958e+000 +9.859727958e+000 +3.9790e+000 -2.9187e+000 -5.6362e-002 -1.5477e+000 +8.5281e-001 +9.4892e-001 -2.3007e+000 +4.4020e+000 +2.1846e+000 -1.5816e+000 -1.1170e+000 -3.3489e+000 -1.5401e+000 +1.7165e-001 -1.9681e+000 -4.8938e+000 -1.4800e+000 -1.5627e+000 -3.2116e+000 -7.6675e-001
% function evaluation | noise-free fitness - Fopt (9.478000000000e+001) | best noise-free fitness - Fopt | measured fitness | best measured fitness | x1 | x2...
1 +2.532340967e+003 +2.532340967e+003 +2.627120967e+003 +2.627120967e+003 +1.3803e+001 +1.2863e+001 +1.2631e+001 +8.7504e+000 +1.3759e+001 +1.4094e+001 +5.4219e+000 +1.1453e+001 +5.0091e+000 +1.2266e+001 +1.3117e+001 +1.3112e+001 +6.3381e+000 +6.3002e+000 +8.7774e+000 +1.2302e+001 +1.4373e+001 +1.3778e+001 +1.3503e+001 +9.4116e+000
3 +2.309228634e+003 +2.309228634e+003 +2.404008634e+003 +2.404008634e+003 +8.0391e+000 +1.0590e+001 +7.3547e+000 +1.4781e+001 +1.2902e+001 +8.0073e+000 +1.3244e+001 +1.1284e+001 +1.2988e+001 +5.4868e+000 +1.4477e+001 +8.7556e+000 +7.4293e+000 +1.4868e+001 +9.7039e+000 +9.5242e+000 +8.0688e+000 +1.0466e+001 +6.0702e+000 +1.2721e+001
26 +1.566459049e+003 +1.566459049e+003 +1.661239049e+003 +1.661239049e+003 +5.4391e+000 +5.1053e+000 +7.4859e+000 +5.3922e+000 +9.5385e+000 +9.3759e+000 +1.4202e+001 +1.4211e+001 +6.9799e+000 +9.2651e+000 +9.5760e+000 +6.1931e+000 +8.2691e+000 +1.1102e+001 +1.0203e+001 +6.6529e+000 +1.0389e+001 +1.2558e+001 +9.4115e+000 +6.4946e+000
408 +8.735208012e+002 +8.735208012e+002 +9.683008012e+002 +9.683008012e+002 +1.3882e+001 +2.9461e+000 +6.2842e+000 +8.4946e-002 +7.2866e+000 +7.7731e-001 +1.0378e+001 +1.1078e+001 +6.2522e+000 +8.6808e+000 +9.5871e+000 +2.9821e+000 +4.2964e+000 +7.3756e+000 +7.3168e+000 +7.6517e+000 +3.9470e+000 +4.2472e+000 +3.1952e+000 +4.5455e+000
637 +5.956760413e+002 +5.956760413e+002 +6.904560413e+002 +6.904560413e+002 +2.8303e-001 -1.4317e+000 +6.2380e-001 +7.2046e+000 -2.8366e-001 +8.8217e+000 +7.0180e+000 +7.4664e+000 +3.1515e+000 +7.2910e+000 +9.8083e+000 +6.0182e+000 +7.7727e+000 -1.3102e+000 -2.2028e-002 +5.4288e+000 +3.7775e+000 +1.5226e+000 +5.3715e-001 -6.6327e+000
995 +3.690981001e+002 +3.690981001e+002 +4.638781001e+002 +4.638781001e+002 +1.0626e+000 -2.0274e+000 +3.8406e+000 +6.5633e+000 +4.4032e+000 -3.1285e+000 +7.2946e+000 -1.7428e+000 +7.3041e+000 +7.6009e+000 -2.6821e+000 +3.2955e+000 +5.4325e+000 +4.7610e+000 -7.2355e+000 +1.1965e+000 +5.5609e+000 +2.5864e+000 +2.1790e+000 -3.4732e+000
1187 +2.508576367e+002 +2.508576367e+002 +3.456376367e+002 +3.456376367e+002 +4.9937e+000 -1.4317e+000 +6.2380e-001 -3.8330e+000 +5.7695e+000 +1.6075e+000 +9.4709e+000 +4.5753e+000 +5.0003e+000 +6.8309e+000 +7.2963e+000 -2.5283e+000 -1.8616e+000 -3.0428e+000 +6.3419e+000 +1.3662e+000 +3.7775e+000 +2.6453e+000 +2.3122e+000 +1.9961e+000
1642 +1.562139878e+002 +1.562139878e+002 +2.509939878e+002 +2.509939878e+002 +4.2006e+000 -2.7034e-002 +4.0086e+000 -4.9007e+000 +2.9539e+000 +7.7434e-001 +7.7206e+000 +9.5826e-001 +5.9539e+000 +9.2324e-001 +7.2263e-001 -1.1529e+000 -4.7391e-001 -1.3618e-001 -5.2788e+000 +4.5017e+000 +3.3717e-001 +2.8647e+000 -6.8854e-001 +1.7062e+000
1750 +9.154802678e+001 +9.154802678e+001 +1.863280268e+002 +1.863280268e+002 +1.1804e+000 -5.2830e-001 -3.1705e-001 +1.9402e-001 +5.1747e+000 +4.5401e-001 +7.1609e+000 +1.1672e+000 +5.9939e+000 +1.0284e+000 -1.3568e-001 -2.3486e+000 +1.2461e+000 -2.9234e+000 -2.9494e+000 -2.4073e+000 +2.6597e+000 +1.1225e+000 +3.0527e+000 -3.0811e+000
2452 +6.018372125e+001 +6.018372125e+001 +1.549637213e+002 +1.549637213e+002 +2.7608e+000 -1.9432e+000 +3.1056e+000 -8.6597e-001 +3.1984e+000 -8.1901e-001 +5.8974e+000 +5.6801e-001 +6.8035e+000 +3.5188e+000 -1.2267e+000 -1.9064e+000 +2.3863e+000 -4.1086e-001 -1.0485e+000 -2.9027e+000 +1.7215e+000 +3.3737e+000 +1.0518e+000 -3.1570e+000
2692 +3.907477394e+001 +3.907477394e+001 +1.338547739e+002 +1.338547739e+002 +2.4179e+000 -3.5825e+000 +6.0464e+000 -3.6751e+000 +3.1563e+000 +9.0900e-001 +5.9528e+000 -3.4754e-001 +5.3324e+000 +3.1473e+000 +2.5766e-001 -1.9147e+000 -1.8463e-001 -5.2856e-001 +2.5672e-001 -2.3783e+000 +3.9634e+000 +1.3299e+000 +3.5667e+000 -2.1638e+000
3452 +2.432279663e+001 +2.432279663e+001 +1.191027966e+002 +1.191027966e+002 -1.6016e+000 -2.2669e+000 +3.1291e+000 -1.6647e+000 +2.6140e+000 -1.0985e-001 +2.4047e+000 +1.5506e+000 +3.6008e+000 +3.4344e+000 -1.4645e+000 +6.8809e-002 -2.3300e+000 -1.3534e+000 -2.6714e+000 -2.7058e+000 +3.6551e+000 +1.6073e+000 +1.5503e+000 -2.2045e+000
3633 +1.335136282e+001 +1.335136282e+001 +1.081313628e+002 +1.081313628e+002 +4.1014e-001 -2.1560e+000 +4.3963e+000 -3.1585e+000 +3.4673e+000 +1.7970e+000 +4.2476e+000 +2.1386e+000 +3.2584e+000 +4.1393e+000 -1.4589e-001 +5.5053e-001 -2.7706e+000 -1.4674e+000 -1.2299e+000 -3.1958e+000 +1.4821e+000 +2.8226e+000 +9.4711e-001 -1.6776e+000
4147 +7.783799412e+000 +7.783799412e+000 +1.025637994e+002 +1.025637994e+002 +3.5631e-001 -4.2451e+000 +3.7363e+000 -3.4394e+000 +2.7486e+000 +1.2262e-001 +3.4847e+000 +2.2297e+000 +3.1858e+000 +3.4285e+000 +4.7560e-002 +6.6662e-001 -1.3758e-001 -1.4845e+000 -1.2848e+000 -3.8099e+000 +2.0098e+000 +2.6775e+000 +2.2536e+000 -2.4952e+000
4206 +6.102089615e+000 +6.102089615e+000 +1.008820896e+002 +1.008820896e+002 +5.2621e-001 -1.8987e+000 +4.2345e+000 -3.9401e+000 +2.1264e+000 +2.1077e-001 +4.3183e+000 +1.8012e+000 +3.4544e+000 +3.3467e+000 +1.2850e+000 -1.5006e+000 -2.5752e+000 -1.7789e+000 -8.9061e-001 -2.7868e+000 +2.3857e+000 +2.6716e+000 +2.4064e+000 -2.5522e+000
4781 +2.712768011e+000 +2.712768011e+000 +9.749276801e+001 +9.749276801e+001 +1.3483e+000 -2.6051e+000 +4.2070e+000 -3.5119e+000 +2.2266e+000 -1.5464e-001 +4.0213e+000 +2.0025e+000 +2.7107e+000 +4.2197e+000 +5.4867e-001 -9.7407e-001 -1.7884e+000 -1.8415e+000 -1.3453e+000 -2.9882e+000 +1.5911e+000 +2.2671e+000 +1.6420e+000 -1.9142e+000
% function evaluation | noise-free fitness - Fopt (2.339200000000e+002) | best noise-free fitness - Fopt | measured fitness | best measured fitness | x1 | x2...
1 +1.989407230e+003 +1.989407230e+003 +2.223327230e+003 +2.223327230e+003 +8.0345e+000 +1.4837e+001 +5.7714e+000 +1.2604e+001 +6.5313e+000 +9.0383e+000 +6.4747e+000 +1.3205e+001 +5.1719e+000 +5.9328e+000 +5.2201e+000 +1.2890e+001 +7.1454e+000 +9.2200e+000 +1.4006e+001 +1.4157e+001 +1.4472e+001 +8.1207e+000 +5.3761e+000 +7.4616e+000
10 +1.581272491e+003 +1.581272491e+003 +1.815192491e+003 +1.815192491e+003 +6.5310e+000 +1.1250e+001 +1.1732e+001 +1.0049e+001 +6.7840e+000 +7.5465e+000 +8.2466e+000 +8.0043e+000 +5.2107e+000 +9.6235e+000 +8.6813e+000 +5.6732e+000 +8.0758e+000 +7.0521e+000 +1.0729e+001 +6.1465e+000 +5.6008e+000 +1.0415e+001 +8.2211e+000 +1.0164e+001
414 +9.520031549e+002 +9.520031549e+002 +1.185923155e+003 +1.185923155e+003 +3.4401e+000 +3.7666e+000 +4.6455e+000 +6.9494e+000 +3.7326e-001 +1.1534e+001 +5.7722e+000 +1.0200e+001 +6.4770e+000 +3.3253e+000 +5.6230e+000 +8.9997e+000 +5.2410e+000 +5.4544e+000 +8.1392e+000 +4.3497e+000 +5.8217e+000 +5.6763e+000 +1.0151e+001 +6.3838e+000
913 +6.179906279e+002 +6.179906279e+002 +8.519106279e+002 +8.519106279e+002 +4.8773e+000 -3.7401e-001 +2.4576e+000 -1.5737e+000 +2.1888e-001 +2.6019e+000 +2.3049e+000 +2.1608e+000 +1.1681e+001 +4.5513e+000 +7.0442e+000 +4.8386e-001 -1.4154e+000 +8.3193e+000 +8.2723e+000 +8.1122e+000 -1.3253e-001 +1.8207e+000 +8.6061e+000 +4.5427e+000
1134 +3.628853362e+002 +3.628853362e+002 +5.968053362e+002 +5.968053362e+002 +4.4288e+000 +7.3123e+000 +3.5969e-001 -3.6869e+000 -1.7009e+000 +4.6884e+000 +1.0142e-001 -1.7468e-002 -3.7376e+000 -2.3843e+000 -1.7221e+000 -2.2717e+000 +3.1669e+000 +6.4311e+000 +5.1577e+000 +5.1781e+000 -7.3004e+000 +2.4858e+000 +3.2133e+000 +6.1146e+000
1642 +2.506931196e+002 +2.506931196e+002 +4.846131196e+002 +4.846131196e+002 -2.7290e+000 +5.5168e+000 -1.3281e+000 -7.8667e+000 +2.9110e+000 +4.4237e+000 -2.9828e+000 +4.9824e-001 -5.2963e+000 -1.3511e+000 +2.4125e+000 -1.8594e+000 -2.9945e+000 +5.5459e+000 -5.1974e-001 +2.0088e+000 -8.0016e-002 +2.0168e+000 +5.4959e+000 +1.1470e+000
1835 +1.165261625e+002 +1.165261625e+002 +3.504461625e+002 +3.504461625e+002 -3.7060e+000 -3.9461e-001 -2.4692e+000 -4.8598e+000 -1.2353e+000 +5.5274e+000 -3.7703e-001 +2.6033e+000 -9.7661e-001 -1.6653e+000 -6.5548e+000 +4.4603e+000 +3.7600e+000 +2.4725e+000 +3.3645e-001 +2.4888e+000 -5.6837e-001 -5.2358e-001 +1.3170e+000 +9.3000e-001
2524 +9.708995034e+001 +9.708995034e+001 +3.310099503e+002 +3.310099503e+002 -4.6468e+000 +1.9134e+000 +5.1875e-001 -4.2338e+000 -5.2275e-001 +3.1753e+000 +4.2921e+000 +1.8947e+000 -5.2629e-001 +2.6213e+000 -5.5582e+000 -1.9808e+000 -9.8982e-001 +4.1910e+000 +2.1823e+000 +8.3409e+000 +3.7526e+000 +1.1129e+000 -8.1125e-001 -1.1352e+000
3027 +4.893110881e+001 +4.893110881e+001 +2.828511088e+002 +2.828511088e+002 -2.5973e+000 +2.7063e+000 -3.1833e+000 -4.4025e+000 -1.9061e+000 +5.5509e-001 +2.3981e+000 +2.3504e+000 -1.1482e+000 +1.9462e+000 -2.7737e+000 -1.7278e-001 -8.4043e-001 +4.8694e-001 +1.7765e+000 +4.5983e+000 -1.1433e+000 -2.4204e+000 +1.3774e+000 -5.4047e-001
3338 +3.350796689e+001 +3.350796689e+001 +2.674279669e+002 +2.674279669e+002 -3.9554e+000 +4.9359e-001 -2.9180e+000 -3.3896e+000 -3.1474e+000 +4.3266e+000 +2.7027e+000 +1.1700e+000 +1.8151e+000 +2.1309e+000 -7.3801e-001 -1.1343e+000 -1.3006e+000 -2.1443e+000 -3.3007e-001 +9.5262e-001 -3.3896e-001 +3.0816e-001 -2.8429e+000 +1.9444e-001
3755 +2.200612894e+001 +2.200612894e+001 +2.559261289e+002 +2.559261289e+002 -2.0102e+000 +1.0586e+000 -7.0078e-001 -3.5538e+000 -1.5149e+000 +4.0550e+000 +2.2411e+000 +1.7622e+000 -7.7942e-001 +2.4715e+000 -1.7281e+000 -1.0267e+000 +5.4392e-001 +1.0093e+000 +1.1058e+000 +4.3534e+000 +1.4600e+000 -3.6427e-001 -3.4490e+000 -4.1618e-001
4146 +1.463429524e+001 +1.463429524e+001 +2.485542952e+002 +2.485542952e+002 -3.7224e+000 -2.4451e-001 -3.0164e+000 -2.6398e+000 -6.8744e-001 +3.7612e+000 +1.5504e+000 +4.6604e-001 -1.0465e+000 +1.4370e+000 -4.3589e+000 -1.6622e+000 +2.9196e-001 +5.0959e-002 +2.9169e+000 +4.2618e+000 -5.8255e-001 +3.3113e-001 -2.1932e+000 +6.9461e-001
4505 +8.542526023e+000 +8.542526023e+000 +2.424625260e+002 +2.424625260e+002 -2.6633e+000 +1.8048e+000 -2.7953e+000 -2.6291e+000 -8.3835e-001 +3.1014e+000 +2.2411e+000 +4.7192e-001 -4.8136e-001 +1.3792e+000 -1.8387e+000 -1.6756e+000 -1.0731e+000 +3.8105e-001 +1.1058e+000 +4.3534e+000 +1.4600e+000 -1.5684e-001 -1.9898e+000 -4.1618e-001
4879 +4.599710801e+000 +4.599710801e+000 +2.385197108e+002 +2.385197108e+002 -3.3499e+000 +3.1108e-001 -1.7608e+000 -3.3161e+000 +3.1884e-001 +3.9175e+000 +9.1121e-001 +8.0342e-001 -2.9518e-002 +2.6295e+000 -3.0107e+000 -1.3896e+000 -9.1413e-001 -1.0876e-001 +5.7829e-001 +3.6465e+000 +6.5208e-001 +2.2423e-001 -2.5628e+000 +1.1373e+000
% function evaluation | noise-free fitness - Fopt (-6.092000000000e+001) | best noise-free fitness - Fopt | measured fitness | best measured fitness | x1 | x2...
1 +2.476451547e+003 +2.476451547e+003 +2.415531547e+003 +2.415531547e+003 +1.4093e+001 +1.0279e+001 +1.1275e+001 +5.9461e+000 +1.0500e+001 +8.8687e+000 +1.4018e+001 +6.4913e+000 +6.9355e+000 +1.4193e+001 +1.1353e+001 +6.0184e+000 +1.1387e+001 +1.4907e+001 +1.2298e+001 +7.9822e+000 +7.6821e+000 +8.8195e+000 +1.0589e+001 +1.4274e+001
102 +1.572697456e+003 +1.572697456e+003 +1.511777456e+003 +1.511777456e+003 +9.1067e+000 +1.0279e+001 +1.3105e+001 +7.9460e+000 +6.1785e+000 +1.4689e+001 +7.5283e+000 +1.2051e+001 +6.9355e+000 +6.8032e+000 +2.7253e+000 +6.0184e+000 +1.1387e+001 +9.8024e+000 +1.1300e+001 +3.5757e+000 +1.4457e+000 +5.4452e+000 +5.1868e+000 +9.5398e+000
472 +9.392337537e+002 +9.392337537e+002 +8.783137537e+002 +8.783137537e+002 +7.6108e+000 +1.8462e+000 +7.0496e+000 +9.2845e+000 +3.8252e+000 +8.7044e+000 +7.7620e+000 +1.1556e+001 -2.6226e+000 +6.2624e+000 +5.9645e+000 +3.6164e+000 +4.4423e+000 -8.4389e-001 +7.8663e+000 -5.7893e+000 +8.6859e+000 +6.2263e+000 +1.1013e+001 +7.9294e+000
813 +5.225042626e+002 +5.225042626e+002 +4.615842626e+002 +4.615842626e+002 +1.0439e+001 +1.2201e+000 +3.2124e+000 +7.2140e+000 +5.0339e+000 -4.8090e-001 +5.3708e+000 +4.4471e+000 +4.7243e+000 +4.4861e+000 -1.3147e+000 +5.9951e+000 -2.8960e+000 -2.7260e+000 +7.2551e+000 -1.1827e+000 +2.3958e+000 +6.5186e+000 +7.5297e+000 +3.8040e+000
836 +3.845805725e+002 +3.845805725e+002 +3.236605725e+002 +3.236605725e+002 -1.1214e+000 +3.8816e+000 +4.6477e+000 +3.2159e+000 +3.3982e+000 -1.1364e+000 +9.1330e+000 +8.1990e-001 +3.3165e-001 -3.6776e+000 +3.3914e+000 +7.3300e+000 +2.2948e+000 -3.0417e-001 -1.4206e+000 -1.0114e+001 +4.9501e+000 +1.7507e+000 +8.0018e+000 +5.0147e+000
1457 +2.403361152e+002 +2.403361152e+002 +1.794161152e+002 +1.794161152e+002 +3.9589e+000 +8.6904e-001 +2.4277e+000 -1.6272e-001 +4.4831e+000 +9.2921e+000 +4.8261e+000 -2.2821e+000 -2.0576e+000 +3.0290e+000 -1.2984e+000 +4.2812e+000 -4.7299e-001 -1.0802e+000 +5.4092e+000 -8.4836e-001 -3.0798e-001 +3.2537e+000 +2.7567e+000 -5.9250e-001
1603 +1.435430121e+002 +1.435430121e+002 +8.262301210e+001 +8.262301210e+001 +3.3001e+000 +1.6272e+000 +3.9736e+000 -4.1522e+000 +1.3565e+000 +2.4007e+000 +3.8340e+000 +7.1806e+000 -2.0240e-001 -6.6796e-001 -5.3762e+000 +2.0834e+000 -6.9156e-001 -2.4582e+000 -1.4663e+000 -4.0884e+000 +2.1291e+000 +5.5818e+000 +1.3158e+000 -9.1739e-002
1979 +9.842841487e+001 +9.842841487e+001 +3.750841487e+001 +3.750841487e+001 +3.0227e+000 -2.4726e+000 +5.4364e+000 -9.7037e-001 -5.1577e+000 -4.2823e-001 +4.2461e-001 +3.2672e+000 -2.2438e+000 -5.5298e-001 -2.9477e+000 +4.5877e+000 -1.4203e+000 -5.6777e-001 -2.1499e+000 -3.2554e+000 -6.5912e-002 +4.8355e+000 +4.7313e+000 -5.7703e+000
2352 +5.453441001e+001 +5.453441001e+001 -6.385589992e+000 -6.385589992e+000 +2.8132e+000 +3.5183e+000 +3.9343e+000 -3.1460e+000 -3.8439e+000 +3.6102e+000 -6.0016e-001 +6.2985e-001 -2.2302e+000 -4.5849e+000 +9.4990e-002 +5.4454e-001 -5.8982e+000 -2.1266e+000 -1.2361e+000 -3.7518e+000 +1.2324e+000 -1.8693e+000 +2.1872e+000 -2.4397e+000
2493 +3.420872309e+001 +3.420872309e+001 -2.671127691e+001 -2.671127691e+001 +3.3890e+000 +3.2822e+000 +1.9864e+000 -2.2146e-001 -2.1227e+000 +2.8119e+000 +1.3845e+000 +1.5906e+000 -3.0970e+000 -8.3974e-001 -3.3570e+000 +4.4930e+000 -4.2617e+000 -4.1119e-001 -2.2613e+000 -4.6154e+000 +2.1747e-001 +2.5548e+000 +3.4098e+000 -8.3257e-001
3151 +2.031195683e+001 +2.031195683e+001 -4.060804317e+001 -4.060804317e+001 +1.0000e+000 +3.0367e+000 +3.1490e+000 -1.9079e+000 -1.9936e+000 +2.4281e+000 +8.7883e-001 +7.4199e-001 -3.5954e+000 -4.8491e+000 -2.4608e+000 +2.9502e+000 -5.6820e+000 -1.9842e-002 +2.2251e-001 -3.7359e+000 +2.4445e+000 +2.1828e+000 +5.1999e+000 -1.1532e+000
3339 +1.188844154e+001 +1.188844154e+001 -4.903155846e+001 -4.903155846e+001 +3.8610e-001 +2.2629e+000 +5.2634e+000 -1.3777e+000 -2.1940e+000 +2.2997e+000 -1.1142e-001 +8.4491e-001 -2.2082e+000 -2.2717e+000 -1.8917e+000 +2.2206e+000 -3.7704e+000 -3.4482e-001 +7.3569e-002 -2.8376e+000 +3.0145e+000 +6.1997e-001 +2.4935e+000 -3.1031e+000
3736 +7.570232800e+000 +7.570232800e+000 -5.334976720e+001 -5.334976720e+001 +7.3049e-001 +2.9640e+000 +3.9863e+000 -1.7331e+000 -2.7517e+000 +1.4760e+000 +1.9779e-001 +5.9527e-001 -2.5097e+000 -1.7463e+000 -2.5989e+000 +2.2478e+000 -3.5296e+000 +7.0194e-001 -1.9648e-001 -5.0689e+000 +1.6349e+000 +1.4933e+000 +2.5346e+000 -1.5308e+000
4052 +5.851528204e+000 +5.851528204e+000 -5.506847180e+001 -5.506847180e+001 +4.8290e-001 +2.8916e+000 +2.9902e+000 -1.8248e+000 -3.2133e+000 +1.6830e+000 +1.4653e+000 +2.5811e-001 -2.6234e+000 -2.3932e+000 -9.9696e-001 +2.7253e+000 -3.9471e+000 -7.7267e-001 +3.9295e-001 -3.4914e+000 +9.4024e-001 +1.8496e+000 +3.6695e+000 -2.6634e+000
4628 +3.958540097e+000 +3.958540097e+000 -5.696145990e+001 -5.696145990e+001 +1.0218e+000 +3.0038e+000 +3.1273e+000 -1.3879e+000 -2.7976e+000 +1.3344e+000 +1.6913e+000 +1.0548e+000 -1.5464e+000 -2.5703e+000 -2.4037e+000 +2.6531e+000 -4.1520e+000 +1.1192e-001 +6.7773e-001 -3.7795e+000 +9.2785e-001 +1.7843e+000 +3.5672e+000 -1.3741e+000
4957 +2.101132605e+000 +2.101132605e+000 -5.881886739e+001 -5.881886739e+001 +5.7371e-001 +2.6482e+000 +3.2726e+000 -1.5976e+000 -3.3492e+000 +2.1668e+000 +1.4111e+000 +1.5298e+000 -2.4126e+000 -3.0209e+000 -2.4060e+000 +2.6507e+000 -4.1638e+000 +1.4365e-001 -3.2129e-002 -3.6413e+000 +1.6964e+000 +2.3965e+000 +3.4841e+000 -2.0979e+000
% function evaluation | noise-free fitness - Fopt (-1.948000000000e+001) | best noise-free fitness - Fopt | measured fitness | best measured fitness | x1 | x2...
1 +1.540130278e+003 +1.540130278e+003 +1.520650278e+003 +1.520650278e+003 +7.0759e+000 +6.0715e+000 +7.5156e+000 +1.0440e+001 +8.8797e+000 +1.0183e+001 +7.0322e+000 +7.6769e+000 +7.3427e+000 +8.2369e+000 +5.1861e+000 +1.0494e+001 +1.0694e+001 +1.0270e+001 +5.1236e+000 +9.7518e+000 +1.1640e+001 +1.4928e+001 +6.8115e+000 +7.5883e+000
354 +9.754916172e+002 +9.754916172e+002 +9.560116172e+002 +9.560116172e+002 +7.8570e+000 +8.9907e+000 +1.1662e+001 +7.8589e+000 +1.0469e+001 +1.1030e+001 +3.0348e+000 +9.9450e+000 +6.3503e+000 +4.8420e+000 -4.1303e-001 +1.6085e+000 +7.8050e+000 +9.1675e+000 +5.5954e+000 +4.5562e+000 +3.0502e+000 +9.7237e+000 +5.0798e+000 +7.3440e+000
566 +5.328912381e+002 +5.328912381e+002 +5.134112381e+002 +5.134112381e+002 -4.6012e+000 +2.7606e+000 -1.1557e+000 -3.3722e-001 +1.1847e+001 +2.7407e+000 +2.3653e+000 +1.7742e+000 +8.0414e+000 +4.4691e+000 -3.1232e+000 +4.2588e+000 +7.9326e+000 +5.7006e+000 +5.6530e+000 +6.6435e+000 +6.8169e+000 +1.1299e+001 +1.0091e+000 +5.5017e+000
730 +3.818464026e+002 +3.818464026e+002 +3.623664026e+002 +3.623664026e+002 -1.3309e+000 +2.7012e+000 +4.8151e+000 +3.4532e+000 -1.8296e-001 +6.2285e+000 +6.3786e+000 -1.2018e-001 +3.2840e+000 -1.1350e+000 +4.6387e-001 -2.8286e+000 +8.0889e+000 +7.7442e+000 +4.1343e+000 +5.5482e+000 +8.4064e-001 +9.5788e+000 +6.2902e-001 +7.2233e+000
1059 +1.684784335e+002 +1.684784335e+002 +1.489984335e+002 +1.489984335e+002 -8.4213e-001 +7.1302e+000 +2.7326e+000 +1.7112e+000 +3.1279e+000 -1.1088e+000 +1.5357e+000 +2.6666e+000 +2.2774e+000 -2.2436e+000 +6.0807e-001 -4.9588e+000 +3.6418e+000 +8.2651e+000 +4.2607e+000 -1.0927e+000 +2.4936e+000 +4.3263e+000 +1.4449e-001 +1.8966e+000
1392 +1.481244246e+002 +1.481244246e+002 +1.286444246e+002 +1.286444246e+002 -2.0850e+000 +1.3071e+000 +6.1820e+000 +8.0995e+000 +6.9078e+000 +2.4792e+000 -2.5217e+000 +5.3632e-001 +1.6008e+000 +2.6222e+000 -8.0792e-001 -4.8933e+000 +4.0973e+000 +2.6223e+000 -1.7472e+000 +2.4768e+000 +9.9104e-001 +5.1846e+000 +1.8946e+000 +5.7486e-001
1637 +9.082057887e+001 +9.082057887e+001 +7.134057887e+001 +7.134057887e+001 -2.8249e+000 +1.0978e+000 +1.6556e+000 +3.9105e-001 +6.0995e+000 -4.3870e+000 -3.5095e+000 +6.3314e-001 +3.1808e+000 +2.4922e+000 +5.8654e-001 -4.6125e+000 +3.4020e-001 +7.0715e+000 -1.3060e+000 -3.1302e-001 -6.0503e-001 +3.8163e+000 +2.6766e+000 +2.6498e+000
1773 +6.088916903e+001 +6.088916903e+001 +4.140916903e+001 +4.140916903e+001 -4.3850e-001 +4.5062e+000 +3.3679e+000 +1.8007e-001 +7.2438e+000 +1.7518e+000 -1.2524e+000 -4.5786e+000 +1.9596e+000 +1.8197e+000 -2.4135e+000 -1.1616e+000 +4.0587e+000 +5.5072e+000 +4.7537e-001 -2.5301e+000 -7.2714e-002 +2.7332e+000 -2.4587e-001 +5.4422e-001
2480 +3.242759414e+001 +3.242759414e+001 +1.294759414e+001 +1.294759414e+001 -1.1055e+000 +3.0007e+000 +7.1684e-001 -6.0971e-001 +2.2901e+000 +1.8785e-001 -4.2953e+000 -2.4523e+000 +4.3033e+000 +6.5761e-001 -2.0232e+000 -3.4056e+000 +3.9995e+000 +2.6640e+000 +1.4002e+000 -7.7631e-001 +8.5074e-001 +5.4494e-001 -9.8580e-002 +7.7428e-002
2970 +2.450180824e+001 +2.450180824e+001 +5.021808245e+000 +5.021808245e+000 -1.6342e+000 +2.7880e+000 -5.0285e-001 -6.8093e-001 +2.9397e+000 -2.1588e+000 -2.2075e+000 -2.8876e+000 +2.6073e+000 +1.0462e+000 -2.3793e+000 -6.1586e+000 +3.9658e+000 +3.8424e+000 +1.0107e+000 -2.8308e-001 -1.8211e+000 +9.9194e-001 +2.3977e-001 +1.1930e+000
3266 +1.381534413e+001 +1.381534413e+001 -5.664655866e+000 -5.664655866e+000 -4.8261e-001 +3.0913e+000 +2.3395e+000 +2.6033e+000 +4.0625e+000 -1.5698e+000 -2.8265e+000 -3.4573e+000 +1.7823e+000 +2.8362e+000 -2.6881e+000 -1.6898e+000 +3.1731e+000 +2.4823e+000 +6.3372e-001 -1.9130e+000 -2.0088e+000 +4.3462e+000 +5.1028e-001 +1.1238e+000
3669 +5.553944748e+000 +5.553944748e+000 -1.392605525e+001 -1.392605525e+001 -1.9087e-001 +2.0774e+000 +2.3685e-001 +1.8414e+000 +2.6400e+000 -9.0375e-001 -3.2086e+000 -2.8963e+000 +1.5554e+000 +2.8535e+000 -3.3018e+000 -3.6392e+000 +3.4815e+000 +3.2177e+000 -5.6363e-001 -6.8098e-001 -2.1809e+000 +2.7377e+000 +8.6916e-001 +1.5340e+000
4448 +3.411602834e+000 +3.411602834e+000 -1.606839717e+001 -1.606839717e+001 -7.8912e-001 +1.9679e+000 +9.4278e-001 +2.2294e+000 +3.2211e+000 -7.0824e-001 -3.5510e+000 -2.2094e+000 +2.3150e+000 +1.4024e+000 -2.9619e+000 -3.8670e+000 +3.1560e+000 +3.6710e+000 +9.7202e-001 -1.1329e+000 -2.0473e+000 +3.6286e+000 -9.9176e-002 +1.2416e-001
% function evaluation | noise-free fitness - Fopt (1.344700000000e+002) | best noise-free fitness - Fopt | measured fitness | best measured fitness | x1 | x2...
1 +2.663284807e+003 +2.663284807e+003 +2.797754807e+003 +2.797754807e+003 +6.9314e+000 +7.1121e+000 +1.3765e+001 +7.7983e+000 +1.3487e+001 +6.4894e+000 +1.3708e+001 +1.2220e+001 +1.0551e+001 +9.7785e+000 +1.0408e+001 +1.1653e+001 +1.0655e+001 +7.6712e+000 +6.7472e+000 +1.0043e+001 +8.1071e+000 +1.4997e+001 +9.8821e+000 +9.2202e+000
3 +2.486290813e+003 +2.486290813e+003 +2.620760813e+003 +2.620760813e+003 +1.0911e+001 +5.6100e+000 +1.3370e+001 +1.4362e+001 +5.8730e+000 +1.0804e+001 +7.7515e+000 +1.4331e+001 +7.5466e+000 +1.4805e+001 +7.1157e+000 +5.3172e+000 +1.4294e+001 +7.6245e+000 +1.0714e+001 +8.1267e+000 +7.6035e+000 +5.0971e+000 +5.4504e+000 +9.1227e+000
222 +1.544407002e+003 +1.544407002e+003 +1.678877002e+003 +1.678877002e+003 +6.8398e+000 +7.4032e+000 +5.7872e+000 +5.7655e+000 +6.8814e+000 +9.3833e+000 +6.7369e+000 +4.3746e+000 +5.8494e+000 +7.3794e+000 +5.7492e+000 +4.4377e+000 +8.4222e+000 +1.0539e+001 +1.2270e+001 +8.2419e+000 +6.3244e+000 +7.8857e+000 +6.6985e+000 +4.1183e+000
550 +9.813583786e+002 +9.813583786e+002 +1.115828379e+003 +1.115828379e+003 +5.3167e+000 +3.8802e+000 +1.2674e+001 +9.5235e+000 +1.2714e+000 +3.7869e+000 +1.5943e-001 +2.0585e+000 +4.2943e+000 +1.4499e+001 +5.1345e+000 +2.6892e+000 +5.1013e+000 -1.3882e-001 +3.5703e+000 +4.6409e+000 +3.2235e+000 +2.2111e+000 +1.0284e+000 +2.6103e+000
910 +5.312413568e+002 +5.312413568e+002 +6.657113568e+002 +6.657113568e+002 +8.6408e+000 +7.0074e+000 +6.3785e-001 +1.6065e+000 +2.9972e+000 +2.2299e+000 +8.1202e+000 +1.5020e+000 -5.9114e+000 +4.5483e+000 +3.4433e+000 +5.1375e+000 +7.2414e+000 -4.4966e-001 -3.2508e+000 +4.0790e+000 -2.3153e+000 +7.2825e+000 -3.3709e+000 +1.7331e+000
1177 +3.057312117e+002 +3.057312117e+002 +4.402012117e+002 +4.402012117e+002 +1.0569e+000 +8.0734e+000 +4.5389e-001 -1.2365e+000 -1.2591e-001 +1.4152e+000 +7.1038e+000 +4.2520e-001 +2.9569e+000 +1.8586e+000 +2.3909e+000 -1.8832e+000 -4.0340e+000 -2.9022e+000 +1.4176e-001 -7.5595e-001 +3.0889e+000 +5.9213e+000 -4.4452e+000 -2.7691e+000
1629 +2.488596816e+002 +2.488596816e+002 +3.833296816e+002 +3.833296816e+002 -7.0355e+000 +4.7153e+000 +3.1614e+000 -1.8886e+000 +3.6261e-001 +3.0019e-001 +1.0137e+001 +1.9104e+000 -1.0639e+000 -3.3231e+000 -1.0800e+000 +1.8591e+000 +1.2829e+000 -1.8891e+000 -1.9997e+000 +2.2682e+000 +4.8181e+000 +1.0872e+000 -3.5839e+000 +8.2614e+000
1871 +1.396742693e+002 +1.396742693e+002 +2.741442693e+002 +2.741442693e+002 -6.6600e+000 +9.2214e-001 +2.8485e+000 -7.8570e-001 -4.0211e+000 +1.3586e+000 +1.3707e+000 -4.7559e+000 -2.0656e+000 -1.0979e+000 +4.8705e+000 -3.5194e+000 +1.6173e+000 +4.8834e-001 -4.7552e-001 +1.3437e+000 -2.4053e-001 +1.4295e+000 +1.1580e-001 +1.6478e-001
2184 +7.270040721e+001 +7.270040721e+001 +2.071704072e+002 +2.071704072e+002 -1.4572e+000 +2.2515e+000 +5.4633e-001 -1.3686e+000 -3.9527e+000 -3.0409e+000 +3.5115e+000 -3.3316e+000 -3.6814e+000 +1.8958e+000 +4.0365e+000 +2.0986e+000 -5.9570e-001 -2.4633e+000 -1.7867e+000 -4.8936e+000 -2.1481e+000 -2.3414e+000 -7.2873e-001 +2.2931e+000
2970 +6.061952852e+001 +6.061952852e+001 +1.950895285e+002 +1.950895285e+002 -3.9069e+000 +4.0418e+000 +1.9114e+000 -1.1974e+000 -2.8505e+000 +2.6842e-001 +2.7334e+000 +3.9799e-001 -2.8520e+000 -1.3337e+000 +4.2888e+000 +1.6674e+000 -8.9220e-001 -4.5179e+000 -1.2180e+000 +2.9209e+000 +1.8756e+000 -1.6101e+000 -2.8767e+000 +1.6707e+000
3084 +3.788874319e+001 +3.788874319e+001 +1.723587432e+002 +1.723587432e+002 -1.4572e+000 +3.9384e+000 +5.1838e-001 -2.6414e+000 -1.5792e+000 -8.2835e-001 +3.3213e+000 +8.1219e-001 -3.9631e+000 -1.6511e+000 +2.4013e+000 +1.3466e+000 +2.4174e+000 -3.9831e+000 -4.0303e+000 +8.1889e-003 -2.1481e+000 +5.3743e-001 -8.9128e-001 +2.2931e+000
3541 +2.287000964e+001 +2.287000964e+001 +1.573400096e+002 +1.573400096e+002 -3.8910e+000 +1.9592e+000 +1.1168e+000 -2.8766e+000 -2.0188e+000 -1.0115e+000 +2.5464e+000 -2.1276e-001 -2.3764e+000 -2.0104e+000 +1.5877e+000 +1.6780e+000 +1.9972e+000 -3.9660e+000 -6.6225e+000 -1.8430e+000 -1.4347e+000 -1.2632e+000 -2.2030e+000 +1.3645e+000
4018 +1.496091517e+001 +1.496091517e+001 +1.494309152e+002 +1.494309152e+002 -3.4131e+000 +4.5817e+000 +3.1785e-001 -2.7541e+000 -1.4238e+000 +1.4908e-002 +3.1458e+000 -4.0108e-001 -3.0610e+000 -2.0142e+000 +4.0943e+000 +3.4151e-001 +1.2699e+000 -3.5014e+000 -5.2119e+000 -1.5320e+000 -1.7818e+000 -2.3615e+000 -2.5342e+000 +1.3819e+000
4318 +8.315203424e+000 +8.315203424e+000 +1.427852034e+002 +1.427852034e+002 -3.4131e+000 +4.5817e+000 +3.1785e-001 -2.7541e+000 -3.3475e+000 +1.4908e-002 +3.2726e+000 -4.0108e-001 -3.0610e+000 -2.0142e+000 +1.8547e+000 +3.4151e-001 +1.2699e+000 -1.9982e+000 -3.9525e+000 -1.5054e+000 -1.7818e+000 -2.3615e+000 -1.7694e+000 +2.3370e+000
4756 +5.861336388e+000 +5.861336388e+000 +1.403313364e+002 +1.403313364e+002 -3.6552e+000 +3.1445e+000 +2.4310e-002 -3.2346e+000 -3.1656e+000 +2.3819e-001 +2.4538e+000 -5.6444e-001 -2.9897e+000 -3.7587e+000 +1.4531e+000 +1.8025e+000 -1.6807e-001 -3.6093e+000 -4.3142e+000 -2.7831e+000 -1.6557e+000 -2.9252e+000 -2.0340e+000 +2.0207e+000
% function evaluation | noise-free fitness - Fopt (4.453500000000e+002) | best noise-free fitness - Fopt | measured fitness | best measured fitness | x1 | x2...
1 +2.157548128e+003 +2.157548128e+003 +2.602898128e+003 +2.602898128e+003 +1.2982e+001 +1.1091e+001 +5.5478e+000 +9.3034e+000 +1.3852e+001 +1.2097e+001 +1.0590e+001 +1.2748e+001 +7.2570e+000 +1.0265e+001 +6.9208e+000 +7.9224e+000 +1.2841e+001 +1.2968e+001 +7.6598e+000 +8.1300e+000 +7.7968e+000 +8.9920e+000 +1.4123e+001 +1.3752e+001
18 +1.537781506e+003 +1.537781506e+003 +1.983131506e+003 +1.983131506e+003 +6.4316e+000 +1.1007e+001 +7.0239e+000 +5.4311e+000 +1.2254e+001 +1.4211e+001 +7.5721e+000 +5.5818e+000 +7.0983e+000 +1.0869e+001 +9.9675e+000 +1.3445e+001 +1.4017e+001 +7.7004e+000 +5.0862e+000 +5.1406e+000 +6.7200e+000 +9.2925e+000 +8.3567e+000 +7.4647e+000
319 +8.641346501e+002 +8.641346501e+002 +1.309484650e+003 +1.309484650e+003 +7.0831e-001 +5.3548e+000 +1.0478e+000 +8.8503e+000 +7.2835e+000 +8.8969e+000 +6.0443e+000 +9.5409e+000 +5.2055e+000 +6.4141e+000 +1.0561e+001 +1.0793e+001 +3.6591e+000 +2.6846e+000 +9.7543e+000 +8.6595e+000 +6.7095e+000 +5.5004e+000 +4.1469e+000 +3.2715e+000
605 +6.256741758e+002 +6.256741758e+002 +1.071024176e+003 +1.071024176e+003 +3.7169e+000 +8.2269e+000 -2.0999e+000 +2.2510e+000 +7.4505e+000 +2.5353e-001 +6.4739e+000 +5.4043e+000 +1.2497e+001 -3.8010e+000 +7.4679e+000 +6.6042e+000 -1.7802e+000 +3.7700e+000 +9.5863e+000 +4.3846e+000 +3.1082e+000 -2.3846e-001 +1.1357e+001 +4.4453e+000
902 +2.615263624e+002 +2.615263624e+002 +7.068763624e+002 +7.068763624e+002 +4.6418e+000 -9.1960e-001 +3.4787e+000 +1.2694e+000 +1.9075e+000 +5.5291e+000 -3.8798e+000 -6.4574e+000 +7.2570e+000 -5.0809e-001 +8.9722e-001 +6.4028e+000 -2.6186e+000 +1.5556e+000 +1.5495e+000 -2.0312e+000 +2.1958e+000 +8.7393e-001 +3.5170e+000 +3.6806e+000
1250 +2.412290905e+002 +2.412290905e+002 +6.865790905e+002 +6.865790905e+002 +2.1413e+000 -3.7788e+000 -3.7730e+000 +3.8490e+000 +1.1125e+000 +6.8766e+000 -2.5181e+000 -2.2481e+000 +5.2059e+000 -5.0486e-001 +5.1660e+000 +7.2091e+000 +2.8009e+000 -1.9006e+000 +1.6093e+000 -2.8094e-001 +1.6256e+000 +3.1760e+000 +5.9324e+000 -1.0232e+000
1427 +1.561008172e+002 +1.561008172e+002 +6.014508172e+002 +6.014508172e+002 +1.1156e+000 +1.5571e-001 -7.9853e-001 +3.0302e+000 +1.6649e+000 +6.5772e+000 -5.5914e+000 -7.7163e-001 +2.8919e+000 +1.0154e-001 +5.8376e+000 +5.5574e+000 +3.1329e+000 -2.7193e-001 +1.4655e+000 -2.6767e+000 +1.6941e+000 -6.4007e+000 +4.7355e+000 +7.7108e+000
1461 +9.951177084e+001 +9.951177084e+001 +5.448617708e+002 +5.448617708e+002 -2.7897e+000 +1.6267e+000 -2.1734e+000 -2.7855e+000 +2.3162e+000 +2.5722e+000 -2.6470e+000 +3.4053e+000 +5.1802e+000 +1.7550e+000 +7.5070e-001 -8.8671e-001 -1.5850e+000 -1.9196e+000 +3.4015e+000 -5.5916e-001 +2.0292e-001 -4.9936e+000 +5.3897e+000 +6.5717e-001
1894 +6.093721453e+001 +6.093721453e+001 +5.062872145e+002 +5.062872145e+002 -2.0687e+000 +3.5306e+000 +1.3891e-001 -3.5580e-001 +6.5068e+000 +4.2660e+000 -5.4706e+000 +1.8877e+000 +1.8856e+000 -3.3004e+000 +4.9556e+000 +6.9603e+000 +1.3262e+000 -1.1177e+000 +3.0230e+000 -8.1827e-001 +3.1921e-001 -9.5342e-001 +6.0447e+000 +4.8067e+000
2457 +3.499980890e+001 +3.499980890e+001 +4.803498089e+002 +4.803498089e+002 -2.9227e+000 +3.1146e+000 -1.3729e-001 +1.3835e+000 +4.5874e+000 +5.0787e+000 -3.2008e+000 +2.2026e+000 +3.3130e+000 -2.3353e+000 +3.1282e+000 -6.0086e-001 +1.1677e+000 -1.7239e+000 +3.0611e+000 +1.8897e-001 -1.7736e+000 -1.5969e+000 +4.1583e+000 +3.2938e+000
3305 +2.225250331e+001 +2.225250331e+001 +4.676025033e+002 +4.676025033e+002 -3.1823e+000 +4.2616e+000 -7.8164e-001 +1.0186e+000 +5.6802e+000 +3.6509e+000 -3.3303e+000 +1.7650e+000 +1.7833e+000 -1.7101e+000 +1.8264e+000 +2.4740e+000 +1.2780e+000 -2.5170e+000 -4.5897e-001 -3.0560e+000 -4.9025e-001 +7.8519e-002 +2.1936e+000 +1.6609e+000
3429 +1.568255387e+001 +1.568255387e+001 +4.610325539e+002 +4.610325539e+002 -4.2348e+000 +4.3770e+000 -7.2579e-001 -4.9679e-001 +3.2697e+000 +1.8237e+000 -3.6216e+000 +8.6609e-001 +1.1145e+000 -2.1809e+000 +2.3221e+000 +2.2245e+000 +1.6527e+000 -2.5258e+000 +2.1718e+000 -1.1771e+000 -3.4610e-001 +2.8256e-001 +3.6964e+000 +3.4255e+000
3579 +7.616593006e+000 +7.616593006e+000 +4.529665930e+002 +4.529665930e+002 -3.3287e+000 +3.0876e+000 +8.3632e-002 -7.4820e-002 +3.2697e+000 +4.6742e+000 -3.6216e+000 +9.6797e-001 +1.1145e+000 -2.1809e+000 +2.3221e+000 +3.6843e+000 +1.6527e+000 -2.5258e+000 +2.1718e+000 -2.6171e+000 -1.2290e+000 -1.9051e+000 +4.4869e+000 +3.4255e+000
4550 +6.282603002e+000 +6.282603002e+000 +4.516326030e+002 +4.516326030e+002 -3.7210e+000 +3.0538e+000 -5.9606e-001 +4.8707e-001 +3.3922e+000 +4.6558e+000 -3.5909e+000 +9.5783e-001 +1.8217e+000 -5.4887e-001 +2.5668e+000 +2.4679e+000 -8.6621e-001 -2.1268e+000 +1.6363e+000 -2.6064e+000 -1.8215e+000 -1.5953e+000 +3.6530e+000 +3.0712e+000
4895 +3.868905733e+000 +3.868905733e+000 +4.492189057e+002 +4.492189057e+002 -2.6478e+000 +2.8035e+000 +3.6130e-001 +2.6348e-001 +3.4166e+000 +3.1899e+000 -3.4269e+000 +2.3203e+000 +1.3277e+000 -1.6462e+000 +1.9911e+000 +2.4929e+000 -8.4349e-002 -2.6510e+000 +1.5263e+000 -2.3139e+000 -1.0938e+000 -5.9729e-001 +4.3374e+000 +3.3850e+000
