% function evaluation | noise-free fitness - Fopt (7.627000000000e+001) | best noise-free fitness - Fopt | measured fitness | best measured fitness | x1 | x2...
1 +1.546424382e+006 +1.546424382e+006 +1.546500652e+006 +1.546500652e+006 -1.6961e-001 -1.9601e+000 -1.0481e+000
3 +6.275700578e+004 +6.275700578e+004 +6.283327578e+004 +6.283327578e+004 -1.4310e+000 -1.4068e+000 -3.3876e+000
5 +2.657123260e+004 +2.657123260e+004 +2.664750260e+004 +2.664750260e+004 -1.1434e+000 -2.4969e+000 -2.5220e+000
96 +9.592575287e+003 +9.592575287e+003 +9.668845287e+003 +9.668845287e+003 +6.4760e-001 -4.8784e+000 +9.8546e-001
136 +5.652913564e+003 +5.652913564e+003 +5.729183564e+003 +5.729183564e+003 -3.4761e+000 -4.7876e+000 +1.5709e+000
180 +2.959897717e+003 +2.959897717e+003 +3.036167717e+003 +3.036167717e+003 +2.7267e-001 -4.8437e+000 +1.2683e+000
307 +1.157728114e+003 +1.157728114e+003 +1.233998114e+003 +1.233998114e+003 +4.6776e+000 -3.8333e+000 -1.2093e+000
311 +2.404192432e+002 +2.404192432e+002 +3.166892432e+002 +3.166892432e+002 -1.5608e+000 -1.2476e-002 -5.9573e+000
321 +5.173824403e+001 +5.173824403e+001 +1.280082440e+002 +1.280082440e+002 -1.1658e+000 +8.9163e-001 -7.4475e+000
486 +2.977244120e+001 +2.977244120e+001 +1.060424412e+002 +1.060424412e+002 +1.1623e+000 -2.7845e+000 -2.1730e+000
777 +2.338861093e+001 +2.338861093e+001 +9.965861093e+001 +9.965861093e+001 -1.9139e+000 -2.3363e+000 -2.3265e+000
915 +1.260166030e+001 +1.260166030e+001 +8.887166030e+001 +8.887166030e+001 -7.8637e-001 -1.9949e+000 -3.0479e+000
956 +4.103114656e+000 +4.103114656e+000 +8.037311466e+001 +8.037311466e+001 +6.3616e-001 -2.7674e+000 -2.1027e+000
2191 +2.928680814e+000 +2.928680814e+000 +7.919868081e+001 +7.919868081e+001 -2.0880e+000 -3.0137e+000 -1.2559e+000
2472 +1.718439692e+000 +1.718439692e+000 +7.798843969e+001 +7.798843969e+001 -7.5893e-001 -2.5066e+000 -2.2684e+000
2703 +1.441801522e+000 +1.441801522e+000 +7.771180152e+001 +7.771180152e+001 -1.7811e+000 -3.4320e+000 -6.6520e-001
2902 +3.232532613e-002 +3.232532613e-002 +7.630232533e+001 +7.630232533e+001 -1.0996e+000 -3.1044e+000 -1.2861e+000
4231 +2.280238640e-002 +2.280238640e-002 +7.629280239e+001 +7.629280239e+001 -1.0850e+000 -3.1555e+000 -1.2096e+000
4967 +9.394651071e-003 +9.394651071e-003 +7.627939465e+001 +7.627939465e+001 -1.0077e+000 -3.1057e+000 -1.2996e+000
5170 +3.034398954e-003 +3.034398954e-003 +7.627303440e+001 +7.627303440e+001 -9.1303e-001 -3.1312e+000 -1.2764e+000
5695 +1.476226347e-003 +1.476226347e-003 +7.627147623e+001 +7.627147623e+001 -9.1701e-001 -3.1434e+000 -1.2569e+000
6546 +5.204727079e-004 +5.204727079e-004 +7.627052047e+001 +7.627052047e+001 -9.4280e-001 -3.1620e+000 -1.2238e+000
6631 +2.942532297e-004 +2.942532297e-004 +7.627029425e+001 +7.627029425e+001 -9.2376e-001 -3.1495e+000 -1.2463e+000
6948 +7.288535052e-005 +7.288535052e-005 +7.627007289e+001 +7.627007289e+001 -9.4393e-001 -3.1480e+000 -1.2452e+000
7733 +6.429324728e-006 +6.429324728e-006 +7.627000643e+001 +7.627000643e+001 -9.3731e-001 -3.1493e+000 -1.2442e+000
8378 +4.636237961e-006 +4.636237961e-006 +7.627000464e+001 +7.627000464e+001 -9.3674e-001 -3.1504e+000 -1.2426e+000
9655 +1.352385453e-006 +1.352385453e-006 +7.627000135e+001 +7.627000135e+001 -9.3844e-001 -3.1500e+000 -1.2430e+000
10096 +4.016069113e-007 +4.016069113e-007 +7.627000040e+001 +7.627000040e+001 -9.3882e-001 -3.1502e+000 -1.2426e+000
10542 +2.121481657e-007 +2.121481657e-007 +7.627000021e+001 +7.627000021e+001 -9.3835e-001 -3.1502e+000 -1.2428e+000
11417 +1.540869050e-007 +1.540869050e-007 +7.627000015e+001 +7.627000015e+001 -9.3804e-001 -3.1504e+000 -1.2425e+000
11908 +4.107165807e-008 +4.107165807e-008 +7.627000004e+001 +7.627000004e+001 -9.3852e-001 -3.1503e+000 -1.2425e+000
11965 +1.094150548e-009 +1.094150548e-009 +7.627000000e+001 +7.627000000e+001 -9.3843e-001 -3.1504e+000 -1.2424e+000
% function evaluation | noise-free fitness - Fopt (-2.255000000000e+001) | best noise-free fitness - Fopt | measured fitness | best measured fitness | x1 | x2...
1 +4.217369291e+004 +4.217369291e+004 +4.215114291e+004 +4.215114291e+004 +2.6010e+000 +2.0912e+000 +3.5306e+000
5 +3.466868873e+004 +3.466868873e+004 +3.464613873e+004 +3.464613873e+004 +3.7864e+000 -2.3794e+000 +2.7418e+000
13 +6.393488559e+003 +6.393488559e+003 +6.370938559e+003 +6.370938559e+003 +2.5616e+000 +1.4330e+000 +1.4824e+000
81 +3.567531396e+002 +3.567531396e+002 +3.342031396e+002 +3.342031396e+002 +3.8948e+000 -3.4908e+000 +3.3950e+000
331 +7.979342909e+001 +7.979342909e+001 +5.724342909e+001 +5.724342909e+001 +3.8948e+000 -6.5071e-001 +7.3614e+000
1056 +4.813918491e+001 +4.813918491e+001 +2.558918491e+001 +2.558918491e+001 +1.9209e+000 +4.1603e+000 +2.4902e-001
1225 +2.823532027e+001 +2.823532027e+001 +5.685320268e+000 +5.685320268e+000 +3.8276e+000 -2.1650e+000 +4.6738e+000
1268 +1.020876880e+001 +1.020876880e+001 -1.234123120e+001 -1.234123120e+001 +2.1540e+000 +5.1717e+000 +3.2974e+000
2137 +8.241249467e+000 +8.241249467e+000 -1.430875053e+001 -1.430875053e+001 +3.2011e+000 +5.2135e-001 +4.0818e+000
2167 +5.452345463e+000 +5.452345463e+000 -1.709765454e+001 -1.709765454e+001 +2.6990e+000 +3.1938e+000 +4.3363e+000
2554 +3.814845196e+000 +3.814845196e+000 -1.873515480e+001 -1.873515480e+001 +2.2263e+000 +3.6064e+000 +1.5614e+000
2656 +1.794334228e-001 +1.794334228e-001 -2.237056658e+001 -2.237056658e+001 +2.6485e+000 +2.3880e+000 +2.8235e+000
3654 +1.149059543e-001 +1.149059543e-001 -2.243509405e+001 -2.243509405e+001 +2.5446e+000 +2.8146e+000 +2.6959e+000
3706 +9.233876065e-002 +9.233876065e-002 -2.245766124e+001 -2.245766124e+001 +2.6342e+000 +2.4031e+000 +2.7425e+000
5257 +4.906416239e-002 +4.906416239e-002 -2.250093584e+001 -2.250093584e+001 +2.5404e+000 +2.5537e+000 +2.2944e+000
5306 +1.423985488e-002 +1.423985488e-002 -2.253576015e+001 -2.253576015e+001 +2.5547e+000 +2.6328e+000 +2.5067e+000
5417 +8.848335274e-003 +8.848335274e-003 -2.254115166e+001 -2.254115166e+001 +2.5758e+000 +2.4954e+000 +2.4618e+000
5528 +5.780759867e-003 +5.780759867e-003 -2.254421924e+001 -2.254421924e+001 +2.5659e+000 +2.5496e+000 +2.4684e+000
6198 +5.716103335e-004 +5.716103335e-004 -2.254942839e+001 -2.254942839e+001 +2.5694e+000 +2.5610e+000 +2.5096e+000
7271 +1.997179519e-004 +1.997179519e-004 -2.254980028e+001 -2.254980028e+001 +2.5672e+000 +2.5729e+000 +2.5108e+000
7514 +1.370084264e-004 +1.370084264e-004 -2.254986299e+001 -2.254986299e+001 +2.5670e+000 +2.5700e+000 +2.5049e+000
7615 +7.614079459e-005 +7.614079459e-005 -2.254992386e+001 -2.254992386e+001 +2.5646e+000 +2.5794e+000 +2.5015e+000
8103 +6.007324333e-005 +6.007324333e-005 -2.254993993e+001 -2.254993993e+001 +2.5669e+000 +2.5733e+000 +2.5090e+000
8266 +2.343043947e-005 +2.343043947e-005 -2.254997657e+001 -2.254997657e+001 +2.5657e+000 +2.5813e+000 +2.5125e+000
9334 +7.969986157e-006 +7.969986157e-006 -2.254999203e+001 -2.254999203e+001 +2.5661e+000 +2.5780e+000 +2.5106e+000
9537 +2.906080422e-006 +2.906080422e-006 -2.254999709e+001 -2.254999709e+001 +2.5655e+000 +2.5802e+000 +2.5094e+000
10343 +2.006530043e-006 +2.006530043e-006 -2.254999799e+001 -2.254999799e+001 +2.5653e+000 +2.5810e+000 +2.5086e+000
11092 +1.383613650e-007 +1.383613650e-007 -2.254999986e+001 -2.254999986e+001 +2.5656e+000 +2.5801e+000 +2.5095e+000
11715 +9.146988589e-008 +9.146988589e-008 -2.254999991e+001 -2.254999991e+001 +2.5656e+000 +2.5798e+000 +2.5094e+000
12300 +4.230776440e-008 +4.230776440e-008 -2.254999996e+001 -2.254999996e+001 +2.5656e+000 +2.5799e+000 +2.5095e+000
12510 +8.031932452e-009 +8.031932452e-009 -2.254999999e+001 -2.254999999e+001 +2.5656e+000 +2.5801e+000 +2.5096e+000
% function evaluation | noise-free fitness - Fopt (1.366000000000e+001) | best noise-free fitness - Fopt | measured fitness | best measured fitness | x1 | x2...
1 +2.530592317e+007 +2.530592317e+007 +2.530593683e+007 +2.530593683e+007 -3.6922e+000 +1.4103e+000 -3.2623e+000
4 +9.226953703e+006 +9.226953703e+006 +9.226967363e+006 +9.226967363e+006 +3.6051e+000 -4.0639e+000 -1.4201e+000
7 +3.515086344e+006 +3.515086344e+006 +3.515100004e+006 +3.515100004e+006 +9.9323e-001 -3.3440e+000 -6.5317e-001
10 +5.895117677e+003 +5.895117677e+003 +5.908777677e+003 +5.908777677e+003 +4.9047e+000 +1.2601e+000 -2.2612e+000
67 +2.515743592e+003 +2.515743592e+003 +2.529403592e+003 +2.529403592e+003 -3.1316e+000 -4.0633e+000 -8.6042e-001
228 +4.452376404e+002 +4.452376404e+002 +4.588976404e+002 +4.588976404e+002 -5.9029e-001 +3.7860e+000 +5.1927e+000
369 +3.257561227e+002 +3.257561227e+002 +3.394161227e+002 +3.394161227e+002 +4.1399e+000 -4.5304e-001 -3.2535e+000
428 +6.948316604e+001 +6.948316604e+001 +8.314316604e+001 +8.314316604e+001 -3.5730e+000 +1.4352e+000 +5.1927e+000
537 +4.962127714e+001 +4.962127714e+001 +6.328127714e+001 +6.328127714e+001 -2.9048e+000 -2.5519e+000 +4.5001e-001
539 +3.399724689e+001 +3.399724689e+001 +4.765724689e+001 +4.765724689e+001 -1.7969e+000 +6.6473e-001 +2.8899e+000
544 +1.979467792e+001 +1.979467792e+001 +3.345467792e+001 +3.345467792e+001 -2.8556e+000 -2.6594e-001 +2.8166e+000
1578 +4.776703862e+000 +4.776703862e+000 +1.843670386e+001 +1.843670386e+001 +1.7947e+000 +2.7096e+000 +2.0191e+000
2486 +4.659358160e-001 +4.659358160e-001 +1.412593582e+001 +1.412593582e+001 -3.0583e-002 +2.2161e+000 +3.0371e+000
3444 +1.305776976e-001 +1.305776976e-001 +1.379057770e+001 +1.379057770e+001 +1.4364e-001 +2.0187e+000 +2.6834e+000
4127 +5.701481777e-002 +5.701481777e-002 +1.371701482e+001 +1.371701482e+001 +3.7903e-001 +2.2217e+000 +2.6986e+000
4960 +3.362521003e-002 +3.362521003e-002 +1.369362521e+001 +1.369362521e+001 +4.1748e-001 +2.1922e+000 +2.6352e+000
5179 +2.020973211e-002 +2.020973211e-002 +1.368020973e+001 +1.368020973e+001 +5.4156e-001 +2.2468e+000 +2.5874e+000
5259 +1.277360759e-002 +1.277360759e-002 +1.367277361e+001 +1.367277361e+001 +4.7018e-001 +2.3117e+000 +2.7159e+000
5589 +6.731913157e-003 +6.731913157e-003 +1.366673191e+001 +1.366673191e+001 +3.7250e-001 +2.1715e+000 +2.6510e+000
5710 +3.805877716e-003 +3.805877716e-003 +1.366380588e+001 +1.366380588e+001 +3.8678e-001 +2.1850e+000 +2.6531e+000
6285 +2.280525249e-003 +2.280525249e-003 +1.366228053e+001 +1.366228053e+001 +4.2147e-001 +2.2451e+000 +2.6870e+000
6489 +5.579899357e-004 +5.579899357e-004 +1.366055799e+001 +1.366055799e+001 +4.3151e-001 +2.2218e+000 +2.6540e+000
7460 +1.866115705e-004 +1.866115705e-004 +1.366018661e+001 +1.366018661e+001 +4.2880e-001 +2.2322e+000 +2.6673e+000
7694 +1.211970099e-004 +1.211970099e-004 +1.366012120e+001 +1.366012120e+001 +4.2333e-001 +2.2285e+000 +2.6680e+000
8966 +5.519838573e-005 +5.519838573e-005 +1.366005520e+001 +1.366005520e+001 +4.2622e-001 +2.2199e+000 +2.6565e+000
9423 +6.893618052e-006 +6.893618052e-006 +1.366000689e+001 +1.366000689e+001 +4.2945e-001 +2.2254e+000 +2.6595e+000
9600 +1.112706746e-006 +1.112706746e-006 +1.366000111e+001 +1.366000111e+001 +4.2640e-001 +2.2234e+000 +2.6600e+000
11061 +9.900900544e-007 +9.900900544e-007 +1.366000099e+001 +1.366000099e+001 +4.2665e-001 +2.2237e+000 +2.6602e+000
11080 +5.040731086e-007 +5.040731086e-007 +1.366000050e+001 +1.366000050e+001 +4.2743e-001 +2.2237e+000 +2.6595e+000
11215 +2.132182324e-007 +2.132182324e-007 +1.366000021e+001 +1.366000021e+001 +4.2709e-001 +2.2237e+000 +2.6597e+000
11788 +5.334652364e-008 +5.334652364e-008 +1.366000005e+001 +1.366000005e+001 +4.2711e-001 +2.2240e+000 +2.6601e+000
11944 +2.466260085e-008 +2.466260085e-008 +1.366000002e+001 +1.366000002e+001 +4.2731e-001 +2.2240e+000 +2.6599e+000
13598 +1.110185366e-008 +1.110185366e-008 +1.366000001e+001 +1.366000001e+001 +4.2712e-001 +2.2240e+000 +2.6601e+000
13830 +8.812669705e-009 +8.812669705e-009 +1.366000001e+001 +1.366000001e+001 +4.2728e-001 +2.2240e+000 +2.6600e+000
% function evaluation | noise-free fitness - Fopt (9.378400000000e+002) | best noise-free fitness - Fopt | measured fitness | best measured fitness | x1 | x2...
1 +1.106449405e+007 +1.106449405e+007 +1.106543189e+007 +1.106543189e+007 +3.4755e+000 +4.0286e+000 -4.1526e+000
3 +5.298315180e+005 +5.298315180e+005 +5.307693580e+005 +5.307693580e+005 -1.7216e+000 -4.4728e+000 +4.0836e+000
4 +1.211071506e+005 +1.211071506e+005 +1.220449906e+005 +1.220449906e+005 -3.8041e+000 -2.6181e+000 +4.9986e+000
15 +5.091003452e+002 +5.091003452e+002 +1.446940345e+003 +1.446940345e+003 +4.4582e+000 +2.7097e+000 -7.7654e-001
291 +2.104113579e+002 +2.104113579e+002 +1.148251358e+003 +1.148251358e+003 -2.2379e+000 +1.7705e+000 +5.2984e+000
600 +1.257095059e+002 +1.257095059e+002 +1.063549506e+003 +1.063549506e+003 +2.2379e+000 +1.8560e+000 +1.1084e+000
669 +3.205917257e+001 +3.205917257e+001 +9.698991726e+002 +9.698991726e+002 +3.0625e+000 +9.7914e-001 +6.1281e-002
674 +4.177305364e+000 +4.177305364e+000 +9.420173054e+002 +9.420173054e+002 +4.7844e-001 +5.0868e+000 +3.6910e+000
2745 +4.697113813e-001 +4.697113813e-001 +9.383097114e+002 +9.383097114e+002 +2.1547e-001 +3.6293e+000 +3.5119e+000
3698 +2.650540631e-001 +2.650540631e-001 +9.381050541e+002 +9.381050541e+002 -5.2560e-001 +3.2892e+000 +4.1107e+000
4032 +7.327123083e-002 +7.327123083e-002 +9.379132712e+002 +9.379132712e+002 -2.7676e-001 +3.4606e+000 +3.9257e+000
4341 +5.232984056e-002 +5.232984056e-002 +9.378923298e+002 +9.378923298e+002 -4.3165e-001 +3.4363e+000 +4.0648e+000
4971 +3.765566065e-002 +3.765566065e-002 +9.378776557e+002 +9.378776557e+002 -3.4462e-001 +3.4215e+000 +3.9786e+000
5758 +8.483248713e-003 +8.483248713e-003 +9.378484832e+002 +9.378484832e+002 -3.1274e-001 +3.5074e+000 +3.9736e+000
5893 +3.962634838e-003 +3.962634838e-003 +9.378439626e+002 +9.378439626e+002 -3.3278e-001 +3.5243e+000 +3.9973e+000
6949 +1.415580459e-003 +1.415580459e-003 +9.378414156e+002 +9.378414156e+002 -2.7059e-001 +3.5943e+000 +3.9592e+000
7115 +2.944965771e-004 +2.944965771e-004 +9.378402945e+002 +9.378402945e+002 -2.9775e-001 +3.5765e+000 +3.9795e+000
7192 +1.656322380e-004 +1.656322380e-004 +9.378401656e+002 +9.378401656e+002 -2.8905e-001 +3.5732e+000 +3.9704e+000
7976 +4.679570179e-005 +4.679570179e-005 +9.378400468e+002 +9.378400468e+002 -3.0063e-001 +3.5768e+000 +3.9823e+000
8676 +3.380399733e-005 +3.380399733e-005 +9.378400338e+002 +9.378400338e+002 -3.0063e-001 +3.5768e+000 +3.9823e+000
8704 +1.529549695e-005 +1.529549695e-005 +9.378400153e+002 +9.378400153e+002 -2.9436e-001 +3.5785e+000 +3.9769e+000
8927 +5.563773584e-007 +5.563773584e-007 +9.378400006e+002 +9.378400006e+002 -2.9627e-001 +3.5785e+000 +3.9787e+000
11101 +7.917776657e-008 +7.917776657e-008 +9.378400001e+002 +9.378400001e+002 -2.9666e-001 +3.5785e+000 +3.9791e+000
12377 +5.997378594e-008 +5.997378594e-008 +9.378400001e+002 +9.378400001e+002 -2.9697e-001 +3.5783e+000 +3.9793e+000
13443 +2.007891453e-008 +2.007891453e-008 +9.378400000e+002 +9.378400000e+002 -2.9678e-001 +3.5783e+000 +3.9791e+000
14010 +6.551772458e-009 +6.551772458e-009 +9.378400000e+002 +9.378400000e+002 -2.9674e-001 +3.5784e+000 +3.9792e+000
% function evaluation | noise-free fitness - Fopt (-7.872000000000e+001) | best noise-free fitness - Fopt | measured fitness | best measured fitness | x1 | x2...
1 +2.058684733e+007 +2.058684733e+007 +2.058676861e+007 +2.058676861e+007 -2.4785e+000 +1.5616e+000 +3.3669e+000
3 +4.418574294e+005 +4.418574294e+005 +4.417787094e+005 +4.417787094e+005 -4.9445e+000 -2.4778e-002 -1.5874e+000
11 +8.873363431e+004 +8.873363431e+004 +8.865491431e+004 +8.865491431e+004 +3.3072e+000 -4.9827e+000 +1.3048e+000
32 +1.455111936e+002 +1.455111936e+002 +6.679119355e+001 +6.679119355e+001 +3.0623e+000 -1.3542e+000 -1.9890e+000
285 +3.450197820e+001 +3.450197820e+001 -4.421802180e+001 -4.421802180e+001 +5.3949e+000 -2.0887e+000 -2.1289e+000
704 +5.267079662e+000 +5.267079662e+000 -7.345292034e+001 -7.345292034e+001 +2.2039e+000 -2.1112e+000 -1.1107e+000
834 +2.110457718e+000 +2.110457718e+000 -7.660954228e+001 -7.660954228e+001 +3.2696e+000 -5.8110e-001 -2.7096e+000
2253 +6.433354489e-001 +6.433354489e-001 -7.807666455e+001 -7.807666455e+001 +3.8093e+000 -9.1766e-001 -2.5978e+000
2635 +2.071960648e-001 +2.071960648e-001 -7.851280394e+001 -7.851280394e+001 +3.0360e+000 -1.2170e+000 -2.1104e+000
4634 +1.066613950e-001 +1.066613950e-001 -7.861333860e+001 -7.861333860e+001 +3.1420e+000 -1.2586e+000 -2.1089e+000
4650 +8.006261917e-002 +8.006261917e-002 -7.863993738e+001 -7.863993738e+001 +3.4258e+000 -1.6296e+000 -1.8904e+000
5083 +5.960492855e-002 +5.960492855e-002 -7.866039507e+001 -7.866039507e+001 +3.6007e+000 -1.5540e+000 -2.0070e+000
5705 +2.913962046e-002 +2.913962046e-002 -7.869086038e+001 -7.869086038e+001 +3.5375e+000 -1.5065e+000 -2.0267e+000
6117 +2.271924542e-002 +2.271924542e-002 -7.869728075e+001 -7.869728075e+001 +3.2791e+000 -1.3736e+000 -2.0564e+000
6221 +8.308342948e-003 +8.308342948e-003 -7.871169166e+001 -7.871169166e+001 +3.3641e+000 -1.4578e+000 -2.0130e+000
6478 +5.971844653e-003 +5.971844653e-003 -7.871402816e+001 -7.871402816e+001 +3.4128e+000 -1.4559e+000 -2.0297e+000
6578 +3.680862835e-004 +3.680862835e-004 -7.871963191e+001 -7.871963191e+001 +3.4003e+000 -1.4119e+000 -2.0623e+000
8070 +2.489597427e-004 +2.489597427e-004 -7.871975104e+001 -7.871975104e+001 +3.3959e+000 -1.4222e+000 -2.0524e+000
8302 +1.243899240e-004 +1.243899240e-004 -7.871987561e+001 -7.871987561e+001 +3.4161e+000 -1.4258e+000 -2.0557e+000
8968 +6.653150258e-005 +6.653150258e-005 -7.871993347e+001 -7.871993347e+001 +3.4193e+000 -1.4214e+000 -2.0602e+000
9171 +1.707990678e-005 +1.707990678e-005 -7.871998292e+001 -7.871998292e+001 +3.4137e+000 -1.4196e+000 -2.0600e+000
9600 +1.532614134e-005 +1.532614134e-005 -7.871998467e+001 -7.871998467e+001 +3.4088e+000 -1.4237e+000 -2.0551e+000
9890 +5.535187952e-006 +5.535187952e-006 -7.871999446e+001 -7.871999446e+001 +3.4110e+000 -1.4225e+000 -2.0568e+000
10403 +2.961191157e-006 +2.961191157e-006 -7.871999704e+001 -7.871999704e+001 +3.4127e+000 -1.4214e+000 -2.0582e+000
10499 +1.671813010e-006 +1.671813010e-006 -7.871999833e+001 -7.871999833e+001 +3.4102e+000 -1.4220e+000 -2.0570e+000
11756 +1.197383014e-006 +1.197383014e-006 -7.871999880e+001 -7.871999880e+001 +3.4119e+000 -1.4213e+000 -2.0581e+000
11861 +6.715609118e-007 +6.715609118e-007 -7.871999933e+001 -7.871999933e+001 +3.4108e+000 -1.4217e+000 -2.0574e+000
12154 +1.790864133e-007 +1.790864133e-007 -7.871999982e+001 -7.871999982e+001 +3.4114e+000 -1.4215e+000 -2.0577e+000
12189 +1.892020407e-008 +1.892020407e-008 -7.871999998e+001 -7.871999998e+001 +3.4111e+000 -1.4216e+000 -2.0576e+000
14616 +2.206206773e-009 +2.206206773e-009 -7.872000000e+001 -7.872000000e+001 +3.4112e+000 -1.4216e+000 -2.0576e+000
% function evaluation | noise-free fitness - Fopt (6.997000000000e+001) | best noise-free fitness - Fopt | measured fitness | best measured fitness | x1 | x2...
1 +1.036348323e+005 +1.036348323e+005 +1.037048023e+005 +1.037048023e+005 +7.2901e-001 -3.0844e+000 +4.8020e+000
105 +1.234876651e+002 +1.234876651e+002 +1.934576651e+002 +1.934576651e+002 +1.0029e+000 -9.8784e-001 +3.4011e+000
355 +9.475878564e+001 +9.475878564e+001 +1.647287856e+002 +1.647287856e+002 +1.0029e+000 -8.6144e-001 +3.4011e+000
1671 +2.423683705e+001 +2.423683705e+001 +9.420683705e+001 +9.420683705e+001 +5.8416e+000 -1.4598e+000 -2.5211e+000
2055 +1.414671835e+001 +1.414671835e+001 +8.411671835e+001 +8.411671835e+001 +5.3035e+000 -1.6461e+000 -1.8028e+000
2345 +3.378885085e+000 +3.378885085e+000 +7.334888508e+001 +7.334888508e+001 +3.9358e+000 -5.0936e+000 +7.7901e-001
2424 +2.426329853e+000 +2.426329853e+000 +7.239632985e+001 +7.239632985e+001 +2.8368e+000 -2.7766e+000 +1.5733e+000
2846 +8.009310511e-001 +8.009310511e-001 +7.077093105e+001 +7.077093105e+001 +3.1155e+000 -3.9269e+000 +1.5115e+000
3466 +1.763595141e-001 +1.763595141e-001 +7.014635951e+001 +7.014635951e+001 +3.3224e+000 -3.4280e+000 +1.1279e+000
4044 +7.057727408e-002 +7.057727408e-002 +7.004057727e+001 +7.004057727e+001 +3.4894e+000 -3.3677e+000 +9.0258e-001
4596 +1.016617655e-002 +1.016617655e-002 +6.998016618e+001 +6.998016618e+001 +3.4836e+000 -3.3564e+000 +9.0726e-001
5663 +8.992066241e-004 +8.992066241e-004 +6.997089921e+001 +6.997089921e+001 +3.4462e+000 -3.4517e+000 +9.7826e-001
6912 +6.091970548e-004 +6.091970548e-004 +6.997060920e+001 +6.997060920e+001 +3.4488e+000 -3.4487e+000 +9.7427e-001
7135 +2.571067427e-004 +2.571067427e-004 +6.997025711e+001 +6.997025711e+001 +3.4590e+000 -3.4401e+000 +9.5930e-001
7956 +1.072563091e-004 +1.072563091e-004 +6.997010726e+001 +6.997010726e+001 +3.4640e+000 -3.4442e+000 +9.5401e-001
8149 +9.108683406e-005 +9.108683406e-005 +6.997009109e+001 +6.997009109e+001 +3.4590e+000 -3.4433e+000 +9.6006e-001
8260 +4.637135088e-005 +4.637135088e-005 +6.997004637e+001 +6.997004637e+001 +3.4583e+000 -3.4337e+000 +9.5856e-001
8312 +2.616316567e-005 +2.616316567e-005 +6.997002616e+001 +6.997002616e+001 +3.4569e+000 -3.4359e+000 +9.6080e-001
9000 +5.461975022e-006 +5.461975022e-006 +6.997000546e+001 +6.997000546e+001 +3.4606e+000 -3.4382e+000 +9.5674e-001
9673 +3.971538362e-006 +3.971538362e-006 +6.997000397e+001 +6.997000397e+001 +3.4590e+000 -3.4390e+000 +9.5900e-001
10145 +1.920896977e-006 +1.920896977e-006 +6.997000192e+001 +6.997000192e+001 +3.4608e+000 -3.4383e+000 +9.5652e-001
11125 +5.765205913e-007 +5.765205913e-007 +6.997000058e+001 +6.997000058e+001 +3.4599e+000 -3.4382e+000 +9.5773e-001
11721 +1.899556281e-007 +1.899556281e-007 +6.997000019e+001 +6.997000019e+001 +3.4602e+000 -3.4386e+000 +9.5734e-001
12087 +7.029989035e-008 +7.029989035e-008 +6.997000007e+001 +6.997000007e+001 +3.4602e+000 -3.4385e+000 +9.5743e-001
12712 +2.598679316e-008 +2.598679316e-008 +6.997000003e+001 +6.997000003e+001 +3.4600e+000 -3.4383e+000 +9.5756e-001
13134 +1.946199291e-008 +1.946199291e-008 +6.997000002e+001 +6.997000002e+001 +3.4600e+000 -3.4383e+000 +9.5752e-001
13467 +6.282334652e-009 +6.282334652e-009 +6.997000001e+001 +6.997000001e+001 +3.4600e+000 -3.4384e+000 +9.5765e-001
% function evaluation | noise-free fitness - Fopt (9.791400000000e+002) | best noise-free fitness - Fopt | measured fitness | best measured fitness | x1 | x2...
1 +8.910383337e+006 +8.910383337e+006 +8.911362477e+006 +8.911362477e+006 +7.4361e-001 +2.9903e+000 -3.1282e+000
6 +5.030673842e+005 +5.030673842e+005 +5.040465242e+005 +5.040465242e+005 -8.1360e-002 -2.3827e-001 +8.1181e-001
8 +4.800876107e+004 +4.800876107e+004 +4.898790107e+004 +4.898790107e+004 +2.0458e+000 -1.1846e+000 +2.4744e+000
29 +4.067093005e+003 +4.067093005e+003 +5.046233005e+003 +5.046233005e+003 -7.7866e-001 +1.2249e+000 -7.0988e-001
73 +2.760477086e+003 +2.760477086e+003 +3.739617086e+003 +3.739617086e+003 +1.1792e+000 -2.5750e-001 +1.5479e+000
100 +1.304453439e+003 +1.304453439e+003 +2.283593439e+003 +2.283593439e+003 +3.0170e+000 -2.7095e+000 +1.7738e+000
102 +9.742680831e+002 +9.742680831e+002 +1.953408083e+003 +1.953408083e+003 +7.4361e-001 -1.8186e+000 -1.7106e+000
196 +7.887277915e+001 +7.887277915e+001 +1.058012779e+003 +1.058012779e+003 +2.3832e+000 -2.1928e+000 +1.0726e+000
543 +5.471497348e+001 +5.471497348e+001 +1.033854973e+003 +1.033854973e+003 +1.8716e+000 -3.5323e+000 -1.9455e+000
808 +3.827061611e+001 +3.827061611e+001 +1.017410616e+003 +1.017410616e+003 +3.7753e+000 -8.9198e-001 +5.9504e+000
889 +1.126376769e+001 +1.126376769e+001 +9.904037677e+002 +9.904037677e+002 +1.5452e+000 +1.0729e+000 +4.1525e+000
1242 +3.410104611e+000 +3.410104611e+000 +9.825501046e+002 +9.825501046e+002 -5.4805e-001 +2.4849e+000 +1.8256e+000
2257 +2.451459397e+000 +2.451459397e+000 +9.815914594e+002 +9.815914594e+002 +1.3859e+000 +2.1687e-001 +2.5482e+000
2422 +4.037528958e-001 +4.037528958e-001 +9.795437529e+002 +9.795437529e+002 +1.2933e-001 +1.6776e+000 +2.0596e+000
2920 +3.331506204e-001 +3.331506204e-001 +9.794731506e+002 +9.794731506e+002 +5.6560e-001 +1.3117e+000 +2.4357e+000
3159 +2.085220106e-001 +2.085220106e-001 +9.793485220e+002 +9.793485220e+002 +2.5041e-001 +1.7166e+000 +2.3707e+000
3206 +5.917924090e-002 +5.917924090e-002 +9.791991792e+002 +9.791991792e+002 +4.1458e-001 +1.4831e+000 +2.3715e+000
3587 +2.325416318e-002 +2.325416318e-002 +9.791632542e+002 +9.791632542e+002 +5.1629e-001 +1.3898e+000 +2.4483e+000
3731 +7.694689703e-003 +7.694689703e-003 +9.791476947e+002 +9.791476947e+002 +4.3630e-001 +1.4278e+000 +2.3363e+000
4697 +5.341676475e-003 +5.341676475e-003 +9.791453417e+002 +9.791453417e+002 +4.5472e-001 +1.3805e+000 +2.3054e+000
4952 +1.019397702e-003 +1.019397702e-003 +9.791410194e+002 +9.791410194e+002 +4.8637e-001 +1.3411e+000 +2.3139e+000
5801 +9.420387166e-004 +9.420387166e-004 +9.791409420e+002 +9.791409420e+002 +4.7498e-001 +1.3706e+000 +2.3332e+000
5999 +1.528623385e-004 +1.528623385e-004 +9.791401529e+002 +9.791401529e+002 +4.7946e-001 +1.3540e+000 +2.3183e+000
7146 +1.328798021e-005 +1.328798021e-005 +9.791400133e+002 +9.791400133e+002 +4.8865e-001 +1.3481e+000 +2.3289e+000
7502 +3.643683499e-006 +3.643683499e-006 +9.791400036e+002 +9.791400036e+002 +4.8757e-001 +1.3484e+000 +2.3271e+000
8827 +5.892483159e-007 +5.892483159e-007 +9.791400006e+002 +9.791400006e+002 +4.8635e-001 +1.3493e+000 +2.3258e+000
10206 +1.099559768e-007 +1.099559768e-007 +9.791400001e+002 +9.791400001e+002 +4.8657e-001 +1.3493e+000 +2.3264e+000
10431 +2.376464181e-008 +2.376464181e-008 +9.791400000e+002 +9.791400000e+002 +4.8635e-001 +1.3497e+000 +2.3265e+000
10648 +5.290985428e-009 +5.290985428e-009 +9.791400000e+002 +9.791400000e+002 +4.8643e-001 +1.3496e+000 +2.3264e+000
% function evaluation | noise-free fitness - Fopt (-8.900000000000e-001) | best noise-free fitness - Fopt | measured fitness | best measured fitness | x1 | x2...
1 +4.275066470e+005 +4.275066470e+005 +4.275057570e+005 +4.275057570e+005 +4.7854e+000 -9.2971e-001 -2.2599e+000
11 +1.211373607e+005 +1.211373607e+005 +1.211364707e+005 +1.211364707e+005 +3.6341e+000 -4.3197e+000 +2.1014e+000
55 +3.347012042e+002 +3.347012042e+002 +3.338112042e+002 +3.338112042e+002 +3.0415e+000 +8.9649e-001 +5.6378e+000
190 +1.934601145e+002 +1.934601145e+002 +1.925701145e+002 +1.925701145e+002 +4.3167e+000 -1.8887e+000 -3.6197e+000
327 +4.180327891e+001 +4.180327891e+001 +4.091327891e+001 +4.091327891e+001 +3.2236e+000 +4.4530e+000 +2.0547e-001
1138 +3.590020859e+001 +3.590020859e+001 +3.501020859e+001 +3.501020859e+001 +3.6256e+000 -3.3168e+000 +4.5426e+000
1346 +1.237663121e+001 +1.237663121e+001 +1.148663121e+001 +1.148663121e+001 +3.6278e+000 +1.8433e-001 +8.0771e-001
1430 +5.149193779e+000 +5.149193779e+000 +4.259193779e+000 +4.259193779e+000 +2.9716e+000 +3.7338e+000 +3.5097e+000
2212 +2.503583655e+000 +2.503583655e+000 +1.613583655e+000 +1.613583655e+000 +3.3390e+000 +8.3473e-001 +2.9796e+000
2718 +4.621633641e-001 +4.621633641e-001 -4.278366359e-001 -4.278366359e-001 +3.1319e+000 +2.3509e+000 +3.3858e+000
3358 +1.417602151e-001 +1.417602151e-001 -7.482397849e-001 -7.482397849e-001 +3.1987e+000 +2.1479e+000 +2.9526e+000
3444 +1.858557051e-002 +1.858557051e-002 -8.714144295e-001 -8.714144295e-001 +3.1712e+000 +2.0876e+000 +3.2846e+000
4345 +4.338767870e-003 +4.338767870e-003 -8.856612321e-001 -8.856612321e-001 +3.1842e+000 +1.9740e+000 +3.2796e+000
5232 +3.146173446e-003 +3.146173446e-003 -8.868538266e-001 -8.868538266e-001 +3.1743e+000 +2.0781e+000 +3.2656e+000
5900 +2.367393884e-003 +2.367393884e-003 -8.876326061e-001 -8.876326061e-001 +3.1776e+000 +2.0007e+000 +3.3155e+000
6001 +1.249256841e-003 +1.249256841e-003 -8.887507432e-001 -8.887507432e-001 +3.1797e+000 +2.0323e+000 +3.2613e+000
6636 +3.924018739e-004 +3.924018739e-004 -8.896075981e-001 -8.896075981e-001 +3.1803e+000 +2.0274e+000 +3.2601e+000
6735 +3.429408131e-005 +3.429408131e-005 -8.899657059e-001 -8.899657059e-001 +3.1781e+000 +2.0335e+000 +3.2756e+000
7599 +1.366131127e-005 +1.366131127e-005 -8.899863387e-001 -8.899863387e-001 +3.1784e+000 +2.0260e+000 +3.2805e+000
8639 +7.669433207e-006 +7.669433207e-006 -8.899923306e-001 -8.899923306e-001 +3.1781e+000 +2.0283e+000 +3.2809e+000
9235 +5.692180855e-006 +5.692180855e-006 -8.899943078e-001 -8.899943078e-001 +3.1784e+000 +2.0297e+000 +3.2771e+000
9254 +3.646281444e-006 +3.646281444e-006 -8.899963537e-001 -8.899963537e-001 +3.1786e+000 +2.0265e+000 +3.2783e+000
9890 +1.272049861e-007 +1.272049861e-007 -8.899998728e-001 -8.899998728e-001 +3.1784e+000 +2.0282e+000 +3.2782e+000
11266 +4.580655855e-008 +4.580655855e-008 -8.899999542e-001 -8.899999542e-001 +3.1784e+000 +2.0278e+000 +3.2783e+000
12097 +3.635476253e-008 +3.635476253e-008 -8.899999636e-001 -8.899999636e-001 +3.1784e+000 +2.0281e+000 +3.2783e+000
12333 +1.409480399e-008 +1.409480399e-008 -8.899999859e-001 -8.899999859e-001 +3.1784e+000 +2.0280e+000 +3.2784e+000
12385 +1.631970226e-009 +1.631970226e-009 -8.899999984e-001 -8.899999984e-001 +3.1784e+000 +2.0280e+000 +3.2784e+000
% function evaluation | noise-free fitness - Fopt (-2.206000000000e+001) | best noise-free fitness - Fopt | measured fitness | best measured fitness | x1 | x2...
1 +3.517433163e+006 +3.517433163e+006 +3.517411103e+006 +3.517411103e+006 +1.3369e+000 +4.6654e+000 -2.6987e+000
6 +1.763401447e+006 +1.763401447e+006 +1.763379387e+006 +1.763379387e+006 -2.5320e+000 +8.8201e-001 -4.2239e-001
7 +1.497574480e+006 +1.497574480e+006 +1.497552420e+006 +1.497552420e+006 +6.2099e-001 +1.2748e+000 -4.3858e+000
12 +4.732782967e+005 +4.732782967e+005 +4.732562367e+005 +4.732562367e+005 -1.7140e+000 -1.6025e+000 -3.3321e+000
24 +1.812398336e+004 +1.812398336e+004 +1.810192336e+004 +1.810192336e+004 -1.5761e+000 +3.3397e+000 +1.8183e+000
55 +5.155730932e+003 +5.155730932e+003 +5.133670932e+003 +5.133670932e+003 -1.2795e+000 +1.4281e+000 +2.5093e-001
56 +1.920857651e+003 +1.920857651e+003 +1.898797651e+003 +1.898797651e+003 -2.5320e+000 +8.8201e-001 +6.3270e+000
133 +3.571070380e+002 +3.571070380e+002 +3.350470380e+002 +3.350470380e+002 -2.2447e+000 -5.5188e-001 +4.1770e+000
286 +1.011857979e+002 +1.011857979e+002 +7.912579792e+001 +7.912579792e+001 -1.5164e+000 -1.0647e+001 -6.1847e+000
515 +7.425781257e+001 +7.425781257e+001 +5.219781257e+001 +5.219781257e+001 -6.7937e-001 +1.2539e+000 -3.7652e+000
542 +4.769386588e+001 +4.769386588e+001 +2.563386588e+001 +2.563386588e+001 -1.0616e+000 -5.4241e+000 -5.6151e+000
739 +1.206006414e+001 +1.206006414e+001 -9.999935858e+000 -9.999935858e+000 -8.4679e-001 +1.8045e+000 -2.4409e+000
1163 +2.322302305e+000 +2.322302305e+000 -1.973769769e+001 -1.973769769e+001 -1.1506e+000 -2.6019e+000 -3.3703e+000
2663 +8.866998523e-001 +8.866998523e-001 -2.117330015e+001 -2.117330015e+001 -1.1887e+000 -1.1162e+000 -2.2568e+000
2859 +3.192894732e-001 +3.192894732e-001 -2.174071053e+001 -2.174071053e+001 -1.2234e+000 -1.4183e+000 -2.2446e+000
4170 +2.435195319e-001 +2.435195319e-001 -2.181648047e+001 -2.181648047e+001 -1.1118e+000 -1.2531e+000 -2.7818e+000
4988 +9.078832041e-002 +9.078832041e-002 -2.196921168e+001 -2.196921168e+001 -1.1622e+000 -1.4174e+000 -2.5946e+000
5348 +5.685119360e-002 +5.685119360e-002 -2.200314881e+001 -2.200314881e+001 -1.1801e+000 -1.4832e+000 -2.5307e+000
5515 +1.112247511e-002 +1.112247511e-002 -2.204887752e+001 -2.204887752e+001 -1.1759e+000 -1.6406e+000 -2.6512e+000
6124 +8.648370928e-003 +8.648370928e-003 -2.205135163e+001 -2.205135163e+001 -1.1852e+000 -1.5887e+000 -2.5672e+000
6238 +3.609652840e-003 +3.609652840e-003 -2.205639035e+001 -2.205639035e+001 -1.2025e+000 -1.6948e+000 -2.5328e+000
6841 +1.064989008e-003 +1.064989008e-003 -2.205893501e+001 -2.205893501e+001 -1.1904e+000 -1.6271e+000 -2.5601e+000
6883 +7.091739083e-004 +7.091739083e-004 -2.205929083e+001 -2.205929083e+001 -1.1905e+000 -1.6379e+000 -2.5664e+000
7517 +5.430122395e-004 +5.430122395e-004 -2.205945699e+001 -2.205945699e+001 -1.1891e+000 -1.6493e+000 -2.5816e+000
7838 +3.832808139e-004 +3.832808139e-004 -2.205961672e+001 -2.205961672e+001 -1.1889e+000 -1.6524e+000 -2.5844e+000
8334 +1.989299898e-004 +1.989299898e-004 -2.205980107e+001 -2.205980107e+001 -1.1900e+000 -1.6504e+000 -2.5767e+000
8831 +5.042718904e-005 +5.042718904e-005 -2.205994957e+001 -2.205994957e+001 -1.1915e+000 -1.6607e+000 -2.5743e+000
9050 +5.409165080e-006 +5.409165080e-006 -2.205999459e+001 -2.205999459e+001 -1.1922e+000 -1.6552e+000 -2.5671e+000
10819 +1.378146916e-006 +1.378146916e-006 -2.205999862e+001 -2.205999862e+001 -1.1921e+000 -1.6571e+000 -2.5692e+000
11499 +7.585052231e-007 +7.585052231e-007 -2.205999924e+001 -2.205999924e+001 -1.1920e+000 -1.6561e+000 -2.5690e+000
12126 +4.698003266e-007 +4.698003266e-007 -2.205999953e+001 -2.205999953e+001 -1.1920e+000 -1.6559e+000 -2.5690e+000
12155 +2.624593876e-007 +2.624593876e-007 -2.205999974e+001 -2.205999974e+001 -1.1919e+000 -1.6559e+000 -2.5692e+000
12408 +2.381913156e-007 +2.381913156e-007 -2.205999976e+001 -2.205999976e+001 -1.1920e+000 -1.6559e+000 -2.5685e+000
12987 +3.632119316e-008 +3.632119316e-008 -2.205999996e+001 -2.205999996e+001 -1.1920e+000 -1.6562e+000 -2.5688e+000
13449 +1.479648049e-008 +1.479648049e-008 -2.205999999e+001 -2.205999999e+001 -1.1920e+000 -1.6560e+000 -2.5689e+000
13968 +8.386344064e-009 +8.386344064e-009 -2.205999999e+001 -2.205999999e+001 -1.1920e+000 -1.6560e+000 -2.5688e+000
% function evaluation | noise-free fitness - Fopt (1.632800000000e+002) | best noise-free fitness - Fopt | measured fitness | best measured fitness | x1 | x2...
1 +9.341613884e+006 +9.341613884e+006 +9.341777164e+006 +9.341777164e+006 -4.3579e+000 -6.1853e-001 -6.1971e-001
4 +2.771337412e+006 +2.771337412e+006 +2.771500692e+006 +2.771500692e+006 +4.5276e+000 +2.9652e+000 +1.9112e+000
10 +2.290471654e+005 +2.290471654e+005 +2.292104454e+005 +2.292104454e+005 +2.3404e+000 -2.6693e+000 +9.6194e-001
25 +8.819483592e+003 +8.819483592e+003 +8.982763592e+003 +8.982763592e+003 +4.2505e+000 +1.8862e+000 +3.5564e+000
60 +1.858489283e+003 +1.858489283e+003 +2.021769283e+003 +2.021769283e+003 -2.1572e-001 -2.6693e+000 +9.6194e-001
133 +1.515064688e+003 +1.515064688e+003 +1.678344688e+003 +1.678344688e+003 +4.8445e+000 -4.5036e-001 +1.4551e+000
200 +5.289300393e+002 +5.289300393e+002 +6.922100393e+002 +6.922100393e+002 +4.4606e+000 +4.7549e+000 +5.5602e+000
318 +5.348254969e+001 +5.348254969e+001 +2.167625497e+002 +2.167625497e+002 +4.2619e+000 -5.1694e-001 +1.5836e+000
819 +3.890323565e+001 +3.890323565e+001 +2.021832356e+002 +2.021832356e+002 -4.4031e+000 -4.6691e+000 +2.9090e-001
863 +1.816655003e+001 +1.816655003e+001 +1.814465500e+002 +1.814465500e+002 -5.4991e-001 -2.2656e+000 +1.2923e+000
1829 +9.093434865e+000 +9.093434865e+000 +1.723734349e+002 +1.723734349e+002 -6.7854e-001 +4.6905e-001 +3.4185e+000
1906 +8.605800909e-001 +8.605800909e-001 +1.641405801e+002 +1.641405801e+002 -1.8802e+000 +8.6016e-001 +3.9863e+000
3607 +4.571847478e-001 +4.571847478e-001 +1.637371847e+002 +1.637371847e+002 -2.4539e+000 +3.7086e-001 +3.7347e+000
3753 +3.145228922e-001 +3.145228922e-001 +1.635945229e+002 +1.635945229e+002 -2.3651e+000 +2.5177e-001 +3.6239e+000
3928 +9.326637426e-002 +9.326637426e-002 +1.633732664e+002 +1.633732664e+002 -2.3478e+000 +6.2269e-001 +3.9058e+000
4883 +1.519181232e-002 +1.519181232e-002 +1.632951918e+002 +1.632951918e+002 -2.3315e+000 +4.5068e-001 +3.7698e+000
5392 +6.394082947e-003 +6.394082947e-003 +1.632863941e+002 +1.632863941e+002 -2.2498e+000 +3.8146e-001 +3.6989e+000
5860 +5.030511269e-003 +5.030511269e-003 +1.632850305e+002 +1.632850305e+002 -2.2764e+000 +4.0789e-001 +3.7250e+000
5874 +3.690522742e-003 +3.690522742e-003 +1.632836905e+002 +1.632836905e+002 -2.2565e+000 +4.0938e-001 +3.7218e+000
6793 +1.271992117e-003 +1.271992117e-003 +1.632812720e+002 +1.632812720e+002 -2.2719e+000 +4.2371e-001 +3.7362e+000
6972 +5.445182019e-004 +5.445182019e-004 +1.632805445e+002 +1.632805445e+002 -2.3168e+000 +4.1067e-001 +3.7360e+000
7071 +2.696119511e-004 +2.696119511e-004 +1.632802696e+002 +1.632802696e+002 -2.3024e+000 +4.1369e-001 +3.7352e+000
7287 +2.473741089e-004 +2.473741089e-004 +1.632802474e+002 +1.632802474e+002 -2.3041e+000 +4.2177e-001 +3.7418e+000
7511 +9.350383758e-005 +9.350383758e-005 +1.632800935e+002 +1.632800935e+002 -2.3015e+000 +4.3297e-001 +3.7498e+000
8152 +1.648467398e-005 +1.648467398e-005 +1.632800165e+002 +1.632800165e+002 -2.3023e+000 +4.2335e-001 +3.7426e+000
8829 +1.312576006e-005 +1.312576006e-005 +1.632800131e+002 +1.632800131e+002 -2.2994e+000 +4.2371e-001 +3.7423e+000
9318 +9.563740775e-006 +9.563740775e-006 +1.632800096e+002 +1.632800096e+002 -2.3024e+000 +4.2652e-001 +3.7451e+000
9515 +4.363066409e-006 +4.363066409e-006 +1.632800044e+002 +1.632800044e+002 -2.3000e+000 +4.2638e-001 +3.7444e+000
10072 +3.776945704e-006 +3.776945704e-006 +1.632800038e+002 +1.632800038e+002 -2.3005e+000 +4.2540e-001 +3.7438e+000
10718 +1.662498221e-006 +1.662498221e-006 +1.632800017e+002 +1.632800017e+002 -2.2998e+000 +4.2564e-001 +3.7438e+000
10852 +6.830044583e-007 +6.830044583e-007 +1.632800007e+002 +1.632800007e+002 -2.3007e+000 +4.2568e-001 +3.7440e+000
11142 +3.994445592e-007 +3.994445592e-007 +1.632800004e+002 +1.632800004e+002 -2.3006e+000 +4.2518e-001 +3.7436e+000
11278 +3.159370294e-007 +3.159370294e-007 +1.632800003e+002 +1.632800003e+002 -2.3004e+000 +4.2538e-001 +3.7437e+000
11520 +8.050875522e-008 +8.050875522e-008 +1.632800001e+002 +1.632800001e+002 -2.3010e+000 +4.2545e-001 +3.7439e+000
12119 +4.357133321e-008 +4.357133321e-008 +1.632800000e+002 +1.632800000e+002 -2.3006e+000 +4.2553e-001 +3.7439e+000
12806 +2.130397547e-008 +2.130397547e-008 +1.632800000e+002 +1.632800000e+002 -2.3007e+000 +4.2558e-001 +3.7440e+000
13340 +5.724359653e-009 +5.724359653e-009 +1.632800000e+002 +1.632800000e+002 -2.3009e+000 +4.2558e-001 +3.7440e+000
13346 +1.621174306e-009 +1.621174306e-009 +1.632800000e+002 +1.632800000e+002 -2.3008e+000 +4.2558e-001 +3.7440e+000
% function evaluation | noise-free fitness - Fopt (3.349000000000e+001) | best noise-free fitness - Fopt | measured fitness | best measured fitness | x1 | x2...
1 +2.063220697e+006 +2.063220697e+006 +2.063254187e+006 +2.063254187e+006 -3.2032e+000 +3.5206e+000 +1.8339e+000
9 +4.006643760e+005 +4.006643760e+005 +4.006978660e+005 +4.006978660e+005 +2.2892e+000 +1.0083e+000 +1.7931e+000
14 +2.545579901e+005 +2.545579901e+005 +2.545914801e+005 +2.545914801e+005 -1.6038e+000 +4.9176e+000 -4.9362e-001
25 +3.227813014e+002 +3.227813014e+002 +3.562713014e+002 +3.562713014e+002 -2.3459e+000 +2.8222e+000 +6.2889e-001
76 +2.386930448e+002 +2.386930448e+002 +2.721830448e+002 +2.721830448e+002 +1.7344e+000 -2.3195e+000 +2.0575e+000
314 +4.309433411e+001 +4.309433411e+001 +7.658433411e+001 +7.658433411e+001 -1.6038e+000 -6.8678e+000 +3.4211e+000
522 +2.031953472e+001 +2.031953472e+001 +5.380953472e+001 +5.380953472e+001 -4.2026e-002 -3.9532e+000 +2.5448e+000
1095 +9.887556111e+000 +9.887556111e+000 +4.337755611e+001 +4.337755611e+001 +5.1853e+000 -2.1946e+000 +1.9379e+000
1487 +3.342652987e+000 +3.342652987e+000 +3.683265299e+001 +3.683265299e+001 +2.7098e+000 -3.6138e+000 +2.3927e+000
1559 +1.828381737e+000 +1.828381737e+000 +3.531838174e+001 +3.531838174e+001 +3.7366e+000 -2.7396e+000 +2.1225e+000
2614 +1.258957564e+000 +1.258957564e+000 +3.474895756e+001 +3.474895756e+001 +3.4770e+000 -2.9542e+000 +2.1897e+000
2815 +9.061257038e-001 +9.061257038e-001 +3.439612570e+001 +3.439612570e+001 +4.0390e+000 -4.2430e+000 +2.5493e+000
3011 +4.996938309e-001 +4.996938309e-001 +3.398969383e+001 +3.398969383e+001 +3.3983e+000 -3.4077e+000 +2.3207e+000
3266 +3.569430108e-001 +3.569430108e-001 +3.384694301e+001 +3.384694301e+001 +4.1201e+000 -3.7204e+000 +2.3964e+000
3982 +5.874249241e-002 +5.874249241e-002 +3.354874249e+001 +3.354874249e+001 +3.5231e+000 -3.6887e+000 +2.3997e+000
4399 +2.369923509e-002 +2.369923509e-002 +3.351369924e+001 +3.351369924e+001 +3.6257e+000 -3.9719e+000 +2.4790e+000
4914 +7.017177552e-003 +7.017177552e-003 +3.349701718e+001 +3.349701718e+001 +3.5834e+000 -3.9502e+000 +2.4735e+000
6244 +2.495238501e-003 +2.495238501e-003 +3.349249524e+001 +3.349249524e+001 +3.4993e+000 -3.8706e+000 +2.4523e+000
7112 +5.355182339e-005 +5.355182339e-005 +3.349005355e+001 +3.349005355e+001 +3.5194e+000 -3.8899e+000 +2.4575e+000
8656 +2.157433772e-005 +2.157433772e-005 +3.349002157e+001 +3.349002157e+001 +3.5219e+000 -3.8903e+000 +2.4575e+000
9493 +5.018539774e-006 +5.018539774e-006 +3.349000502e+001 +3.349000502e+001 +3.5213e+000 -3.8897e+000 +2.4574e+000
9603 +3.397618045e-007 +3.397618045e-007 +3.349000034e+001 +3.349000034e+001 +3.5212e+000 -3.8902e+000 +2.4575e+000
11496 +1.473588398e-007 +1.473588398e-007 +3.349000015e+001 +3.349000015e+001 +3.5208e+000 -3.8907e+000 +2.4577e+000
11760 +7.842081828e-008 +7.842081828e-008 +3.349000008e+001 +3.349000008e+001 +3.5205e+000 -3.8903e+000 +2.4576e+000
12736 +5.041372475e-008 +5.041372475e-008 +3.349000005e+001 +3.349000005e+001 +3.5208e+000 -3.8905e+000 +2.4576e+000
12813 +2.320917503e-008 +2.320917503e-008 +3.349000002e+001 +3.349000002e+001 +3.5209e+000 -3.8905e+000 +2.4576e+000
13874 +6.357588234e-009 +6.357588234e-009 +3.349000001e+001 +3.349000001e+001 +3.5208e+000 -3.8903e+000 +2.4576e+000
% function evaluation | noise-free fitness - Fopt (-3.700000000000e+000) | best noise-free fitness - Fopt | measured fitness | best measured fitness | x1 | x2...
1 +1.346598473e+007 +1.346598473e+007 +1.346598103e+007 +1.346598103e+007 -4.3399e+000 +3.7965e-001 +4.8737e+000
3 +2.252858725e+006 +2.252858725e+006 +2.252855025e+006 +2.252855025e+006 +3.9573e+000 +3.8536e+000 -7.7701e-001
5 +5.614668713e+004 +5.614668713e+004 +5.614298713e+004 +5.614298713e+004 +2.1222e+000 -1.1578e+000 -6.9753e-002
29 +1.573550861e+004 +1.573550861e+004 +1.573180861e+004 +1.573180861e+004 -4.0443e+000 +3.0587e-001 +7.3803e-001
112 +5.694961507e+002 +5.694961507e+002 +5.657961507e+002 +5.657961507e+002 +2.2544e+000 +2.8324e+000 -1.4835e+000
155 +1.953639267e+001 +1.953639267e+001 +1.583639267e+001 +1.583639267e+001 -4.0266e-001 -1.8341e-001 +5.5733e-002
214 +9.221441892e+000 +9.221441892e+000 +5.521441892e+000 +5.521441892e+000 +2.7150e+000 -4.7813e+000 +5.6380e-001
1097 +3.325702290e+000 +3.325702290e+000 -3.742977102e-001 -3.742977102e-001 +3.3370e+000 -2.2619e+000 -3.2778e-001
2150 +5.686742472e-001 +5.686742472e-001 -3.131325753e+000 -3.131325753e+000 +2.9533e+000 -2.4466e+000 -1.7215e-001
3275 +2.050922663e-001 +2.050922663e-001 -3.494907734e+000 -3.494907734e+000 +2.6352e+000 -2.0249e+000 -2.0998e-001
3287 +2.540245160e-002 +2.540245160e-002 -3.674597548e+000 -3.674597548e+000 +2.6568e+000 -1.9273e+000 -2.4338e-001
4529 +2.309391047e-002 +2.309391047e-002 -3.676906090e+000 -3.676906090e+000 +2.8418e+000 -1.7469e+000 -3.4394e-001
5620 +1.499926370e-002 +1.499926370e-002 -3.685000736e+000 -3.685000736e+000 +2.8115e+000 -1.7301e+000 -3.4089e-001
5623 +6.068434565e-003 +6.068434565e-003 -3.693931565e+000 -3.693931565e+000 +2.6685e+000 -1.8152e+000 -2.7878e-001
6006 +1.496752929e-003 +1.496752929e-003 -3.698503247e+000 -3.698503247e+000 +2.7787e+000 -1.7999e+000 -3.1216e-001
6523 +2.801080008e-004 +2.801080008e-004 -3.699719892e+000 -3.699719892e+000 +2.7318e+000 -1.8169e+000 -2.9492e-001
7627 +2.497136634e-004 +2.497136634e-004 -3.699750286e+000 -3.699750286e+000 +2.7533e+000 -1.8235e+000 -2.9865e-001
7978 +1.171213203e-005 +1.171213203e-005 -3.699988288e+000 -3.699988288e+000 +2.7467e+000 -1.8252e+000 -2.9646e-001
8961 +5.459219950e-006 +5.459219950e-006 -3.699994541e+000 -3.699994541e+000 +2.7480e+000 -1.8220e+000 -2.9772e-001
10264 +2.043299832e-006 +2.043299832e-006 -3.699997957e+000 -3.699997957e+000 +2.7470e+000 -1.8225e+000 -2.9730e-001
10388 +1.182139807e-006 +1.182139807e-006 -3.699998818e+000 -3.699998818e+000 +2.7486e+000 -1.8218e+000 -2.9793e-001
10555 +9.246024879e-007 +9.246024879e-007 -3.699999075e+000 -3.699999075e+000 +2.7482e+000 -1.8232e+000 -2.9742e-001
10938 +5.161524652e-007 +5.161524652e-007 -3.699999484e+000 -3.699999484e+000 +2.7475e+000 -1.8223e+000 -2.9750e-001
11533 +1.035574857e-007 +1.035574857e-007 -3.699999896e+000 -3.699999896e+000 +2.7478e+000 -1.8227e+000 -2.9748e-001
12036 +8.684183017e-008 +8.684183017e-008 -3.699999913e+000 -3.699999913e+000 +2.7478e+000 -1.8223e+000 -2.9760e-001
12578 +4.183320845e-008 +4.183320845e-008 -3.699999958e+000 -3.699999958e+000 +2.7479e+000 -1.8223e+000 -2.9761e-001
12695 +2.648578423e-008 +2.648578423e-008 -3.699999974e+000 -3.699999974e+000 +2.7481e+000 -1.8225e+000 -2.9759e-001
13230 +1.685549966e-008 +1.685549966e-008 -3.699999983e+000 -3.699999983e+000 +2.7480e+000 -1.8225e+000 -2.9756e-001
13435 +2.002281452e-009 +2.002281452e-009 -3.699999998e+000 -3.699999998e+000 +2.7480e+000 -1.8224e+000 -2.9760e-001
% function evaluation | noise-free fitness - Fopt (-9.967700000000e+002) | best noise-free fitness - Fopt | measured fitness | best measured fitness | x1 | x2...
1 +3.627264221e+006 +3.627264221e+006 +3.626267451e+006 +3.626267451e+006 +1.5176e+000 +2.2612e+000 -5.0766e-001
6 +2.026957183e+006 +2.026957183e+006 +2.025960413e+006 +2.025960413e+006 +1.2120e+000 -1.6188e+000 -4.6042e+000
7 +9.454553978e+005 +9.454553978e+005 +9.444586278e+005 +9.444586278e+005 +2.0601e+000 +1.5577e+000 +6.1731e-001
22 +4.154554002e+004 +4.154554002e+004 +4.054877002e+004 +4.054877002e+004 +2.4035e+000 -1.6812e-002 -2.1113e+000
31 +1.462647690e+004 +1.462647690e+004 +1.362970690e+004 +1.362970690e+004 -1.5736e+000 +2.6669e-002 -2.2791e+000
70 +2.295623556e+003 +2.295623556e+003 +1.298853556e+003 +1.298853556e+003 -1.6626e-001 +1.2481e-002 -3.6061e+000
115 +7.053041948e+001 +7.053041948e+001 -9.262395805e+002 -9.262395805e+002 -1.6749e+000 -1.8287e-001 -4.6135e+000
494 +2.321847918e+001 +2.321847918e+001 -9.735515208e+002 -9.735515208e+002 -2.9776e-001 +8.9454e-001 +2.9850e+000
544 +7.482809071e-002 +7.482809071e-002 -9.966951719e+002 -9.966951719e+002 -2.9776e-001 +8.9454e-001 +3.0183e+000
3273 +2.269316017e-002 +2.269316017e-002 -9.967473068e+002 -9.967473068e+002 -2.6131e-001 +8.8235e-001 +2.9295e+000
3573 +1.362035319e-002 +1.362035319e-002 -9.967563796e+002 -9.967563796e+002 -2.6131e-001 +8.8241e-001 +2.9295e+000
3868 +8.299410432e-003 +8.299410432e-003 -9.967617006e+002 -9.967617006e+002 -4.3129e-001 +8.8185e-001 +2.9297e+000
4161 +5.768223600e-003 +5.768223600e-003 -9.967642318e+002 -9.967642318e+002 -3.9855e-001 +8.6634e-001 +2.8182e+000
4290 +2.881885874e-003 +2.881885874e-003 -9.967671181e+002 -9.967671181e+002 -3.6071e-001 +8.6858e-001 +2.8331e+000
4388 +1.727483597e-003 +1.727483597e-003 -9.967682725e+002 -9.967682725e+002 -3.2679e-001 +8.7195e-001 +2.8560e+000
4557 +1.214952084e-003 +1.214952084e-003 -9.967687850e+002 -9.967687850e+002 -3.2834e-001 +8.7804e-001 +2.8999e+000
4886 +9.674480897e-004 +9.674480897e-004 -9.967690326e+002 -9.967690326e+002 -3.4746e-001 +8.7936e-001 +2.9096e+000
4959 +3.423714795e-004 +3.423714795e-004 -9.967696576e+002 -9.967696576e+002 -3.3427e-001 +8.7582e-001 +2.8839e+000
5621 +2.081133958e-004 +2.081133958e-004 -9.967697919e+002 -9.967697919e+002 -3.3802e-001 +8.7403e-001 +2.8713e+000
5636 +1.427019110e-004 +1.427019110e-004 -9.967698573e+002 -9.967698573e+002 -3.5144e-001 +8.7681e-001 +2.8916e+000
5977 +5.268650511e-005 +5.268650511e-005 -9.967699473e+002 -9.967699473e+002 -3.5535e-001 +8.7557e-001 +2.8828e+000
6085 +3.377573410e-005 +3.377573410e-005 -9.967699662e+002 -9.967699662e+002 -3.5027e-001 +8.7476e-001 +2.8769e+000
6565 +2.026152174e-006 +2.026152174e-006 -9.967699980e+002 -9.967699980e+002 -3.4766e-001 +8.7508e-001 +2.8791e+000
7546 +1.120774073e-006 +1.120774073e-006 -9.967699989e+002 -9.967699989e+002 -3.4981e-001 +8.7521e-001 +2.8801e+000
7669 +9.287363127e-007 +9.287363127e-007 -9.967699991e+002 -9.967699991e+002 -3.4932e-001 +8.7521e-001 +2.8801e+000
8008 +3.199616003e-007 +3.199616003e-007 -9.967699997e+002 -9.967699997e+002 -3.4884e-001 +8.7527e-001 +2.8805e+000
8591 +2.104015948e-007 +2.104015948e-007 -9.967699998e+002 -9.967699998e+002 -3.4862e-001 +8.7515e-001 +2.8796e+000
9159 +9.068799045e-009 +9.068799045e-009 -9.967700000e+002 -9.967700000e+002 -3.4885e-001 +8.7521e-001 +2.8800e+000
% function evaluation | noise-free fitness - Fopt (4.500000000000e+001) | best noise-free fitness - Fopt | measured fitness | best measured fitness | x1 | x2...
1 +5.587667293e+005 +5.587667293e+005 +5.588117293e+005 +5.588117293e+005 -8.4098e-001 +4.5866e+000 -2.8565e+000
24 +4.666703788e+004 +4.666703788e+004 +4.671203788e+004 +4.671203788e+004 +1.9675e+000 +9.9599e-001 +4.6283e+000
57 +2.922136239e+001 +2.922136239e+001 +7.422136239e+001 +7.422136239e+001 +2.5331e+000 +1.2009e+000 +2.2414e+000
1029 +1.882959726e+001 +1.882959726e+001 +6.382959726e+001 +6.382959726e+001 +4.6967e+000 +1.1147e+000 -1.7281e+000
1623 +8.423931382e+000 +8.423931382e+000 +5.342393138e+001 +5.342393138e+001 +1.4051e+000 +2.8260e+000 +2.0020e-001
1930 +2.303287789e+000 +2.303287789e+000 +4.730328779e+001 +4.730328779e+001 +3.2764e+000 +1.4165e+000 +2.3840e-001
2546 +9.951946786e-001 +9.951946786e-001 +4.599519468e+001 +4.599519468e+001 +2.1788e+000 +2.1058e+000 +5.7230e-001
2691 +6.280543462e-001 +6.280543462e-001 +4.562805435e+001 +4.562805435e+001 +3.0183e+000 +1.9880e+000 -7.5568e-001
3720 +4.714588806e-002 +4.714588806e-002 +4.504714589e+001 +4.504714589e+001 +2.5240e+000 +2.2181e+000 -3.9702e-001
4995 +2.069016958e-002 +2.069016958e-002 +4.502069017e+001 +4.502069017e+001 +2.4606e+000 +2.3248e+000 -5.5249e-001
5417 +1.313974238e-002 +1.313974238e-002 +4.501313974e+001 +4.501313974e+001 +2.4467e+000 +2.3040e+000 -4.7071e-001
5422 +7.772624931e-003 +7.772624931e-003 +4.500777262e+001 +4.500777262e+001 +2.3365e+000 +2.3730e+000 -4.3723e-001
5878 +1.757656760e-003 +1.757656760e-003 +4.500175766e+001 +4.500175766e+001 +2.4104e+000 +2.3079e+000 -4.1063e-001
6041 +9.107336994e-004 +9.107336994e-004 +4.500091073e+001 +4.500091073e+001 +2.4196e+000 +2.3014e+000 -4.1136e-001
7297 +1.298522315e-004 +1.298522315e-004 +4.500012985e+001 +4.500012985e+001 +2.3995e+000 +2.3141e+000 -4.0523e-001
8362 +4.761966904e-005 +4.761966904e-005 +4.500004762e+001 +4.500004762e+001 +2.4042e+000 +2.3139e+000 -4.1404e-001
8671 +2.683538661e-005 +2.683538661e-005 +4.500002684e+001 +4.500002684e+001 +2.4012e+000 +2.3166e+000 -4.1511e-001
8798 +1.235509035e-005 +1.235509035e-005 +4.500001236e+001 +4.500001236e+001 +2.4046e+000 +2.3147e+000 -4.1687e-001
9516 +5.986538774e-006 +5.986538774e-006 +4.500000599e+001 +4.500000599e+001 +2.4038e+000 +2.3143e+000 -4.1418e-001
10331 +3.516054434e-006 +3.516054434e-006 +4.500000352e+001 +4.500000352e+001 +2.4047e+000 +2.3143e+000 -4.1600e-001
10602 +1.786615087e-007 +1.786615087e-007 +4.500000018e+001 +4.500000018e+001 +2.4047e+000 +2.3136e+000 -4.1423e-001
11580 +1.177640385e-007 +1.177640385e-007 +4.500000012e+001 +4.500000012e+001 +2.4046e+000 +2.3138e+000 -4.1458e-001
12183 +3.391522796e-008 +3.391522796e-008 +4.500000003e+001 +4.500000003e+001 +2.4049e+000 +2.3136e+000 -4.1450e-001
12667 +2.011351796e-008 +2.011351796e-008 +4.500000002e+001 +4.500000002e+001 +2.4048e+000 +2.3136e+000 -4.1443e-001
13432 +1.644941960e-009 +1.644941960e-009 +4.500000000e+001 +4.500000000e+001 +2.4048e+000 +2.3136e+000 -4.1442e-001
% function evaluation | noise-free fitness - Fopt (2.131000000000e+002) | best noise-free fitness - Fopt | measured fitness | best measured fitness | x1 | x2...
1 +3.662657964e+007 +3.662657964e+007 +3.662679274e+007 +3.662679274e+007 +4.0414e+000 -3.2975e+000 -9.7728e-001
3 +2.801505719e+006 +2.801505719e+006 +2.801718819e+006 +2.801718819e+006 -2.4468e+000 +4.1570e+000 -1.9793e+000
7 +2.013003419e+006 +2.013003419e+006 +2.013216519e+006 +2.013216519e+006 -4.2788e-001 -8.3108e-001 +9.0204e-001
11 +1.564847891e+006 +1.564847891e+006 +1.565060991e+006 +1.565060991e+006 -9.9400e-001 +2.2837e+000 +3.6384e+000
12 +1.909072922e+005 +1.909072922e+005 +1.911203922e+005 +1.911203922e+005 -2.4978e+000 +3.1015e+000 +1.1213e+000
62 +1.439482838e+005 +1.439482838e+005 +1.441613838e+005 +1.441613838e+005 -2.5091e+000 +3.1015e+000 -2.4005e-002
77 +3.644736478e+003 +3.644736478e+003 +3.857836478e+003 +3.857836478e+003 -1.3908e+000 +4.8851e+000 +1.3289e+000
210 +1.443225219e+003 +1.443225219e+003 +1.656325219e+003 +1.656325219e+003 -2.6543e-001 +1.8514e+000 +2.7945e+000
291 +3.310742158e+002 +3.310742158e+002 +5.441742158e+002 +5.441742158e+002 -5.3671e+000 +4.3775e+000 -2.2973e+000
771 +8.158075972e+001 +8.158075972e+001 +2.946807597e+002 +2.946807597e+002 +6.1890e-001 -7.5224e+000 +4.4344e+000
784 +1.694386509e+001 +1.694386509e+001 +2.300438651e+002 +2.300438651e+002 +5.2877e-002 +2.0974e+000 +3.0232e+000
1848 +1.184234894e+001 +1.184234894e+001 +2.249423489e+002 +2.249423489e+002 -6.1404e-001 +1.9771e+000 +2.4056e+000
2077 +8.776528192e+000 +8.776528192e+000 +2.218765282e+002 +2.218765282e+002 -5.4636e-001 +1.3347e+000 +2.5284e+000
2541 +2.317945675e+000 +2.317945675e+000 +2.154179457e+002 +2.154179457e+002 -1.3778e+000 -1.1069e+000 +1.9738e+000
3051 +1.382521676e+000 +1.382521676e+000 +2.144825217e+002 +2.144825217e+002 -1.6805e+000 +8.4031e-003 +1.5898e+000
3225 +3.903805685e-001 +3.903805685e-001 +2.134903806e+002 +2.134903806e+002 -2.2136e+000 -7.0025e-001 +1.1533e+000
3298 +8.507106460e-002 +8.507106460e-002 +2.131850711e+002 +2.131850711e+002 -1.8314e+000 -6.3177e-001 +1.5064e+000
4654 +1.637688766e-002 +1.637688766e-002 +2.131163769e+002 +2.131163769e+002 -2.0434e+000 -8.5381e-001 +1.3278e+000
5379 +8.227310159e-003 +8.227310159e-003 +2.131082273e+002 +2.131082273e+002 -1.9296e+000 -7.9626e-001 +1.4291e+000
5956 +2.617599604e-003 +2.617599604e-003 +2.131026176e+002 +2.131026176e+002 -1.9905e+000 -7.9295e-001 +1.3717e+000
6553 +8.213252134e-004 +8.213252134e-004 +2.131008213e+002 +2.131008213e+002 -1.9795e+000 -7.6837e-001 +1.3798e+000
7686 +4.051265849e-004 +4.051265849e-004 +2.131004051e+002 +2.131004051e+002 -1.9721e+000 -7.6568e-001 +1.3866e+000
7813 +3.536459365e-004 +3.536459365e-004 +2.131003536e+002 +2.131003536e+002 -1.9546e+000 -7.7210e-001 +1.4036e+000
7841 +1.351524463e-004 +1.351524463e-004 +2.131001352e+002 +2.131001352e+002 -1.9598e+000 -7.7044e-001 +1.3985e+000
7872 +4.385070531e-005 +4.385070531e-005 +2.131000439e+002 +2.131000439e+002 -1.9625e+000 -7.7375e-001 +1.3962e+000
7983 +3.587517571e-005 +3.587517571e-005 +2.131000359e+002 +2.131000359e+002 -1.9629e+000 -7.7284e-001 +1.3959e+000
9100 +4.525587542e-006 +4.525587542e-006 +2.131000045e+002 +2.131000045e+002 -1.9659e+000 -7.6883e-001 +1.3927e+000
9672 +2.858677334e-006 +2.858677334e-006 +2.131000029e+002 +2.131000029e+002 -1.9639e+000 -7.6865e-001 +1.3945e+000
9981 +5.592451373e-007 +5.592451373e-007 +2.131000006e+002 +2.131000006e+002 -1.9650e+000 -7.6730e-001 +1.3934e+000
10968 +4.106058782e-008 +4.106058782e-008 +2.131000000e+002 +2.131000000e+002 -1.9648e+000 -7.6816e-001 +1.3936e+000
12158 +1.103555292e-008 +1.103555292e-008 +2.131000000e+002 +2.131000000e+002 -1.9648e+000 -7.6802e-001 +1.3936e+000
12936 +4.231651474e-009 +4.231651474e-009 +2.131000000e+002 +2.131000000e+002 -1.9648e+000 -7.6805e-001 +1.3936e+000
