% function evaluation | noise-free fitness - Fopt (-4.620900000000e+002) | best noise-free fitness - Fopt | measured fitness | best measured fitness | x1 | x2...
1 +1.009833892e+003 +1.009833892e+003 +5.477438923e+002 +5.477438923e+002 +1.6530e+000 +7.0322e-001 +1.6227e+000 -2.1922e+000 -1.5900e+000 -2.3651e+000 -1.4511e+000 +1.5747e+000 -4.2243e+000 -4.3198e+000 -2.3758e+000 -4.5089e+000 -1.6409e+000 -1.8247e-001 +1.3998e+000 -4.1125e+000 -2.3004e+000 -1.0664e+000 -2.3136e+000 -2.5417e+000
19 +8.735768102e+002 +8.735768102e+002 +4.114868102e+002 +4.114868102e+002 -3.4252e+000 -4.0790e+000 -4.2856e+000 +1.4503e+000 +4.9923e+000 -4.0716e+000 -3.7254e+000 -3.3177e+000 -1.1388e+000 -4.7011e+000 +2.3373e+000 -4.7783e+000 +2.8667e+000 -2.7058e+000 -1.1310e+000 -3.4499e+000 +7.7820e-001 +2.8960e+000 -2.2195e+000 +3.3350e+000
125 +6.052052664e+002 +6.052052664e+002 +1.431152664e+002 +1.431152664e+002 +5.5079e-001 -3.0610e+000 -2.5800e+000 -3.8643e-001 +4.2456e+000 +2.6103e+000 +3.2642e+000 +5.2570e+000 +3.1644e+000 +9.8330e-002 +1.5764e+000 -1.8269e+000 -1.6374e-001 -2.2497e+000 -8.1124e-001 -2.9670e+000 -2.8504e+000 +2.5456e+000 -1.0341e+000 -7.5497e-001
258 +3.940045845e+002 +3.940045845e+002 -6.808541549e+001 -6.808541549e+001 +2.0382e-001 +5.6496e+000 -3.7082e+000 +2.6470e+000 -9.9558e-001 +1.3454e-001 +3.6746e+000 +5.0260e+000 +3.5452e-001 +6.0460e-001 -2.5448e+000 -2.1489e+000 -1.3997e+000 -3.2149e+000 -2.3113e+000 -4.7179e+000 +4.9370e-001 +9.0483e-001 -3.1224e+000 +9.5970e-001
850 +2.458185055e+002 +2.458185055e+002 -2.162714945e+002 -2.162714945e+002 -2.7283e+000 +3.3563e+000 -3.2436e+000 +4.0489e-001 +3.1670e+000 +1.5163e+000 +3.1485e+000 +5.4859e+000 +5.3215e-001 -1.4120e+000 -9.5812e-001 -4.5117e+000 +3.6282e-001 -2.3019e+000 -2.3759e+000 -4.3060e+000 -6.8011e-001 +1.9071e+000 -2.7709e+000 +1.1631e+000
2330 +1.578105780e+002 +1.578105780e+002 -3.042794220e+002 -3.042794220e+002 -2.5665e+000 +4.2221e+000 +3.7417e-001 +1.2853e+000 +3.8702e+000 +1.3219e+000 +3.2333e+000 +4.7647e+000 +1.6973e+000 -7.3162e-001 -2.3620e+000 -4.2749e+000 +3.1407e-001 -2.6071e+000 -2.6758e+000 -4.4165e+000 -3.4195e-001 +2.9800e+000 -2.4461e+000 +1.7804e+000
4667 +9.357187717e+001 +9.357187717e+001 -3.685181228e+002 -3.685181228e+002 -3.3001e+000 +3.0312e+000 +5.4082e-001 +1.3308e+000 +3.0902e+000 +1.3936e+000 +3.3061e+000 +4.9025e+000 +2.5040e+000 +5.6428e-002 -2.2204e+000 -4.2018e+000 -1.3170e-001 -2.9046e+000 -2.9887e+000 -4.4074e+000 -3.0573e-001 +3.3259e+000 -2.4168e+000 +1.8504e+000
5845 +6.146719920e+001 +6.146719920e+001 -4.006228008e+002 -4.006228008e+002 -3.3632e+000 +3.2456e+000 +5.5025e-001 +1.5907e+000 +3.1528e+000 +1.4501e+000 +3.2942e+000 +4.8215e+000 +2.3917e+000 +2.7306e-002 -2.2157e+000 -4.2651e+000 -1.2056e-001 -3.0018e+000 -2.9922e+000 -4.3572e+000 -3.0208e-001 +3.3954e+000 -2.4290e+000 +1.7943e+000
% function evaluation | noise-free fitness - Fopt (7.766000000000e+001) | best noise-free fitness - Fopt | measured fitness | best measured fitness | x1 | x2...
1 +3.631989605e+003 +3.631989605e+003 +3.709649605e+003 +3.709649605e+003 +3.3220e+000 -2.5025e-001 +2.9201e+000 -1.6831e+000 -8.2177e-001 +1.7206e+000 -1.9543e+000 +1.1798e+000 -5.6544e-001 +4.4484e+000 -1.2377e+000 -2.8448e+000 -1.3547e+000 +2.9775e+000 +2.1795e+000 +1.8867e+000 -4.5484e+000 +1.8547e+000 -2.2655e+000 +1.6557e+000
4 +1.807319431e+003 +1.807319431e+003 +1.884979431e+003 +1.884979431e+003 -1.9292e+000 +4.3284e+000 +3.5095e-001 -2.5278e+000 -3.3278e+000 -6.8646e-001 +4.4548e+000 -1.7013e+000 +8.6047e-001 +4.6911e+000 -1.1119e-001 +1.3046e+000 +4.6199e+000 +3.4820e+000 -2.1794e+000 -1.9965e+000 +3.3356e-002 -3.0365e+000 -1.4030e+000 -2.9529e+000
6 +1.009944363e+003 +1.009944363e+003 +1.087604363e+003 +1.087604363e+003 +2.6883e+000 +4.3476e+000 -1.1650e+000 +3.6605e+000 +3.9899e-001 +5.6664e-001 -4.9666e+000 -1.9899e-001 +3.9625e+000 -1.6396e-001 -2.1257e+000 +2.2184e+000 +3.6883e+000 -1.0275e+000 +8.3181e-001 -3.5136e-001 -6.2388e-001 -7.2794e-001 -1.6390e+000 -1.8808e+000
22 +8.603869142e+002 +8.603869142e+002 +9.380469142e+002 +9.380469142e+002 +1.2524e+000 -1.7524e+000 +8.7704e-001 -2.0889e+000 +2.5097e+000 -3.8305e-001 -3.9914e+000 -3.2312e+000 +3.5630e-001 -1.9679e+000 +2.1448e-001 +4.3896e+000 +3.1460e+000 -4.8756e+000 +2.3878e-001 +1.4790e+000 +1.6266e+000 -4.4824e+000 +4.3342e-002 -3.8818e+000
94 +5.819481466e+002 +5.819481466e+002 +6.596081466e+002 +6.596081466e+002 +6.6646e-001 +1.1761e+000 -1.6767e+000 -3.1640e+000 -2.2699e-001 -4.7360e-001 -1.4056e+000 -3.3789e+000 +8.4801e-001 +1.7784e+000 +1.0864e+000 +2.3956e+000 +2.6324e-001 -8.0886e-001 -5.1962e+000 +2.1402e+000 -2.7936e-001 -1.8834e+000 +3.1459e+000 -2.3312e+000
608 +3.555342307e+002 +3.555342307e+002 +4.331942307e+002 +4.331942307e+002 +2.5814e+000 -2.6519e+000 -1.8568e+000 -1.9557e+000 +2.6770e+000 +7.1239e-001 -2.9084e+000 -1.1655e+000 +1.1365e+000 -2.2697e+000 +2.4488e+000 +6.7935e-002 +2.1570e+000 -2.3626e+000 -4.0465e+000 +1.3834e+000 +4.7918e-001 -4.7994e+000 +2.5266e+000 -4.0941e+000
1491 +2.249862325e+002 +2.249862325e+002 +3.026462325e+002 +3.026462325e+002 +6.5598e+000 +1.1160e-003 -9.2483e-001 -6.4946e-001 -9.4143e-001 -9.1712e-001 -2.1385e+000 -1.6375e+000 +2.4687e-001 -3.3094e+000 +2.8997e+000 +1.3066e+000 +1.5333e+000 -1.3087e+000 -3.7487e+000 +2.2283e+000 -2.5823e-001 -3.1056e+000 +2.3573e+000 -3.1064e+000
3049 +1.558264161e+002 +1.558264161e+002 +2.334864161e+002 +2.334864161e+002 +5.6032e+000 -6.7876e-001 -1.1771e+000 +8.2269e-001 -1.1158e+000 -4.7729e-001 -2.2534e+000 -1.6243e+000 +1.2583e+000 -4.3579e+000 +3.0941e+000 +3.3179e-001 +1.5462e+000 -1.1090e+000 -3.7292e+000 +1.3870e+000 +1.0951e-001 -3.1215e+000 +3.1139e+000 -4.6995e+000
4868 +9.864401574e+001 +9.864401574e+001 +1.763040157e+002 +1.763040157e+002 +5.6313e+000 -8.6646e-001 -2.1619e+000 +7.5998e-001 -1.1312e+000 -5.7670e-001 -1.5244e+000 -1.8091e+000 +1.2817e+000 -4.5435e+000 +2.9651e+000 +2.0879e-001 +1.6762e+000 -1.0666e+000 -3.6943e+000 +1.3871e+000 +1.2976e-001 -3.0784e+000 +3.4213e+000 -3.8191e+000
% function evaluation | noise-free fitness - Fopt (1.156800000000e+002) | best noise-free fitness - Fopt | measured fitness | best measured fitness | x1 | x2...
1 +1.467651041e+003 +1.467651041e+003 +1.583331041e+003 +1.583331041e+003 +3.2077e+000 +5.8546e-001 +1.9788e+000 -1.0883e+000 -3.0057e+000 +3.9794e+000 +1.6741e+000 -1.0824e+000 -4.6621e+000 -2.1001e+000 -1.4286e+000 -1.9114e+000 -1.1526e+000 -1.7090e+000 -3.3964e+000 +3.3862e-001 -4.6168e+000 -4.1768e+000 -5.6161e-001 +1.5861e-001
33 +8.602476978e+002 +8.602476978e+002 +9.759276978e+002 +9.759276978e+002 +1.9306e+000 +9.9613e-001 +1.4039e+000 -5.2578e-001 -2.4515e+000 -1.0482e+000 -4.4411e+000 -2.3632e+000 +1.6564e-002 +2.6736e+000 -1.1807e+000 -1.6706e-001 -2.6330e+000 +1.5146e+000 +3.2444e-001 -2.3152e+000 -1.2007e+000 +9.6751e-001 +2.0031e+000 +1.6989e+000
256 +6.255866319e+002 +6.255866319e+002 +7.412666319e+002 +7.412666319e+002 -1.9456e+000 +1.1149e+000 -1.2850e+000 -2.3405e+000 -4.2042e+000 +1.2197e+000 -2.5089e+000 -4.1425e+000 -2.4314e+000 +1.2386e+000 -9.4070e-001 -1.5365e+000 -4.3131e+000 -1.4826e+000 -3.7144e+000 -1.2842e+000 -1.6096e+000 +1.2660e+000 +3.7521e+000 +1.7568e-001
574 +3.742065891e+002 +3.742065891e+002 +4.898865891e+002 +4.898865891e+002 -1.0904e-001 +2.2082e+000 -3.1607e+000 -8.4770e-001 -1.7659e+000 -1.4699e-001 -3.7218e+000 -3.7278e-001 -3.0453e+000 -3.2098e+000 +1.0821e+000 -1.2329e+000 -3.2737e+000 +5.6063e-002 -1.3096e-001 -2.4943e-001 -1.0319e+000 +4.5951e+000 +1.0881e+000 -2.8163e-001
982 +2.356323819e+002 +2.356323819e+002 +3.513123819e+002 +3.513123819e+002 -1.5318e+000 -8.3659e-001 +1.2149e+000 +2.2576e+000 -3.8798e+000 -1.2109e+000 -5.7882e+000 -1.0162e+000 -3.3356e+000 -3.5317e+000 +2.6584e+000 -1.3052e+000 -3.4044e+000 +1.6072e+000 -6.8708e-001 -1.5696e+000 -1.9850e+000 +3.8229e+000 +2.6112e+000 -8.0750e-001
2486 +1.557499327e+002 +1.557499327e+002 +2.714299327e+002 +2.714299327e+002 -2.1860e+000 -1.7027e-002 +3.2548e-001 +3.0542e+000 -2.1430e+000 -1.1419e+000 -4.1638e+000 +1.5525e+000 -3.9398e+000 -3.0410e+000 +3.9537e+000 -2.1318e+000 -4.6351e+000 +3.3634e-001 -1.9937e+000 -7.4442e-001 -1.8238e+000 +3.7313e+000 +2.9347e+000 -3.4821e-001
4205 +9.757110571e+001 +9.757110571e+001 +2.132511057e+002 +2.132511057e+002 -2.1647e+000 -1.3267e-001 +4.1671e-001 +3.0790e+000 -2.0538e+000 -1.1814e+000 -4.3004e+000 +1.7392e+000 -3.9203e+000 -3.0482e+000 +3.8220e+000 -1.7268e+000 -4.6803e+000 +1.8409e-001 -2.0319e+000 -7.4549e-001 -1.8072e+000 +3.7494e+000 +3.0519e+000 -3.1183e-001
5655 +5.951478798e+001 +5.951478798e+001 +1.751947880e+002 +1.751947880e+002 -2.1855e+000 -2.5960e-001 +2.0182e-001 +3.0814e+000 -1.9935e+000 -1.1475e+000 -4.2505e+000 +1.6443e+000 -3.9129e+000 -3.0481e+000 +3.8315e+000 -1.7827e+000 -4.6735e+000 +2.1016e-001 -2.0698e+000 -7.1420e-001 -4.3875e-001 +3.8325e+000 +3.0726e+000 -2.7573e-001
% function evaluation | noise-free fitness - Fopt (-3.710000000000e+000) | best noise-free fitness - Fopt | measured fitness | best measured fitness | x1 | x2...
1 +2.349653047e+003 +2.349653047e+003 +2.345943047e+003 +2.345943047e+003 -3.0726e+000 +1.6456e-001 +3.3694e-001 +1.9704e+000 -2.5118e+000 +3.1873e+000 +4.4488e+000 +1.9737e+000 +1.8277e+000 +2.0398e+000 +3.7066e+000 +2.0139e+000 -4.6931e-001 -1.0978e+000 -2.6439e+000 +3.0546e+000 -4.4952e-001 -1.6602e+000 +4.6701e-001 +5.0378e-001
3 +8.053658279e+002 +8.053658279e+002 +8.016558279e+002 +8.016558279e+002 -3.4455e+000 -2.6491e+000 +1.7786e+000 +4.4610e+000 -1.4067e+000 -3.9126e+000 -3.3678e+000 -3.4409e+000 -2.4864e+000 +3.9815e+000 +2.6469e+000 -2.4373e+000 +1.5391e+000 -1.5334e-001 -7.5104e-002 +5.9131e-001 +2.2208e-001 +1.0445e+000 +2.6175e+000 -1.6548e+000
34 +5.606363067e+002 +5.606363067e+002 +5.569263067e+002 +5.569263067e+002 -4.6818e+000 -1.3825e+000 -1.6088e+000 +4.3948e+000 +2.9154e+000 +3.3160e+000 +3.8016e+000 -1.5630e+000 -1.7639e-001 -1.7779e+000 -8.8153e-001 +2.1031e+000 +4.0727e+000 -4.3484e+000 -7.7051e-001 -4.5992e+000 +1.1326e+000 +3.4203e-001 +1.2721e+000 -1.6466e+000
312 +2.925827326e+002 +2.925827326e+002 +2.888727326e+002 +2.888727326e+002 -1.9091e+000 -1.6989e+000 -1.8049e+000 +2.6587e+000 +2.4966e+000 +2.3316e+000 +2.2570e+000 +7.9273e-001 -4.0601e+000 -9.1197e-001 +9.1953e-001 +2.3463e+000 +4.0154e+000 -3.2587e+000 -3.0516e-001 -3.2554e+000 +4.2586e-001 +1.0873e+000 +2.5897e+000 -3.2582e+000
951 +2.193979913e+002 +2.193979913e+002 +2.156879913e+002 +2.156879913e+002 +1.5978e-001 -2.1369e+000 -7.6339e-001 +2.2614e+000 +3.1782e+000 +1.5110e+000 +7.6219e-001 +1.5020e-001 -2.8149e+000 -1.7004e+000 +1.9184e+000 +2.5371e+000 +3.6063e+000 -1.6385e+000 -7.1581e-001 -2.5571e+000 +2.4104e+000 +1.8304e+000 +2.9295e+000 -3.4681e+000
2409 +1.565686760e+002 +1.565686760e+002 +1.528586760e+002 +1.528586760e+002 +5.1009e+000 -1.5378e+000 -1.8266e-002 +2.2406e+000 +4.5003e+000 +2.4143e+000 -1.1623e+000 +5.5273e-002 -3.0849e+000 -1.0370e+000 +1.4831e+000 +1.0971e+000 +4.7753e+000 -2.1467e+000 -3.8497e-001 -2.8841e+000 +1.4440e+000 +1.8991e+000 +3.2442e+000 -3.1693e+000
5463 +9.971087152e+001 +9.971087152e+001 +9.600087152e+001 +9.600087152e+001 +2.9894e+000 -1.4427e+000 +8.5943e-001 +2.2671e+000 +4.8534e+000 +2.8301e+000 -1.1563e+000 -8.6319e-002 -3.0465e+000 -3.7871e-001 +1.5128e+000 +1.0804e+000 +4.5486e+000 -1.7190e+000 -3.5658e-001 -2.8256e+000 +1.5963e+000 +1.9232e+000 +3.2779e+000 -3.1416e+000
% function evaluation | noise-free fitness - Fopt (1.321800000000e+002) | best noise-free fitness - Fopt | measured fitness | best measured fitness | x1 | x2...
1 +1.251765709e+003 +1.251765709e+003 +1.383945709e+003 +1.383945709e+003 -4.3861e+000 -4.5972e+000 +2.9765e+000 -1.4544e+000 -3.2064e+000 +2.9688e+000 -3.0679e+000 +2.8960e-001 +6.8060e-001 +3.8103e+000 +2.7045e+000 -3.1447e-001 -3.8596e+000 +1.7964e+000 -4.1072e+000 -2.6991e+000 -4.7045e+000 -3.7133e+000 +5.9153e-001 +8.3136e-001
5 +9.405270929e+002 +9.405270929e+002 +1.072707093e+003 +1.072707093e+003 -2.1647e+000 -7.0078e-001 +4.7731e+000 +4.3900e+000 +2.1426e+000 +2.0753e+000 -2.4046e+000 -6.1407e-001 -4.8635e+000 -4.4152e+000 -4.3169e-001 -2.0803e+000 -8.4117e-001 +1.1569e+000 -2.5950e+000 -1.6641e+000 +1.9991e+000 +4.6995e+000 -3.1619e+000 +3.6725e+000
60 +5.767863231e+002 +5.767863231e+002 +7.089663231e+002 +7.089663231e+002 -6.9683e+000 -3.6551e+000 +6.1861e+000 -5.2375e+000 +1.4004e+000 -5.5494e-001 -1.6362e+000 +1.5183e+000 -2.2692e+000 +2.5280e+000 +2.5026e+000 +3.7667e+000 +2.1925e+000 +3.1616e+000 -5.0496e+000 +5.4017e+000 -1.2067e+000 +3.9148e+000 -3.1670e+000 +1.0418e+000
300 +3.768763571e+002 +3.768763571e+002 +5.090563571e+002 +5.090563571e+002 -2.7035e+000 +1.5032e+000 +2.8633e+000 +1.2038e+000 -2.6857e+000 -4.4139e+000 -2.7704e+000 -2.4632e+000 +2.2234e+000 -1.3318e+000 -5.7563e-001 +4.4614e+000 +3.9363e-001 +1.2469e+000 -2.4842e+000 +3.2397e+000 -1.2617e+000 +3.1830e+000 -2.9131e+000 +2.0535e+000
876 +2.335449307e+002 +2.335449307e+002 +3.657249307e+002 +3.657249307e+002 -8.0736e+000 +6.8957e-001 +4.0908e+000 +1.0432e+000 -1.0136e+000 -3.4435e+000 -2.9435e+000 -1.1190e+000 +8.9297e-001 -7.0202e-001 +9.4808e-001 +3.1684e+000 +3.3681e-001 +2.9133e+000 -2.2735e+000 +2.6750e+000 +2.4032e+000 +3.0730e+000 -2.6237e+000 +2.1443e+000
2205 +1.578520454e+002 +1.578520454e+002 +2.900320454e+002 +2.900320454e+002 -5.6352e+000 +1.7570e-001 +2.7579e+000 +2.7966e-001 -1.8379e+000 -1.7821e+000 -2.9656e+000 -1.9361e+000 +1.0524e-001 -7.3711e-001 +7.0778e-001 +2.3311e+000 +2.2400e-001 +2.9497e+000 -2.6242e+000 +2.3648e+000 +1.8287e+000 +3.4559e+000 -1.0276e+000 +1.4968e+000
4135 +9.641296746e+001 +9.641296746e+001 +2.285929675e+002 +2.285929675e+002 -3.8943e+000 +5.8335e-001 +3.4896e+000 -2.2904e-001 -2.0761e+000 -1.7092e+000 -3.1138e+000 -1.0345e+000 -2.5366e-001 -2.4557e-001 +7.5095e-001 +2.9032e+000 +9.6330e-003 +2.9735e+000 -3.6067e+000 +2.3750e+000 +1.6393e+000 +3.9088e+000 -1.0021e+000 +1.0642e+000
5224 +6.235224039e+001 +6.235224039e+001 +1.945322404e+002 +1.945322404e+002 -3.8579e+000 +5.6737e-001 +3.5714e+000 -2.1935e-001 -2.2575e+000 -1.7977e+000 -3.1198e+000 -1.0956e+000 +1.9289e-001 -2.4683e-001 +7.5748e-001 +2.9594e+000 +9.4933e-003 +2.7785e+000 -3.5406e+000 +2.3259e+000 +1.6910e+000 +3.8479e+000 -9.3222e-001 +1.0833e+000
5802 +3.874367136e+001 +3.874367136e+001 +1.709236714e+002 +1.709236714e+002 -3.7016e+000 +5.1771e-001 +3.5771e+000 -2.5058e-001 -2.4191e+000 -1.7983e+000 -3.0893e+000 -1.1209e+000 +2.4442e-001 -2.4511e-001 +7.6878e-001 +2.9742e+000 +1.3859e-002 +2.8209e+000 -3.5385e+000 +2.3188e+000 +1.6800e+000 +3.8644e+000 -9.6530e-001 +1.0706e+000
6658 +2.459636954e+001 +2.459636954e+001 +1.567763695e+002 +1.567763695e+002 -3.7822e+000 +5.3652e-001 +3.4749e+000 -2.4333e-001 -2.4725e+000 -1.8400e+000 -3.0186e+000 -1.1004e+000 +2.6638e-001 -2.3641e-001 +7.6662e-001 +3.0335e+000 +3.9505e-003 +2.8368e+000 -3.6097e+000 +2.3235e+000 +1.6698e+000 +3.8683e+000 -9.9437e-001 +1.0775e+000
% function evaluation | noise-free fitness - Fopt (-4.174000000000e+001) | best noise-free fitness - Fopt | measured fitness | best measured fitness | x1 | x2...
1 +3.723446308e+003 +3.723446308e+003 +3.681706308e+003 +3.681706308e+003 +1.6644e+000 -1.6937e+000 -4.6303e+000 +3.6340e-001 -1.4353e+000 -6.3248e-001 +4.5913e+000 -2.6729e+000 -4.6779e+000 +4.9047e-001 +4.6556e+000 +6.4515e-001 -9.6330e-001 +4.8977e+000 +2.3413e+000 -2.7748e+000 -7.4005e-002 +2.1491e-001 -7.3900e-001 +3.5705e+000
3 +2.503201203e+003 +2.503201203e+003 +2.461461203e+003 +2.461461203e+003 +2.5516e+000 -9.3149e-001 +4.7096e+000 +3.9340e+000 -3.7537e+000 -1.3437e+000 +2.9495e+000 -3.5721e+000 +3.3660e+000 -1.2880e+000 +3.5554e+000 +1.3170e+000 +2.4544e+000 +1.0072e+000 -7.3637e-001 +3.8139e+000 +2.6619e+000 +2.5892e-001 +1.9602e+000 -6.5296e-001
5 +1.304384735e+003 +1.304384735e+003 +1.262644735e+003 +1.262644735e+003 +2.7174e+000 +9.4633e-001 -1.7475e+000 +1.1669e+000 -2.6550e+000 -3.0172e+000 +4.5050e+000 -4.2955e+000 +1.7535e+000 -3.4750e+000 -3.4039e+000 +2.9582e+000 +4.9687e+000 +2.5046e+000 -2.8941e+000 -3.7327e+000 +1.2537e+000 -1.4056e+000 +4.7938e-002 +3.4169e+000
49 +9.599013261e+002 +9.599013261e+002 +9.181613261e+002 +9.181613261e+002 -1.9113e-001 -2.2843e+000 +2.2760e+000 +3.4316e+000 +2.4113e+000 +3.8511e+000 +4.2735e+000 -3.3283e+000 -3.4238e+000 -4.1690e-001 -3.2635e+000 -3.5930e+000 +3.5044e+000 -2.7651e-003 -1.1116e+000 -1.8162e+000 -1.0747e+000 -2.7573e+000 -3.0445e+000 +9.1521e-001
149 +5.370917098e+002 +5.370917098e+002 +4.953517098e+002 +4.953517098e+002 +7.0881e-001 -2.3659e+000 +5.8604e+000 -2.4255e+000 +4.3168e+000 +4.1975e+000 -3.6833e-001 +5.5605e-001 +4.2356e-001 +3.2003e-001 -3.8617e+000 +3.6164e+000 +2.8456e+000 -1.8537e+000 -6.1523e+000 -1.5373e+000 -5.9688e-001 +1.1697e+000 -1.6469e+000 +2.0063e+000
442 +3.938018867e+002 +3.938018867e+002 +3.520618867e+002 +3.520618867e+002 +1.5501e-001 -2.5081e+000 +3.0562e+000 -6.6167e-002 +1.6982e+000 +4.3482e+000 -9.5407e-001 -1.0826e+000 -8.3464e-001 -1.1934e-001 -3.0624e+000 +2.8675e+000 +3.8268e-001 -1.7720e+000 -5.2029e+000 +3.5653e-001 -1.7933e+000 +1.6613e+000 -1.5666e+000 +4.2163e+000
1105 +2.192328095e+002 +2.192328095e+002 +1.774928095e+002 +1.774928095e+002 -1.1071e+000 -3.1510e+000 +3.2822e+000 +2.1355e+000 +3.2329e+000 +1.2668e+000 +3.5700e+000 -3.3643e+000 -5.7169e-001 +3.9570e+000 -4.1910e+000 +4.0782e+000 +2.0625e+000 -2.4339e+000 -4.5002e+000 +5.7933e-001 -1.1952e-001 +2.6334e+000 -1.0783e+000 +3.1879e+000
2245 +1.403442033e+002 +1.403442033e+002 +9.860420332e+001 +9.860420332e+001 -7.1478e-001 -1.8687e+000 +3.3544e+000 +1.9559e+000 +3.2977e+000 +7.8595e-001 +2.9348e+000 -2.9767e+000 -6.6748e-001 +4.1282e+000 -4.0375e+000 +4.1213e+000 +1.0911e+000 -1.9970e+000 -4.4159e+000 +1.3950e-001 -1.1371e-001 +2.5779e+000 -1.9485e+000 +3.2179e+000
3309 +9.711144799e+001 +9.711144799e+001 +5.537144799e+001 +5.537144799e+001 -7.0511e-001 -1.7783e+000 +2.4077e+000 +2.1448e+000 +2.8892e+000 +6.5844e-001 +2.8659e+000 -2.9290e+000 -7.0341e-001 +3.9849e+000 -3.9700e+000 +4.1594e+000 +1.0710e+000 -2.0186e+000 -4.3385e+000 +8.8066e-002 -1.4738e-001 +2.5686e+000 -1.8965e+000 +3.2189e+000
4592 +6.307284412e+001 +6.307284412e+001 +2.133284412e+001 +2.133284412e+001 -7.9844e-001 -1.8124e+000 +1.7071e+000 +2.1843e+000 +3.1317e+000 +5.3506e-001 +2.9938e+000 -2.9201e+000 -7.3452e-001 +4.0056e+000 -3.9825e+000 +4.1313e+000 +1.0796e+000 -2.0248e+000 -4.3356e+000 +9.5365e-002 -1.0913e-001 +2.6707e+000 -1.9086e+000 +3.2030e+000
% function evaluation | noise-free fitness - Fopt (-4.948600000000e+002) | best noise-free fitness - Fopt | measured fitness | best measured fitness | x1 | x2...
1 +1.271873316e+003 +1.271873316e+003 +7.770133156e+002 +7.770133156e+002 +3.9230e+000 +2.5764e+000 +2.4667e+000 +1.3311e+000 -4.0762e+000 +4.5796e+000 -2.1745e+000 -2.6423e+000 +5.4315e-001 -1.6012e+000 +4.5065e+000 -3.2527e-001 -1.9486e+000 -2.0788e+000 -4.6217e+000 -4.2009e+000 -9.2748e-002 -2.3455e-001 -4.9184e+000 +3.2018e+000
15 +9.828475280e+002 +9.828475280e+002 +4.879875280e+002 +4.879875280e+002 -6.2913e-001 +1.7304e+000 -3.5048e-001 +5.0436e-001 +9.9346e-001 -3.5939e+000 -3.4631e+000 +5.2615e-003 +3.6148e+000 -4.1150e+000 +4.3429e+000 -6.7833e-001 +1.3129e+000 -3.2157e-001 +4.5724e-001 -3.4168e+000 +4.0498e+000 +1.7645e+000 -2.7504e+000 -1.8500e+000
164 +6.218901411e+002 +6.218901411e+002 +1.270301411e+002 +1.270301411e+002 -3.5599e-001 -3.1093e+000 +2.4027e+000 -2.2254e+000 -1.3261e+000 -6.2121e+000 +1.8882e+000 +3.0042e-001 -1.2763e-001 -2.4524e-002 +1.8623e+000 +1.9947e+000 -9.9380e-001 -2.8845e-001 +3.7947e-001 -6.6923e+000 +3.3434e+000 +1.8110e+000 +3.8690e-001 +8.3456e-001
392 +3.430658988e+002 +3.430658988e+002 -1.517941012e+002 -1.517941012e+002 +2.9134e-001 +8.5146e-001 +2.4374e+000 -5.9263e+000 -5.4720e+000 -3.8331e+000 -2.3453e+000 +1.8281e+000 +2.3202e+000 +5.6344e+000 +3.5167e+000 +5.4846e-001 +4.6317e+000 -2.2047e+000 -1.8842e+000 -4.8864e+000 +1.9512e+000 +8.6602e-001 +1.1648e+000 +2.0582e+000
904 +2.348665927e+002 +2.348665927e+002 -2.599934073e+002 -2.599934073e+002 +2.9698e-001 +8.2752e-002 +1.7893e+000 -3.2168e+000 -5.5706e+000 -4.0905e+000 -1.9484e+000 -2.8738e-001 +1.9865e+000 +3.3955e+000 +3.0540e+000 +4.6496e-001 +2.9744e+000 -3.9552e+000 -2.4417e+000 -3.3464e+000 +1.3077e+000 +8.8994e-001 +7.6762e-001 +1.3662e+000
1936 +1.483982435e+002 +1.483982435e+002 -3.464617565e+002 -3.464617565e+002 +2.3101e-001 +7.4834e-001 +3.6471e+000 -1.1489e+000 -5.4069e+000 -4.0365e+000 -2.4682e+000 -2.3255e-001 +1.2381e+000 +2.8348e+000 +2.6976e+000 +5.2662e-001 +3.5411e+000 -3.6370e+000 -1.7887e+000 -3.7870e+000 +1.4197e+000 +1.0300e+000 +7.7345e-001 +7.8957e-001
3282 +9.603033868e+001 +9.603033868e+001 -3.988296613e+002 -3.988296613e+002 +2.4439e-001 +8.2728e-001 +4.7152e+000 -1.2281e+000 -5.3631e+000 -3.9840e+000 -2.4971e+000 -2.2217e-001 +1.0993e+000 +2.7823e+000 +2.5996e+000 +5.9474e-001 +3.4376e+000 -3.6874e+000 -1.7091e+000 -3.8049e+000 +1.3577e+000 +1.0160e+000 +7.6157e-001 +6.7287e-001
% function evaluation | noise-free fitness - Fopt (3.484000000000e+002) | best noise-free fitness - Fopt | measured fitness | best measured fitness | x1 | x2...
1 +2.007280184e+003 +2.007280184e+003 +2.355680184e+003 +2.355680184e+003 +1.4273e+000 -1.2551e+000 +1.4448e+000 -1.9862e+000 -2.8656e+000 -1.0377e+000 +4.3396e+000 +4.6906e+000 -1.0854e+000 -4.4272e+000 -2.6891e-001 +1.5462e+000 +2.4475e+000 -3.8361e+000 -6.0184e-001 +2.9044e+000 +2.4503e+000 +5.2165e-001 -2.4820e+000 -3.9558e+000
4 +8.454256652e+002 +8.454256652e+002 +1.193825665e+003 +1.193825665e+003 -4.0877e+000 -3.6847e+000 +1.9397e+000 -5.4072e-001 -3.9953e+000 -7.9771e-001 +1.9915e+000 -1.9763e-001 -4.5430e+000 +1.6435e-001 -2.3252e+000 +3.6767e-001 +2.6773e+000 +4.3336e+000 +1.2663e+000 -2.4151e+000 -2.5981e+000 +2.2050e+000 -2.9437e+000 +3.3004e+000
44 +6.298012611e+002 +6.298012611e+002 +9.782012611e+002 +9.782012611e+002 -2.9931e+000 -8.9674e-001 -2.7903e+000 +2.9206e+000 -3.2250e+000 +3.0455e+000 -4.1865e-001 -1.1502e-001 +4.4501e+000 +1.0851e+000 -3.6962e+000 -3.3464e+000 -1.5887e+000 -2.4181e+000 -4.8107e+000 +2.4667e+000 -3.3538e+000 -1.7556e+000 -1.7826e+000 +2.1171e+000
503 +3.489690368e+002 +3.489690368e+002 +6.973690368e+002 +6.973690368e+002 -9.7417e-001 +5.5535e-001 -2.0877e+000 -1.2164e+000 -3.6161e+000 +1.5630e+000 +8.6395e-001 -2.5708e+000 +5.9603e+000 +3.2895e+000 -2.4144e+000 -1.0026e+000 -1.2596e+000 +1.2249e-001 -5.3622e+000 +2.4655e+000 -3.3331e+000 +1.6634e+000 -3.5036e+000 +6.1593e-001
860 +2.428512628e+002 +2.428512628e+002 +5.912512628e+002 +5.912512628e+002 -1.5457e+000 -1.6964e+000 -2.2127e+000 -2.7337e+000 -7.3687e+000 -6.2927e-002 +2.0993e+000 -2.0431e-001 +2.9912e+000 +1.7190e+000 -1.4839e+000 -3.4443e-001 -2.8843e+000 +2.8270e+000 -2.4428e+000 +7.8017e-001 -2.4560e+000 +1.5964e+000 -3.8781e+000 +1.0008e+000
2509 +1.484080950e+002 +1.484080950e+002 +4.968080950e+002 +4.968080950e+002 +9.5646e-001 +5.4877e-001 -2.2684e+000 -3.9544e+000 -6.2684e+000 +4.0408e+000 +1.4707e+000 -2.6892e-001 +4.2185e+000 +2.6534e+000 -1.4829e+000 -6.3866e-002 -2.5467e+000 +5.2510e-001 -2.4388e+000 +1.0609e+000 -2.4982e+000 +1.6472e+000 -3.7470e+000 +1.2239e+000
4178 +9.784767852e+001 +9.784767852e+001 +4.462476785e+002 +4.462476785e+002 +1.1463e+000 +6.2050e-001 -2.3192e+000 -3.6148e+000 -6.1819e+000 +4.2455e+000 +1.2897e+000 -2.9450e-001 +4.4375e+000 +2.5143e+000 -1.4759e+000 -1.2352e-001 -2.5210e+000 +5.0632e-001 -2.4769e+000 +1.0723e+000 -2.4244e+000 +1.6739e+000 -3.7645e+000 +1.0650e+000
5672 +6.159536751e+001 +6.159536751e+001 +4.099953675e+002 +4.099953675e+002 +1.1223e+000 +5.3515e-001 -2.3137e+000 -3.6061e+000 -4.9975e+000 +3.5235e+000 +1.3104e+000 -2.6785e-001 +4.4111e+000 +2.5003e+000 -1.4893e+000 -1.7416e-001 -2.5479e+000 +5.6905e-001 -2.4562e+000 +1.0423e+000 -2.4543e+000 +1.6359e+000 -3.8044e+000 +1.0905e+000
% function evaluation | noise-free fitness - Fopt (3.770000000000e+000) | best noise-free fitness - Fopt | measured fitness | best measured fitness | x1 | x2...
1 +2.598637742e+003 +2.598637742e+003 +2.602407742e+003 +2.602407742e+003 +2.8000e+000 +1.0582e+000 +5.1236e-001 -3.0195e+000 -8.2243e-001 -4.3805e+000 +4.8729e+000 +1.0574e+000 +8.1813e-001 +4.9093e+000 -2.3471e+000 -3.7589e+000 -7.8267e-001 +3.1174e+000 -3.5597e+000 -4.2225e+000 +1.0142e+000 -4.5307e+000 -2.3338e-001 +4.5493e+000
3 +1.238382950e+003 +1.238382950e+003 +1.242152950e+003 +1.242152950e+003 -1.5708e+000 +2.9514e+000 -9.5647e-001 -4.0885e+000 -4.4054e+000 -3.2124e+000 +3.7753e+000 -1.2885e+000 -5.5999e-001 -2.5773e+000 -2.5582e+000 +4.5788e+000 +2.4202e+000 -9.6505e-001 +2.2681e+000 -1.3580e-001 -1.3313e+000 -2.6421e+000 +7.7199e-001 +2.6829e+000
7 +8.148923846e+002 +8.148923846e+002 +8.186623846e+002 +8.186623846e+002 +4.3062e+000 +2.4727e+000 -3.0941e+000 -4.5669e+000 -1.5256e-001 +4.3334e+000 +4.1352e+000 +1.1414e-001 -2.3590e+000 +1.2803e-001 -2.1038e+000 -1.3790e+000 -3.2753e+000 -1.5685e+000 -2.3955e+000 -1.2741e+000 -3.5072e+000 +1.2619e-001 +1.1168e+000 -2.4511e-001
184 +5.178596126e+002 +5.178596126e+002 +5.216296126e+002 +5.216296126e+002 +4.1993e+000 +3.2009e-001 -1.4350e+000 -8.0444e-001 -3.5130e+000 +2.5189e+000 +3.2349e+000 -1.8557e+000 -4.8348e+000 +9.1365e-001 +2.0554e-001 -1.3285e+000 -6.1224e+000 -3.2249e+000 -2.9502e+000 +1.6489e+000 +5.0315e-001 -8.4321e-001 +1.8280e+000 +3.0027e+000
366 +3.975398069e+002 +3.975398069e+002 +4.013098069e+002 +4.013098069e+002 +1.5145e+000 -1.0888e-001 -1.6093e+000 -3.9033e+000 -4.4862e+000 +9.3895e-001 +1.2243e+000 +2.9902e-001 -5.3040e+000 -1.0575e+000 +8.3046e-001 +6.0595e-001 -1.9783e+000 -3.8330e+000 -2.0296e+000 +2.7490e+000 +6.6700e-001 -2.3093e+000 +1.8851e+000 -3.6354e-001
717 +2.371745390e+002 +2.371745390e+002 +2.409445390e+002 +2.409445390e+002 +2.0629e+000 -8.9645e-001 -1.6180e+000 +5.5972e-001 -4.2137e+000 +8.6524e-001 +7.1622e-001 -8.5456e-001 -2.1318e+000 -1.2249e+000 +1.1836e+000 +2.0651e+000 -2.8118e-001 -3.9871e+000 -2.1491e+000 +3.2778e+000 +6.8544e-001 -3.0988e+000 +1.6559e+000 +1.0006e+000
1360 +1.530719371e+002 +1.530719371e+002 +1.568419371e+002 +1.568419371e+002 +2.8253e+000 +7.4670e-001 -1.4279e+000 +3.5024e+000 -4.9779e+000 +6.8911e-001 +2.0017e+000 -5.5406e-001 -3.4695e+000 -1.1168e+000 +2.5987e+000 +1.9644e+000 -1.7405e+000 -4.0178e+000 -2.2109e+000 +1.4904e+000 +3.3366e-001 -1.7554e+000 +1.9747e+000 +1.3210e+000
3078 +9.979786716e+001 +9.979786716e+001 +1.035678672e+002 +1.035678672e+002 +2.8223e+000 +1.0413e+000 -1.3716e+000 +3.5863e+000 -4.2144e+000 +7.5237e-001 +2.0392e+000 -1.3623e+000 -3.7720e+000 +5.1036e-001 +2.5963e+000 +1.6225e+000 -1.8871e-001 -3.9142e+000 -3.0837e+000 +2.6572e+000 +5.2850e-001 -2.0543e+000 +1.9608e+000 +1.2606e+000
4521 +6.256515485e+001 +6.256515485e+001 +6.633515485e+001 +6.633515485e+001 +2.9008e+000 +6.5685e-001 -1.3279e+000 +3.6648e+000 -4.2604e+000 +7.3530e-001 +2.0840e+000 -1.2598e+000 -3.7281e+000 +4.5156e-001 +2.6097e+000 +1.6375e+000 -2.1665e-001 -3.9990e+000 -3.1277e+000 +2.6016e+000 +5.9138e-001 -2.0561e+000 +1.9584e+000 +1.2649e+000
% function evaluation | noise-free fitness - Fopt (3.770000000000e+001) | best noise-free fitness - Fopt | measured fitness | best measured fitness | x1 | x2...
1 +1.236240182e+003 +1.236240182e+003 +1.273940182e+003 +1.273940182e+003 +1.9000e+000 -4.5113e+000 +1.7827e+000 +3.2667e+000 -4.9096e+000 +1.6848e+000 -2.1490e+000 +2.5652e+000 +4.9133e+000 -9.9640e-001 +3.0042e-001 -9.0003e-001 -4.5471e+000 -4.3043e+000 +5.9901e-001 -1.3602e+000 -4.9253e+000 -2.9167e+000 -1.2809e+000 +2.5463e-001
10 +9.106195671e+002 +9.106195671e+002 +9.483195671e+002 +9.483195671e+002 +1.2853e+000 -8.2846e-001 +4.8794e+000 -2.4814e-002 +9.9717e-001 -4.0048e-001 -1.9021e+000 -3.8277e+000 +2.9745e+000 -2.5600e+000 +2.2927e+000 -3.7095e+000 -1.6628e+000 +2.7816e+000 -4.6186e+000 +1.5211e+000 -1.9835e-001 -3.8803e+000 +2.2837e+000 +5.9403e-001
191 +5.812347949e+002 +5.812347949e+002 +6.189347949e+002 +6.189347949e+002 +5.8173e+000 +2.0551e+000 -2.3647e+000 +1.2157e-001 -1.9428e+000 -2.3838e+000 -2.7592e-001 -3.5745e+000 -7.8763e-001 -3.5332e+000 +5.6580e-001 -1.6432e+000 +6.5675e-002 -1.7512e+000 +1.6116e+000 +1.9572e+000 -5.1724e+000 -1.8403e+000 +5.2639e+000 +1.5726e+000
394 +3.947106437e+002 +3.947106437e+002 +4.324106437e+002 +4.324106437e+002 +3.2638e+000 -5.0578e-001 -2.7268e+000 -2.3620e+000 +5.6100e+000 -2.2329e+000 +1.3934e-001 -1.6083e+000 +3.2621e+000 -1.7482e+000 -4.6733e-001 -4.4378e+000 +5.5772e-001 -1.3861e+000 +4.8010e-001 +8.1005e-001 -3.2620e+000 -6.0919e-001 +2.4236e+000 +1.2872e+000
910 +2.469833128e+002 +2.469833128e+002 +2.846833128e+002 +2.846833128e+002 +4.7703e+000 -4.6134e-001 -4.4455e+000 -3.9244e-003 +4.5400e+000 +3.9545e+000 +1.5404e+000 -2.3826e+000 +7.4363e-001 -1.2914e+000 -1.6846e-001 -1.1427e+000 +1.6518e+000 +2.5430e+000 +2.3285e+000 +1.5020e+000 -2.8394e+000 -1.1408e+000 +3.6363e+000 +4.9777e-001
1945 +1.427785085e+002 +1.427785085e+002 +1.804785085e+002 +1.804785085e+002 +2.1706e+000 +2.6487e-001 -1.7759e+000 -9.7611e-001 +4.1151e+000 +3.8537e+000 +1.0550e+000 -1.4851e+000 +3.9582e+000 -1.8597e+000 -1.1994e+000 -2.6177e+000 +1.2540e-001 +6.1502e-001 +2.7640e+000 +5.6084e-001 -2.0566e+000 -1.5736e+000 +3.3298e+000 +8.9723e-001
3318 +9.867306493e+001 +9.867306493e+001 +1.363730649e+002 +1.363730649e+002 +2.1524e+000 +2.8355e-001 -1.7181e+000 -1.1981e+000 +3.9882e+000 +3.7340e+000 +1.3998e+000 -1.4332e+000 +3.9510e+000 -1.7721e+000 -1.1907e+000 -2.5510e+000 +1.3972e-001 +6.4620e-001 +2.7194e+000 +5.7149e-001 -2.0751e+000 -1.5848e+000 +3.3614e+000 +9.0984e-001
% function evaluation | noise-free fitness - Fopt (6.956900000000e+002) | best noise-free fitness - Fopt | measured fitness | best measured fitness | x1 | x2...
1 +2.856186136e+003 +2.856186136e+003 +3.551876136e+003 +3.551876136e+003 +4.0217e+000 -3.3885e+000 -3.1244e+000 +1.5231e+000 +4.2636e+000 +5.3046e-001 +1.1020e+000 -4.5719e+000 +3.2706e+000 -4.9045e+000 +4.9588e+000 -2.5576e+000 -5.1334e-001 +4.5961e+000 -1.5785e+000 +3.0933e+000 -3.9218e+000 +3.3095e+000 -3.2162e+000 +2.8087e+000
5 +2.378952987e+003 +2.378952987e+003 +3.074642987e+003 +3.074642987e+003 +9.6744e-001 -1.8648e+000 -4.3794e+000 -2.5563e+000 +5.0275e-001 -1.7171e+000 -2.0322e+000 +4.8277e+000 -1.5880e+000 -4.6265e+000 -5.4910e-001 +3.6830e+000 +3.3297e+000 -3.2406e+000 -9.8330e-001 -1.4901e+000 -1.6932e+000 +4.3238e+000 -8.9966e-001 +2.7574e+000
10 +8.543488602e+002 +8.543488602e+002 +1.550038860e+003 +1.550038860e+003 +2.0497e+000 +3.9319e+000 -2.2896e+000 +2.4926e+000 +1.9020e+000 -3.3575e+000 +7.6652e-001 -9.6744e-001 +2.1532e+000 -1.9260e+000 +2.9163e+000 +1.2940e+000 -8.0236e-001 -4.0126e+000 -1.0011e+000 -2.1646e+000 +2.5403e+000 +2.8363e+000 -2.0665e+000 +8.6856e-001
136 +4.839186228e+002 +4.839186228e+002 +1.179608623e+003 +1.179608623e+003 +9.5035e-001 -3.1735e+000 -2.4117e+000 -5.4062e-001 -7.1641e-001 -5.6448e+000 +9.9565e-001 -2.8348e+000 +2.7378e+000 -1.9690e-001 -5.9998e-001 -9.1202e-001 +1.9300e+000 -1.6298e+000 -4.8754e+000 -2.1183e+000 -4.4054e-001 +3.5551e+000 -2.9136e+000 -1.9455e+000
384 +3.303915680e+002 +3.303915680e+002 +1.026081568e+003 +1.026081568e+003 +1.0731e-001 -1.7970e-001 -2.9353e+000 -6.3821e-001 -6.6333e-001 -5.9334e+000 +1.0831e+000 -1.6930e-001 +1.7115e+000 -2.4162e+000 -1.3780e+000 -1.3281e+000 +4.3478e+000 +9.7422e-001 -1.5908e+000 -2.2381e+000 +4.8644e-001 +3.2652e+000 -2.8353e+000 -3.0662e+000
940 +2.506693820e+002 +2.506693820e+002 +9.463593820e+002 +9.463593820e+002 -2.7629e+000 -6.4836e+000 -1.5346e+000 +1.4404e-001 -1.1604e-001 -6.6756e+000 +2.3928e+000 +1.8131e+000 -3.1258e-001 -1.2192e+000 +1.3487e+000 -1.2581e+000 +2.6959e+000 -5.8322e-001 -1.0612e+000 -1.3175e+000 +2.3857e-001 +1.7981e+000 -3.1868e+000 -2.6276e+000
1904 +1.489319153e+002 +1.489319153e+002 +8.446219153e+002 +8.446219153e+002 -1.2956e+000 -4.7892e+000 -3.2608e+000 +8.3108e-002 -6.2583e-001 -5.4607e+000 +2.7625e+000 +1.0932e+000 -1.4565e-001 -1.4320e+000 +1.4979e+000 -1.2371e+000 +3.0572e+000 -4.0469e-001 -1.0748e+000 -1.3626e+000 +2.2158e+000 +1.1207e+000 -3.1585e+000 -3.3885e+000
3645 +9.914048161e+001 +9.914048161e+001 +7.948304816e+002 +7.948304816e+002 -1.2760e+000 -4.9785e+000 -3.2043e+000 +3.7479e-001 -5.5382e-001 -5.1903e+000 +2.6105e+000 +1.0492e+000 -1.2087e-001 -1.4441e+000 +1.4523e+000 -1.2226e+000 +3.0040e+000 -3.9880e-001 -1.0455e+000 -1.4006e+000 +2.1330e+000 +1.3859e+000 -3.2344e+000 -3.2718e+000
5870 +6.217665209e+001 +6.217665209e+001 +7.578666521e+002 +7.578666521e+002 -1.2445e+000 -4.8920e+000 -3.2295e+000 +2.1376e+000 -6.2738e-001 -3.8046e+000 +2.3486e+000 +1.0516e+000 +2.8184e-001 -1.4235e+000 +1.4895e+000 -1.1513e+000 +3.0725e+000 -4.0277e-001 -1.0930e+000 -1.4169e+000 +2.1210e+000 +1.0702e+000 -3.6236e+000 -3.3088e+000
% function evaluation | noise-free fitness - Fopt (-1.180300000000e+002) | best noise-free fitness - Fopt | measured fitness | best measured fitness | x1 | x2...
1 +1.305196205e+003 +1.305196205e+003 +1.187166205e+003 +1.187166205e+003 -2.2189e-001 -4.7904e+000 -8.7194e-001 +2.2926e+000 +4.9040e+000 -2.0968e+000 -3.7143e+000 -4.4468e-001 +4.9891e+000 +1.3260e+000 +4.0698e-001 -4.7145e-001 -9.1907e-001 +9.4515e-001 -3.8572e+000 -2.0205e+000 +1.4515e+000 -8.6852e-001 -2.0279e-001 -3.5761e+000
70 +8.479501490e+002 +8.479501490e+002 +7.299201490e+002 +7.299201490e+002 -5.2265e+000 +3.5193e+000 -2.4276e+000 -2.7103e+000 -5.2179e+000 -2.4379e+000 -3.5968e+000 -5.7008e-001 -1.7167e+000 +3.3389e+000 +1.1655e+000 -6.1725e-001 -5.3765e+000 -4.7595e+000 -2.3100e+000 +1.2543e+000 +3.7015e+000 -3.3556e+000 +4.3614e+000 -2.1287e+000
148 +5.122111839e+002 +5.122111839e+002 +3.941811839e+002 +3.941811839e+002 +2.7163e-001 -5.1297e-001 -1.7708e+000 -5.6799e+000 -4.6177e+000 -2.0521e+000 -2.9940e-001 -6.1847e-001 -3.7264e-001 +2.2363e+000 +2.5464e-001 -2.8937e+000 +1.2160e+000 -1.5345e+000 +6.4115e-001 +1.3022e+000 +5.1531e+000 -2.1259e+000 +2.8298e+000 -2.7981e+000
251 +3.689880053e+002 +3.689880053e+002 +2.509580053e+002 +2.509580053e+002 +2.4843e+000 -8.0392e-001 -7.3525e-001 -4.8492e+000 -9.6963e+000 -1.2809e+000 -3.7275e+000 +4.8546e-001 +1.1828e+000 +1.9592e+000 -1.2393e+000 +3.0119e+000 +2.7397e+000 -1.0270e+000 +8.1001e-002 +4.3713e-001 +5.0511e+000 -3.6175e-001 +1.4318e+000 -2.4009e+000
795 +2.362658103e+002 +2.362658103e+002 +1.182358103e+002 +1.182358103e+002 -3.2590e+000 +1.5814e+000 -3.1312e-001 -2.0564e+000 -5.4893e+000 -1.0111e+000 -4.0895e+000 +9.6568e-002 -1.1073e+000 +1.7711e+000 -4.1497e-001 +6.8603e-001 +1.8732e+000 -2.9925e+000 +6.7966e-001 +9.0992e-001 +4.0018e+000 -5.8541e-001 +1.4763e+000 -3.0228e+000
1858 +1.558759483e+002 +1.558759483e+002 +3.784594827e+001 +3.784594827e+001 -9.7760e-001 +5.7122e-001 -3.1896e-001 -2.4738e+000 -3.7456e+000 -2.3437e+000 -1.8139e+000 -1.4679e+000 -1.0063e+000 +2.6526e+000 -1.9597e+000 +1.4828e+000 +2.7363e+000 -3.2484e+000 +6.4385e-001 +3.1154e-002 +3.7443e+000 -4.6629e-002 +2.0586e+000 -2.9914e+000
5298 +9.993629048e+001 +9.993629048e+001 -1.809370952e+001 -1.809370952e+001 -9.2956e-001 +5.8251e-001 -2.8758e-001 -1.7108e+000 -1.9850e+000 -3.2056e+000 -2.6705e+000 -5.6239e-002 -1.0137e+000 +2.6265e+000 -1.8749e+000 +1.5944e+000 +2.7477e+000 -1.8881e+000 +6.4366e-001 +1.0413e-002 +4.3260e+000 +6.4723e-002 +2.9756e+000 -2.9548e+000
% function evaluation | noise-free fitness - Fopt (4.816000000000e+001) | best noise-free fitness - Fopt | measured fitness | best measured fitness | x1 | x2...
1 +1.618692244e+003 +1.618692244e+003 +1.666852244e+003 +1.666852244e+003 +3.5249e+000 -4.8840e+000 +3.8013e+000 -9.3180e-001 +3.5431e+000 -2.3892e+000 +4.3090e+000 -2.1034e+000 +3.3689e+000 +3.7705e+000 -1.7000e+000 +2.9284e+000 -1.0631e+000 +3.7927e+000 -2.5706e+000 +1.6225e+000 +3.7301e+000 +2.8789e+000 +2.0011e+000 +3.1336e+000
4 +1.141212204e+003 +1.141212204e+003 +1.189372204e+003 +1.189372204e+003 -4.5972e+000 +7.5335e-001 -2.8548e+000 -4.2638e+000 -1.3035e+000 +8.7964e-001 +4.4542e+000 +2.0440e-001 -9.4849e-001 +2.5220e+000 +4.5470e+000 -2.6237e+000 +3.9602e+000 +4.6458e+000 -1.3534e+000 -1.0850e+000 +3.5208e+000 -3.9238e+000 -4.8608e+000 -3.7223e+000
10 +8.900194727e+002 +8.900194727e+002 +9.381794727e+002 +9.381794727e+002 -4.1324e+000 +8.5247e-002 +1.6187e+000 -3.2585e+000 -1.4027e+000 +3.1609e+000 +1.4784e+000 +1.2138e+000 +1.0637e-001 +3.6063e+000 +2.2085e+000 -3.2576e+000 +3.1192e+000 +3.6697e+000 -4.5402e+000 +2.5839e+000 +1.8249e+000 -2.9479e+000 -3.2081e+000 -4.3528e+000
127 +5.065579476e+002 +5.065579476e+002 +5.547179476e+002 +5.547179476e+002 -4.9987e+000 -5.7042e+000 -3.7925e+000 -4.3457e+000 +8.8236e-001 +2.2961e-001 -2.5646e+000 +9.5364e-001 -2.2584e+000 +7.8041e-001 +2.0956e+000 -3.5434e+000 -1.7858e+000 +4.8362e+000 -2.3281e+000 -7.8434e-001 +1.2944e-001 -2.9128e-001 -2.4501e+000 -1.1074e+000
504 +3.911073910e+002 +3.911073910e+002 +4.392673910e+002 +4.392673910e+002 -1.2197e+000 -2.6838e+000 -1.8019e+000 -1.7060e+000 +1.9555e+000 -3.0133e+000 +5.0516e-001 -8.9775e-002 -2.2633e+000 +1.4464e+000 +1.8784e+000 -1.7145e+000 -2.1374e-002 +8.9340e-001 -1.1951e+000 +1.6592e+000 +1.4461e+000 +6.3675e-001 -7.9075e-001 -6.0170e-001
1098 +2.473708463e+002 +2.473708463e+002 +2.955308463e+002 +2.955308463e+002 -3.2795e+000 +4.6187e+000 -4.9547e+000 -1.7359e+000 +4.8017e-001 +2.1508e+000 -2.6891e+000 +2.7140e-002 -1.1327e+000 +7.5917e-001 +1.7347e+000 +3.6669e-001 +3.4749e+000 +3.4383e+000 -3.9612e+000 -4.2901e-001 +3.3278e+000 +1.5567e+000 -1.2312e+000 -2.0683e+000
2244 +1.499708966e+002 +1.499708966e+002 +1.981308966e+002 +1.981308966e+002 -1.6100e+000 +1.0680e+000 -4.2443e+000 -2.7237e-001 +8.7728e-001 +3.4037e+000 -2.9190e+000 +5.7513e-001 -6.4794e-001 -7.8390e-001 +1.8669e+000 -8.9018e-001 +3.4538e+000 +3.8412e+000 -4.7684e+000 -3.2055e-001 +2.6473e+000 +2.3561e+000 -7.6701e-002 -8.6641e-001
5168 +9.956975841e+001 +9.956975841e+001 +1.477297584e+002 +1.477297584e+002 -1.6532e+000 +1.1421e+000 -4.4430e+000 +2.6816e-001 +9.3307e-001 +2.4944e+000 -2.8426e+000 +5.0881e-001 -6.8951e-001 -8.3071e-001 +1.8599e+000 -9.7691e-001 +3.4716e+000 +3.7994e+000 -4.7290e+000 -2.8206e-001 +2.6503e+000 +2.3425e+000 -6.5525e-002 -9.0778e-001
% function evaluation | noise-free fitness - Fopt (8.384000000000e+001) | best noise-free fitness - Fopt | measured fitness | best measured fitness | x1 | x2...
1 +9.164226843e+003 +9.164226843e+003 +9.248066843e+003 +9.248066843e+003 -8.1184e-001 -3.9471e+000 +2.3706e+000 +3.3798e-001 +4.7878e+000 +2.6925e+000 -1.6663e+000 -3.2687e+000 -4.8682e+000 +1.6532e+000 +1.6241e+000 +3.9571e+000 -3.3827e+000 -2.4918e+000 +4.5600e+000 -4.2388e-001 +3.9618e+000 +2.1359e+000 +3.9837e+000 +2.6950e+000
4 +5.103814211e+003 +5.103814211e+003 +5.187654211e+003 +5.187654211e+003 +2.0036e+000 +3.8611e+000 -1.3157e+000 +3.8884e+000 +2.6127e+000 +4.8867e+000 -4.0428e+000 +6.8475e-001 -7.5411e-001 -4.2370e+000 +4.8338e+000 -2.3711e+000 -7.7091e-001 +2.1356e+000 +2.5991e+000 +4.2461e+000 -8.8713e-001 +4.8435e+000 +2.6211e+000 +2.2315e+000
5 +2.005123263e+003 +2.005123263e+003 +2.088963263e+003 +2.088963263e+003 +3.6790e+000 +4.7736e+000 +1.3095e+000 +2.4724e+000 -8.2885e-001 -4.1269e+000 +2.2895e+000 +4.5680e+000 -7.1648e-001 -5.0445e-001 -3.6486e-001 -4.6665e+000 +2.9352e+000 -3.1946e+000 -7.2978e-001 +4.8722e+000 +1.9588e+000 +2.8285e+000 +6.6237e-001 -1.6109e+000
10 +1.575272408e+003 +1.575272408e+003 +1.659112408e+003 +1.659112408e+003 +7.5468e-001 +6.1029e-001 +4.6417e+000 +2.9753e+000 -4.6912e+000 -4.1456e+000 +1.2867e+000 -3.4361e+000 +3.8222e+000 -6.2889e-001 +1.6436e+000 -1.9920e+000 +2.7816e+000 -1.0148e+000 -4.9864e+000 +4.3326e+000 -4.3068e+000 +3.5313e+000 -5.1832e-001 -4.5899e+000
22 +8.140348336e+002 +8.140348336e+002 +8.978748336e+002 +8.978748336e+002 +2.3000e-001 -1.7698e+000 +1.0921e-001 -1.6443e+000 -4.6668e+000 -3.5706e+000 -2.0132e+000 -1.1920e+000 -2.2351e+000 +2.2946e+000 -7.7248e-001 -1.6267e+000 -1.1563e+000 -2.0650e+000 -6.3082e-001 +4.0409e+000 -2.0965e+000 +4.3758e+000 -2.5846e+000 -1.1498e+000
82 +6.002743698e+002 +6.002743698e+002 +6.841143698e+002 +6.841143698e+002 -4.3497e-001 -5.0721e+000 -3.2040e-001 +1.0409e+000 -7.1329e+000 -3.5321e+000 -8.8867e-001 -2.8120e+000 -2.8218e+000 -1.4068e+000 +2.3155e+000 -1.6523e+000 +2.3072e-001 +1.4356e+000 +2.8558e+000 +2.3274e+000 +1.6986e+000 +1.0996e+000 -2.5949e+000 -5.2592e+000
401 +3.859838102e+002 +3.859838102e+002 +4.698238102e+002 +4.698238102e+002 -1.0882e+000 -3.7370e+000 -5.4821e-001 -2.9284e-001 -6.1564e+000 -3.5479e+000 -1.1519e+000 -1.7027e+000 -2.5210e+000 -2.3172e+000 +1.2626e+000 +4.7737e-001 -7.9682e-001 +7.0051e-001 +1.6458e+000 +2.7409e+000 +7.5797e-002 +1.9911e+000 -2.6135e+000 -3.8688e+000
863 +2.503354867e+002 +2.503354867e+002 +3.341754867e+002 +3.341754867e+002 -3.3877e+000 +4.7749e+000 +9.9861e-001 -8.2138e-001 -2.9569e+000 -2.8287e+000 -9.7683e-001 -2.3275e+000 -2.4230e+000 -1.6944e+000 -3.5643e-001 +2.3634e+000 -1.6248e+000 +1.5540e+000 +2.1772e+000 +1.4857e+000 -7.6301e-001 +2.3834e+000 -3.3345e+000 -2.8432e+000
2173 +1.318652858e+002 +1.318652858e+002 +2.157052858e+002 +2.157052858e+002 -3.8352e+000 +4.3711e+000 -4.0056e-001 -8.7296e-001 -3.0196e+000 +5.6447e-002 -3.7320e-001 -2.5900e+000 -2.1824e+000 -1.7052e+000 +3.5316e-002 +2.8228e+000 -1.6924e+000 +1.4142e+000 +1.8824e+000 +1.4253e+000 -8.4414e-001 +2.1354e+000 -3.3852e+000 -3.5516e+000
3838 +9.758676586e+001 +9.758676586e+001 +1.814267659e+002 +1.814267659e+002 -3.6856e+000 +4.4794e+000 -5.3495e-001 -8.6569e-001 -2.8950e+000 -1.9585e-001 -3.8558e-001 -2.6744e+000 -2.1832e+000 -1.6813e+000 +7.2957e-002 +2.9572e+000 -1.5949e+000 +2.0738e+000 +1.5009e+000 +1.4050e+000 -8.7275e-001 +2.0973e+000 -3.3790e+000 -3.5855e+000
5605 +6.261600976e+001 +6.261600976e+001 +1.464560098e+002 +1.464560098e+002 -3.6457e+000 +4.5020e+000 -4.8779e-001 -8.8206e-001 -2.8991e+000 +2.4546e-001 -3.5538e-001 -2.6866e+000 -2.0543e+000 -1.7002e+000 +7.2440e-002 +2.9914e+000 -1.6855e+000 +2.0532e+000 +1.4730e+000 +1.6925e+000 -8.5382e-001 +2.1180e+000 -3.3946e+000 -3.6075e+000
% function evaluation | noise-free fitness - Fopt (1.536000000000e+001) | best noise-free fitness - Fopt | measured fitness | best measured fitness | x1 | x2...
1 +3.369339925e+003 +3.369339925e+003 +3.384699925e+003 +3.384699925e+003 +4.5857e+000 -4.5458e+000 +1.5739e+000 +4.6263e+000 +3.8072e+000 +1.5417e+000 -4.8205e+000 -4.2125e+000 -3.6805e+000 -1.6997e+000 +3.8348e+000 +4.8174e+000 +2.8904e+000 -1.0438e+000 +1.1970e+000 +4.2729e+000 +9.4024e-001 +1.3673e-001 -2.4461e-001 -2.2094e+000
5 +1.353450824e+003 +1.353450824e+003 +1.368810824e+003 +1.368810824e+003 -1.0322e+000 -4.0710e+000 -3.6755e+000 +1.6226e-001 -3.7834e+000 +1.3956e+000 -9.7116e-001 +4.4996e+000 -3.8935e+000 +3.1519e+000 -2.5721e+000 -4.3507e+000 -1.4380e+000 +1.2743e+000 +4.8165e+000 -4.1653e+000 +1.6711e+000 -2.8889e+000 -8.9744e-002 -1.7108e+000
20 +9.966392176e+002 +9.966392176e+002 +1.011999218e+003 +1.011999218e+003 -9.6248e-001 +2.2460e+000 +1.3004e+000 -4.0150e+000 -1.1024e+000 +4.9276e+000 -4.0831e+000 -1.0446e+000 +1.1475e+000 +1.0075e+000 -1.8672e+000 +1.8652e-001 -2.6522e+000 -4.0639e+000 +2.6503e+000 -4.6610e-001 +3.2733e+000 -2.6293e+000 -2.6733e+000 -2.6608e+000
158 +5.999010316e+002 +5.999010316e+002 +6.152610316e+002 +6.152610316e+002 -1.8061e-001 +1.5863e+000 -2.4317e+000 -2.6007e+000 +1.3331e+000 -5.0457e-001 -8.4695e-002 +6.7782e-001 -7.6539e-001 +7.9250e-001 -3.0560e+000 -2.9336e+000 -2.9702e+000 -2.1698e+000 +1.4685e+000 -1.1845e+000 +1.9707e+000 +1.2218e+000 -6.9167e+000 -4.9017e+000
461 +3.590636864e+002 +3.590636864e+002 +3.744236864e+002 +3.744236864e+002 -1.9467e-001 +1.3419e+000 -1.5591e+000 -2.5216e+000 +4.9320e-001 -5.8656e-001 -2.7973e-001 +1.0936e+000 -1.1010e+000 -8.7561e-001 -1.8497e+000 -1.2175e+000 -2.5100e+000 +3.9888e-001 +1.6664e+000 -6.4028e-001 +2.1480e+000 +3.6442e+000 -3.9534e+000 -2.0279e+000
977 +2.474198479e+002 +2.474198479e+002 +2.627798479e+002 +2.627798479e+002 -1.0040e+000 -1.5311e-001 -2.5214e+000 -4.6768e-001 -1.5639e+000 -1.1545e+000 -2.6810e+000 +4.5184e-002 -2.5423e+000 -1.2503e+000 -3.1822e+000 -2.2686e+000 -2.1863e+000 -9.6714e-001 +3.6938e+000 -1.4261e+000 +2.4557e+000 +4.5281e+000 -4.7823e+000 -2.0664e+000
2067 +1.114807882e+002 +1.114807882e+002 +1.268407882e+002 +1.268407882e+002 -3.0131e-001 -7.1443e-002 -3.1925e+000 -8.4389e-001 -1.0753e+000 -2.5357e+000 -2.5448e+000 -2.7380e+000 -1.7298e+000 -3.4275e+000 -2.9744e+000 -3.1989e+000 -2.7034e+000 +7.2355e-003 +3.7331e+000 -1.6891e+000 +2.0264e+000 +4.2751e+000 -3.8125e+000 -1.2450e+000
3893 +9.505019516e+001 +9.505019516e+001 +1.104101952e+002 +1.104101952e+002 -2.4398e-001 -1.0382e-001 -3.0778e+000 -8.0679e-001 -1.2099e+000 -2.3196e+000 -2.4946e+000 -2.1051e+000 -1.7856e+000 -3.4033e+000 -2.8029e+000 -3.2165e+000 -2.6511e+000 -3.7086e-001 +3.2819e+000 -1.6761e+000 +2.0299e+000 +4.2844e+000 -3.8103e+000 -1.5441e+000
5379 +6.303388571e+001 +6.303388571e+001 +7.839388571e+001 +7.839388571e+001 -1.9709e-001 -8.3690e-003 -3.1067e+000 -8.1774e-001 -1.1863e+000 -2.4102e+000 -2.4989e+000 -2.0833e+000 -1.7574e+000 -3.4158e+000 -2.7233e+000 -3.2441e+000 -2.6534e+000 -4.4178e-001 +3.3480e+000 -1.6489e+000 +2.0650e+000 +4.2493e+000 -3.8608e+000 -1.6024e+000
