% function evaluation | noise-free fitness - Fopt (-4.620900000000e+002) | best noise-free fitness - Fopt | measured fitness | best measured fitness | x1 | x2...
1 +5.049240472e+003 +5.049240472e+003 +4.587150472e+003 +4.587150472e+003 +6.2187e+000 +1.0898e+001 +1.0200e+001 +1.0781e+001 +5.3137e+000
4 +2.883387847e+003 +2.883387847e+003 +2.421297847e+003 +2.421297847e+003 +1.1195e+001 +7.6463e+000 +6.0196e+000 +8.8176e+000 +5.2679e+000
212 +1.999135404e+003 +1.999135404e+003 +1.537045404e+003 +1.537045404e+003 +1.4115e+001 +1.0840e+001 +1.2309e+001 +3.7360e+000 +5.6899e+000
296 +1.289876087e+003 +1.289876087e+003 +8.277860875e+002 +8.277860875e+002 +9.2560e+000 +4.1942e+000 +9.2715e+000 +6.2681e+000 +1.5638e+000
346 +7.013912314e+002 +7.013912314e+002 +2.393012314e+002 +2.393012314e+002 +6.2187e+000 +1.0898e+001 +7.3977e+000 +4.4576e+000 +2.8229e+000
349 +5.825812761e+002 +5.825812761e+002 +1.204912761e+002 +1.204912761e+002 +4.9735e+000 +1.1206e+001 +6.0196e+000 +4.2369e+000 +1.6552e+000
543 +2.943123560e+002 +2.943123560e+002 -1.677776440e+002 -1.677776440e+002 +7.7717e+000 +5.9051e+000 +2.7196e+000 +3.9514e+000 +9.6521e-001
574 +2.466901397e+002 +2.466901397e+002 -2.153998603e+002 -2.153998603e+002 +2.4677e+000 +6.0491e+000 +4.2713e+000 +4.1327e+000 +8.4282e-001
640 +1.529790384e+002 +1.529790384e+002 -3.091109616e+002 -3.091109616e+002 +5.3942e+000 +4.7741e+000 +1.3185e+000 +2.0304e+000 +1.3119e+000
790 +9.075610942e+001 +9.075610942e+001 -3.713338906e+002 -3.713338906e+002 +4.0997e+000 +3.1043e+000 +7.2009e-001 +1.6225e+000 +1.3748e+000
871 +4.767084452e+001 +4.767084452e+001 -4.144191555e+002 -4.144191555e+002 -2.1278e+000 +5.0480e+000 +2.1104e+000 +1.8327e+000 +3.0228e+000
1046 +1.586027761e+001 +1.586027761e+001 -4.462297224e+002 -4.462297224e+002 -1.4136e+000 +2.2261e+000 +1.6453e+000 +1.6262e+000 +1.6264e+000
1226 +9.464962330e+000 +9.464962330e+000 -4.526250377e+002 -4.526250377e+002 -1.3847e+000 +2.9542e+000 +1.6115e+000 +1.2113e+000 +2.2655e+000
% function evaluation | noise-free fitness - Fopt (7.766000000000e+001) | best noise-free fitness - Fopt | measured fitness | best measured fitness | x1 | x2...
1 +1.640526784e+004 +1.640526784e+004 +1.648292784e+004 +1.648292784e+004 +6.0043e+000 +1.2593e+001 +1.1772e+001 +6.6087e+000 +7.0284e+000
10 +9.793329499e+003 +9.793329499e+003 +9.870989499e+003 +9.870989499e+003 +8.6779e+000 +6.3265e+000 +6.8288e+000 +8.8399e+000 +6.1279e+000
82 +1.972675596e+003 +1.972675596e+003 +2.050335596e+003 +2.050335596e+003 +1.0985e+001 +4.2929e+000 +8.9507e+000 +5.1411e+000 +1.7811e+000
355 +1.216039139e+003 +1.216039139e+003 +1.293699139e+003 +1.293699139e+003 +8.2135e+000 +4.6485e-001 +8.7196e+000 +5.8918e+000 -2.9752e+000
370 +9.579357376e+002 +9.579357376e+002 +1.035595738e+003 +1.035595738e+003 +6.6699e+000 +8.3286e+000 +5.8905e+000 +6.0064e+000 -7.8433e-001
438 +5.514341500e+002 +5.514341500e+002 +6.290941500e+002 +6.290941500e+002 +1.1292e+001 +4.7718e+000 +3.0888e+000 +5.8993e+000 +4.2472e-001
511 +3.213045572e+002 +3.213045572e+002 +3.989645572e+002 +3.989645572e+002 +1.1183e+001 +3.7446e+000 +2.8447e+000 +5.5042e+000 -1.8340e+000
587 +1.722147246e+002 +1.722147246e+002 +2.498747246e+002 +2.498747246e+002 +6.0839e+000 +3.7446e+000 -3.6074e+000 +5.5042e+000 -1.8340e+000
661 +1.111409220e+002 +1.111409220e+002 +1.888009220e+002 +1.888009220e+002 +7.3905e+000 +1.1074e+000 -3.6074e+000 +5.3702e+000 -1.8340e+000
735 +8.857178133e+001 +8.857178133e+001 +1.662317813e+002 +1.662317813e+002 +7.4856e+000 +7.3170e-001 -3.7688e+000 +5.2385e+000 -2.0553e+000
914 +4.210944454e+001 +4.210944454e+001 +1.197694445e+002 +1.197694445e+002 +6.6398e+000 +5.2865e-001 -2.0783e-001 +3.8215e+000 -2.4950e+000
1173 +3.746040941e+001 +3.746040941e+001 +1.151204094e+002 +1.151204094e+002 +5.4392e+000 +1.1727e+000 +4.8854e-001 +2.9191e+000 -3.1315e+000
1301 +1.136982864e+001 +1.136982864e+001 +8.902982864e+001 +8.902982864e+001 +4.4308e+000 -8.6408e-002 -1.8960e+000 +3.2807e+000 -2.4254e+000
2057 +8.413961171e+000 +8.413961171e+000 +8.607396117e+001 +8.607396117e+001 +2.4306e+000 -1.2390e-002 -7.1967e-001 +2.8449e+000 -2.0757e+000
% function evaluation | noise-free fitness - Fopt (1.156800000000e+002) | best noise-free fitness - Fopt | measured fitness | best measured fitness | x1 | x2...
1 +1.085266597e+004 +1.085266597e+004 +1.096834597e+004 +1.096834597e+004 +7.1899e+000 +6.5585e+000 +1.0628e+001 +8.5628e+000 +5.2409e+000
80 +7.320218934e+003 +7.320218934e+003 +7.435898934e+003 +7.435898934e+003 +4.0306e+000 +5.4518e+000 +8.7660e+000 +9.3975e+000 +3.6626e+000
117 +5.296628325e+003 +5.296628325e+003 +5.412308325e+003 +5.412308325e+003 +1.1238e+001 +7.4932e+000 +1.2574e+001 +6.7268e+000 +1.8830e+000
118 +3.034344469e+003 +3.034344469e+003 +3.150024469e+003 +3.150024469e+003 +1.2525e+001 +6.3098e+000 +1.1786e+001 +8.0938e+000 -4.3052e+000
135 +2.014764767e+003 +2.014764767e+003 +2.130444767e+003 +2.130444767e+003 +1.1636e+001 +4.7791e+000 +7.2801e+000 +6.4040e+000 +1.4033e+000
314 +1.324605276e+003 +1.324605276e+003 +1.440285276e+003 +1.440285276e+003 +1.5287e+001 +3.8979e+000 +9.1455e+000 +6.4473e+000 -3.8473e+000
386 +7.785185401e+002 +7.785185401e+002 +8.941985401e+002 +8.941985401e+002 +8.5106e+000 +4.3638e+000 +7.1900e+000 +5.4700e+000 -4.7475e+000
390 +4.278378794e+002 +4.278378794e+002 +5.435178794e+002 +5.435178794e+002 +1.0552e+001 +2.7371e+000 +2.7594e+000 +5.2642e+000 -5.6601e+000
461 +3.651927224e+002 +3.651927224e+002 +4.808727224e+002 +4.808727224e+002 +1.0192e+001 +3.0842e+000 +2.7594e+000 +5.2642e+000 -1.8281e+000
661 +1.807070552e+002 +1.807070552e+002 +2.963870552e+002 +2.963870552e+002 +7.1783e+000 +4.1007e-001 +3.9041e+000 +4.1892e+000 -4.5653e+000
729 +1.379949769e+002 +1.379949769e+002 +2.536749769e+002 +2.536749769e+002 +4.6329e+000 -3.5465e-001 +3.0810e+000 +2.9476e+000 -5.0917e+000
772 +8.512503077e+001 +8.512503077e+001 +2.008050308e+002 +2.008050308e+002 +1.1434e+000 +9.9113e-001 +2.1096e+000 +2.7622e+000 -4.5681e+000
794 +3.901378025e+001 +3.901378025e+001 +1.546937803e+002 +1.546937803e+002 -3.0050e+000 +4.6666e-001 +3.1910e-002 +3.4999e+000 -3.8898e+000
1248 +2.373415391e+001 +2.373415391e+001 +1.394141539e+002 +1.394141539e+002 -3.1516e+000 +4.3523e-001 +9.0839e-001 +2.2122e+000 -3.8686e+000
1806 +1.297866294e+001 +1.297866294e+001 +1.286586629e+002 +1.286586629e+002 -1.2082e+000 -9.4101e-001 +8.2392e-001 +2.5812e+000 -3.5793e+000
% function evaluation | noise-free fitness - Fopt (-3.710000000000e+000) | best noise-free fitness - Fopt | measured fitness | best measured fitness | x1 | x2...
1 +4.671898051e+003 +4.671898051e+003 +4.668188051e+003 +4.668188051e+003 +1.0639e+001 +6.7341e+000 +1.0879e+001 +8.3822e+000 +9.6329e+000
3 +3.933500845e+003 +3.933500845e+003 +3.929790845e+003 +3.929790845e+003 +6.7061e+000 +5.5228e+000 +1.2298e+001 +1.0868e+001 +7.9057e+000
9 +1.590285224e+003 +1.590285224e+003 +1.586575224e+003 +1.586575224e+003 +1.2651e+001 +6.7969e+000 +1.1093e+001 +7.2087e+000 +6.4201e+000
13 +1.405805817e+003 +1.405805817e+003 +1.402095817e+003 +1.402095817e+003 +1.4570e+001 +6.2209e+000 +8.9085e+000 +5.1162e+000 +7.1090e+000
163 +6.002170833e+002 +6.002170833e+002 +5.965070833e+002 +5.965070833e+002 +4.9932e+000 +6.5295e+000 -8.2403e-001 +7.0800e+000 +6.0973e+000
281 +3.480068111e+002 +3.480068111e+002 +3.442968111e+002 +3.442968111e+002 +4.1145e+000 +5.1891e+000 -3.4886e-001 +6.4263e+000 +5.0197e+000
523 +2.482732300e+002 +2.482732300e+002 +2.445632300e+002 +2.445632300e+002 +1.9262e+000 +3.7214e+000 -1.2408e+000 +6.5995e+000 +3.5320e+000
604 +1.332175535e+002 +1.332175535e+002 +1.295075535e+002 +1.295075535e+002 +2.1976e+000 +2.1047e+000 +3.2853e+000 +5.2549e+000 +4.6069e+000
632 +9.904480830e+001 +9.904480830e+001 +9.533480830e+001 +9.533480830e+001 -2.5134e+000 +1.1228e+000 -4.5009e-001 +3.8364e+000 +3.8249e+000
811 +4.967320947e+001 +4.967320947e+001 +4.596320947e+001 +4.596320947e+001 +2.3102e+000 -2.9951e+000 +1.2712e+000 +4.7172e+000 +3.2686e+000
847 +3.510262964e+001 +3.510262964e+001 +3.139262964e+001 +3.139262964e+001 +5.6123e+000 -3.1079e+000 +1.2973e+000 +3.5618e+000 +3.5336e+000
1115 +2.313632957e+001 +2.313632957e+001 +1.942632957e+001 +1.942632957e+001 +2.1374e+000 -3.0069e+000 +1.1072e+000 +3.9599e+000 +3.0573e+000
1607 +1.470315670e+001 +1.470315670e+001 +1.099315670e+001 +1.099315670e+001 +3.1729e+000 -2.1539e+000 +2.3699e+000 +3.5451e+000 +3.5650e+000
% function evaluation | noise-free fitness - Fopt (1.321800000000e+002) | best noise-free fitness - Fopt | measured fitness | best measured fitness | x1 | x2...
1 +1.872083296e+005 +1.872083296e+005 +1.873405096e+005 +1.873405096e+005 +7.2083e+000 +1.4497e+001 +1.2782e+001 +1.2634e+001 +1.1179e+001
6 +1.433066263e+004 +1.433066263e+004 +1.446284263e+004 +1.446284263e+004 +9.4285e+000 +1.1085e+001 +8.7238e+000 +6.4815e+000 +7.1277e+000
48 +9.980759014e+003 +9.980759014e+003 +1.011293901e+004 +1.011293901e+004 +6.2010e+000 +1.4518e+001 +1.0144e+001 +6.3869e+000 +5.0525e+000
120 +3.183514322e+003 +3.183514322e+003 +3.315694322e+003 +3.315694322e+003 +8.8099e+000 +1.4518e+001 +1.0144e+001 +3.1900e+000 +2.7053e+000
357 +1.967220168e+003 +1.967220168e+003 +2.099400168e+003 +2.099400168e+003 +8.8512e+000 +1.4540e+001 +2.5087e+000 +4.0218e+000 -1.4021e+000
425 +1.421894226e+003 +1.421894226e+003 +1.554074226e+003 +1.554074226e+003 +8.0671e+000 +1.2640e+001 +3.9135e+000 +3.2550e+000 +1.1155e+000
435 +9.481458647e+002 +9.481458647e+002 +1.080325865e+003 +1.080325865e+003 +6.2690e+000 +1.1891e+001 +7.4418e+000 +2.5166e+000 -3.6986e-001
594 +5.153081788e+002 +5.153081788e+002 +6.474881788e+002 +6.474881788e+002 +6.1488e+000 +8.8320e+000 +6.2936e+000 +1.6265e+000 -1.2956e+000
738 +3.737054514e+002 +3.737054514e+002 +5.058854514e+002 +5.058854514e+002 +6.2916e+000 +9.1726e+000 +3.4857e+000 +2.4322e-001 -1.7817e+000
854 +2.162656881e+002 +2.162656881e+002 +3.484456881e+002 +3.484456881e+002 +3.3880e+000 +7.4605e+000 +5.0341e+000 -9.0032e-001 -2.8185e+000
929 +1.530104392e+002 +1.530104392e+002 +2.851904392e+002 +2.851904392e+002 +3.1759e+000 +6.5253e+000 +4.4814e+000 -1.4197e+000 -3.2054e+000
1004 +8.050772618e+001 +8.050772618e+001 +2.126877262e+002 +2.126877262e+002 +5.0462e-001 +4.8249e+000 +2.4160e+000 -3.1149e+000 -3.1994e+000
1154 +6.212162206e+001 +6.212162206e+001 +1.943016221e+002 +1.943016221e+002 +1.3175e+000 +2.1693e+000 +3.2516e+000 -2.3862e+000 -2.6940e+000
1265 +3.509561094e+001 +3.509561094e+001 +1.672756109e+002 +1.672756109e+002 -5.8132e+000 +4.1419e+000 +2.8869e+000 -2.4880e+000 -3.1925e+000
1482 +1.336008089e+001 +1.336008089e+001 +1.455400809e+002 +1.455400809e+002 -2.7907e+000 +3.1882e+000 +3.4995e+000 -2.3542e+000 -2.8016e+000
% function evaluation | noise-free fitness - Fopt (-4.174000000000e+001) | best noise-free fitness - Fopt | measured fitness | best measured fitness | x1 | x2...
1 +3.229752145e+003 +3.229752145e+003 +3.188012145e+003 +3.188012145e+003 +8.3624e+000 +1.1161e+001 +7.6909e+000 +9.6539e+000 +6.1137e+000
16 +2.306805588e+003 +2.306805588e+003 +2.265065588e+003 +2.265065588e+003 +1.1682e+001 +5.2117e+000 +1.0264e+001 +5.9146e+000 +5.9923e+000
237 +1.566244084e+003 +1.566244084e+003 +1.524504084e+003 +1.524504084e+003 +9.5466e+000 +6.5665e+000 +4.9501e+000 +8.3365e+000 +6.0936e+000
366 +7.193716255e+002 +7.193716255e+002 +6.776316255e+002 +6.776316255e+002 +9.8681e+000 +8.3649e+000 -8.3955e-001 +2.1478e+000 +5.0861e+000
391 +6.122850323e+002 +6.122850323e+002 +5.705450323e+002 +5.705450323e+002 +6.8406e+000 +4.1055e+000 +6.9077e-001 +8.0246e+000 +4.4544e+000
461 +3.148986777e+002 +3.148986777e+002 +2.731586777e+002 +2.731586777e+002 +4.4348e+000 +2.9447e+000 +1.2038e+000 +6.2183e+000 +3.8347e+000
530 +2.360016885e+002 +2.360016885e+002 +1.942616885e+002 +1.942616885e+002 +3.9413e+000 +1.1012e+000 +9.7678e-001 +4.6760e+000 +4.2081e+000
619 +9.801475306e+001 +9.801475306e+001 +5.627475306e+001 +5.627475306e+001 +5.4544e+000 +2.1215e-001 +1.6314e+000 +5.5259e+000 +2.4380e+000
737 +5.503587593e+001 +5.503587593e+001 +1.329587593e+001 +1.329587593e+001 +4.3315e+000 -2.6531e+000 -1.6969e-001 +4.6903e+000 +1.6593e+000
885 +3.232940883e+001 +3.232940883e+001 -9.410591172e+000 -9.410591172e+000 +3.3351e+000 -2.0234e+000 +9.4014e-001 +4.1811e+000 +1.5562e+000
994 +2.453984522e+001 +2.453984522e+001 -1.720015478e+001 -1.720015478e+001 +3.2396e+000 -1.8918e+000 -5.7212e-002 +4.6476e+000 +8.8131e-001
1246 +8.972759557e+000 +8.972759557e+000 -3.276724044e+001 -3.276724044e+001 +4.1064e+000 -2.5876e+000 +9.1058e-001 +3.6910e+000 +1.8243e+000
1816 +5.567449281e+000 +5.567449281e+000 -3.617255072e+001 -3.617255072e+001 +3.0383e+000 -1.8182e+000 -7.9300e-001 +3.7002e+000 +1.8012e+000
% function evaluation | noise-free fitness - Fopt (-4.948600000000e+002) | best noise-free fitness - Fopt | measured fitness | best measured fitness | x1 | x2...
1 +2.596302771e+005 +2.596302771e+005 +2.591354171e+005 +2.591354171e+005 +9.7109e+000 +1.4708e+001 +1.1193e+001 +6.3955e+000 +1.2898e+001
3 +1.022530224e+005 +1.022530224e+005 +1.017581624e+005 +1.017581624e+005 +1.1789e+001 +9.1267e+000 +9.2075e+000 +1.1206e+001 +9.8607e+000
4 +1.501752789e+004 +1.501752789e+004 +1.452266789e+004 +1.452266789e+004 +7.2081e+000 +6.3601e+000 +1.0276e+001 +1.0543e+001 +6.2657e+000
117 +7.961714551e+003 +7.961714551e+003 +7.466854551e+003 +7.466854551e+003 +1.1984e+001 +1.2029e+001 +1.1739e+001 +9.9412e+000 +3.2071e+000
150 +6.028984807e+003 +6.028984807e+003 +5.534124807e+003 +5.534124807e+003 +9.3720e+000 +1.0177e+001 +9.8164e+000 +6.9242e+000 +3.6534e+000
195 +3.794641716e+003 +3.794641716e+003 +3.299781716e+003 +3.299781716e+003 +8.4117e+000 +7.6817e+000 +7.0581e+000 +8.3846e+000 +2.0062e+000
312 +1.858548018e+003 +1.858548018e+003 +1.363688018e+003 +1.363688018e+003 +8.0016e+000 -1.1453e+000 +1.2805e+001 +1.5498e+000 +1.7066e+000
343 +1.047070066e+003 +1.047070066e+003 +5.522100664e+002 +5.522100664e+002 +8.9776e+000 +6.2705e+000 +7.5198e+000 +4.1756e+000 +7.8572e-001
429 +8.293144921e+002 +8.293144921e+002 +3.344544921e+002 +3.344544921e+002 +1.0985e+001 +8.1537e+000 +8.5744e+000 +2.1317e+000 -2.2122e-001
518 +3.209789682e+002 +3.209789682e+002 -1.738810318e+002 -1.738810318e+002 +1.0107e+001 +4.2800e+000 +4.1542e+000 +1.0787e+000 -2.7113e+000
520 +2.332723625e+002 +2.332723625e+002 -2.615876375e+002 -2.615876375e+002 +4.0377e+000 +3.4734e+000 +5.9737e+000 +2.7594e+000 -1.9501e+000
757 +1.539008763e+002 +1.539008763e+002 -3.409591237e+002 -3.409591237e+002 +6.2325e+000 +6.1600e-001 +5.5029e+000 +9.4850e-001 -4.2567e+000
803 +8.670541589e+001 +8.670541589e+001 -4.081545841e+002 -4.081545841e+002 +3.0770e+000 +4.4957e-001 +4.0226e+000 +9.4425e-001 -2.0795e+000
878 +4.661239213e+001 +4.661239213e+001 -4.482476079e+002 -4.482476079e+002 +5.2281e-002 -1.4426e-001 +3.6811e+000 -2.3387e-001 -2.3465e+000
1034 +3.613928071e+001 +3.613928071e+001 -4.587207193e+002 -4.587207193e+002 -8.3418e-001 +4.3658e-001 +3.8198e+000 +6.2645e-001 -4.1946e+000
1259 +2.464068633e+001 +2.464068633e+001 -4.702193137e+002 -4.702193137e+002 -2.3547e+000 -1.8812e+000 +3.2767e+000 -1.7667e-001 -2.7236e+000
1587 +1.530432372e+001 +1.530432372e+001 -4.795556763e+002 -4.795556763e+002 -2.7601e+000 -1.8008e-001 +3.7160e+000 -1.9523e-001 -3.0394e+000
1947 +8.491246926e+000 +8.491246926e+000 -4.863687531e+002 -4.863687531e+002 -2.8271e+000 -4.7647e-001 +3.8820e+000 -1.4687e-001 -3.0227e+000
% function evaluation | noise-free fitness - Fopt (3.484000000000e+002) | best noise-free fitness - Fopt | measured fitness | best measured fitness | x1 | x2...
1 +2.962512062e+005 +2.962512062e+005 +2.965996062e+005 +2.965996062e+005 +1.3756e+001 +1.0390e+001 +8.8645e+000 +1.4876e+001 +1.1720e+001
3 +1.078871866e+005 +1.078871866e+005 +1.082355866e+005 +1.082355866e+005 +1.2053e+001 +1.4512e+001 +1.2647e+001 +1.3166e+001 +8.4415e+000
5 +6.987082753e+004 +6.987082753e+004 +7.021922753e+004 +7.021922753e+004 +5.7343e+000 +1.2301e+001 +1.4534e+001 +1.4045e+001 +5.9168e+000
6 +5.124302868e+004 +5.124302868e+004 +5.159142868e+004 +5.159142868e+004 +1.3295e+001 +1.4822e+001 +9.9828e+000 +1.0847e+001 +5.9889e+000
20 +3.155061170e+004 +3.155061170e+004 +3.189901170e+004 +3.189901170e+004 +6.9310e+000 +1.1442e+001 +6.5910e+000 +9.1655e+000 +6.2744e+000
43 +2.044161603e+004 +2.044161603e+004 +2.079001603e+004 +2.079001603e+004 +1.3772e+001 +8.4519e+000 +1.1329e+001 +7.7933e+000 +5.0329e+000
148 +6.376666999e+003 +6.376666999e+003 +6.725066999e+003 +6.725066999e+003 +1.1212e+001 +1.0167e+001 +8.3431e+000 +5.1920e+000 +2.4528e+000
414 +5.503883543e+003 +5.503883543e+003 +5.852283543e+003 +5.852283543e+003 +1.5572e+001 +1.0595e+001 +7.0316e+000 +1.3267e+000 +3.0862e+000
485 +3.820913697e+003 +3.820913697e+003 +4.169313697e+003 +4.169313697e+003 +1.6675e+001 +1.0467e+001 +6.0909e+000 +1.4159e+000 +2.4149e+000
531 +2.431524065e+003 +2.431524065e+003 +2.779924065e+003 +2.779924065e+003 +1.2650e+001 +8.0320e+000 +5.0784e+000 +5.6739e-001 +1.7992e+000
603 +1.164204874e+003 +1.164204874e+003 +1.512604874e+003 +1.512604874e+003 +1.7286e+001 +8.0320e+000 +5.0071e+000 +5.6739e-001 -5.7913e+000
677 +8.964568925e+002 +8.964568925e+002 +1.244856892e+003 +1.244856892e+003 +1.3303e+001 +1.0475e+001 +3.0662e+000 -1.4736e+000 -9.2829e-001
774 +5.517575743e+002 +5.517575743e+002 +9.001575743e+002 +9.001575743e+002 +9.6577e+000 +8.9742e+000 +2.9076e+000 -2.2726e+000 -4.0679e+000
965 +3.402135262e+002 +3.402135262e+002 +6.886135262e+002 +6.886135262e+002 +9.9961e+000 +5.5297e+000 +2.2517e+000 -2.8048e+000 -4.1077e+000
1016 +2.305444849e+002 +2.305444849e+002 +5.789444849e+002 +5.789444849e+002 +9.2774e+000 +4.8106e+000 -1.0529e+000 -3.9139e+000 -4.4714e+000
1154 +1.441959744e+002 +1.441959744e+002 +4.925959744e+002 +4.925959744e+002 +6.0108e+000 +3.3990e+000 -6.6968e-001 -4.0350e+000 -5.1446e+000
1271 +9.982545088e+001 +9.982545088e+001 +4.482254509e+002 +4.482254509e+002 +4.0254e+000 +3.0816e+000 -2.4707e+000 -4.4555e+000 -4.4502e+000
1407 +4.365155957e+001 +4.365155957e+001 +3.920515596e+002 +3.920515596e+002 +1.9710e+000 +2.2053e+000 +6.1223e-001 -4.3962e+000 -3.9022e+000
1524 +3.898514977e+001 +3.898514977e+001 +3.873851498e+002 +3.873851498e+002 +8.5949e-001 +1.4120e+000 -1.9702e+000 -4.5206e+000 -4.2872e+000
1739 +2.232548688e+001 +2.232548688e+001 +3.707254869e+002 +3.707254869e+002 -2.2134e+000 +1.3255e+000 -1.3441e+000 -4.0128e+000 -3.8673e+000
% function evaluation | noise-free fitness - Fopt (3.770000000000e+000) | best noise-free fitness - Fopt | measured fitness | best measured fitness | x1 | x2...
1 +2.437626739e+005 +2.437626739e+005 +2.437664439e+005 +2.437664439e+005 +6.4161e+000 +1.3137e+001 +6.2725e+000 +1.2265e+001 +1.1863e+001
3 +2.302161832e+004 +2.302161832e+004 +2.302538832e+004 +2.302538832e+004 +1.0889e+001 +7.9711e+000 +1.0795e+001 +1.4156e+001 +5.3680e+000
26 +1.495867059e+004 +1.495867059e+004 +1.496244059e+004 +1.496244059e+004 +1.0479e+001 +1.0031e+001 +6.6829e+000 +1.3084e+001 +5.5053e+000
231 +5.915057785e+003 +5.915057785e+003 +5.918827785e+003 +5.918827785e+003 +5.0702e+000 +1.0031e+001 +6.6829e+000 +6.4653e+000 +3.3816e+000
349 +2.535916509e+003 +2.535916509e+003 +2.539686509e+003 +2.539686509e+003 +1.3084e+001 +9.0080e+000 +1.0452e+000 +9.8412e+000 +2.0960e-001
421 +1.112288988e+003 +1.112288988e+003 +1.116058988e+003 +1.116058988e+003 +1.0998e+001 +9.0080e+000 +1.0452e+000 +6.5645e+000 +2.0960e-001
596 +9.363579530e+002 +9.363579530e+002 +9.401279530e+002 +9.401279530e+002 +9.9173e+000 +8.1917e+000 +1.0180e+000 +6.2402e+000 +1.9113e-001
655 +5.715410307e+002 +5.715410307e+002 +5.753110307e+002 +5.753110307e+002 +1.2176e+001 +6.9678e+000 +1.8944e+000 +3.8178e+000 -1.9103e+000
673 +3.786946707e+002 +3.786946707e+002 +3.824646707e+002 +3.824646707e+002 +9.1862e+000 +6.5724e+000 -1.2198e+000 +4.7081e+000 -1.9815e+000
816 +2.106495241e+002 +2.106495241e+002 +2.144195241e+002 +2.144195241e+002 +9.6030e+000 +4.6599e+000 -4.2836e+000 +1.9382e+000 -4.0449e+000
947 +1.571057517e+002 +1.571057517e+002 +1.608757517e+002 +1.608757517e+002 +7.7036e+000 +3.0484e+000 -2.8024e+000 +4.4069e+000 -2.5741e+000
1112 +7.091868313e+001 +7.091868313e+001 +7.468868313e+001 +7.468868313e+001 +6.8553e+000 +2.8416e-001 -1.4965e+000 +2.3013e+000 -3.6926e+000
1186 +5.308372843e+001 +5.308372843e+001 +5.685372843e+001 +5.685372843e+001 +6.3370e+000 -4.7254e-001 -2.7018e+000 +2.2936e+000 -4.0549e+000
1262 +2.827259313e+001 +2.827259313e+001 +3.204259313e+001 +3.204259313e+001 +4.9561e+000 -2.4056e-001 -3.6994e+000 +2.7678e+000 -3.7228e+000
1492 +2.341850196e+001 +2.341850196e+001 +2.718850196e+001 +2.718850196e+001 +5.8701e+000 -1.8377e+000 -3.1724e+000 +2.3890e+000 -3.3840e+000
% function evaluation | noise-free fitness - Fopt (3.770000000000e+001) | best noise-free fitness - Fopt | measured fitness | best measured fitness | x1 | x2...
1 +3.565088079e+004 +3.565088079e+004 +3.568858079e+004 +3.568858079e+004 +6.9543e+000 +1.4608e+001 +1.3179e+001 +9.8100e+000 +6.3215e+000
5 +1.670049014e+004 +1.670049014e+004 +1.673819014e+004 +1.673819014e+004 +1.1019e+001 +1.4281e+001 +8.0772e+000 +5.2184e+000 +1.1966e+001
14 +1.061580159e+004 +1.061580159e+004 +1.065350159e+004 +1.065350159e+004 +1.4319e+001 +7.3973e+000 +1.1290e+001 +6.4621e+000 +5.2155e+000
27 +5.856305496e+003 +5.856305496e+003 +5.894005496e+003 +5.894005496e+003 +1.2762e+001 +7.2619e+000 +8.7234e+000 +5.4815e+000 +6.8032e+000
194 +3.795376141e+003 +3.795376141e+003 +3.833076141e+003 +3.833076141e+003 +7.7110e+000 +7.8321e+000 +5.8569e+000 +3.6801e+000 +7.2895e+000
377 +2.470217801e+003 +2.470217801e+003 +2.507917801e+003 +2.507917801e+003 +1.1829e+001 +7.8312e+000 +1.8977e+000 +3.6063e+000 +5.7642e+000
467 +1.449076536e+003 +1.449076536e+003 +1.486776536e+003 +1.486776536e+003 +9.6729e+000 +9.2097e+000 +3.0209e+000 +1.9871e+000 +3.7618e+000
534 +9.607743924e+002 +9.607743924e+002 +9.984743924e+002 +9.984743924e+002 +1.1486e+001 +7.9101e+000 +1.2179e+000 +1.4454e+000 +3.5881e+000
612 +6.169568327e+002 +6.169568327e+002 +6.546568327e+002 +6.546568327e+002 +1.0606e+001 +6.5764e+000 -7.8204e-001 +4.9192e-002 -7.5391e-001
693 +3.487074633e+002 +3.487074633e+002 +3.864074633e+002 +3.864074633e+002 +1.1537e+001 +2.6882e+000 +2.1684e+000 -1.9890e+000 +1.3949e+000
799 +2.072944902e+002 +2.072944902e+002 +2.449944902e+002 +2.449944902e+002 +1.0554e+001 -1.1781e+000 +5.3538e-001 -1.6938e+000 +1.7840e+000
832 +1.573780208e+002 +1.573780208e+002 +1.950780208e+002 +1.950780208e+002 +1.0466e+001 +6.7927e-002 -3.0070e+000 -3.1109e+000 +3.7120e+000
882 +6.631077476e+001 +6.631077476e+001 +1.040107748e+002 +1.040107748e+002 +6.1078e+000 -1.1693e+000 -2.1141e+000 -3.3623e+000 +1.6706e+000
955 +6.022259591e+001 +6.022259591e+001 +9.792259591e+001 +9.792259591e+001 +5.4105e+000 -2.3023e+000 -2.2983e+000 -4.0000e+000 +1.7178e+000
1122 +3.442636907e+001 +3.442636907e+001 +7.212636907e+001 +7.212636907e+001 +4.3604e+000 -3.0007e+000 -2.6702e+000 -4.7424e+000 +2.3420e+000
1303 +2.146087754e+001 +2.146087754e+001 +5.916087754e+001 +5.916087754e+001 +9.6401e-001 -3.1307e+000 -1.9182e+000 -3.5541e+000 +1.7324e+000
1581 +1.582984744e+001 +1.582984744e+001 +5.352984744e+001 +5.352984744e+001 +1.2463e+000 -3.0934e+000 -1.9512e+000 -3.9825e+000 +2.7349e+000
% function evaluation | noise-free fitness - Fopt (6.956900000000e+002) | best noise-free fitness - Fopt | measured fitness | best measured fitness | x1 | x2...
1 +5.152606348e+003 +5.152606348e+003 +5.848296348e+003 +5.848296348e+003 +1.4691e+001 +1.1729e+001 +7.3463e+000 +5.9073e+000 +6.1613e+000
318 +1.964243582e+003 +1.964243582e+003 +2.659933582e+003 +2.659933582e+003 +1.4214e+001 +4.0441e+000 +6.2594e+000 +5.0378e+000 +4.2975e+000
488 +1.178330901e+003 +1.178330901e+003 +1.874020901e+003 +1.874020901e+003 +1.1600e+001 +6.9063e+000 +2.7730e+000 +5.1996e+000 +3.5751e+000
559 +9.520206864e+002 +9.520206864e+002 +1.647710686e+003 +1.647710686e+003 +1.4733e+001 +7.3854e+000 +5.9072e-001 +4.7438e+000 +3.0969e+000
748 +5.839065858e+002 +5.839065858e+002 +1.279596586e+003 +1.279596586e+003 +1.6663e+001 +3.0364e+000 +1.0165e+000 +4.1121e+000 +6.8706e-001
848 +2.461846406e+002 +2.461846406e+002 +9.418746406e+002 +9.418746406e+002 +3.9736e+000 +2.6455e+000 -9.4494e-001 +3.3613e+000 +8.6679e-001
936 +1.365280581e+002 +1.365280581e+002 +8.322180581e+002 +8.322180581e+002 +1.6299e+000 +1.3002e+000 -1.3823e+000 +2.9695e+000 +4.0938e-001
1009 +9.415179520e+001 +9.415179520e+001 +7.898417952e+002 +7.898417952e+002 -2.8432e-001 +1.0678e+000 -2.2183e+000 +2.4256e+000 +3.1914e-001
1229 +4.863029098e+001 +4.863029098e+001 +7.443202910e+002 +7.443202910e+002 -2.3283e+000 +2.0358e-001 -2.8405e+000 +2.7878e+000 +5.5141e-002
1354 +3.570455576e+001 +3.570455576e+001 +7.313945558e+002 +7.313945558e+002 -4.8506e+000 -2.3485e+000 -3.7587e+000 +3.1745e+000 +2.6637e-001
1554 +1.246876772e+001 +1.246876772e+001 +7.081587677e+002 +7.081587677e+002 -5.2543e+000 -3.1739e+000 -3.3083e+000 +2.7502e+000 +2.9474e-001
% function evaluation | noise-free fitness - Fopt (-1.180300000000e+002) | best noise-free fitness - Fopt | measured fitness | best measured fitness | x1 | x2...
1 +6.640742692e+004 +6.640742692e+004 +6.628939692e+004 +6.628939692e+004 +7.8349e+000 +8.6591e+000 +5.0207e+000 +1.3607e+001 +6.7610e+000
6 +1.701820470e+004 +1.701820470e+004 +1.690017470e+004 +1.690017470e+004 +9.6824e+000 +1.4063e+001 +6.2762e+000 +7.1977e+000 +5.9455e+000
69 +1.556057171e+004 +1.556057171e+004 +1.544254171e+004 +1.544254171e+004 +5.5538e+000 +1.5892e+001 +7.8408e+000 +8.7687e+000 +2.5532e+000
99 +8.536450253e+003 +8.536450253e+003 +8.418420253e+003 +8.418420253e+003 +1.2192e+001 +6.3134e+000 +1.2510e+001 +5.4927e+000 +1.8893e+000
264 +4.552431625e+003 +4.552431625e+003 +4.434401625e+003 +4.434401625e+003 +5.4597e+000 +1.9072e+001 +3.4670e+000 +6.0724e+000 -4.9643e+000
411 +3.907317034e+003 +3.907317034e+003 +3.789287034e+003 +3.789287034e+003 +1.5066e+001 +1.1918e+001 +2.7970e-001 +5.4904e+000 +9.1643e-001
515 +1.691633197e+003 +1.691633197e+003 +1.573603197e+003 +1.573603197e+003 +1.2464e+001 +1.3936e+001 -3.4286e-001 +3.2989e+000 -2.6627e+000
550 +1.426859905e+003 +1.426859905e+003 +1.308829905e+003 +1.308829905e+003 +1.5430e+001 +1.3067e+001 -1.6219e+000 +2.8836e+000 -3.3517e+000
591 +9.050433127e+002 +9.050433127e+002 +7.870133127e+002 +7.870133127e+002 +1.3594e+001 +1.3961e+001 -3.2573e+000 +1.1201e+000 -4.1047e+000
713 +5.622368939e+002 +5.622368939e+002 +4.442068939e+002 +4.442068939e+002 +8.4024e+000 +1.4355e+001 -1.2429e+000 -1.3952e+000 -5.1361e+000
866 +3.232256414e+002 +3.232256414e+002 +2.051956414e+002 +2.051956414e+002 +6.3124e+000 +1.1898e+001 +1.7088e+000 -3.1716e+000 -4.1635e+000
891 +2.270620127e+002 +2.270620127e+002 +1.090320127e+002 +1.090320127e+002 +7.0315e-001 +9.6044e+000 -3.4104e-001 -8.3240e-001 -5.5689e+000
992 +1.460090541e+002 +1.460090541e+002 +2.797905410e+001 +2.797905410e+001 +4.3314e+000 +7.3302e+000 -1.1282e+000 -1.8454e+000 -3.8105e+000
1057 +7.445489243e+001 +7.445489243e+001 -4.357510757e+001 -4.357510757e+001 +9.4069e-001 +8.0901e+000 -6.9591e-001 -3.5127e+000 -4.0629e+000
1185 +5.604580525e+001 +5.604580525e+001 -6.198419475e+001 -6.198419475e+001 -3.3196e+000 +4.9851e+000 -1.2616e+000 -3.2876e+000 -3.8872e+000
1357 +1.679925321e+001 +1.679925321e+001 -1.012307468e+002 -1.012307468e+002 -2.0086e+000 +4.3872e+000 -2.3334e-001 -3.6118e+000 -4.0501e+000
1878 +1.197594275e+001 +1.197594275e+001 -1.060540573e+002 -1.060540573e+002 -2.1952e+000 +4.2714e+000 -8.4125e-001 -3.5853e+000 -3.7815e+000
% function evaluation | noise-free fitness - Fopt (4.816000000000e+001) | best noise-free fitness - Fopt | measured fitness | best measured fitness | x1 | x2...
1 +1.397566485e+004 +1.397566485e+004 +1.402382485e+004 +1.402382485e+004 +7.8566e+000 +1.2084e+001 +1.2895e+001 +8.0194e+000 +7.1628e+000
20 +7.229403950e+003 +7.229403950e+003 +7.277563950e+003 +7.277563950e+003 +6.4121e+000 +1.1557e+001 +7.3727e+000 +8.6655e+000 +6.3690e+000
36 +5.061644606e+003 +5.061644606e+003 +5.109804606e+003 +5.109804606e+003 +1.1560e+001 +1.0040e+001 +6.7331e+000 +7.7652e+000 +5.5819e+000
267 +3.101091191e+003 +3.101091191e+003 +3.149251191e+003 +3.149251191e+003 +7.4548e+000 +5.3503e+000 +4.1392e+000 +6.2205e+000 +4.8771e+000
333 +2.221129158e+003 +2.221129158e+003 +2.269289158e+003 +2.269289158e+003 +1.0525e+001 +6.8985e+000 +6.1778e+000 +3.8204e+000 +5.7484e+000
494 +9.067627146e+002 +9.067627146e+002 +9.549227146e+002 +9.549227146e+002 +7.4548e+000 +5.3757e+000 -9.2140e-001 +3.7093e+000 +4.8771e+000
582 +5.406332615e+002 +5.406332615e+002 +5.887932615e+002 +5.887932615e+002 +7.9366e+000 +4.5861e+000 -1.9726e+000 +3.1803e+000 +2.6472e+000
671 +3.391293855e+002 +3.391293855e+002 +3.872893855e+002 +3.872893855e+002 +1.0351e+001 +5.2595e+000 -3.6820e+000 +1.7139e+000 +2.1549e+000
834 +2.050801762e+002 +2.050801762e+002 +2.532401762e+002 +2.532401762e+002 +8.5693e+000 +3.9386e+000 -4.1942e+000 +7.0101e-001 +2.2613e+000
891 +1.559952350e+002 +1.559952350e+002 +2.041552350e+002 +2.041552350e+002 +7.3575e+000 +1.7717e+000 -5.0067e+000 +9.0184e-001 +1.6806e+000
996 +7.436769115e+001 +7.436769115e+001 +1.225276911e+002 +1.225276911e+002 +6.0784e+000 +6.7411e-002 -4.1786e+000 -1.1201e+000 +3.1088e+000
1095 +5.687212914e+001 +5.687212914e+001 +1.050321291e+002 +1.050321291e+002 +3.3884e+000 -7.9525e-001 -4.1591e+000 -4.9773e-001 +2.8967e+000
1327 +3.740197779e+001 +3.740197779e+001 +8.556197779e+001 +8.556197779e+001 +3.3452e+000 -1.4810e+000 -5.8161e+000 -1.6934e+000 +2.2302e+000
1461 +2.451519064e+001 +2.451519064e+001 +7.267519064e+001 +7.267519064e+001 +3.2580e+000 -1.5099e+000 -4.0431e+000 -1.2742e+000 +2.2235e+000
% function evaluation | noise-free fitness - Fopt (8.384000000000e+001) | best noise-free fitness - Fopt | measured fitness | best measured fitness | x1 | x2...
1 +1.471186263e+005 +1.471186263e+005 +1.472024663e+005 +1.472024663e+005 +1.4136e+001 +1.4952e+001 +9.2588e+000 +1.2775e+001 +1.1891e+001
3 +1.333712220e+004 +1.333712220e+004 +1.342096220e+004 +1.342096220e+004 +1.3321e+001 +1.1061e+001 +1.1050e+001 +7.1329e+000 +6.8320e+000
10 +9.840277765e+003 +9.840277765e+003 +9.924117765e+003 +9.924117765e+003 +5.5993e+000 +1.0303e+001 +1.1334e+001 +7.0882e+000 +5.3000e+000
13 +6.172114245e+003 +6.172114245e+003 +6.255954245e+003 +6.255954245e+003 +5.1189e+000 +1.1822e+001 +5.2721e+000 +6.6503e+000 +5.3565e+000
170 +3.406751488e+003 +3.406751488e+003 +3.490591488e+003 +3.490591488e+003 +9.8645e+000 +1.4552e+001 +5.8706e+000 +7.4915e+000 +2.0564e+000
333 +2.124440218e+003 +2.124440218e+003 +2.208280218e+003 +2.208280218e+003 +9.6235e+000 +6.8236e+000 +3.5802e-001 +2.3462e+000 +4.3435e+000
405 +1.209476296e+003 +1.209476296e+003 +1.293316296e+003 +1.293316296e+003 +9.6235e+000 +6.8236e+000 +3.5802e-001 +4.5823e+000 +2.9749e+000
460 +7.566378567e+002 +7.566378567e+002 +8.404778567e+002 +8.404778567e+002 +1.0767e+001 +1.2602e+001 +1.0591e-001 +1.6377e+000 +1.9733e+000
573 +6.000816476e+002 +6.000816476e+002 +6.839216476e+002 +6.839216476e+002 +8.0233e+000 +1.2455e+001 -1.3673e-001 +3.9309e+000 +8.4816e-003
575 +3.683591091e+002 +3.683591091e+002 +4.521991091e+002 +4.521991091e+002 +7.9263e+000 +1.0210e+001 +2.2813e+000 +1.7578e+000 -2.3575e+000
654 +2.247770401e+002 +2.247770401e+002 +3.086170401e+002 +3.086170401e+002 +3.3976e+000 +7.9972e+000 +3.1286e-001 +3.3611e+000 -1.2982e+000
732 +1.546897905e+002 +1.546897905e+002 +2.385297905e+002 +2.385297905e+002 +6.1725e+000 +5.5306e+000 -2.1753e+000 +1.7572e+000 -2.9713e+000
746 +7.513989931e+001 +7.513989931e+001 +1.589798993e+002 +1.589798993e+002 +3.5300e+000 +4.1915e+000 +9.5817e-001 -4.6659e-001 -2.2258e+000
1001 +6.101079823e+001 +6.101079823e+001 +1.448507982e+002 +1.448507982e+002 +2.4145e+000 +2.8882e+000 -4.1079e-001 -9.3868e-001 -2.3820e+000
1192 +3.869572507e+001 +3.869572507e+001 +1.225357251e+002 +1.225357251e+002 +1.4018e+000 +2.7005e+000 -8.9252e-001 -3.4273e-001 -1.3686e+000
1368 +2.319193315e+001 +2.319193315e+001 +1.070319331e+002 +1.070319331e+002 +3.9534e-001 +3.6614e+000 -8.2327e-001 -4.2691e-001 -1.0477e+000
1419 +1.287090083e+001 +1.287090083e+001 +9.671090083e+001 +9.671090083e+001 +3.1356e-001 +2.7014e+000 -8.2402e-001 -4.9590e-002 -2.1820e+000
% function evaluation | noise-free fitness - Fopt (1.536000000000e+001) | best noise-free fitness - Fopt | measured fitness | best measured fitness | x1 | x2...
1 +1.080198638e+005 +1.080198638e+005 +1.080352238e+005 +1.080352238e+005 +1.4624e+001 +1.3311e+001 +5.9537e+000 +1.3696e+001 +9.4317e+000
5 +6.614766013e+004 +6.614766013e+004 +6.616302013e+004 +6.616302013e+004 +9.4763e+000 +7.8635e+000 +1.2350e+001 +1.4161e+001 +6.4814e+000
6 +3.019895927e+004 +3.019895927e+004 +3.021431927e+004 +3.021431927e+004 +5.7011e+000 +6.9722e+000 +1.1652e+001 +6.5778e+000 +7.9282e+000
28 +1.854877493e+004 +1.854877493e+004 +1.856413493e+004 +1.856413493e+004 +1.0390e+001 +1.3254e+001 +8.0482e+000 +7.2550e+000 +7.1218e+000
37 +1.508204051e+004 +1.508204051e+004 +1.509740051e+004 +1.509740051e+004 +6.8013e+000 +5.2922e+000 +5.5395e+000 +5.0330e+000 +7.0519e+000
147 +8.654853561e+003 +8.654853561e+003 +8.670213561e+003 +8.670213561e+003 +7.2974e+000 +8.6220e+000 +9.7082e+000 +5.3585e+000 +3.2305e+000
208 +3.811828696e+003 +3.811828696e+003 +3.827188696e+003 +3.827188696e+003 +1.0892e+001 +1.1389e+001 +3.5949e+000 +6.5839e+000 +4.5842e-002
462 +1.891853468e+003 +1.891853468e+003 +1.907213468e+003 +1.907213468e+003 +8.4870e+000 +9.3878e+000 +1.8521e+000 +4.0156e+000 +7.2938e-001
587 +1.260974027e+003 +1.260974027e+003 +1.276334027e+003 +1.276334027e+003 +1.1846e+001 +1.3205e+001 +2.8720e+000 +1.8090e+000 -4.6353e+000
595 +9.100284056e+002 +9.100284056e+002 +9.253884056e+002 +9.253884056e+002 +1.1383e+001 +9.0310e+000 +4.0404e-001 +2.8578e+000 -2.2691e+000
694 +4.760990542e+002 +4.760990542e+002 +4.914590542e+002 +4.914590542e+002 +1.1080e+001 +6.4192e+000 -1.0622e+000 +1.8711e+000 -2.0818e+000
740 +3.430234138e+002 +3.430234138e+002 +3.583834138e+002 +3.583834138e+002 +9.0789e+000 +4.1702e+000 -3.0765e-001 +1.1536e+000 -1.5224e+000
806 +2.199345239e+002 +2.199345239e+002 +2.352945239e+002 +2.352945239e+002 +8.8092e+000 +2.8747e+000 -1.1976e+000 +6.5938e-001 -2.0069e+000
878 +1.231129685e+002 +1.231129685e+002 +1.384729685e+002 +1.384729685e+002 +9.6140e+000 +1.5145e+000 -2.9130e+000 -6.8880e-001 -2.0904e+000
956 +9.401796895e+001 +9.401796895e+001 +1.093779689e+002 +1.093779689e+002 +9.2096e+000 +7.2588e-001 -3.5637e+000 -1.4068e+000 -2.3943e+000
1047 +5.429210494e+001 +5.429210494e+001 +6.965210494e+001 +6.965210494e+001 +5.6737e+000 +4.2449e+000 -2.5311e+000 -1.4054e+000 -2.7119e+000
1192 +3.936166410e+001 +3.936166410e+001 +5.472166410e+001 +5.472166410e+001 +3.0533e+000 +1.6179e+000 -2.6639e+000 -2.0767e+000 -2.7556e+000
1281 +2.236575572e+001 +2.236575572e+001 +3.772575572e+001 +3.772575572e+001 -6.8783e-002 +1.5652e+000 -4.1108e+000 -2.1083e+000 -2.0866e+000
1351 +1.362738873e+001 +1.362738873e+001 +2.898738873e+001 +2.898738873e+001 +1.5706e+000 +1.6179e+000 -3.5798e+000 -2.0767e+000 -2.7556e+000
1765 +9.390347611e+000 +9.390347611e+000 +2.475034761e+001 +2.475034761e+001 +7.9944e-001 +2.3997e+000 -3.5883e+000 -2.4875e+000 -2.8161e+000
