% function evaluation | noise-free fitness - Fopt (-2.098800000000e+002) | best noise-free fitness - Fopt | measured fitness | best measured fitness | x1 | x2...
1 +3.890256040e+005 +3.890256040e+005 +3.888157240e+005 +3.888157240e+005 -9.1055e-001 +3.2935e+000 +4.7801e+000 +8.9021e-001 +1.2029e+000
5 +2.258555250e+005 +2.258555250e+005 +2.256456450e+005 +2.256456450e+005 +4.2745e+000 +2.2465e+000 -9.5794e-001 +3.4072e-001 +1.5169e+000
30 +1.499293986e+005 +1.499293986e+005 +1.497195186e+005 +1.497195186e+005 +6.1942e-001 -3.9186e+000 -1.4995e+000 +4.3793e-001 +1.7670e+000
113 +8.857053922e+004 +8.857053922e+004 +8.836065922e+004 +8.836065922e+004 +1.5484e+000 -5.9315e+000 +4.3695e+000 +3.1177e+000 +1.5190e+000
133 +4.245589073e+004 +4.245589073e+004 +4.224601073e+004 +4.224601073e+004 -2.9333e+000 +4.6708e+000 -2.7347e+000 +2.2848e+000 +1.8678e+000
308 +7.736362602e+003 +7.736362602e+003 +7.526482602e+003 +7.526482602e+003 +2.8161e+000 -8.9944e+000 +2.8831e+000 +2.5492e+000 +1.8442e+000
% function evaluation | noise-free fitness - Fopt (-9.209000000000e+001) | best noise-free fitness - Fopt | measured fitness | best measured fitness | x1 | x2...
1 +7.199454380e+005 +7.199454380e+005 +7.198533480e+005 +7.198533480e+005 -3.5205e+000 -3.0615e+000 +1.8183e+000 -1.6980e-001 +7.5777e-001
17 +5.308208332e+005 +5.308208332e+005 +5.307287432e+005 +5.307287432e+005 +1.9307e+000 -1.7179e+000 -4.3442e+000 +1.4016e+000 +3.4464e-001
30 +2.267300518e+005 +2.267300518e+005 +2.266379618e+005 +2.266379618e+005 -3.1503e+000 -1.0106e+000 +1.0274e+000 -2.6907e+000 +3.4851e-001
73 +9.426469637e+004 +9.426469637e+004 +9.417260637e+004 +9.417260637e+004 -9.9237e-001 -5.4264e+000 +1.1688e+000 -2.9601e+000 +9.4636e-002
106 +3.743588085e+004 +3.743588085e+004 +3.734379085e+004 +3.734379085e+004 -4.5820e+000 -3.8549e-001 -3.6892e+000 -1.9617e+000 -2.5974e-001
650 +1.128079370e+004 +1.128079370e+004 +1.118870370e+004 +1.118870370e+004 +9.6147e-001 +4.4446e+000 -1.0258e+000 -1.8546e+000 -2.5548e-002
% function evaluation | noise-free fitness - Fopt (-8.789000000000e+001) | best noise-free fitness - Fopt | measured fitness | best measured fitness | x1 | x2...
1 +4.749270210e+006 +4.749270210e+006 +4.749182320e+006 +4.749182320e+006 +3.7780e-002 -2.3873e+000 -1.0739e+000 -3.3194e+000 -9.7375e-001
3 +3.349591293e+006 +3.349591293e+006 +3.349503403e+006 +3.349503403e+006 +4.3086e+000 -4.1835e+000 -4.3632e+000 +3.6739e+000 -1.4527e+000
10 +1.691166166e+006 +1.691166166e+006 +1.691078276e+006 +1.691078276e+006 +2.1258e+000 +2.7969e+000 -3.1536e+000 +3.1155e+000 -2.1315e+000
11 +1.326274283e+006 +1.326274283e+006 +1.326186393e+006 +1.326186393e+006 +3.3575e-001 -3.6727e+000 -4.3289e+000 +2.9526e+000 -2.3434e+000
16 +7.210398649e+005 +7.210398649e+005 +7.209519749e+005 +7.209519749e+005 +3.4050e+000 +1.0158e+000 -1.0235e-001 +2.6734e+000 -3.1627e+000
20 +2.999711097e+005 +2.999711097e+005 +2.998832197e+005 +2.998832197e+005 +1.8074e+000 -1.0996e+000 +3.0397e+000 -4.5154e+000 -3.4246e+000
48 +1.566400739e+005 +1.566400739e+005 +1.565521839e+005 +1.565521839e+005 +1.0433e+000 +3.2664e+000 -1.8331e+000 -2.0381e+000 -3.4539e+000
49 +3.946447907e+004 +3.946447907e+004 +3.937658907e+004 +3.937658907e+004 -2.5778e+000 +2.4890e+000 +4.4481e-001 -1.0578e+000 -3.1095e+000
393 +1.916080442e+004 +1.916080442e+004 +1.907291442e+004 +1.907291442e+004 +5.7536e+000 -7.8678e-001 -2.1409e+000 -2.4314e+000 -3.1491e+000
% function evaluation | noise-free fitness - Fopt (3.201900000000e+002) | best noise-free fitness - Fopt | measured fitness | best measured fitness | x1 | x2...
1 +5.325296605e+005 +5.325296605e+005 +5.328498505e+005 +5.328498505e+005 +1.0562e+000 -1.5379e+000 +5.4899e-001 -1.3931e-001 -4.2495e+000
6 +2.382964916e+004 +2.382964916e+004 +2.414983916e+004 +2.414983916e+004 +2.7488e+000 +3.0898e+000 -1.0154e+000 -1.8500e-001 -3.5116e+000
% function evaluation | noise-free fitness - Fopt (-1.042400000000e+002) | best noise-free fitness - Fopt | measured fitness | best measured fitness | x1 | x2...
1 +5.509128456e+005 +5.509128456e+005 +5.508086056e+005 +5.508086056e+005 +3.1370e+000 +6.9568e-001 +7.4227e-001 -4.6518e+000 -3.0740e-002
7 +2.530841729e+004 +2.530841729e+004 +2.520417729e+004 +2.520417729e+004 -4.9398e-001 +2.4340e+000 +4.6386e+000 -3.6442e-001 +4.8897e-002
585 +1.951763362e+004 +1.951763362e+004 +1.941339362e+004 +1.941339362e+004 +3.5902e+001 -6.5048e+000 +5.0926e+000 -6.1105e-001 -1.2408e-001
664 +1.454360152e+004 +1.454360152e+004 +1.443936152e+004 +1.443936152e+004 -2.2005e+000 -6.5048e+000 +4.5958e+000 -6.1105e-001 -1.2408e-001
% function evaluation | noise-free fitness - Fopt (-1.000000000000e+003) | best noise-free fitness - Fopt | measured fitness | best measured fitness | x1 | x2...
1 +1.362169770e+007 +1.362169770e+007 +1.362069770e+007 +1.362069770e+007 +4.1909e+000 +2.0506e-001 +4.9405e+000 +1.6623e+000 -3.1079e+000
4 +6.716169480e+006 +6.716169480e+006 +6.715169480e+006 +6.715169480e+006 +3.8038e+000 -1.5293e+000 -2.1863e+000 -3.9318e+000 +2.9448e+000
6 +1.051892099e+004 +1.051892099e+004 +9.518920989e+003 +9.518920989e+003 +1.5603e+000 -4.8667e+000 -2.0012e-001 -1.5657e+000 +5.8868e-001
200 +3.413328235e+003 +3.413328235e+003 +2.413328235e+003 +2.413328235e+003 +2.8256e+000 -1.2587e+000 -5.8748e-001 -1.3426e+000 +5.1976e-001
% function evaluation | noise-free fitness - Fopt (-3.629000000000e+001) | best noise-free fitness - Fopt | measured fitness | best measured fitness | x1 | x2...
1 +4.032561332e+007 +4.032561332e+007 +4.032557703e+007 +4.032557703e+007 -3.4645e+000 -2.9705e+000 -3.2144e+000 +1.6281e+000 +2.4346e+000
7 +4.667298692e+005 +4.667298692e+005 +4.666935792e+005 +4.666935792e+005 +2.5294e+000 +9.3451e-001 +4.2693e+000 -9.2540e-001 -3.2060e+000
25 +3.841149490e+005 +3.841149490e+005 +3.840786590e+005 +3.840786590e+005 +1.6535e+000 -4.8312e+000 -1.2024e+000 -4.6852e+000 -4.2867e+000
63 +1.187375503e+005 +1.187375503e+005 +1.187012603e+005 +1.187012603e+005 -8.2923e+000 -3.1126e+000 +1.4923e+000 -1.1220e+000 -3.5700e+000
106 +2.796504093e+004 +2.796504093e+004 +2.792875093e+004 +2.792875093e+004 -7.6984e-001 +9.3664e-001 -4.8386e+000 -2.5936e+000 -3.8209e+000
227 +1.371731363e+004 +1.371731363e+004 +1.368102363e+004 +1.368102363e+004 +1.1234e+000 +4.5367e+000 -2.0685e+000 -2.7764e+000 -3.8433e+000
% function evaluation | noise-free fitness - Fopt (-4.840000000000e+001) | best noise-free fitness - Fopt | measured fitness | best measured fitness | x1 | x2...
1 +3.769126713e+005 +3.769126713e+005 +3.768642713e+005 +3.768642713e+005 -3.7615e+000 -1.3929e+000 +3.5154e+000 -3.6261e+000 +2.1238e+000
15 +2.299057600e+005 +2.299057600e+005 +2.298573600e+005 +2.298573600e+005 -4.6349e+000 -2.3521e+000 +3.0032e+000 -9.0570e-001 +3.0979e+000
105 +7.536457875e+004 +7.536457875e+004 +7.531617875e+004 +7.531617875e+004 +4.4748e+000 -4.1988e+000 -1.3898e+000 -1.0689e+000 +2.5553e+000
177 +2.226324204e+004 +2.226324204e+004 +2.221484204e+004 +2.221484204e+004 +4.8103e-001 +3.3765e+000 -2.5062e+000 -1.6580e+000 +2.7549e+000
% function evaluation | noise-free fitness - Fopt (1.000000000000e+003) | best noise-free fitness - Fopt | measured fitness | best measured fitness | x1 | x2...
1 +1.679948878e+007 +1.679948878e+007 +1.680048878e+007 +1.680048878e+007 -7.9594e-001 -1.8636e+000 +3.1740e+000 -4.1119e+000 +3.9305e+000
3 +4.302186340e+005 +4.302186340e+005 +4.312186340e+005 +4.312186340e+005 -1.3720e+000 +4.5083e+000 +3.8710e+000 -3.8981e+000 -7.6522e-001
65 +1.437732833e+005 +1.437732833e+005 +1.447732833e+005 +1.447732833e+005 +2.8185e+000 -4.3190e-002 +7.4806e-001 -4.1620e+000 +1.0794e-003
169 +3.418279964e+004 +3.418279964e+004 +3.518279964e+004 +3.518279964e+004 +3.2078e+000 +5.0707e+000 +1.5887e+000 -2.1408e+000 +2.3989e-002
796 +1.549442392e+004 +1.549442392e+004 +1.649442392e+004 +1.649442392e+004 +4.2571e+001 -1.1674e+001 +9.2892e-001 -2.8791e+000 -1.6442e-001
% function evaluation | noise-free fitness - Fopt (3.261100000000e+002) | best noise-free fitness - Fopt | measured fitness | best measured fitness | x1 | x2...
1 +3.114011764e+006 +3.114011764e+006 +3.114337874e+006 +3.114337874e+006 +1.5696e+000 +1.6890e+000 +2.5965e+000 -4.2991e+000 -1.8242e-002
7 +2.149516888e+006 +2.149516888e+006 +2.149842998e+006 +2.149842998e+006 +3.0492e-001 +2.6665e+000 +2.1547e+000 +9.5487e-001 -1.7532e-001
20 +5.517550853e+005 +5.517550853e+005 +5.520811953e+005 +5.520811953e+005 -8.7473e-002 -4.4391e+000 -2.7905e+000 +7.7469e-001 -2.5065e+000
25 +1.266460041e+005 +1.266460041e+005 +1.269721141e+005 +1.269721141e+005 +4.8451e+000 -1.7999e+000 +1.2950e+000 -1.4171e+000 -1.9039e+000
43 +8.005308837e+004 +8.005308837e+004 +8.037919837e+004 +8.037919837e+004 +1.8668e+000 +4.4340e+000 -1.2825e+000 +1.5591e+000 -1.7338e+000
123 +5.833133357e+004 +5.833133357e+004 +5.865744357e+004 +5.865744357e+004 -3.3300e+000 -1.6505e+000 -1.0521e+000 -8.6996e-001 -1.6381e+000
348 +3.764110871e+004 +3.764110871e+004 +3.796721871e+004 +3.796721871e+004 -1.0419e+001 -1.6059e+000 +6.1446e+000 -7.1022e-001 -1.8118e+000
% function evaluation | noise-free fitness - Fopt (-4.682000000000e+001) | best noise-free fitness - Fopt | measured fitness | best measured fitness | x1 | x2...
1 +3.057793789e+006 +3.057793789e+006 +3.057746969e+006 +3.057746969e+006 -2.0732e+000 -3.9657e+000 -1.7850e+000 +3.7222e+000 +1.9233e+000
11 +1.473517489e+006 +1.473517489e+006 +1.473470669e+006 +1.473470669e+006 +4.1645e+000 -2.9408e+000 +1.5262e+000 +3.6111e+000 +2.4785e+000
12 +5.312122546e+005 +5.312122546e+005 +5.311654346e+005 +5.311654346e+005 +2.7512e+000 +2.7704e+000 +1.7701e+000 -1.1192e+000 +2.4439e+000
23 +2.706309793e+005 +2.706309793e+005 +2.705841593e+005 +2.705841593e+005 +2.1419e+000 -4.2676e+000 +3.1325e+000 -4.8580e+000 +3.0186e+000
75 +9.271604882e+004 +9.271604882e+004 +9.266922882e+004 +9.266922882e+004 +4.9385e+000 -1.1763e+000 -5.6658e+000 -2.4096e+000 +3.3762e+000
398 +1.838558681e+004 +1.838558681e+004 +1.833876681e+004 +1.833876681e+004 +4.2689e+000 +1.8366e+000 +5.6033e+000 -1.7021e+000 +3.2926e+000
% function evaluation | noise-free fitness - Fopt (-5.563000000000e+001) | best noise-free fitness - Fopt | measured fitness | best measured fitness | x1 | x2...
1 +2.086817528e+007 +2.086817528e+007 +2.086811965e+007 +2.086811965e+007 -2.9136e+000 -2.2233e+000 +4.2491e+000 +4.7585e+000 -3.0180e+000
3 +9.907221051e+006 +9.907221051e+006 +9.907165421e+006 +9.907165421e+006 +2.6012e+000 -1.0991e+000 -9.4317e-003 -2.5904e+000 -1.7211e+000
6 +7.558846487e+005 +7.558846487e+005 +7.558290187e+005 +7.558290187e+005 +8.2595e-001 -4.1926e+000 +1.9023e+000 -3.7644e+000 +7.3000e-001
7 +3.368248805e+005 +3.368248805e+005 +3.367692505e+005 +3.367692505e+005 -1.8879e+000 -3.1012e+000 -4.9809e+000 -1.9618e+000 +9.2653e-001
87 +2.412638005e+005 +2.412638005e+005 +2.412081705e+005 +2.412081705e+005 -6.2566e+000 -4.9811e+000 +3.7195e+000 -3.2747e+000 +1.4906e+000
159 +4.495439656e+004 +4.495439656e+004 +4.489876656e+004 +4.489876656e+004 -6.2566e+000 +7.3559e+000 +3.7195e+000 -3.3074e-001 +1.4906e+000
313 +3.249410670e+004 +3.249410670e+004 +3.243847670e+004 +3.243847670e+004 -5.2887e+000 -9.6387e+000 -4.6810e+000 -1.9842e-001 +1.5975e+000
703 +2.493006575e+004 +2.493006575e+004 +2.487443575e+004 +2.487443575e+004 -1.7153e+001 +1.1000e+000 -1.9121e+000 -4.8436e-001 +1.6167e+000
762 +1.310192734e+004 +1.310192734e+004 +1.304629734e+004 +1.304629734e+004 -1.2605e+001 -1.6403e+001 -2.8816e+000 -5.1773e-001 +1.4152e+000
% function evaluation | noise-free fitness - Fopt (3.460000000000e+001) | best noise-free fitness - Fopt | measured fitness | best measured fitness | x1 | x2...
1 +2.285293016e+007 +2.285293016e+007 +2.285296476e+007 +2.285296476e+007 +2.2951e+000 +2.4955e+000 +2.7701e-001 -2.7180e+000 +2.9785e+000
4 +2.681178802e+006 +2.681178802e+006 +2.681213402e+006 +2.681213402e+006 -2.8704e+000 -2.3018e+000 +2.5346e+000 +4.4182e+000 -1.8302e-001
5 +4.018607691e+005 +4.018607691e+005 +4.018953691e+005 +4.018953691e+005 +3.5275e+000 -4.1529e+000 +2.3805e+000 +9.0253e-001 -1.2252e+000
17 +6.630564461e+004 +6.630564461e+004 +6.634024461e+004 +6.634024461e+004 -3.1702e+000 -2.2933e+000 -2.1407e+000 +8.9956e-002 -1.5592e+000
289 +4.689917366e+004 +4.689917366e+004 +4.693377366e+004 +4.693377366e+004 +2.8183e+000 -6.5253e+000 +3.9797e+000 +7.4290e-001 -1.9067e+000
451 +2.190944833e+004 +2.190944833e+004 +2.194404833e+004 +2.194404833e+004 +2.8183e+000 +1.8245e+001 -2.7004e+000 +7.7643e-001 -1.9067e+000
% function evaluation | noise-free fitness - Fopt (8.816000000000e+001) | best noise-free fitness - Fopt | measured fitness | best measured fitness | x1 | x2...
1 +2.206209908e+007 +2.206209908e+007 +2.206218724e+007 +2.206218724e+007 -8.8118e-002 -1.3686e+000 -3.6507e+000 +3.2550e+000 +3.8268e+000
3 +1.466263288e+007 +1.466263288e+007 +1.466272104e+007 +1.466272104e+007 -4.3228e+000 +1.5629e+000 -6.7198e-001 +8.2806e-001 -4.6846e+000
4 +3.042068524e+006 +3.042068524e+006 +3.042156684e+006 +3.042156684e+006 +1.3184e+000 -2.4724e+000 -4.7232e-001 +1.6878e+000 -2.4723e+000
6 +4.187083228e+005 +4.187083228e+005 +4.187964828e+005 +4.187964828e+005 -1.6521e-001 -3.0223e-001 +1.2783e+000 +3.9959e-001 -6.1324e-001
13 +3.220884074e+004 +3.220884074e+004 +3.229700074e+004 +3.229700074e+004 -4.0303e+000 -4.4723e+000 -1.6697e+000 +3.8192e+000 -7.3487e-001
291 +1.132134487e+004 +1.132134487e+004 +1.140950487e+004 +1.140950487e+004 -2.1366e+000 -4.9649e+000 -1.3229e-001 +4.0998e+000 -8.3694e-001
% function evaluation | noise-free fitness - Fopt (-1.866200000000e+002) | best noise-free fitness - Fopt | measured fitness | best measured fitness | x1 | x2...
1 +7.944593229e+006 +7.944593229e+006 +7.944406609e+006 +7.944406609e+006 +3.0439e+000 +2.2882e+000 -5.9280e-001 -3.8299e-001 +3.1005e+000
3 +4.195249187e+006 +4.195249187e+006 +4.195062567e+006 +4.195062567e+006 +3.0111e+000 +2.9155e+000 -7.0990e-001 -2.3960e+000 +2.4262e+000
4 +3.505772180e+006 +3.505772180e+006 +3.505585560e+006 +3.505585560e+006 -4.1594e+000 -2.9428e+000 +4.3692e-001 -2.2606e+000 +2.3185e+000
14 +8.538692891e+005 +8.538692891e+005 +8.536826691e+005 +8.536826691e+005 -2.3098e+000 +3.2392e+000 +1.1197e+000 +1.7931e+000 +8.3610e-002
17 +2.473015555e+005 +2.473015555e+005 +2.471149355e+005 +2.471149355e+005 +4.9159e+000 +3.9461e+000 -1.9694e+000 -7.9498e-001 +2.1823e-001
82 +1.282649021e+005 +1.282649021e+005 +1.280782821e+005 +1.280782821e+005 +2.6230e+000 -4.3073e+000 +3.8936e-001 -2.6532e+000 +7.3329e-001
83 +2.999293740e+004 +2.999293740e+004 +2.980631740e+004 +2.980631740e+004 +9.6908e-001 -1.9460e+000 -1.9171e+000 -2.8977e+000 +4.9351e-001
910 +2.453142325e+004 +2.453142325e+004 +2.434480325e+004 +2.434480325e+004 -1.4861e+000 +1.5053e+001 +6.7275e-001 -3.4198e+000 +2.8913e-001
