% function evaluation | noise-free fitness - Fopt (1.491500000000e+002) | best noise-free fitness - Fopt | measured fitness | best measured fitness | x1 | x2...
1 +2.801829859e+004 +2.801829859e+004 +2.816744859e+004 +2.816744859e+004 -1.2360e+000 -1.9338e+000 +3.1763e+000 +1.8778e+000 -3.5503e+000
4 +1.014252151e+004 +1.014252151e+004 +1.029167151e+004 +1.029167151e+004 -9.7508e-001 -1.3857e-001 -3.0166e+000 -2.5291e+000 +2.1725e+000
25 +6.283008199e+003 +6.283008199e+003 +6.432158199e+003 +6.432158199e+003 -2.3092e+000 -3.9300e+000 -5.2335e-001 -1.1206e+000 -1.7540e+000
53 +2.379688842e+003 +2.379688842e+003 +2.528838842e+003 +2.528838842e+003 +8.5259e-003 -3.0803e+000 -3.9093e-001 -7.8989e-001 -3.5329e+000
71 +9.021686624e+002 +9.021686624e+002 +1.051318662e+003 +1.051318662e+003 -1.2875e+000 -1.4339e+000 -2.2172e+000 -2.6761e-001 -3.0724e+000
272 +5.576255521e+002 +5.576255521e+002 +7.067755521e+002 +7.067755521e+002 +1.4357e-001 -1.7705e+000 -8.7994e-001 +1.4365e+000 -2.0369e+000
297 +1.906090250e+002 +1.906090250e+002 +3.397590250e+002 +3.397590250e+002 -1.2179e-001 -1.3172e+000 -1.9022e-002 +1.8486e+000 -2.1885e+000
464 +7.446418111e+001 +7.446418111e+001 +2.236141811e+002 +2.236141811e+002 -5.2608e-001 -1.1597e+000 -4.4935e-001 +4.8656e-001 -3.8401e+000
625 +2.550662456e+001 +2.550662456e+001 +1.746566246e+002 +1.746566246e+002 -6.3354e-001 -1.1597e+000 -1.2439e+000 +6.1463e-001 -3.8401e+000
707 +2.483860931e+001 +2.483860931e+001 +1.739886093e+002 +1.739886093e+002 -7.3194e-001 -1.3134e+000 -7.3491e-001 +6.4240e-001 -3.4073e+000
989 +1.148247481e+001 +1.148247481e+001 +1.606324748e+002 +1.606324748e+002 -1.1183e+000 -1.4609e+000 -9.5203e-001 +1.0716e+000 -3.5518e+000
1040 +7.997754904e+000 +7.997754904e+000 +1.571477549e+002 +1.571477549e+002 -1.2426e+000 -1.4687e+000 -1.0845e+000 +8.9365e-001 -3.7645e+000
1253 +5.181200039e+000 +5.181200039e+000 +1.543312000e+002 +1.543312000e+002 -1.5195e+000 -1.1330e+000 -8.7093e-001 +8.4835e-001 -3.6807e+000
2048 +3.899690599e+000 +3.899690599e+000 +1.530496906e+002 +1.530496906e+002 -8.1740e-001 -1.3270e+000 -1.0108e+000 +8.7342e-001 -3.7826e+000
2586 +2.380350925e+000 +2.380350925e+000 +1.515303509e+002 +1.515303509e+002 -3.1344e-001 -8.5719e-001 -6.5494e-001 +9.1597e-001 -3.7062e+000
3423 +1.409471426e+000 +1.409471426e+000 +1.505594714e+002 +1.505594714e+002 -2.8235e-001 -7.6367e-001 -6.2021e-001 +9.7963e-001 -3.7051e+000
3820 +9.513306888e-001 +9.513306888e-001 +1.501013307e+002 +1.501013307e+002 -1.9524e-001 -6.0598e-001 -4.2668e-001 +1.1456e+000 -3.6576e+000
4123 +5.483741327e-001 +5.483741327e-001 +1.496983741e+002 +1.496983741e+002 -1.6088e-001 -5.7110e-001 -3.4022e-001 +1.2599e+000 -3.5821e+000
4897 +3.899488112e-001 +3.899488112e-001 +1.495399488e+002 +1.495399488e+002 -1.2314e-001 -5.1201e-001 -2.4153e-001 +1.3810e+000 -3.4748e+000
5022 +2.356380298e-001 +2.356380298e-001 +1.493856380e+002 +1.493856380e+002 -1.1118e-001 -4.8405e-001 -1.8593e-001 +1.4891e+000 -3.3462e+000
5313 +1.574815515e-001 +1.574815515e-001 +1.493074816e+002 +1.493074816e+002 -9.4871e-002 -4.4386e-001 -9.7547e-002 +1.6234e+000 -3.1527e+000
5729 +9.577862139e-002 +9.577862139e-002 +1.492457786e+002 +1.492457786e+002 -9.4566e-002 -4.3390e-001 -9.3113e-002 +1.6462e+000 -3.1012e+000
5872 +4.150617766e-002 +4.150617766e-002 +1.491915062e+002 +1.491915062e+002 -7.4910e-002 -4.0711e-001 -4.3519e-002 +1.7239e+000 -2.9826e+000
5980 +3.642289193e-002 +3.642289193e-002 +1.491864229e+002 +1.491864229e+002 -5.6368e-002 -3.8419e-001 -1.9695e-002 +1.7767e+000 -2.8817e+000
6395 +2.326948940e-002 +2.326948940e-002 +1.491732695e+002 +1.491732695e+002 -5.5367e-002 -3.8145e-001 -3.5341e-003 +1.7973e+000 -2.8442e+000
6555 +1.190393974e-002 +1.190393974e-002 +1.491619039e+002 +1.491619039e+002 -5.7695e-002 -3.8207e-001 -1.9720e-004 +1.8065e+000 -2.8259e+000
6808 +9.177046455e-003 +9.177046455e-003 +1.491591770e+002 +1.491591770e+002 -5.8919e-002 -3.8318e-001 +4.8364e-004 +1.8102e+000 -2.8160e+000
6846 +3.780605413e-003 +3.780605413e-003 +1.491537806e+002 +1.491537806e+002 -5.5713e-002 -3.7575e-001 +1.3024e-002 +1.8361e+000 -2.7628e+000
6991 +1.847615519e-003 +1.847615519e-003 +1.491518476e+002 +1.491518476e+002 -5.2101e-002 -3.6675e-001 +2.9133e-002 +1.8686e+000 -2.6975e+000
7291 +1.300821844e-003 +1.300821844e-003 +1.491513008e+002 +1.491513008e+002 -5.1661e-002 -3.6410e-001 +3.2193e-002 +1.8779e+000 -2.6792e+000
7308 +9.013672350e-004 +9.013672350e-004 +1.491509014e+002 +1.491509014e+002 -5.2296e-002 -3.6611e-001 +2.9663e-002 +1.8703e+000 -2.6956e+000
7334 +5.052681823e-004 +5.052681823e-004 +1.491505053e+002 +1.491505053e+002 -5.2723e-002 -3.6619e-001 +2.7980e-002 +1.8684e+000 -2.6991e+000
7340 +2.103015641e-004 +2.103015641e-004 +1.491502103e+002 +1.491502103e+002 -5.4689e-002 -3.6906e-001 +2.1673e-002 +1.8553e+000 -2.7256e+000
7688 +5.359560399e-005 +5.359560399e-005 +1.491500536e+002 +1.491500536e+002 -5.4943e-002 -3.7045e-001 +1.9400e-002 +1.8510e+000 -2.7353e+000
8052 +3.795335550e-005 +3.795335550e-005 +1.491500380e+002 +1.491500380e+002 -5.4650e-002 -3.7001e-001 +2.0556e-002 +1.8534e+000 -2.7301e+000
8134 +2.198225627e-005 +2.198225627e-005 +1.491500220e+002 +1.491500220e+002 -5.4842e-002 -3.7020e-001 +2.0347e-002 +1.8524e+000 -2.7323e+000
8642 +9.188585693e-006 +9.188585693e-006 +1.491500092e+002 +1.491500092e+002 -5.4934e-002 -3.7031e-001 +2.0297e-002 +1.8527e+000 -2.7314e+000
8740 +3.640829249e-006 +3.640829249e-006 +1.491500036e+002 +1.491500036e+002 -5.5017e-002 -3.7048e-001 +1.9829e-002 +1.8518e+000 -2.7333e+000
8839 +1.329258481e-006 +1.329258481e-006 +1.491500013e+002 +1.491500013e+002 -5.5130e-002 -3.7068e-001 +1.9370e-002 +1.8508e+000 -2.7352e+000
9302 +9.109695895e-007 +9.109695895e-007 +1.491500009e+002 +1.491500009e+002 -5.5165e-002 -3.7076e-001 +1.9215e-002 +1.8504e+000 -2.7360e+000
9545 +4.198991519e-007 +4.198991519e-007 +1.491500004e+002 +1.491500004e+002 -5.5243e-002 -3.7087e-001 +1.9084e-002 +1.8501e+000 -2.7365e+000
9951 +2.087729172e-007 +2.087729172e-007 +1.491500002e+002 +1.491500002e+002 -5.5224e-002 -3.7083e-001 +1.9158e-002 +1.8503e+000 -2.7361e+000
10072 +1.545838870e-007 +1.545838870e-007 +1.491500002e+002 +1.491500002e+002 -5.5212e-002 -3.7082e-001 +1.9197e-002 +1.8504e+000 -2.7360e+000
10093 +5.118400281e-008 +5.118400281e-008 +1.491500001e+002 +1.491500001e+002 -5.5187e-002 -3.7079e-001 +1.9241e-002 +1.8505e+000 -2.7358e+000
10556 +3.378767133e-008 +3.378767133e-008 +1.491500000e+002 +1.491500000e+002 -5.5186e-002 -3.7077e-001 +1.9252e-002 +1.8505e+000 -2.7358e+000
11140 +1.759889301e-008 +1.759889301e-008 +1.491500000e+002 +1.491500000e+002 -5.5198e-002 -3.7079e-001 +1.9217e-002 +1.8504e+000 -2.7360e+000
11181 +1.249190973e-008 +1.249190973e-008 +1.491500000e+002 +1.491500000e+002 -5.5196e-002 -3.7079e-001 +1.9221e-002 +1.8504e+000 -2.7359e+000
11308 +9.635414244e-009 +9.635414244e-009 +1.491500000e+002 +1.491500000e+002 -5.5191e-002 -3.7078e-001 +1.9230e-002 +1.8505e+000 -2.7359e+000
11336 +5.049543006e-009 +5.049543006e-009 +1.491500000e+002 +1.491500000e+002 -5.5193e-002 -3.7079e-001 +1.9222e-002 +1.8504e+000 -2.7359e+000
11376 +2.754262596e-009 +2.754262596e-009 +1.491500000e+002 +1.491500000e+002 -5.5205e-002 -3.7081e-001 +1.9187e-002 +1.8504e+000 -2.7361e+000
% function evaluation | noise-free fitness - Fopt (-1.000000000000e+003) | best noise-free fitness - Fopt | measured fitness | best measured fitness | x1 | x2...
1 +1.435453148e+005 +1.435453148e+005 +1.425453148e+005 +1.425453148e+005 -4.1022e+000 +4.9782e+000 -3.9071e+000 +2.8578e+000 +4.8983e+000
3 +1.915663524e+004 +1.915663524e+004 +1.815663524e+004 +1.815663524e+004 -4.3369e+000 +2.0865e+000 -2.8606e+000 +1.7497e-001 -3.5388e+000
12 +3.237804205e+003 +3.237804205e+003 +2.237804205e+003 +2.237804205e+003 -3.2173e+000 +6.1034e-001 +3.1745e+000 +8.3612e-002 +1.2586e+000
104 +1.666956755e+003 +1.666956755e+003 +6.669567548e+002 +6.669567548e+002 -1.8675e+000 +1.3556e+000 -4.8911e-001 -2.9977e+000 -1.7843e+000
129 +6.229304229e+002 +6.229304229e+002 -3.770695771e+002 -3.770695771e+002 -4.4243e+000 +1.1640e+000 +1.4301e+000 -1.8946e+000 -2.1570e-001
176 +2.373520233e+002 +2.373520233e+002 -7.626479767e+002 -7.626479767e+002 -2.8359e+000 +1.4403e+000 +7.4112e-001 -2.8440e+000 -3.4811e+000
408 +1.155016893e+002 +1.155016893e+002 -8.844983107e+002 -8.844983107e+002 -4.0580e+000 +7.5624e-001 +2.1853e-001 -2.2550e+000 -2.3417e+000
492 +6.103349055e+001 +6.103349055e+001 -9.389665094e+002 -9.389665094e+002 -4.5164e+000 +3.1451e-001 +1.1659e+000 -2.3725e+000 -2.8396e+000
557 +7.629373368e+000 +7.629373368e+000 -9.923706266e+002 -9.923706266e+002 -3.5771e+000 +3.5195e-001 +5.7192e-001 -2.7215e+000 -2.9814e+000
1254 +5.620682728e+000 +5.620682728e+000 -9.943793173e+002 -9.943793173e+002 -3.3792e+000 +2.8373e-001 +6.0316e-001 -2.5554e+000 -3.1408e+000
1543 +3.693931100e+000 +3.693931100e+000 -9.963060689e+002 -9.963060689e+002 -3.1450e+000 +6.1815e-001 +7.1990e-001 -2.5460e+000 -3.1563e+000
2304 +2.395512957e+000 +2.395512957e+000 -9.976044870e+002 -9.976044870e+002 -3.1930e+000 +6.1830e-001 +7.5590e-001 -2.5326e+000 -3.0807e+000
2877 +1.380635674e+000 +1.380635674e+000 -9.986193643e+002 -9.986193643e+002 -2.9426e+000 +9.6782e-001 +1.1587e+000 -2.2026e+000 -2.9842e+000
3187 +9.335636038e-001 +9.335636038e-001 -9.990664364e+002 -9.990664364e+002 -2.9691e+000 +9.6897e-001 +1.1095e+000 -2.2173e+000 -2.9509e+000
3896 +5.844795662e-001 +5.844795662e-001 -9.994155204e+002 -9.994155204e+002 -2.9458e+000 +9.7975e-001 +1.1637e+000 -2.1283e+000 -2.8840e+000
4269 +3.791148506e-001 +3.791148506e-001 -9.996208851e+002 -9.996208851e+002 -2.9213e+000 +1.0343e+000 +1.2888e+000 -1.9799e+000 -2.7060e+000
4549 +2.145020941e-001 +2.145020941e-001 -9.997854979e+002 -9.997854979e+002 -2.8837e+000 +1.1215e+000 +1.4284e+000 -1.7671e+000 -2.4370e+000
4804 +1.533405990e-001 +1.533405990e-001 -9.998466594e+002 -9.998466594e+002 -2.8642e+000 +1.1195e+000 +1.4330e+000 -1.7287e+000 -2.3593e+000
4815 +9.445688485e-002 +9.445688485e-002 -9.999055431e+002 -9.999055431e+002 -2.8684e+000 +1.1324e+000 +1.4591e+000 -1.6834e+000 -2.3033e+000
5011 +5.702886119e-002 +5.702886119e-002 -9.999429711e+002 -9.999429711e+002 -2.8672e+000 +1.1380e+000 +1.4629e+000 -1.6813e+000 -2.2895e+000
5148 +2.304433058e-002 +2.304433058e-002 -9.999769557e+002 -9.999769557e+002 -2.8633e+000 +1.1495e+000 +1.4758e+000 -1.6524e+000 -2.2389e+000
5162 +1.156579035e-002 +1.156579035e-002 -9.999884342e+002 -9.999884342e+002 -2.8541e+000 +1.1588e+000 +1.4906e+000 -1.6203e+000 -2.1785e+000
5287 +7.153652172e-003 +7.153652172e-003 -9.999928463e+002 -9.999928463e+002 -2.8525e+000 +1.1632e+000 +1.4988e+000 -1.5981e+000 -2.1367e+000
5295 +5.639704548e-003 +5.639704548e-003 -9.999943603e+002 -9.999943603e+002 -2.8531e+000 +1.1646e+000 +1.5018e+000 -1.5989e+000 -2.1388e+000
5604 +2.021695734e-003 +2.021695734e-003 -9.999979783e+002 -9.999979783e+002 -2.8500e+000 +1.1728e+000 +1.5137e+000 -1.5739e+000 -2.0859e+000
5618 +8.702895918e-004 +8.702895918e-004 -9.999991297e+002 -9.999991297e+002 -2.8481e+000 +1.1779e+000 +1.5242e+000 -1.5521e+000 -2.0451e+000
5836 +1.251302597e-004 +1.251302597e-004 -9.999998749e+002 -9.999998749e+002 -2.8480e+000 +1.1778e+000 +1.5261e+000 -1.5471e+000 -2.0344e+000
6262 +7.155626031e-005 +7.155626031e-005 -9.999999284e+002 -9.999999284e+002 -2.8491e+000 +1.1750e+000 +1.5212e+000 -1.5570e+000 -2.0546e+000
6971 +5.312832388e-005 +5.312832388e-005 -9.999999469e+002 -9.999999469e+002 -2.8488e+000 +1.1754e+000 +1.5215e+000 -1.5568e+000 -2.0538e+000
6977 +3.850104463e-005 +3.850104463e-005 -9.999999615e+002 -9.999999615e+002 -2.8488e+000 +1.1756e+000 +1.5221e+000 -1.5553e+000 -2.0506e+000
7202 +1.219896546e-005 +1.219896546e-005 -9.999999878e+002 -9.999999878e+002 -2.8485e+000 +1.1760e+000 +1.5228e+000 -1.5538e+000 -2.0480e+000
7460 +9.654791256e-006 +9.654791256e-006 -9.999999903e+002 -9.999999903e+002 -2.8483e+000 +1.1762e+000 +1.5232e+000 -1.5532e+000 -2.0468e+000
7535 +4.367701194e-006 +4.367701194e-006 -9.999999956e+002 -9.999999956e+002 -2.8481e+000 +1.1769e+000 +1.5245e+000 -1.5507e+000 -2.0420e+000
7692 +2.636993599e-006 +2.636993599e-006 -9.999999974e+002 -9.999999974e+002 -2.8480e+000 +1.1768e+000 +1.5244e+000 -1.5508e+000 -2.0420e+000
7766 +2.249180511e-006 +2.249180511e-006 -9.999999978e+002 -9.999999978e+002 -2.8480e+000 +1.1769e+000 +1.5246e+000 -1.5504e+000 -2.0412e+000
8140 +1.500520511e-006 +1.500520511e-006 -9.999999985e+002 -9.999999985e+002 -2.8481e+000 +1.1767e+000 +1.5243e+000 -1.5511e+000 -2.0425e+000
8180 +3.988118351e-007 +3.988118351e-007 -9.999999996e+002 -9.999999996e+002 -2.8482e+000 +1.1766e+000 +1.5241e+000 -1.5514e+000 -2.0432e+000
8473 +3.811464921e-007 +3.811464921e-007 -9.999999996e+002 -9.999999996e+002 -2.8482e+000 +1.1766e+000 +1.5240e+000 -1.5516e+000 -2.0437e+000
8555 +2.486358426e-007 +2.486358426e-007 -9.999999998e+002 -9.999999998e+002 -2.8482e+000 +1.1766e+000 +1.5239e+000 -1.5519e+000 -2.0441e+000
8571 +1.459013674e-007 +1.459013674e-007 -9.999999999e+002 -9.999999999e+002 -2.8482e+000 +1.1766e+000 +1.5240e+000 -1.5517e+000 -2.0438e+000
8838 +8.043036814e-008 +8.043036814e-008 -9.999999999e+002 -9.999999999e+002 -2.8482e+000 +1.1766e+000 +1.5241e+000 -1.5515e+000 -2.0433e+000
8919 +5.950732884e-008 +5.950732884e-008 -9.999999999e+002 -9.999999999e+002 -2.8482e+000 +1.1767e+000 +1.5241e+000 -1.5514e+000 -2.0432e+000
9282 +1.587056886e-008 +1.587056886e-008 -1.000000000e+003 -1.000000000e+003 -2.8482e+000 +1.1766e+000 +1.5240e+000 -1.5516e+000 -2.0436e+000
9497 +1.331102339e-008 +1.331102339e-008 -1.000000000e+003 -1.000000000e+003 -2.8482e+000 +1.1766e+000 +1.5240e+000 -1.5516e+000 -2.0436e+000
9697 +5.488004717e-009 +5.488004717e-009 -1.000000000e+003 -1.000000000e+003 -2.8482e+000 +1.1766e+000 +1.5240e+000 -1.5516e+000 -2.0436e+000
% function evaluation | noise-free fitness - Fopt (9.862000000000e+001) | best noise-free fitness - Fopt | measured fitness | best measured fitness | x1 | x2...
1 +3.210989762e+005 +3.210989762e+005 +3.211975962e+005 +3.211975962e+005 -9.5426e-001 +4.1923e+000 -4.4340e+000 +1.3165e-001 +2.0828e+000
3 +1.115051537e+005 +1.115051537e+005 +1.116037737e+005 +1.116037737e+005 +3.7753e+000 +1.7296e+000 -1.1351e+000 -3.2652e+000 -4.0930e+000
5 +3.928059225e+004 +3.928059225e+004 +3.937921225e+004 +3.937921225e+004 +2.1311e+000 -4.3356e+000 -8.4832e-001 -3.3391e+000 -9.6091e-001
6 +1.953567691e+004 +1.953567691e+004 +1.963429691e+004 +1.963429691e+004 +1.1605e+000 -4.8642e+000 +2.6635e+000 -2.7813e+000 -4.7524e+000
19 +9.872443596e+003 +9.872443596e+003 +9.971063596e+003 +9.971063596e+003 +9.8810e-001 -1.5816e-001 +1.2978e-001 -6.0978e-001 +7.0020e-001
29 +6.021307142e+003 +6.021307142e+003 +6.119927142e+003 +6.119927142e+003 -3.2443e+000 -3.6785e+000 +3.7089e+000 -4.9320e+000 +2.3967e+000
44 +2.546489675e+003 +2.546489675e+003 +2.645109675e+003 +2.645109675e+003 +3.9140e-001 -1.6564e+000 +4.1000e-001 -4.3444e+000 +8.2422e-001
108 +1.211371835e+003 +1.211371835e+003 +1.309991835e+003 +1.309991835e+003 -1.3436e-001 -2.6831e+000 +2.0689e+000 -3.2797e+000 -9.0874e-001
129 +4.340892891e+002 +4.340892891e+002 +5.327092891e+002 +5.327092891e+002 -6.6177e-001 -8.5818e-001 +1.1184e+000 -2.9935e+000 -6.2169e-001
140 +1.090360670e+002 +1.090360670e+002 +2.076560670e+002 +2.076560670e+002 -9.8862e-001 -1.9344e+000 +1.0472e+000 -3.3549e+000 -8.1609e-001
506 +9.943158712e+001 +9.943158712e+001 +1.980515871e+002 +1.980515871e+002 -1.9127e+000 -2.4586e+000 +9.9145e-001 -3.7099e+000 -1.5751e-002
709 +3.149292574e+001 +3.149292574e+001 +1.301129257e+002 +1.301129257e+002 -2.5078e+000 -1.8944e+000 +1.5426e+000 -3.0746e+000 +3.6990e-001
1003 +2.090326153e+001 +2.090326153e+001 +1.195232615e+002 +1.195232615e+002 -2.6484e+000 -1.8091e+000 +1.5780e+000 -3.2655e+000 +1.3176e-002
1013 +1.099902808e+001 +1.099902808e+001 +1.096190281e+002 +1.096190281e+002 -2.3459e+000 -1.9038e+000 +1.7288e+000 -3.2455e+000 -1.0021e-001
1463 +7.119682994e+000 +7.119682994e+000 +1.057396830e+002 +1.057396830e+002 -2.0834e+000 -2.1854e+000 +1.5071e+000 -3.1174e+000 -1.0366e-001
1726 +5.850124786e+000 +5.850124786e+000 +1.044701248e+002 +1.044701248e+002 -1.9162e+000 -2.0446e+000 +1.4326e+000 -3.1240e+000 -1.2096e-001
1953 +3.553042949e+000 +3.553042949e+000 +1.021730429e+002 +1.021730429e+002 -1.2337e+000 -1.8121e+000 +1.5779e+000 -3.1612e+000 -1.8521e-001
2479 +2.045199746e+000 +2.045199746e+000 +1.006651997e+002 +1.006651997e+002 -1.1279e+000 -1.6637e+000 +1.6622e+000 -3.1392e+000 -6.2918e-002
3541 +1.477469794e+000 +1.477469794e+000 +1.000974698e+002 +1.000974698e+002 -1.0192e+000 -1.5488e+000 +1.7993e+000 -3.0976e+000 -9.0327e-002
3753 +9.438297347e-001 +9.438297347e-001 +9.956382973e+001 +9.956382973e+001 -9.3908e-001 -1.4111e+000 +2.0056e+000 -2.9296e+000 -2.0098e-002
4124 +5.710342518e-001 +5.710342518e-001 +9.919103425e+001 +9.919103425e+001 -9.0426e-001 -1.3266e+000 +2.1241e+000 -2.7748e+000 +8.5667e-002
4467 +3.054270202e-001 +3.054270202e-001 +9.892542702e+001 +9.892542702e+001 -8.8297e-001 -1.2728e+000 +2.2181e+000 -2.6160e+000 +2.7013e-001
4576 +2.108763372e-001 +2.108763372e-001 +9.883087634e+001 +9.883087634e+001 -8.5489e-001 -1.2354e+000 +2.2708e+000 -2.5136e+000 +3.9664e-001
4689 +1.567259359e-001 +1.567259359e-001 +9.877672594e+001 +9.877672594e+001 -8.3731e-001 -1.1982e+000 +2.3372e+000 -2.3937e+000 +5.8468e-001
4755 +9.678258726e-002 +9.678258726e-002 +9.871678259e+001 +9.871678259e+001 -8.2343e-001 -1.1689e+000 +2.3868e+000 -2.3330e+000 +6.8156e-001
4846 +4.973545244e-002 +4.973545244e-002 +9.866973545e+001 +9.866973545e+001 -8.1470e-001 -1.1562e+000 +2.4212e+000 -2.2462e+000 +8.5734e-001
4945 +7.261738927e-003 +7.261738927e-003 +9.862726174e+001 +9.862726174e+001 -8.0524e-001 -1.1415e+000 +2.4547e+000 -2.1939e+000 +9.6706e-001
5493 +6.292816527e-003 +6.292816527e-003 +9.862629282e+001 +9.862629282e+001 -8.0816e-001 -1.1480e+000 +2.4415e+000 -2.2236e+000 +9.0963e-001
6103 +3.006948516e-003 +3.006948516e-003 +9.862300695e+001 +9.862300695e+001 -8.0896e-001 -1.1516e+000 +2.4344e+000 -2.2401e+000 +8.7192e-001
6147 +2.196725959e-003 +2.196725959e-003 +9.862219673e+001 +9.862219673e+001 -8.0724e-001 -1.1493e+000 +2.4392e+000 -2.2314e+000 +8.8925e-001
6202 +1.303856018e-003 +1.303856018e-003 +9.862130386e+001 +9.862130386e+001 -8.0522e-001 -1.1452e+000 +2.4484e+000 -2.2121e+000 +9.2847e-001
6279 +7.798103936e-004 +7.798103936e-004 +9.862077981e+001 +9.862077981e+001 -8.0503e-001 -1.1464e+000 +2.4458e+000 -2.2175e+000 +9.1691e-001
6379 +5.735885912e-004 +5.735885912e-004 +9.862057359e+001 +9.862057359e+001 -8.0336e-001 -1.1439e+000 +2.4511e+000 -2.2062e+000 +9.3930e-001
6635 +3.936094181e-004 +3.936094181e-004 +9.862039361e+001 +9.862039361e+001 -8.0343e-001 -1.1450e+000 +2.4488e+000 -2.2103e+000 +9.3153e-001
7013 +2.058815445e-004 +2.058815445e-004 +9.862020588e+001 +9.862020588e+001 -8.0580e-001 -1.1498e+000 +2.4410e+000 -2.2253e+000 +9.0197e-001
7180 +1.472692798e-004 +1.472692798e-004 +9.862014727e+001 +9.862014727e+001 -8.0552e-001 -1.1494e+000 +2.4412e+000 -2.2245e+000 +9.0308e-001
7462 +8.574591749e-005 +8.574591749e-005 +9.862008575e+001 +9.862008575e+001 -8.0525e-001 -1.1486e+000 +2.4431e+000 -2.2205e+000 +9.1113e-001
7590 +5.462962413e-005 +5.462962413e-005 +9.862005463e+001 +9.862005463e+001 -8.0503e-001 -1.1480e+000 +2.4444e+000 -2.2180e+000 +9.1605e-001
7703 +3.814020228e-005 +3.814020228e-005 +9.862003814e+001 +9.862003814e+001 -8.0534e-001 -1.1484e+000 +2.4432e+000 -2.2205e+000 +9.1065e-001
7719 +1.627015857e-005 +1.627015857e-005 +9.862001627e+001 +9.862001627e+001 -8.0511e-001 -1.1479e+000 +2.4440e+000 -2.2191e+000 +9.1382e-001
7903 +1.566898302e-005 +1.566898302e-005 +9.862001567e+001 +9.862001567e+001 -8.0515e-001 -1.1477e+000 +2.4442e+000 -2.2187e+000 +9.1447e-001
8100 +8.937650279e-006 +8.937650279e-006 +9.862000894e+001 +9.862000894e+001 -8.0527e-001 -1.1479e+000 +2.4440e+000 -2.2190e+000 +9.1403e-001
8143 +2.215322269e-006 +2.215322269e-006 +9.862000222e+001 +9.862000222e+001 -8.0532e-001 -1.1480e+000 +2.4440e+000 -2.2191e+000 +9.1378e-001
8617 +9.332374162e-007 +9.332374162e-007 +9.862000093e+001 +9.862000093e+001 -8.0521e-001 -1.1477e+000 +2.4445e+000 -2.2180e+000 +9.1608e-001
8822 +3.737688274e-007 +3.737688274e-007 +9.862000037e+001 +9.862000037e+001 -8.0527e-001 -1.1479e+000 +2.4442e+000 -2.2187e+000 +9.1469e-001
9129 +2.078234473e-007 +2.078234473e-007 +9.862000021e+001 +9.862000021e+001 -8.0518e-001 -1.1478e+000 +2.4445e+000 -2.2180e+000 +9.1596e-001
9161 +1.377736680e-007 +1.377736680e-007 +9.862000014e+001 +9.862000014e+001 -8.0520e-001 -1.1478e+000 +2.4444e+000 -2.2182e+000 +9.1557e-001
9742 +8.604250468e-008 +8.604250468e-008 +9.862000009e+001 +9.862000009e+001 -8.0521e-001 -1.1478e+000 +2.4444e+000 -2.2183e+000 +9.1543e-001
9844 +3.278366023e-008 +3.278366023e-008 +9.862000003e+001 +9.862000003e+001 -8.0520e-001 -1.1478e+000 +2.4444e+000 -2.2182e+000 +9.1556e-001
9855 +2.144309974e-008 +2.144309974e-008 +9.862000002e+001 +9.862000002e+001 -8.0520e-001 -1.1478e+000 +2.4444e+000 -2.2182e+000 +9.1553e-001
10097 +8.328555623e-009 +8.328555623e-009 +9.862000001e+001 +9.862000001e+001 -8.0519e-001 -1.1478e+000 +2.4444e+000 -2.2182e+000 +9.1568e-001
% function evaluation | noise-free fitness - Fopt (-4.715000000000e+001) | best noise-free fitness - Fopt | measured fitness | best measured fitness | x1 | x2...
1 +3.395617465e+003 +3.395617465e+003 +3.348467465e+003 +3.348467465e+003 -4.3696e-002 -2.0022e+000 -3.2110e+000 -4.7791e-001 +2.5091e+000
10 +1.820910146e+003 +1.820910146e+003 +1.773760146e+003 +1.773760146e+003 +2.6097e-001 -2.9058e+000 -2.2633e+000 -1.6298e+000 +3.0945e+000
35 +2.865033479e+002 +2.865033479e+002 +2.393533479e+002 +2.393533479e+002 -7.1149e-001 -2.4892e+000 -2.9475e+000 -3.0432e+000 -4.7252e-001
256 +2.216023306e+002 +2.216023306e+002 +1.744523306e+002 +1.744523306e+002 -1.9897e+000 -1.3254e+000 -2.4479e+000 -3.3114e+000 -1.7611e+000
513 +9.704117250e+001 +9.704117250e+001 +4.989117250e+001 +4.989117250e+001 -1.1048e+000 -2.2299e+000 -2.3980e+000 -2.5830e+000 +4.3207e-001
547 +4.811541327e+001 +4.811541327e+001 +9.654132697e-001 +9.654132697e-001 -1.9329e+000 -9.7730e-001 -1.8544e+000 -3.1363e+000 -1.9757e-002
588 +2.317980279e+001 +2.317980279e+001 -2.397019721e+001 -2.397019721e+001 -1.5175e+000 -1.6308e+000 -1.9195e+000 -2.8995e+000 -9.0903e-002
1003 +1.514298826e+001 +1.514298826e+001 -3.200701174e+001 -3.200701174e+001 -2.4491e+000 -7.6380e-001 -9.7020e-001 -1.9823e+000 +1.2523e+000
1742 +9.255262245e+000 +9.255262245e+000 -3.789473775e+001 -3.789473775e+001 -2.4495e+000 -6.7768e-001 -1.0421e+000 -1.9695e+000 +1.2849e+000
2504 +5.645203168e+000 +5.645203168e+000 -4.150479683e+001 -4.150479683e+001 -2.3919e+000 -6.6542e-001 -1.0039e+000 -1.9260e+000 +1.5137e+000
5009 +3.970737720e+000 +3.970737720e+000 -4.317926228e+001 -4.317926228e+001 -2.3086e+000 -8.3262e-001 -1.2582e+000 -2.4432e+000 +3.5651e-001
% function evaluation | noise-free fitness - Fopt (3.752000000000e+001) | best noise-free fitness - Fopt | measured fitness | best measured fitness | x1 | x2...
1 +4.273631493e+004 +4.273631493e+004 +4.277383493e+004 +4.277383493e+004 -2.4005e-001 -6.5711e-001 -1.9347e+000 -4.9767e+000 +1.4198e+000
13 +1.514312807e+004 +1.514312807e+004 +1.518064807e+004 +1.518064807e+004 -1.1429e+000 +4.9506e-002 +9.0292e-001 -3.5602e+000 -2.2431e+000
26 +6.018640079e+003 +6.018640079e+003 +6.056160079e+003 +6.056160079e+003 +9.5189e-002 -3.9528e+000 +2.5819e+000 +4.7307e-001 +3.9452e+000
38 +2.020182849e+003 +2.020182849e+003 +2.057702849e+003 +2.057702849e+003 -2.8770e-001 -3.0532e+000 +1.2604e+000 -4.0676e+000 +2.2879e+000
109 +1.559247936e+003 +1.559247936e+003 +1.596767936e+003 +1.596767936e+003 -2.8770e-001 -3.0532e+000 +1.2604e+000 -4.0676e+000 +5.2269e+000
125 +9.764513133e+002 +9.764513133e+002 +1.013971313e+003 +1.013971313e+003 +1.4727e+000 -1.9702e+000 +2.0184e+000 -4.1213e+000 +2.4480e+000
298 +5.449989113e+002 +5.449989113e+002 +5.825189113e+002 +5.825189113e+002 +2.5249e+000 -2.9682e+000 +2.5038e+000 -1.7718e+000 +5.3492e-001
317 +3.952851162e+002 +3.952851162e+002 +4.328051162e+002 +4.328051162e+002 +1.7095e+000 -2.4897e+000 +1.6931e+000 -2.0148e+000 +4.0447e+000
354 +1.984174232e+002 +1.984174232e+002 +2.359374232e+002 +2.359374232e+002 +1.2885e+000 -2.2190e+000 +2.4362e+000 -2.2946e+000 +8.2722e-001
432 +1.252782399e+002 +1.252782399e+002 +1.627982399e+002 +1.627982399e+002 +1.4824e+000 -2.6401e+000 +2.6096e+000 -2.8012e+000 +1.8915e+000
492 +8.013827049e+001 +8.013827049e+001 +1.176582705e+002 +1.176582705e+002 +8.3161e-001 -2.4169e+000 +1.8228e+000 -1.9305e+000 +2.8499e+000
546 +6.181380244e+001 +6.181380244e+001 +9.933380244e+001 +9.933380244e+001 +9.9013e-001 -3.3027e+000 +2.1730e+000 -2.6042e+000 +1.6284e+000
871 +3.254026767e+001 +3.254026767e+001 +7.006026767e+001 +7.006026767e+001 +1.2981e+000 -3.1137e+000 +2.2417e+000 -2.3897e+000 +2.3862e+000
1097 +2.094949879e+001 +2.094949879e+001 +5.846949879e+001 +5.846949879e+001 +1.3305e+000 -2.9818e+000 +1.7187e+000 -2.0738e+000 +2.1779e+000
1203 +1.059101134e+001 +1.059101134e+001 +4.811101134e+001 +4.811101134e+001 +1.4604e+000 -3.1116e+000 +1.9541e+000 -2.5079e+000 +2.1964e+000
1216 +8.640909078e+000 +8.640909078e+000 +4.616090908e+001 +4.616090908e+001 +1.5617e+000 -2.9392e+000 +1.7655e+000 -2.2792e+000 +2.0388e+000
1529 +5.710140584e+000 +5.710140584e+000 +4.323014058e+001 +4.323014058e+001 +1.8325e+000 -2.9469e+000 +1.7992e+000 -2.4639e+000 +2.0491e+000
1987 +3.731331658e+000 +3.731331658e+000 +4.125133166e+001 +4.125133166e+001 +1.9758e+000 -2.6581e+000 +1.9730e+000 -2.4330e+000 +1.9280e+000
2152 +1.602689331e+000 +1.602689331e+000 +3.912268933e+001 +3.912268933e+001 +2.2458e+000 -2.4123e+000 +2.2273e+000 -2.3767e+000 +2.0037e+000
2195 +1.581955333e+000 +1.581955333e+000 +3.910195533e+001 +3.910195533e+001 +2.2708e+000 -2.3343e+000 +2.2691e+000 -2.3501e+000 +1.9894e+000
2981 +9.908696375e-001 +9.908696375e-001 +3.851086964e+001 +3.851086964e+001 +2.3351e+000 -2.2480e+000 +2.3950e+000 -2.2160e+000 +2.0786e+000
3222 +6.242898118e-001 +6.242898118e-001 +3.814428981e+001 +3.814428981e+001 +2.3919e+000 -2.1558e+000 +2.5551e+000 -1.9977e+000 +2.2349e+000
3548 +2.576064036e-001 +2.576064036e-001 +3.777760640e+001 +3.777760640e+001 +2.4231e+000 -2.0947e+000 +2.6613e+000 -1.8884e+000 +2.3295e+000
3575 +2.511684338e-001 +2.511684338e-001 +3.777116843e+001 +3.777116843e+001 +2.4296e+000 -2.0731e+000 +2.7073e+000 -1.8067e+000 +2.4160e+000
4465 +1.579400500e-001 +1.579400500e-001 +3.767794005e+001 +3.767794005e+001 +2.4446e+000 -2.0586e+000 +2.7192e+000 -1.7964e+000 +2.4458e+000
4997 +7.993932194e-002 +7.993932194e-002 +3.759993932e+001 +3.759993932e+001 +2.4601e+000 -2.0332e+000 +2.7818e+000 -1.6884e+000 +2.6051e+000
5006 +6.171188554e-002 +6.171188554e-002 +3.758171189e+001 +3.758171189e+001 +2.4642e+000 -2.0211e+000 +2.8022e+000 -1.6565e+000 +2.6529e+000
5163 +3.212082168e-002 +3.212082168e-002 +3.755212082e+001 +3.755212082e+001 +2.4783e+000 -1.9981e+000 +2.8398e+000 -1.5917e+000 +2.7670e+000
5474 +2.480486655e-002 +2.480486655e-002 +3.754480487e+001 +3.754480487e+001 +2.4874e+000 -1.9801e+000 +2.8675e+000 -1.5373e+000 +2.8641e+000
5700 +1.548989358e-002 +1.548989358e-002 +3.753548989e+001 +3.753548989e+001 +2.4952e+000 -1.9627e+000 +2.8982e+000 -1.4686e+000 +3.0044e+000
5816 +8.091235439e-003 +8.091235439e-003 +3.752809124e+001 +3.752809124e+001 +2.4897e+000 -1.9759e+000 +2.8798e+000 -1.5095e+000 +2.9254e+000
5914 +4.084638938e-003 +4.084638938e-003 +3.752408464e+001 +3.752408464e+001 +2.4954e+000 -1.9582e+000 +2.9178e+000 -1.4277e+000 +3.0856e+000
6322 +1.692441943e-003 +1.692441943e-003 +3.752169244e+001 +3.752169244e+001 +2.4930e+000 -1.9655e+000 +2.9031e+000 -1.4578e+000 +3.0246e+000
6386 +1.386483251e-003 +1.386483251e-003 +3.752138648e+001 +3.752138648e+001 +2.4924e+000 -1.9661e+000 +2.9043e+000 -1.4556e+000 +3.0292e+000
6940 +7.676751050e-004 +7.676751050e-004 +3.752076768e+001 +3.752076768e+001 +2.4922e+000 -1.9670e+000 +2.9003e+000 -1.4666e+000 +3.0088e+000
6977 +5.993427281e-004 +5.993427281e-004 +3.752059934e+001 +3.752059934e+001 +2.4920e+000 -1.9671e+000 +2.9003e+000 -1.4660e+000 +3.0091e+000
7059 +2.356575580e-004 +2.356575580e-004 +3.752023566e+001 +3.752023566e+001 +2.4909e+000 -1.9680e+000 +2.8981e+000 -1.4702e+000 +3.0005e+000
7218 +7.987306002e-005 +7.987306002e-005 +3.752007987e+001 +3.752007987e+001 +2.4903e+000 -1.9694e+000 +2.8963e+000 -1.4734e+000 +2.9949e+000
7238 +5.400340994e-005 +5.400340994e-005 +3.752005400e+001 +3.752005400e+001 +2.4903e+000 -1.9685e+000 +2.8977e+000 -1.4699e+000 +3.0020e+000
7388 +2.996932614e-005 +2.996932614e-005 +3.752002997e+001 +3.752002997e+001 +2.4897e+000 -1.9694e+000 +2.8962e+000 -1.4734e+000 +2.9950e+000
7689 +1.299102430e-005 +1.299102430e-005 +3.752001299e+001 +3.752001299e+001 +2.4899e+000 -1.9694e+000 +2.8961e+000 -1.4740e+000 +2.9937e+000
7758 +9.410285010e-006 +9.410285010e-006 +3.752000941e+001 +3.752000941e+001 +2.4897e+000 -1.9696e+000 +2.8961e+000 -1.4740e+000 +2.9939e+000
7877 +4.534595774e-006 +4.534595774e-006 +3.752000453e+001 +3.752000453e+001 +2.4899e+000 -1.9695e+000 +2.8964e+000 -1.4733e+000 +2.9951e+000
8219 +3.188535210e-006 +3.188535210e-006 +3.752000319e+001 +3.752000319e+001 +2.4902e+000 -1.9688e+000 +2.8975e+000 -1.4709e+000 +3.0000e+000
8331 +1.948230477e-006 +1.948230477e-006 +3.752000195e+001 +3.752000195e+001 +2.4899e+000 -1.9694e+000 +2.8965e+000 -1.4730e+000 +2.9957e+000
8448 +1.384481862e-006 +1.384481862e-006 +3.752000138e+001 +3.752000138e+001 +2.4899e+000 -1.9694e+000 +2.8964e+000 -1.4732e+000 +2.9953e+000
8573 +5.242679322e-007 +5.242679322e-007 +3.752000052e+001 +3.752000052e+001 +2.4900e+000 -1.9692e+000 +2.8968e+000 -1.4725e+000 +2.9969e+000
8915 +2.866770714e-007 +2.866770714e-007 +3.752000029e+001 +3.752000029e+001 +2.4900e+000 -1.9691e+000 +2.8969e+000 -1.4722e+000 +2.9974e+000
9226 +2.031078097e-007 +2.031078097e-007 +3.752000020e+001 +3.752000020e+001 +2.4900e+000 -1.9692e+000 +2.8968e+000 -1.4725e+000 +2.9969e+000
9400 +1.192691812e-007 +1.192691812e-007 +3.752000012e+001 +3.752000012e+001 +2.4900e+000 -1.9692e+000 +2.8968e+000 -1.4723e+000 +2.9972e+000
9405 +6.960163290e-008 +6.960163290e-008 +3.752000007e+001 +3.752000007e+001 +2.4900e+000 -1.9692e+000 +2.8967e+000 -1.4725e+000 +2.9967e+000
9440 +6.291568155e-008 +6.291568155e-008 +3.752000006e+001 +3.752000006e+001 +2.4900e+000 -1.9692e+000 +2.8968e+000 -1.4725e+000 +2.9968e+000
9469 +2.961913026e-008 +2.961913026e-008 +3.752000003e+001 +3.752000003e+001 +2.4900e+000 -1.9692e+000 +2.8968e+000 -1.4724e+000 +2.9970e+000
9624 +1.944970762e-008 +1.944970762e-008 +3.752000002e+001 +3.752000002e+001 +2.4900e+000 -1.9692e+000 +2.8968e+000 -1.4724e+000 +2.9970e+000
10036 +1.537878802e-008 +1.537878802e-008 +3.752000002e+001 +3.752000002e+001 +2.4900e+000 -1.9692e+000 +2.8968e+000 -1.4724e+000 +2.9970e+000
10140 +2.200934546e-009 +2.200934546e-009 +3.752000000e+001 +3.752000000e+001 +2.4900e+000 -1.9692e+000 +2.8968e+000 -1.4724e+000 +2.9970e+000
% function evaluation | noise-free fitness - Fopt (-2.980000000000e+001) | best noise-free fitness - Fopt | measured fitness | best measured fitness | x1 | x2...
1 +6.019964623e+004 +6.019964623e+004 +6.016984623e+004 +6.016984623e+004 +6.1838e-001 -2.3722e+000 +1.8275e+000 -3.3197e+000 +4.7523e+000
6 +3.361511370e+004 +3.361511370e+004 +3.358531370e+004 +3.358531370e+004 -1.7470e+000 -3.2588e+000 +3.4668e+000 +4.3176e+000 -3.6019e+000
7 +6.469746985e+002 +6.469746985e+002 +6.171746985e+002 +6.171746985e+002 -2.9191e+000 +1.1637e+000 +2.0945e+000 +7.6163e-001 +4.3642e+000
53 +3.421814769e+002 +3.421814769e+002 +3.123814769e+002 +3.123814769e+002 -2.5321e+000 -1.3292e-002 +2.7395e+000 +3.5164e+000 +6.8165e+000
160 +1.491247658e+002 +1.491247658e+002 +1.193247658e+002 +1.193247658e+002 -1.3230e+000 +1.7020e-001 +1.1047e+000 +2.1978e+000 +2.0154e+000
327 +9.068753082e+001 +9.068753082e+001 +6.088753082e+001 +6.088753082e+001 -1.3230e+000 +4.5840e-001 +1.1047e+000 +2.1978e+000 +2.0154e+000
742 +6.120866812e+001 +6.120866812e+001 +3.140866812e+001 +3.140866812e+001 -2.8811e+000 +1.2149e+000 +1.2693e+000 +1.6921e+000 +1.5953e+000
1048 +2.360695765e+001 +2.360695765e+001 -6.193042352e+000 -6.193042352e+000 -1.6329e+000 +8.9889e-001 +1.4633e+000 +1.2367e+000 +1.3577e+000
1084 +5.172428984e+000 +5.172428984e+000 -2.462757102e+001 -2.462757102e+001 -2.4647e+000 +6.2465e-001 +1.5410e+000 +1.4806e+000 +1.5646e+000
1810 +2.985689530e+000 +2.985689530e+000 -2.681431047e+001 -2.681431047e+001 -1.4964e+000 +9.6505e-001 +1.7521e+000 +1.5491e+000 +1.4808e+000
1947 +2.255164774e+000 +2.255164774e+000 -2.754483523e+001 -2.754483523e+001 -1.4437e+000 +9.6239e-001 +1.7244e+000 +1.5683e+000 +1.4661e+000
2771 +1.209907168e+000 +1.209907168e+000 -2.859009283e+001 -2.859009283e+001 -1.2666e+000 +1.2029e+000 +1.9724e+000 +1.7035e+000 +1.5268e+000
2959 +9.619001608e-001 +9.619001608e-001 -2.883809984e+001 -2.883809984e+001 -1.2576e+000 +1.2352e+000 +2.0399e+000 +1.7872e+000 +1.5597e+000
3408 +5.016622620e-001 +5.016622620e-001 -2.929833774e+001 -2.929833774e+001 -1.1745e+000 +1.3542e+000 +2.2483e+000 +2.0489e+000 +1.7847e+000
3700 +2.736707489e-001 +2.736707489e-001 -2.952632925e+001 -2.952632925e+001 -1.1423e+000 +1.4099e+000 +2.3066e+000 +2.1391e+000 +1.8913e+000
3749 +2.129450027e-001 +2.129450027e-001 -2.958705500e+001 -2.958705500e+001 -1.1448e+000 +1.4246e+000 +2.3592e+000 +2.2145e+000 +1.9899e+000
3845 +1.530553385e-001 +1.530553385e-001 -2.964694466e+001 -2.964694466e+001 -1.1301e+000 +1.4440e+000 +2.3709e+000 +2.2389e+000 +2.0472e+000
3903 +9.955466913e-002 +9.955466913e-002 -2.970044533e+001 -2.970044533e+001 -1.1115e+000 +1.5064e+000 +2.4641e+000 +2.4156e+000 +2.3189e+000
4112 +3.108379260e-002 +3.108379260e-002 -2.976891621e+001 -2.976891621e+001 -1.1127e+000 +1.5013e+000 +2.4752e+000 +2.4420e+000 +2.3781e+000
4461 +2.030585882e-002 +2.030585882e-002 -2.977969414e+001 -2.977969414e+001 -1.0978e+000 +1.5168e+000 +2.5028e+000 +2.4883e+000 +2.4467e+000
4476 +1.034611260e-002 +1.034611260e-002 -2.978965389e+001 -2.978965389e+001 -1.0949e+000 +1.5243e+000 +2.5252e+000 +2.5374e+000 +2.5442e+000
4490 +6.337656655e-003 +6.337656655e-003 -2.979366234e+001 -2.979366234e+001 -1.0994e+000 +1.5254e+000 +2.5278e+000 +2.5420e+000 +2.5597e+000
4525 +4.588509603e-003 +4.588509603e-003 -2.979541149e+001 -2.979541149e+001 -1.0970e+000 +1.5203e+000 +2.5159e+000 +2.5176e+000 +2.5187e+000
4991 +3.870628462e-003 +3.870628462e-003 -2.979612937e+001 -2.979612937e+001 -1.0957e+000 +1.5208e+000 +2.5173e+000 +2.5193e+000 +2.5186e+000
5060 +1.312616306e-003 +1.312616306e-003 -2.979868738e+001 -2.979868738e+001 -1.0989e+000 +1.5170e+000 +2.5138e+000 +2.5132e+000 +2.5056e+000
5194 +5.050583419e-004 +5.050583419e-004 -2.979949494e+001 -2.979949494e+001 -1.0990e+000 +1.5184e+000 +2.5153e+000 +2.5154e+000 +2.5073e+000
5590 +3.051192534e-004 +3.051192534e-004 -2.979969488e+001 -2.979969488e+001 -1.1006e+000 +1.5167e+000 +2.5120e+000 +2.5083e+000 +2.4951e+000
5655 +1.554272374e-004 +1.554272374e-004 -2.979984457e+001 -2.979984457e+001 -1.0989e+000 +1.5191e+000 +2.5163e+000 +2.5175e+000 +2.5123e+000
5949 +6.309534984e-005 +6.309534984e-005 -2.979993690e+001 -2.979993690e+001 -1.0988e+000 +1.5205e+000 +2.5191e+000 +2.5236e+000 +2.5256e+000
6245 +1.983688925e-005 +1.983688925e-005 -2.979998016e+001 -2.979998016e+001 -1.0991e+000 +1.5196e+000 +2.5174e+000 +2.5204e+000 +2.5189e+000
6341 +9.953839832e-006 +9.953839832e-006 -2.979999005e+001 -2.979999005e+001 -1.0992e+000 +1.5190e+000 +2.5160e+000 +2.5173e+000 +2.5128e+000
6920 +5.639402598e-006 +5.639402598e-006 -2.979999436e+001 -2.979999436e+001 -1.0991e+000 +1.5195e+000 +2.5170e+000 +2.5195e+000 +2.5171e+000
6927 +2.690634044e-006 +2.690634044e-006 -2.979999731e+001 -2.979999731e+001 -1.0992e+000 +1.5192e+000 +2.5164e+000 +2.5180e+000 +2.5143e+000
7194 +2.442459337e-006 +2.442459337e-006 -2.979999756e+001 -2.979999756e+001 -1.0991e+000 +1.5194e+000 +2.5167e+000 +2.5187e+000 +2.5155e+000
7208 +1.407568604e-006 +1.407568604e-006 -2.979999859e+001 -2.979999859e+001 -1.0992e+000 +1.5193e+000 +2.5166e+000 +2.5184e+000 +2.5151e+000
7602 +7.792828711e-007 +7.792828711e-007 -2.979999922e+001 -2.979999922e+001 -1.0991e+000 +1.5193e+000 +2.5167e+000 +2.5187e+000 +2.5156e+000
7934 +5.309307021e-007 +5.309307021e-007 -2.979999947e+001 -2.979999947e+001 -1.0992e+000 +1.5192e+000 +2.5164e+000 +2.5183e+000 +2.5148e+000
8105 +3.755579492e-007 +3.755579492e-007 -2.979999962e+001 -2.979999962e+001 -1.0992e+000 +1.5192e+000 +2.5164e+000 +2.5183e+000 +2.5147e+000
8135 +1.781469479e-007 +1.781469479e-007 -2.979999982e+001 -2.979999982e+001 -1.0992e+000 +1.5192e+000 +2.5164e+000 +2.5183e+000 +2.5147e+000
8168 +9.071484186e-008 +9.071484186e-008 -2.979999991e+001 -2.979999991e+001 -1.0992e+000 +1.5192e+000 +2.5165e+000 +2.5183e+000 +2.5148e+000
8310 +5.727602925e-008 +5.727602925e-008 -2.979999994e+001 -2.979999994e+001 -1.0992e+000 +1.5192e+000 +2.5164e+000 +2.5182e+000 +2.5146e+000
8364 +1.865240051e-008 +1.865240051e-008 -2.979999998e+001 -2.979999998e+001 -1.0992e+000 +1.5192e+000 +2.5164e+000 +2.5182e+000 +2.5145e+000
8845 +8.467218038e-009 +8.467218038e-009 -2.979999999e+001 -2.979999999e+001 -1.0992e+000 +1.5192e+000 +2.5164e+000 +2.5182e+000 +2.5146e+000
% function evaluation | noise-free fitness - Fopt (8.140000000000e+001) | best noise-free fitness - Fopt | measured fitness | best measured fitness | x1 | x2...
1 +7.176544559e+004 +7.176544559e+004 +7.184684559e+004 +7.184684559e+004 +2.6232e+000 -3.9055e+000 +3.3892e+000 +1.2225e-001 -1.6087e+000
5 +4.634185647e+004 +4.634185647e+004 +4.642325647e+004 +4.642325647e+004 +4.2450e-001 +6.6030e-001 -2.2564e+000 +3.3872e+000 -7.6802e-001
8 +2.054750309e+004 +2.054750309e+004 +2.062890309e+004 +2.062890309e+004 -3.1008e+000 -4.5706e+000 -1.2285e+000 +5.8419e-001 -1.8279e+000
28 +7.185533753e+003 +7.185533753e+003 +7.266933753e+003 +7.266933753e+003 -4.8977e+000 -4.5566e-001 +2.6373e+000 -1.2660e+000 +4.1400e+000
63 +5.810360609e+003 +5.810360609e+003 +5.891760609e+003 +5.891760609e+003 -1.4434e+000 -1.6411e-001 +3.5635e+000 -6.9613e-001 +2.1497e+000
93 +1.851083626e+003 +1.851083626e+003 +1.932483626e+003 +1.932483626e+003 -3.5581e+000 -3.2606e+000 +1.9807e+000 -7.8390e-001 +4.5662e+000
187 +4.327494540e+002 +4.327494540e+002 +5.141494540e+002 +5.141494540e+002 -1.2412e+000 -8.7352e-001 +2.8330e+000 +9.0474e-001 +1.5494e+000
245 +2.940770802e+002 +2.940770802e+002 +3.754770802e+002 +3.754770802e+002 -1.4226e+000 -2.7746e+000 +2.2955e+000 +5.7011e-001 +2.6746e+000
260 +1.075634309e+002 +1.075634309e+002 +1.889634309e+002 +1.889634309e+002 -2.9336e+000 -1.5680e+000 +2.6651e+000 +1.3530e+000 +1.2459e+000
429 +5.400842349e+001 +5.400842349e+001 +1.354084235e+002 +1.354084235e+002 -1.7299e+000 -1.9375e+000 +1.8431e+000 +1.4029e+000 +2.3264e+000
443 +3.157735127e+001 +3.157735127e+001 +1.129773513e+002 +1.129773513e+002 -2.6005e+000 -2.4150e+000 +1.6455e+000 +1.8754e+000 +1.4068e+000
483 +1.937644446e+001 +1.937644446e+001 +1.007764445e+002 +1.007764445e+002 -2.6691e+000 -2.1883e+000 +1.7121e+000 +1.4855e+000 +1.3415e+000
846 +1.504939637e+001 +1.504939637e+001 +9.644939637e+001 +9.644939637e+001 -1.7299e+000 -1.9375e+000 +1.8280e+000 +1.4593e+000 +1.4139e+000
992 +9.856297229e+000 +9.856297229e+000 +9.125629723e+001 +9.125629723e+001 -2.3362e+000 -2.3624e+000 +1.6600e+000 +1.6438e+000 +1.5992e+000
1242 +5.988501778e+000 +5.988501778e+000 +8.738850178e+001 +8.738850178e+001 -1.7708e+000 -2.1836e+000 +1.8765e+000 +1.4476e+000 +1.6358e+000
1513 +3.707341113e+000 +3.707341113e+000 +8.510734111e+001 +8.510734111e+001 -2.0274e+000 -2.2443e+000 +1.9521e+000 +1.5879e+000 +1.6092e+000
1682 +1.722689943e+000 +1.722689943e+000 +8.312268994e+001 +8.312268994e+001 -1.4428e+000 -1.6283e+000 +2.3683e+000 +1.7453e+000 +1.6355e+000
2128 +1.481000043e+000 +1.481000043e+000 +8.288100004e+001 +8.288100004e+001 -1.4544e+000 -1.6515e+000 +2.3397e+000 +1.7756e+000 +1.6637e+000
2833 +9.239590965e-001 +9.239590965e-001 +8.232395910e+001 +8.232395910e+001 -1.4308e+000 -1.5787e+000 +2.4487e+000 +1.8975e+000 +1.7574e+000
2944 +6.276697670e-001 +6.276697670e-001 +8.202766977e+001 +8.202766977e+001 -1.4300e+000 -1.5620e+000 +2.5154e+000 +1.9261e+000 +1.7863e+000
3509 +3.729111174e-001 +3.729111174e-001 +8.177291112e+001 +8.177291112e+001 -1.3978e+000 -1.4890e+000 +2.6273e+000 +2.0976e+000 +1.9225e+000
3860 +2.444498262e-001 +2.444498262e-001 +8.164444983e+001 +8.164444983e+001 -1.3844e+000 -1.4640e+000 +2.6873e+000 +2.1870e+000 +2.0381e+000
4080 +1.523149351e-001 +1.523149351e-001 +8.155231494e+001 +8.155231494e+001 -1.3598e+000 -1.4222e+000 +2.7540e+000 +2.2861e+000 +2.1793e+000
4251 +8.057039007e-002 +8.057039007e-002 +8.148057039e+001 +8.148057039e+001 -1.3405e+000 -1.3932e+000 +2.8027e+000 +2.3785e+000 +2.3186e+000
4342 +5.985614291e-002 +5.985614291e-002 +8.145985614e+001 +8.145985614e+001 -1.3343e+000 -1.3792e+000 +2.8236e+000 +2.4180e+000 +2.3954e+000
4452 +2.692366999e-002 +2.692366999e-002 +8.142692367e+001 +8.142692367e+001 -1.3278e+000 -1.3714e+000 +2.8410e+000 +2.4586e+000 +2.4658e+000
4500 +2.483039712e-002 +2.483039712e-002 +8.142483040e+001 +8.142483040e+001 -1.3240e+000 -1.3659e+000 +2.8506e+000 +2.4797e+000 +2.5027e+000
4909 +1.367478888e-002 +1.367478888e-002 +8.141367479e+001 +8.141367479e+001 -1.3232e+000 -1.3686e+000 +2.8589e+000 +2.5080e+000 +2.5615e+000
5052 +6.471663474e-003 +6.471663474e-003 +8.140647166e+001 +8.140647166e+001 -1.3216e+000 -1.3611e+000 +2.8743e+000 +2.5358e+000 +2.6132e+000
5079 +5.406094916e-003 +5.406094916e-003 +8.140540609e+001 +8.140540609e+001 -1.3279e+000 -1.3680e+000 +2.8568e+000 +2.4947e+000 +2.5374e+000
5482 +2.314310877e-003 +2.314310877e-003 +8.140231431e+001 +8.140231431e+001 -1.3225e+000 -1.3576e+000 +2.8785e+000 +2.5362e+000 +2.6159e+000
5638 +1.489782186e-003 +1.489782186e-003 +8.140148978e+001 +8.140148978e+001 -1.3213e+000 -1.3573e+000 +2.8779e+000 +2.5354e+000 +2.6138e+000
5984 +6.203727213e-004 +6.203727213e-004 +8.140062037e+001 +8.140062037e+001 -1.3200e+000 -1.3576e+000 +2.8777e+000 +2.5378e+000 +2.6198e+000
6343 +3.539695769e-004 +3.539695769e-004 +8.140035397e+001 +8.140035397e+001 -1.3213e+000 -1.3585e+000 +2.8760e+000 +2.5342e+000 +2.6135e+000
6741 +1.100650800e-004 +1.100650800e-004 +8.140011007e+001 +8.140011007e+001 -1.3201e+000 -1.3556e+000 +2.8813e+000 +2.5439e+000 +2.6330e+000
6822 +5.116188809e-005 +5.116188809e-005 +8.140005116e+001 +8.140005116e+001 -1.3196e+000 -1.3549e+000 +2.8829e+000 +2.5471e+000 +2.6396e+000
6988 +3.461686735e-005 +3.461686735e-005 +8.140003462e+001 +8.140003462e+001 -1.3193e+000 -1.3545e+000 +2.8842e+000 +2.5498e+000 +2.6446e+000
7068 +1.867931252e-005 +1.867931252e-005 +8.140001868e+001 +8.140001868e+001 -1.3194e+000 -1.3550e+000 +2.8835e+000 +2.5486e+000 +2.6424e+000
7108 +1.493849405e-005 +1.493849405e-005 +8.140001494e+001 +8.140001494e+001 -1.3193e+000 -1.3546e+000 +2.8843e+000 +2.5503e+000 +2.6459e+000
7704 +8.381250680e-006 +8.381250680e-006 +8.140000838e+001 +8.140000838e+001 -1.3196e+000 -1.3552e+000 +2.8829e+000 +2.5473e+000 +2.6399e+000
7914 +4.013495200e-006 +4.013495200e-006 +8.140000401e+001 +8.140000401e+001 -1.3196e+000 -1.3551e+000 +2.8831e+000 +2.5476e+000 +2.6406e+000
7947 +3.195185570e-006 +3.195185570e-006 +8.140000320e+001 +8.140000320e+001 -1.3194e+000 -1.3549e+000 +2.8835e+000 +2.5484e+000 +2.6421e+000
8192 +2.232979170e-006 +2.232979170e-006 +8.140000223e+001 +8.140000223e+001 -1.3193e+000 -1.3548e+000 +2.8836e+000 +2.5488e+000 +2.6430e+000
8561 +1.574771133e-006 +1.574771133e-006 +8.140000157e+001 +8.140000157e+001 -1.3194e+000 -1.3549e+000 +2.8834e+000 +2.5485e+000 +2.6425e+000
8595 +8.543302528e-007 +8.543302528e-007 +8.140000085e+001 +8.140000085e+001 -1.3194e+000 -1.3549e+000 +2.8835e+000 +2.5487e+000 +2.6428e+000
8672 +3.406703826e-007 +3.406703826e-007 +8.140000034e+001 +8.140000034e+001 -1.3194e+000 -1.3548e+000 +2.8836e+000 +2.5487e+000 +2.6429e+000
8793 +2.149580212e-007 +2.149580212e-007 +8.140000021e+001 +8.140000021e+001 -1.3194e+000 -1.3548e+000 +2.8836e+000 +2.5487e+000 +2.6428e+000
9074 +1.392393045e-007 +1.392393045e-007 +8.140000014e+001 +8.140000014e+001 -1.3194e+000 -1.3549e+000 +2.8835e+000 +2.5486e+000 +2.6426e+000
9575 +6.830774169e-008 +6.830774169e-008 +8.140000007e+001 +8.140000007e+001 -1.3194e+000 -1.3548e+000 +2.8837e+000 +2.5489e+000 +2.6432e+000
9666 +5.010218729e-008 +5.010218729e-008 +8.140000005e+001 +8.140000005e+001 -1.3194e+000 -1.3548e+000 +2.8836e+000 +2.5489e+000 +2.6432e+000
9674 +1.864012233e-008 +1.864012233e-008 +8.140000002e+001 +8.140000002e+001 -1.3194e+000 -1.3548e+000 +2.8836e+000 +2.5488e+000 +2.6430e+000
9692 +8.264350981e-009 +8.264350981e-009 +8.140000001e+001 +8.140000001e+001 -1.3194e+000 -1.3548e+000 +2.8836e+000 +2.5488e+000 +2.6430e+000
% function evaluation | noise-free fitness - Fopt (-1.835000000000e+001) | best noise-free fitness - Fopt | measured fitness | best measured fitness | x1 | x2...
1 +1.676422280e+005 +1.676422280e+005 +1.676238780e+005 +1.676238780e+005 -3.1346e+000 -2.7746e-001 +1.7506e+000 -4.7909e+000 +2.6738e+000
3 +4.456799590e+004 +4.456799590e+004 +4.454964590e+004 +4.454964590e+004 -3.3367e+000 +1.7386e+000 -2.8267e+000 +4.4613e+000 +2.2404e-001
4 +2.561165194e+004 +2.561165194e+004 +2.559330194e+004 +2.559330194e+004 -8.5605e-001 -2.6592e+000 +1.2858e+000 -1.1948e+000 -1.7064e+000
12 +4.530380789e+003 +4.530380789e+003 +4.512030789e+003 +4.512030789e+003 -2.1182e+000 +2.6652e+000 +1.3884e+000 +2.9592e+000 -4.8277e+000
29 +1.832912277e+003 +1.832912277e+003 +1.814562277e+003 +1.814562277e+003 -1.6116e+000 +2.1099e+000 +2.1255e+000 +3.3523e-001 +4.0586e+000
103 +1.226682846e+003 +1.226682846e+003 +1.208332846e+003 +1.208332846e+003 -5.6670e-001 +2.4738e+000 +2.2145e+000 -1.3789e-001 +2.3347e+000
122 +6.555003103e+002 +6.555003103e+002 +6.371503103e+002 +6.371503103e+002 +3.9652e-001 +2.0937e+000 +1.9926e+000 +4.6643e-001 +1.3577e+000
186 +3.718584440e+002 +3.718584440e+002 +3.535084440e+002 +3.535084440e+002 +4.5700e-001 -1.4047e-001 +1.3186e+000 +8.2614e-001 -2.7916e-001
229 +2.960551064e+001 +2.960551064e+001 +1.125551064e+001 +1.125551064e+001 +3.0345e-001 +1.0271e+000 +1.5325e+000 +1.4184e+000 -1.0339e+000
455 +2.508216747e+001 +2.508216747e+001 +6.732167470e+000 +6.732167470e+000 +2.5155e-001 +7.8192e-001 +2.0470e+000 +2.0800e+000 -1.3544e+000
703 +1.559837802e+001 +1.559837802e+001 -2.751621982e+000 -2.751621982e+000 +7.4399e-001 +1.4021e+000 +2.2886e+000 +2.1515e+000 -1.1511e+000
1191 +9.152591649e+000 +9.152591649e+000 -9.197408351e+000 -9.197408351e+000 +9.4469e-001 +1.6356e+000 +2.2402e+000 +1.9258e+000 -1.4952e+000
1375 +3.988438009e+000 +3.988438009e+000 -1.436156199e+001 -1.436156199e+001 +8.9232e-001 +1.6851e+000 +2.3566e+000 +2.2358e+000 -1.1904e+000
1488 +2.103725044e+000 +2.103725044e+000 -1.624627496e+001 -1.624627496e+001 +8.8107e-001 +1.5647e+000 +2.3104e+000 +2.3520e+000 -1.0896e+000
1687 +4.702757430e-001 +4.702757430e-001 -1.787972426e+001 -1.787972426e+001 +9.4576e-001 +1.6767e+000 +2.4200e+000 +2.4283e+000 -1.0361e+000
2092 +2.613984867e-001 +2.613984867e-001 -1.808860151e+001 -1.808860151e+001 +9.8482e-001 +1.7293e+000 +2.4620e+000 +2.5237e+000 -9.2777e-001
2364 +2.062015788e-001 +2.062015788e-001 -1.814379842e+001 -1.814379842e+001 +9.9237e-001 +1.7522e+000 +2.4927e+000 +2.5805e+000 -7.8212e-001
2385 +1.066845653e-001 +1.066845653e-001 -1.824331543e+001 -1.824331543e+001 +9.9856e-001 +1.7476e+000 +2.4984e+000 +2.5952e+000 -7.9059e-001
2504 +5.852185998e-002 +5.852185998e-002 -1.829147814e+001 -1.829147814e+001 +9.9851e-001 +1.7588e+000 +2.5293e+000 +2.6811e+000 -6.2758e-001
2641 +2.171319758e-002 +2.171319758e-002 -1.832828680e+001 -1.832828680e+001 +1.0160e+000 +1.7920e+000 +2.6005e+000 +2.8113e+000 -3.6731e-001
3756 +1.484208329e-002 +1.484208329e-002 -1.833515792e+001 -1.833515792e+001 +1.0193e+000 +1.8058e+000 +2.6286e+000 +2.8628e+000 -2.6463e-001
4189 +7.464323594e-003 +7.464323594e-003 -1.834253568e+001 -1.834253568e+001 +1.0124e+000 +1.7909e+000 +2.5971e+000 +2.7998e+000 -4.0126e-001
4270 +5.202008494e-003 +5.202008494e-003 -1.834479799e+001 -1.834479799e+001 +1.0099e+000 +1.7829e+000 +2.5829e+000 +2.7708e+000 -4.5387e-001
4313 +1.524703281e-003 +1.524703281e-003 -1.834847530e+001 -1.834847530e+001 +1.0115e+000 +1.7887e+000 +2.5945e+000 +2.7870e+000 -4.2375e-001
4319 +8.526805705e-004 +8.526805705e-004 -1.834914732e+001 -1.834914732e+001 +1.0108e+000 +1.7849e+000 +2.5883e+000 +2.7735e+000 -4.5145e-001
4696 +6.139741793e-004 +6.139741793e-004 -1.834938603e+001 -1.834938603e+001 +1.0099e+000 +1.7818e+000 +2.5824e+000 +2.7636e+000 -4.7271e-001
4718 +1.030208126e-004 +1.030208126e-004 -1.834989698e+001 -1.834989698e+001 +1.0093e+000 +1.7824e+000 +2.5848e+000 +2.7690e+000 -4.6116e-001
5136 +8.090849823e-005 +8.090849823e-005 -1.834991909e+001 -1.834991909e+001 +1.0096e+000 +1.7831e+000 +2.5859e+000 +2.7715e+000 -4.5654e-001
5195 +3.080410960e-005 +3.080410960e-005 -1.834996920e+001 -1.834996920e+001 +1.0091e+000 +1.7826e+000 +2.5844e+000 +2.7686e+000 -4.6264e-001
5219 +2.425015645e-005 +2.425015645e-005 -1.834997575e+001 -1.834997575e+001 +1.0090e+000 +1.7821e+000 +2.5833e+000 +2.7657e+000 -4.6824e-001
5649 +1.530868550e-005 +1.530868550e-005 -1.834998469e+001 -1.834998469e+001 +1.0091e+000 +1.7825e+000 +2.5842e+000 +2.7680e+000 -4.6328e-001
5657 +4.683711371e-006 +4.683711371e-006 -1.834999532e+001 -1.834999532e+001 +1.0094e+000 +1.7828e+000 +2.5846e+000 +2.7686e+000 -4.6218e-001
6060 +3.061798864e-006 +3.061798864e-006 -1.834999694e+001 -1.834999694e+001 +1.0094e+000 +1.7829e+000 +2.5849e+000 +2.7693e+000 -4.6083e-001
6083 +1.648979996e-006 +1.648979996e-006 -1.834999835e+001 -1.834999835e+001 +1.0093e+000 +1.7828e+000 +2.5847e+000 +2.7687e+000 -4.6191e-001
6179 +1.421929159e-006 +1.421929159e-006 -1.834999858e+001 -1.834999858e+001 +1.0093e+000 +1.7828e+000 +2.5846e+000 +2.7687e+000 -4.6211e-001
6276 +9.516346218e-007 +9.516346218e-007 -1.834999905e+001 -1.834999905e+001 +1.0092e+000 +1.7827e+000 +2.5844e+000 +2.7682e+000 -4.6297e-001
6700 +2.677403756e-007 +2.677403756e-007 -1.834999973e+001 -1.834999973e+001 +1.0092e+000 +1.7825e+000 +2.5841e+000 +2.7675e+000 -4.6440e-001
6734 +2.133401615e-007 +2.133401615e-007 -1.834999979e+001 -1.834999979e+001 +1.0091e+000 +1.7825e+000 +2.5840e+000 +2.7674e+000 -4.6451e-001
7214 +1.269769285e-007 +1.269769285e-007 -1.834999987e+001 -1.834999987e+001 +1.0092e+000 +1.7826e+000 +2.5842e+000 +2.7678e+000 -4.6370e-001
7285 +7.242775979e-008 +7.242775979e-008 -1.834999993e+001 -1.834999993e+001 +1.0092e+000 +1.7826e+000 +2.5842e+000 +2.7678e+000 -4.6389e-001
7608 +5.487190080e-008 +5.487190080e-008 -1.834999995e+001 -1.834999995e+001 +1.0092e+000 +1.7826e+000 +2.5842e+000 +2.7677e+000 -4.6402e-001
7639 +1.691796214e-008 +1.691796214e-008 -1.834999998e+001 -1.834999998e+001 +1.0092e+000 +1.7826e+000 +2.5842e+000 +2.7678e+000 -4.6378e-001
7690 +1.325564014e-008 +1.325564014e-008 -1.834999999e+001 -1.834999999e+001 +1.0092e+000 +1.7826e+000 +2.5842e+000 +2.7678e+000 -4.6387e-001
7902 +8.905995941e-009 +8.905995941e-009 -1.834999999e+001 -1.834999999e+001 +1.0092e+000 +1.7826e+000 +2.5842e+000 +2.7679e+000 -4.6367e-001
7962 +1.047052223e-009 +1.047052223e-009 -1.835000000e+001 -1.835000000e+001 +1.0092e+000 +1.7826e+000 +2.5842e+000 +2.7678e+000 -4.6383e-001
% function evaluation | noise-free fitness - Fopt (-9.987000000000e+001) | best noise-free fitness - Fopt | measured fitness | best measured fitness | x1 | x2...
1 +5.408455654e+005 +5.408455654e+005 +5.407456954e+005 +5.407456954e+005 +4.6567e+000 +4.3438e+000 -1.3155e+000 -2.0481e+000 +1.2231e+000
3 +2.884703157e+004 +2.884703157e+004 +2.874716157e+004 +2.874716157e+004 -3.4729e+000 -1.4157e-001 +1.3437e-002 +2.5566e+000 -4.1876e+000
11 +5.411163770e+003 +5.411163770e+003 +5.311293770e+003 +5.311293770e+003 -3.8063e+000 -3.3488e+000 -2.6369e+000 +1.8074e+000 -1.8059e+000
54 +3.329195214e+003 +3.329195214e+003 +3.229325214e+003 +3.229325214e+003 -4.3730e+000 -3.3179e+000 -1.4255e+000 -5.6333e-001 -9.5592e-001
98 +2.076596090e+003 +2.076596090e+003 +1.976726090e+003 +1.976726090e+003 -9.6705e-002 -2.4294e+000 -3.1979e+000 -1.0021e+000 -3.2419e-001
139 +8.555096569e+002 +8.555096569e+002 +7.556396569e+002 +7.556396569e+002 -1.5242e+000 -2.3877e+000 -2.1383e+000 -5.1270e-001 -2.5462e+000
265 +1.915037882e+002 +1.915037882e+002 +9.163378816e+001 +9.163378816e+001 -1.2678e+000 -4.5797e+000 -5.5459e-001 +9.6394e-001 +8.7238e-001
536 +1.407125931e+002 +1.407125931e+002 +4.084259315e+001 +4.084259315e+001 -2.6507e+000 -3.1813e+000 -2.4644e+000 +3.3505e-001 -6.7896e-001
605 +7.376989746e+001 +7.376989746e+001 -2.610010254e+001 -2.610010254e+001 -2.6729e+000 -3.0037e+000 -1.0336e+000 -7.2195e-001 -5.8246e-001
763 +5.830014552e+001 +5.830014552e+001 -4.156985448e+001 -4.156985448e+001 -1.9608e+000 -4.0752e+000 -1.9569e+000 -1.1380e-001 -5.0263e-001
936 +2.985142722e+001 +2.985142722e+001 -7.001857278e+001 -7.001857278e+001 -2.2751e+000 -3.7405e+000 -1.5781e+000 -8.7088e-002 -9.8358e-001
945 +2.029007007e+001 +2.029007007e+001 -7.957992993e+001 -7.957992993e+001 -2.4905e+000 -3.2836e+000 -1.6958e+000 -8.5936e-001 -8.4317e-001
984 +1.519979359e+001 +1.519979359e+001 -8.467020641e+001 -8.467020641e+001 -1.8725e+000 -3.5325e+000 -1.7218e+000 -8.0174e-001 -1.1030e+000
1582 +8.413854912e+000 +8.413854912e+000 -9.145614509e+001 -9.145614509e+001 -1.5618e+000 -3.7785e+000 -1.5874e+000 -4.8590e-001 -9.9390e-001
1736 +5.488856265e+000 +5.488856265e+000 -9.438114374e+001 -9.438114374e+001 -1.6638e+000 -3.5384e+000 -1.7118e+000 -5.9220e-001 -1.0895e+000
2058 +3.494477589e+000 +3.494477589e+000 -9.637552241e+001 -9.637552241e+001 -1.3843e+000 -3.4872e+000 -1.6764e+000 -5.5039e-001 -9.8655e-001
2606 +2.300337641e+000 +2.300337641e+000 -9.756966236e+001 -9.756966236e+001 -1.1878e+000 -3.2350e+000 -1.5003e+000 -5.4861e-001 -1.0429e+000
3169 +1.500812477e+000 +1.500812477e+000 -9.836918752e+001 -9.836918752e+001 -1.0894e+000 -3.1018e+000 -1.3735e+000 -4.0939e-001 -1.0672e+000
3517 +8.998724944e-001 +8.998724944e-001 -9.897012751e+001 -9.897012751e+001 -9.9384e-001 -2.9170e+000 -1.0868e+000 -1.3487e-001 -9.6018e-001
3949 +6.238142550e-001 +6.238142550e-001 -9.924618575e+001 -9.924618575e+001 -9.6078e-001 -2.8900e+000 -1.0467e+000 -1.0867e-001 -8.9125e-001
4438 +3.637796611e-001 +3.637796611e-001 -9.950622034e+001 -9.950622034e+001 -9.6652e-001 -2.8823e+000 -1.0017e+000 -2.9443e-002 -7.9653e-001
4761 +2.406522611e-001 +2.406522611e-001 -9.962934774e+001 -9.962934774e+001 -9.3739e-001 -2.8225e+000 -9.0871e-001 +1.0737e-001 -6.6090e-001
5010 +1.477678590e-001 +1.477678590e-001 -9.972223214e+001 -9.972223214e+001 -9.3006e-001 -2.8033e+000 -8.7293e-001 +1.7511e-001 -5.6291e-001
5050 +6.826133168e-002 +6.826133168e-002 -9.980173867e+001 -9.980173867e+001 -9.0965e-001 -2.7662e+000 -8.1561e-001 +2.7805e-001 -3.9145e-001
5148 +4.922496927e-002 +4.922496927e-002 -9.982077503e+001 -9.982077503e+001 -9.0778e-001 -2.7542e+000 -7.8387e-001 +3.6362e-001 -2.3902e-001
5686 +2.875336282e-002 +2.875336282e-002 -9.984124664e+001 -9.984124664e+001 -8.9062e-001 -2.7374e+000 -7.4307e-001 +4.1397e-001 -1.4823e-001
5907 +2.196140000e-002 +2.196140000e-002 -9.984803860e+001 -9.984803860e+001 -8.9367e-001 -2.7390e+000 -7.4370e-001 +4.1828e-001 -1.4334e-001
6003 +1.529960682e-002 +1.529960682e-002 -9.985470039e+001 -9.985470039e+001 -8.9934e-001 -2.7485e+000 -7.6069e-001 +3.8886e-001 -1.9365e-001
6291 +8.532976707e-003 +8.532976707e-003 -9.986146702e+001 -9.986146702e+001 -8.9934e-001 -2.7485e+000 -7.6468e-001 +3.8886e-001 -1.8988e-001
6613 +5.263328398e-003 +5.263328398e-003 -9.986473667e+001 -9.986473667e+001 -8.9343e-001 -2.7359e+000 -7.4579e-001 +4.2364e-001 -1.2908e-001
6646 +3.746865430e-003 +3.746865430e-003 -9.986625313e+001 -9.986625313e+001 -8.9423e-001 -2.7360e+000 -7.4766e-001 +4.2107e-001 -1.2671e-001
6662 +1.711607772e-003 +1.711607772e-003 -9.986828839e+001 -9.986828839e+001 -8.9163e-001 -2.7302e+000 -7.3442e-001 +4.4621e-001 -7.8666e-002
7126 +1.538556992e-003 +1.538556992e-003 -9.986846144e+001 -9.986846144e+001 -8.8951e-001 -2.7263e+000 -7.2672e-001 +4.6080e-001 -4.9943e-002
7220 +7.298371565e-004 +7.298371565e-004 -9.986927016e+001 -9.986927016e+001 -8.9120e-001 -2.7303e+000 -7.3270e-001 +4.4879e-001 -7.3129e-002
7224 +5.521231308e-004 +5.521231308e-004 -9.986944788e+001 -9.986944788e+001 -8.9031e-001 -2.7291e+000 -7.2984e-001 +4.5426e-001 -6.2680e-002
7342 +3.362174468e-004 +3.362174468e-004 -9.986966378e+001 -9.986966378e+001 -8.8852e-001 -2.7277e+000 -7.2708e-001 +4.5956e-001 -5.0778e-002
7682 +1.809475375e-004 +1.809475375e-004 -9.986981905e+001 -9.986981905e+001 -8.8954e-001 -2.7298e+000 -7.3291e-001 +4.4777e-001 -7.4197e-002
7948 +1.411695018e-004 +1.411695018e-004 -9.986985883e+001 -9.986985883e+001 -8.9053e-001 -2.7313e+000 -7.3520e-001 +4.4370e-001 -8.4163e-002
8233 +3.642062254e-005 +3.642062254e-005 -9.986996358e+001 -9.986996358e+001 -8.8941e-001 -2.7295e+000 -7.3156e-001 +4.5057e-001 -6.9353e-002
8560 +1.405238623e-005 +1.405238623e-005 -9.986998595e+001 -9.986998595e+001 -8.8962e-001 -2.7299e+000 -7.3263e-001 +4.4823e-001 -7.4376e-002
8646 +7.255500961e-006 +7.255500961e-006 -9.986999274e+001 -9.986999274e+001 -8.8960e-001 -2.7297e+000 -7.3203e-001 +4.4931e-001 -7.2008e-002
8747 +4.079144176e-006 +4.079144176e-006 -9.986999592e+001 -9.986999592e+001 -8.8980e-001 -2.7301e+000 -7.3269e-001 +4.4800e-001 -7.4985e-002
8858 +3.297081150e-006 +3.297081150e-006 -9.986999670e+001 -9.986999670e+001 -8.8970e-001 -2.7298e+000 -7.3215e-001 +4.4895e-001 -7.2903e-002
9098 +2.508853825e-006 +2.508853825e-006 -9.986999749e+001 -9.986999749e+001 -8.8971e-001 -2.7298e+000 -7.3210e-001 +4.4911e-001 -7.2560e-002
9210 +1.476179690e-006 +1.476179690e-006 -9.986999852e+001 -9.986999852e+001 -8.8984e-001 -2.7301e+000 -7.3271e-001 +4.4800e-001 -7.4899e-002
9231 +2.631207963e-007 +2.631207963e-007 -9.986999974e+001 -9.986999974e+001 -8.8982e-001 -2.7300e+000 -7.3270e-001 +4.4802e-001 -7.4725e-002
9256 +1.467871016e-007 +1.467871016e-007 -9.986999985e+001 -9.986999985e+001 -8.8983e-001 -2.7300e+000 -7.3267e-001 +4.4806e-001 -7.4693e-002
9612 +7.924153067e-008 +7.924153067e-008 -9.986999992e+001 -9.986999992e+001 -8.8978e-001 -2.7300e+000 -7.3254e-001 +4.4829e-001 -7.4211e-002
10012 +5.745633302e-008 +5.745633302e-008 -9.986999994e+001 -9.986999994e+001 -8.8980e-001 -2.7300e+000 -7.3261e-001 +4.4818e-001 -7.4455e-002
10269 +1.261000193e-008 +1.261000193e-008 -9.986999999e+001 -9.986999999e+001 -8.8980e-001 -2.7300e+000 -7.3260e-001 +4.4821e-001 -7.4374e-002
10446 +8.615401725e-009 +8.615401725e-009 -9.986999999e+001 -9.986999999e+001 -8.8980e-001 -2.7300e+000 -7.3259e-001 +4.4823e-001 -7.4340e-002
% function evaluation | noise-free fitness - Fopt (7.680000000000e+000) | best noise-free fitness - Fopt | measured fitness | best measured fitness | x1 | x2...
1 +1.066384500e+005 +1.066384500e+005 +1.066461300e+005 +1.066461300e+005 +5.5181e-001 -4.5873e+000 +3.8033e-001 +2.9223e+000 -1.2163e+000
3 +6.635918643e+004 +6.635918643e+004 +6.636686643e+004 +6.636686643e+004 +2.5984e+000 -2.8204e+000 +5.3786e-001 -2.9050e+000 +1.6662e-001
4 +4.482704078e+004 +4.482704078e+004 +4.483472078e+004 +4.483472078e+004 -4.9333e+000 -2.8246e+000 -4.5291e+000 -2.1903e+000 -1.1283e+000
5 +1.118550091e+004 +1.118550091e+004 +1.119318091e+004 +1.119318091e+004 -9.7533e-001 +2.6594e+000 -3.2391e+000 +1.9024e+000 +1.7858e+000
13 +7.927127538e+003 +7.927127538e+003 +7.934807538e+003 +7.934807538e+003 -1.2854e+000 -4.4079e-001 -4.5310e+000 -3.0009e+000 +3.5750e+000
38 +7.181737747e+002 +7.181737747e+002 +7.258537747e+002 +7.258537747e+002 -2.2797e+000 +4.1463e-001 -2.4335e+000 -2.2083e+000 +4.6294e+000
180 +4.987671964e+002 +4.987671964e+002 +5.064471964e+002 +5.064471964e+002 -3.1012e+000 +1.3386e+000 -3.3835e+000 +6.8080e-001 +4.3705e+000
388 +3.365732864e+002 +3.365732864e+002 +3.442532864e+002 +3.442532864e+002 -2.1626e+000 +1.2636e+000 -2.8714e+000 -1.6372e+000 +1.7192e+000
461 +1.300368508e+002 +1.300368508e+002 +1.377168508e+002 +1.377168508e+002 -1.9559e+000 +3.0832e-001 -2.1908e+000 -1.8280e+000 +2.4473e+000
586 +7.343185239e+001 +7.343185239e+001 +8.111185239e+001 +8.111185239e+001 -1.9219e+000 +1.6436e-001 -1.7218e+000 -1.3777e+000 +6.9063e-001
844 +5.816963122e+001 +5.816963122e+001 +6.584963122e+001 +6.584963122e+001 -2.0222e+000 +7.1235e-001 -2.0549e+000 -1.1332e+000 +1.9518e+000
871 +2.484338964e+001 +2.484338964e+001 +3.252338964e+001 +3.252338964e+001 -1.0316e+000 +1.0257e+000 -1.5479e+000 -1.2529e+000 +1.2825e+000
1007 +1.320024096e+001 +1.320024096e+001 +2.088024096e+001 +2.088024096e+001 -1.0220e+000 +9.5768e-001 -1.6693e+000 -1.1817e+000 +1.2618e+000
1028 +3.405341721e+000 +3.405341721e+000 +1.108534172e+001 +1.108534172e+001 -1.2019e+000 +9.0875e-001 -1.8605e+000 -1.0793e+000 +1.1804e+000
1769 +1.872396074e+000 +1.872396074e+000 +9.552396074e+000 +9.552396074e+000 -8.1561e-001 +1.3447e+000 -1.4856e+000 -7.8548e-001 +1.3129e+000
1788 +1.503244794e+000 +1.503244794e+000 +9.183244794e+000 +9.183244794e+000 -8.8346e-001 +1.2868e+000 -1.5505e+000 -8.7185e-001 +1.2307e+000
2460 +8.004779593e-001 +8.004779593e-001 +8.480477959e+000 +8.480477959e+000 -8.5396e-001 +1.3479e+000 -1.4861e+000 -8.3496e-001 +1.3082e+000
3188 +4.920193137e-001 +4.920193137e-001 +8.172019314e+000 +8.172019314e+000 -8.2982e-001 +1.4157e+000 -1.3588e+000 -6.8791e-001 +1.4536e+000
3202 +3.475610386e-001 +3.475610386e-001 +8.027561039e+000 +8.027561039e+000 -8.1911e-001 +1.4314e+000 -1.3303e+000 -6.2672e-001 +1.5038e+000
3566 +2.205703320e-001 +2.205703320e-001 +7.900570332e+000 +7.900570332e+000 -7.9378e-001 +1.4705e+000 -1.2537e+000 -5.1546e-001 +1.6225e+000
3713 +1.442598494e-001 +1.442598494e-001 +7.824259849e+000 +7.824259849e+000 -7.7122e-001 +1.5054e+000 -1.1916e+000 -4.1306e-001 +1.7698e+000
3768 +8.567309857e-002 +8.567309857e-002 +7.765673099e+000 +7.765673099e+000 -7.6535e-001 +1.5250e+000 -1.1633e+000 -3.6707e-001 +1.8255e+000
3823 +4.585255705e-002 +4.585255705e-002 +7.725852557e+000 +7.725852557e+000 -7.4797e-001 +1.5665e+000 -1.0869e+000 -2.2774e-001 +2.0557e+000
3831 +2.700018795e-002 +2.700018795e-002 +7.707000188e+000 +7.707000188e+000 -7.4079e-001 +1.5765e+000 -1.0805e+000 -2.1697e-001 +2.0906e+000
4261 +2.445979568e-002 +2.445979568e-002 +7.704459796e+000 +7.704459796e+000 -7.4575e-001 +1.5699e+000 -1.0836e+000 -2.0822e-001 +2.0958e+000
4363 +1.484624876e-002 +1.484624876e-002 +7.694846249e+000 +7.694846249e+000 -7.4124e-001 +1.5720e+000 -1.0727e+000 -1.9583e-001 +2.1321e+000
4367 +8.175325925e-003 +8.175325925e-003 +7.688175326e+000 +7.688175326e+000 -7.4475e-001 +1.5690e+000 -1.0840e+000 -2.1036e-001 +2.1082e+000
4387 +3.848854680e-003 +3.848854680e-003 +7.683848855e+000 +7.683848855e+000 -7.3917e-001 +1.5786e+000 -1.0674e+000 -1.8150e-001 +2.1589e+000
4970 +2.413792024e-003 +2.413792024e-003 +7.682413792e+000 +7.682413792e+000 -7.4214e-001 +1.5769e+000 -1.0715e+000 -1.9034e-001 +2.1429e+000
5337 +1.456792906e-003 +1.456792906e-003 +7.681456793e+000 +7.681456793e+000 -7.3945e-001 +1.5842e+000 -1.0571e+000 -1.6087e-001 +2.1977e+000
5421 +9.390859572e-004 +9.390859572e-004 +7.680939086e+000 +7.680939086e+000 -7.3899e-001 +1.5836e+000 -1.0592e+000 -1.6347e-001 +2.1956e+000
5788 +2.764159610e-004 +2.764159610e-004 +7.680276416e+000 +7.680276416e+000 -7.3706e-001 +1.5877e+000 -1.0497e+000 -1.4683e-001 +2.2291e+000
5847 +1.902892877e-004 +1.902892877e-004 +7.680190289e+000 +7.680190289e+000 -7.3662e-001 +1.5881e+000 -1.0482e+000 -1.4371e-001 +2.2349e+000
6132 +1.464883702e-004 +1.464883702e-004 +7.680146488e+000 +7.680146488e+000 -7.3679e-001 +1.5876e+000 -1.0490e+000 -1.4493e-001 +2.2322e+000
6206 +5.148579393e-005 +5.148579393e-005 +7.680051486e+000 +7.680051486e+000 -7.3727e-001 +1.5867e+000 -1.0508e+000 -1.4807e-001 +2.2264e+000
6277 +3.160085586e-005 +3.160085586e-005 +7.680031601e+000 +7.680031601e+000 -7.3763e-001 +1.5866e+000 -1.0508e+000 -1.4765e-001 +2.2274e+000
6454 +1.769621793e-005 +1.769621793e-005 +7.680017696e+000 +7.680017696e+000 -7.3800e-001 +1.5859e+000 -1.0523e+000 -1.5115e-001 +2.2197e+000
6955 +1.177513932e-005 +1.177513932e-005 +7.680011775e+000 +7.680011775e+000 -7.3808e-001 +1.5856e+000 -1.0526e+000 -1.5165e-001 +2.2189e+000
7190 +8.325301557e-006 +8.325301557e-006 +7.680008325e+000 +7.680008325e+000 -7.3799e-001 +1.5859e+000 -1.0521e+000 -1.5040e-001 +2.2215e+000
7348 +5.453470770e-006 +5.453470770e-006 +7.680005453e+000 +7.680005453e+000 -7.3818e-001 +1.5855e+000 -1.0528e+000 -1.5190e-001 +2.2186e+000
7400 +2.745284757e-006 +2.745284757e-006 +7.680002745e+000 +7.680002745e+000 -7.3803e-001 +1.5857e+000 -1.0525e+000 -1.5135e-001 +2.2198e+000
7698 +2.114607156e-006 +2.114607156e-006 +7.680002115e+000 +7.680002115e+000 -7.3808e-001 +1.5856e+000 -1.0528e+000 -1.5206e-001 +2.2184e+000
7794 +6.702368145e-007 +6.702368145e-007 +7.680000670e+000 +7.680000670e+000 -7.3807e-001 +1.5857e+000 -1.0526e+000 -1.5156e-001 +2.2192e+000
7998 +4.731913883e-007 +4.731913883e-007 +7.680000473e+000 +7.680000473e+000 -7.3802e-001 +1.5858e+000 -1.0525e+000 -1.5125e-001 +2.2199e+000
8047 +1.858255061e-007 +1.858255061e-007 +7.680000186e+000 +7.680000186e+000 -7.3797e-001 +1.5858e+000 -1.0523e+000 -1.5103e-001 +2.2204e+000
8572 +1.399927285e-007 +1.399927285e-007 +7.680000140e+000 +7.680000140e+000 -7.3801e-001 +1.5858e+000 -1.0524e+000 -1.5126e-001 +2.2199e+000
8675 +6.987213830e-008 +6.987213830e-008 +7.680000070e+000 +7.680000070e+000 -7.3800e-001 +1.5858e+000 -1.0524e+000 -1.5116e-001 +2.2201e+000
8717 +2.034089253e-008 +2.034089253e-008 +7.680000020e+000 +7.680000020e+000 -7.3801e-001 +1.5858e+000 -1.0524e+000 -1.5128e-001 +2.2199e+000
8792 +1.286513562e-008 +1.286513562e-008 +7.680000013e+000 +7.680000013e+000 -7.3800e-001 +1.5858e+000 -1.0524e+000 -1.5123e-001 +2.2199e+000
9052 +9.743486906e-009 +9.743486906e-009 +7.680000010e+000 +7.680000010e+000 -7.3800e-001 +1.5858e+000 -1.0524e+000 -1.5120e-001 +2.2200e+000
% function evaluation | noise-free fitness - Fopt (-1.809300000000e+002) | best noise-free fitness - Fopt | measured fitness | best measured fitness | x1 | x2...
1 +2.186792804e+004 +2.186792804e+004 +2.168699804e+004 +2.168699804e+004 -3.9977e+000 -1.5965e+000 +2.1105e+000 -1.8945e+000 +3.0421e+000
7 +9.678378270e+003 +9.678378270e+003 +9.497448270e+003 +9.497448270e+003 -1.0094e+000 +1.7094e+000 -2.3196e+000 +4.0848e+000 +7.0015e-001
20 +2.066095314e+003 +2.066095314e+003 +1.885165314e+003 +1.885165314e+003 -5.3853e-001 -1.0291e+000 +3.2086e-001 +3.9000e+000 +2.1140e+000
107 +1.121405915e+003 +1.121405915e+003 +9.404759149e+002 +9.404759149e+002 -3.9105e+000 -2.3887e+000 -2.9814e-001 +1.8320e+000 -4.0172e+000
142 +2.654264316e+002 +2.654264316e+002 +8.449643159e+001 +8.449643159e+001 -2.2846e+000 -7.3156e-001 -1.5273e+000 +1.9157e+000 -1.5269e+000
235 +1.538087204e+002 +1.538087204e+002 -2.712127961e+001 -2.712127961e+001 -4.0064e+000 -2.6725e-001 +3.2791e-001 +2.7756e+000 -1.2413e+000
266 +5.096040307e+001 +5.096040307e+001 -1.299695969e+002 -1.299695969e+002 -2.9257e+000 -5.7885e-001 -3.1966e-001 +2.2787e+000 -2.9239e+000
551 +2.090822479e+001 +2.090822479e+001 -1.600217752e+002 -1.600217752e+002 -2.9115e+000 -1.0493e+000 -6.0498e-001 +2.1142e+000 -2.9091e+000
641 +6.435918092e+000 +6.435918092e+000 -1.744940819e+002 -1.744940819e+002 -3.1954e+000 -8.3891e-001 -7.4041e-001 +1.8173e+000 -2.6348e+000
1230 +5.983553336e+000 +5.983553336e+000 -1.749464467e+002 -1.749464467e+002 -3.1597e+000 -8.6405e-001 -7.8739e-001 +1.7752e+000 -2.7502e+000
1849 +3.582360953e+000 +3.582360953e+000 -1.773476390e+002 -1.773476390e+002 -2.3579e+000 -1.0062e+000 -7.4810e-001 +1.8150e+000 -2.7640e+000
2555 +2.198884560e+000 +2.198884560e+000 -1.787311154e+002 -1.787311154e+002 -1.9846e+000 -7.3354e-001 -6.0286e-001 +1.8310e+000 -2.7215e+000
3165 +1.551302729e+000 +1.551302729e+000 -1.793786973e+002 -1.793786973e+002 -1.7969e+000 -4.5372e-001 -3.3298e-001 +2.0061e+000 -2.7545e+000
3719 +9.437426286e-001 +9.437426286e-001 -1.799862574e+002 -1.799862574e+002 -1.7914e+000 -4.0402e-001 -2.2326e-001 +2.1126e+000 -2.6797e+000
4475 +5.097746589e-001 +5.097746589e-001 -1.804202253e+002 -1.804202253e+002 -1.7387e+000 -3.3495e-001 -1.1490e-001 +2.2453e+000 -2.5511e+000
4784 +3.880391778e-001 +3.880391778e-001 -1.805419608e+002 -1.805419608e+002 -1.6916e+000 -2.7522e-001 -1.5743e-002 +2.3554e+000 -2.4413e+000
5071 +2.490693374e-001 +2.490693374e-001 -1.806809307e+002 -1.806809307e+002 -1.6692e+000 -2.3107e-001 +7.6638e-002 +2.5079e+000 -2.2603e+000
5209 +1.535422648e-001 +1.535422648e-001 -1.807764577e+002 -1.807764577e+002 -1.6711e+000 -2.0347e-001 +1.3499e-001 +2.6007e+000 -2.1157e+000
5565 +9.922410141e-002 +9.922410141e-002 -1.808307759e+002 -1.808307759e+002 -1.6764e+000 -2.0419e-001 +1.1321e-001 +2.5907e+000 -2.1254e+000
5662 +6.199512370e-002 +6.199512370e-002 -1.808680049e+002 -1.808680049e+002 -1.6670e+000 -1.9198e-001 +1.3088e-001 +2.6192e+000 -2.0777e+000
6334 +3.348399608e-002 +3.348399608e-002 -1.808965160e+002 -1.808965160e+002 -1.6493e+000 -1.6082e-001 +1.8042e-001 +2.7005e+000 -1.9473e+000
6559 +2.313010300e-002 +2.313010300e-002 -1.809068699e+002 -1.809068699e+002 -1.6520e+000 -1.6582e-001 +1.7775e-001 +2.6918e+000 -1.9576e+000
6707 +1.124330846e-002 +1.124330846e-002 -1.809187567e+002 -1.809187567e+002 -1.6493e+000 -1.6299e-001 +1.8843e-001 +2.7199e+000 -1.9041e+000
6896 +9.642505046e-003 +9.642505046e-003 -1.809203575e+002 -1.809203575e+002 -1.6463e+000 -1.5970e-001 +1.9569e-001 +2.7361e+000 -1.8753e+000
7078 +4.925589805e-003 +4.925589805e-003 -1.809250744e+002 -1.809250744e+002 -1.6399e+000 -1.4646e-001 +2.1973e-001 +2.7843e+000 -1.7840e+000
7309 +2.609710203e-003 +2.609710203e-003 -1.809273903e+002 -1.809273903e+002 -1.6395e+000 -1.4539e-001 +2.2328e-001 +2.7889e+000 -1.7767e+000
7323 +1.559329954e-003 +1.559329954e-003 -1.809284407e+002 -1.809284407e+002 -1.6379e+000 -1.4087e-001 +2.3200e-001 +2.8017e+000 -1.7527e+000
7413 +5.023891759e-004 +5.023891759e-004 -1.809294976e+002 -1.809294976e+002 -1.6376e+000 -1.4006e-001 +2.3199e-001 +2.8013e+000 -1.7510e+000
7930 +2.509507130e-004 +2.509507130e-004 -1.809297490e+002 -1.809297490e+002 -1.6376e+000 -1.4157e-001 +2.2906e-001 +2.7973e+000 -1.7581e+000
8417 +1.390634980e-004 +1.390634980e-004 -1.809298609e+002 -1.809298609e+002 -1.6381e+000 -1.4188e-001 +2.2939e-001 +2.7972e+000 -1.7584e+000
8562 +8.046694813e-005 +8.046694813e-005 -1.809299195e+002 -1.809299195e+002 -1.6375e+000 -1.4092e-001 +2.3181e-001 +2.8016e+000 -1.7491e+000
8746 +3.084737202e-005 +3.084737202e-005 -1.809299692e+002 -1.809299692e+002 -1.6371e+000 -1.4030e-001 +2.3281e-001 +2.8035e+000 -1.7453e+000
8815 +2.268583347e-005 +2.268583347e-005 -1.809299773e+002 -1.809299773e+002 -1.6371e+000 -1.3991e-001 +2.3312e-001 +2.8044e+000 -1.7435e+000
8913 +1.108571047e-005 +1.108571047e-005 -1.809299889e+002 -1.809299889e+002 -1.6368e+000 -1.3990e-001 +2.3301e-001 +2.8042e+000 -1.7437e+000
9120 +9.255563270e-006 +9.255563270e-006 -1.809299907e+002 -1.809299907e+002 -1.6371e+000 -1.4042e-001 +2.3213e-001 +2.8025e+000 -1.7473e+000
9463 +4.544595384e-006 +4.544595384e-006 -1.809299955e+002 -1.809299955e+002 -1.6368e+000 -1.3990e-001 +2.3309e-001 +2.8044e+000 -1.7436e+000
9472 +2.053524327e-006 +2.053524327e-006 -1.809299979e+002 -1.809299979e+002 -1.6368e+000 -1.3991e-001 +2.3326e-001 +2.8047e+000 -1.7430e+000
9753 +2.271132189e-007 +2.271132189e-007 -1.809299998e+002 -1.809299998e+002 -1.6368e+000 -1.3978e-001 +2.3340e-001 +2.8050e+000 -1.7425e+000
10334 +1.580807236e-007 +1.580807236e-007 -1.809299998e+002 -1.809299998e+002 -1.6368e+000 -1.3981e-001 +2.3335e-001 +2.8049e+000 -1.7427e+000
10668 +8.339577562e-008 +8.339577562e-008 -1.809299999e+002 -1.809299999e+002 -1.6368e+000 -1.3984e-001 +2.3332e-001 +2.8048e+000 -1.7428e+000
10682 +3.445586572e-008 +3.445586572e-008 -1.809300000e+002 -1.809300000e+002 -1.6368e+000 -1.3981e-001 +2.3339e-001 +2.8050e+000 -1.7425e+000
10819 +2.426895662e-008 +2.426895662e-008 -1.809300000e+002 -1.809300000e+002 -1.6368e+000 -1.3979e-001 +2.3341e-001 +2.8050e+000 -1.7424e+000
10951 +1.448651687e-008 +1.448651687e-008 -1.809300000e+002 -1.809300000e+002 -1.6368e+000 -1.3979e-001 +2.3343e-001 +2.8051e+000 -1.7423e+000
11213 +2.594532589e-009 +2.594532589e-009 -1.809300000e+002 -1.809300000e+002 -1.6368e+000 -1.3980e-001 +2.3340e-001 +2.8050e+000 -1.7424e+000
% function evaluation | noise-free fitness - Fopt (-3.674000000000e+001) | best noise-free fitness - Fopt | measured fitness | best measured fitness | x1 | x2...
1 +5.998767899e+004 +5.998767899e+004 +5.995093899e+004 +5.995093899e+004 +4.3768e-001 +4.2534e+000 -4.1199e+000 +2.6618e+000 -4.4017e+000
7 +2.806030144e+004 +2.806030144e+004 +2.802356144e+004 +2.802356144e+004 -5.5761e-001 -2.1632e+000 +7.7727e-001 -3.1424e+000 +4.0249e+000
9 +1.622086226e+004 +1.622086226e+004 +1.618412226e+004 +1.618412226e+004 -2.2980e+000 +2.8609e+000 -4.9880e+000 -6.9964e-001 +4.3078e+000
17 +4.372429962e+003 +4.372429962e+003 +4.335689962e+003 +4.335689962e+003 -3.6478e+000 +1.8770e+000 -1.7806e+000 -4.3321e+000 +3.5515e+000
28 +1.653031264e+002 +1.653031264e+002 +1.285631264e+002 +1.285631264e+002 -1.7545e+000 +1.1242e+000 -1.5207e+000 +1.1892e+000 +3.1031e+000
247 +6.733634028e+001 +6.733634028e+001 +3.059634028e+001 +3.059634028e+001 -1.7545e+000 +1.1242e+000 -1.3429e+000 +1.1892e+000 +2.5851e+000
646 +5.762683175e+001 +5.762683175e+001 +2.088683175e+001 +2.088683175e+001 -1.6432e+000 +1.2781e+000 -1.4435e+000 +1.2091e+000 +2.4790e+000
1226 +2.698015454e+001 +2.698015454e+001 -9.759845457e+000 -9.759845457e+000 -1.6846e+000 +1.4910e+000 -1.0274e+000 +1.5844e+000 +3.7628e+000
1296 +2.294486729e+001 +2.294486729e+001 -1.379513271e+001 -1.379513271e+001 -1.5717e+000 +1.4632e+000 -1.1225e+000 +1.5549e+000 +4.0094e+000
1333 +5.445158162e+000 +5.445158162e+000 -3.129484184e+001 -3.129484184e+001 -1.7367e+000 +1.5177e+000 -1.1092e+000 +1.6778e+000 +4.4736e+000
2162 +3.907978798e+000 +3.907978798e+000 -3.283202120e+001 -3.283202120e+001 -1.7248e+000 +1.4307e+000 -1.2127e+000 +1.3514e+000 +2.9963e+000
2406 +2.504710156e+000 +2.504710156e+000 -3.423528984e+001 -3.423528984e+001 -1.7583e+000 +1.4537e+000 -1.2536e+000 +1.2223e+000 +2.2852e+000
2848 +1.233308512e+000 +1.233308512e+000 -3.550669149e+001 -3.550669149e+001 -1.7691e+000 +1.3644e+000 -1.4028e+000 +7.5516e-001 +4.6582e-001
2860 +7.835460744e-001 +7.835460744e-001 -3.595645393e+001 -3.595645393e+001 -1.7947e+000 +1.3474e+000 -1.4237e+000 +6.9557e-001 +2.3304e-001
3492 +5.310285174e-001 +5.310285174e-001 -3.620897148e+001 -3.620897148e+001 -1.8116e+000 +1.3210e+000 -1.4872e+000 +5.1988e-001 -3.4503e-001
3631 +3.521372856e-001 +3.521372856e-001 -3.638786271e+001 -3.638786271e+001 -1.8265e+000 +1.3141e+000 -1.5232e+000 +4.4274e-001 -5.8558e-001
3701 +2.452747084e-001 +2.452747084e-001 -3.649472529e+001 -3.649472529e+001 -1.8196e+000 +1.2889e+000 -1.5788e+000 +3.3561e-001 -8.9398e-001
3829 +1.022989567e-001 +1.022989567e-001 -3.663770104e+001 -3.663770104e+001 -1.8400e+000 +1.2668e+000 -1.6211e+000 +2.2093e-001 -1.1902e+000
3854 +6.822654348e-002 +6.822654348e-002 -3.667177346e+001 -3.667177346e+001 -1.8500e+000 +1.2523e+000 -1.6648e+000 +1.3595e-001 -1.4044e+000
3937 +6.168590558e-002 +6.168590558e-002 -3.667831409e+001 -3.667831409e+001 -1.8621e+000 +1.2305e+000 -1.6956e+000 +8.5146e-002 -1.5241e+000
4896 +3.335477793e-002 +3.335477793e-002 -3.670664522e+001 -3.670664522e+001 -1.8674e+000 +1.2247e+000 -1.7015e+000 +6.7919e-002 -1.5477e+000
4949 +2.256319033e-002 +2.256319033e-002 -3.671743681e+001 -3.671743681e+001 -1.8755e+000 +1.2104e+000 -1.7299e+000 +4.6203e-003 -1.6854e+000
5076 +1.313888017e-002 +1.313888017e-002 -3.672686112e+001 -3.672686112e+001 -1.8710e+000 +1.2169e+000 -1.7201e+000 +1.9044e-002 -1.6489e+000
5262 +8.387533623e-003 +8.387533623e-003 -3.673161247e+001 -3.673161247e+001 -1.8691e+000 +1.2178e+000 -1.7199e+000 +1.7759e-002 -1.6521e+000
5340 +5.949319814e-003 +5.949319814e-003 -3.673405068e+001 -3.673405068e+001 -1.8657e+000 +1.2220e+000 -1.7147e+000 +3.0096e-002 -1.6279e+000
5352 +3.217646038e-003 +3.217646038e-003 -3.673678235e+001 -3.673678235e+001 -1.8713e+000 +1.2112e+000 -1.7341e+000 -1.1206e-002 -1.7127e+000
5460 +2.290781483e-003 +2.290781483e-003 -3.673770922e+001 -3.673770922e+001 -1.8712e+000 +1.2081e+000 -1.7418e+000 -2.8109e-002 -1.7473e+000
5586 +3.585475414e-004 +3.585475414e-004 -3.673964145e+001 -3.673964145e+001 -1.8713e+000 +1.2064e+000 -1.7462e+000 -3.2732e-002 -1.7568e+000
5969 +1.228793004e-004 +1.228793004e-004 -3.673987712e+001 -3.673987712e+001 -1.8723e+000 +1.2055e+000 -1.7471e+000 -3.3120e-002 -1.7583e+000
6349 +9.869389832e-005 +9.869389832e-005 -3.673990131e+001 -3.673990131e+001 -1.8714e+000 +1.2077e+000 -1.7429e+000 -2.5433e-002 -1.7422e+000
6746 +4.976703249e-005 +4.976703249e-005 -3.673995023e+001 -3.673995023e+001 -1.8713e+000 +1.2079e+000 -1.7427e+000 -2.4974e-002 -1.7418e+000
6764 +3.098766160e-005 +3.098766160e-005 -3.673996901e+001 -3.673996901e+001 -1.8718e+000 +1.2073e+000 -1.7437e+000 -2.7129e-002 -1.7462e+000
6806 +1.835111709e-005 +1.835111709e-005 -3.673998165e+001 -3.673998165e+001 -1.8720e+000 +1.2065e+000 -1.7452e+000 -3.0434e-002 -1.7529e+000
6940 +1.148575683e-005 +1.148575683e-005 -3.673998851e+001 -3.673998851e+001 -1.8720e+000 +1.2065e+000 -1.7454e+000 -3.0633e-002 -1.7535e+000
6990 +5.193469946e-006 +5.193469946e-006 -3.673999481e+001 -3.673999481e+001 -1.8719e+000 +1.2067e+000 -1.7452e+000 -3.0226e-002 -1.7527e+000
7488 +3.329088699e-006 +3.329088699e-006 -3.673999667e+001 -3.673999667e+001 -1.8718e+000 +1.2069e+000 -1.7448e+000 -2.9367e-002 -1.7508e+000
7575 +1.661491162e-006 +1.661491162e-006 -3.673999834e+001 -3.673999834e+001 -1.8719e+000 +1.2067e+000 -1.7452e+000 -3.0193e-002 -1.7525e+000
7660 +1.502083478e-006 +1.502083478e-006 -3.673999850e+001 -3.673999850e+001 -1.8720e+000 +1.2067e+000 -1.7453e+000 -3.0367e-002 -1.7528e+000
7670 +7.602061203e-007 +7.602061203e-007 -3.673999924e+001 -3.673999924e+001 -1.8720e+000 +1.2066e+000 -1.7455e+000 -3.0715e-002 -1.7535e+000
7698 +3.918458020e-007 +3.918458020e-007 -3.673999961e+001 -3.673999961e+001 -1.8720e+000 +1.2065e+000 -1.7455e+000 -3.0882e-002 -1.7538e+000
8225 +2.291637173e-007 +2.291637173e-007 -3.673999977e+001 -3.673999977e+001 -1.8720e+000 +1.2067e+000 -1.7453e+000 -3.0307e-002 -1.7526e+000
8517 +8.002470508e-008 +8.002470508e-008 -3.673999992e+001 -3.673999992e+001 -1.8720e+000 +1.2066e+000 -1.7453e+000 -3.0450e-002 -1.7529e+000
8797 +5.298182515e-008 +5.298182515e-008 -3.673999995e+001 -3.673999995e+001 -1.8720e+000 +1.2066e+000 -1.7454e+000 -3.0535e-002 -1.7531e+000
8922 +3.385616765e-008 +3.385616765e-008 -3.673999997e+001 -3.673999997e+001 -1.8720e+000 +1.2066e+000 -1.7454e+000 -3.0669e-002 -1.7533e+000
8954 +2.502680729e-008 +2.502680729e-008 -3.673999997e+001 -3.673999997e+001 -1.8720e+000 +1.2066e+000 -1.7454e+000 -3.0519e-002 -1.7530e+000
9479 +3.976737162e-009 +3.976737162e-009 -3.674000000e+001 -3.674000000e+001 -1.8720e+000 +1.2066e+000 -1.7454e+000 -3.0603e-002 -1.7532e+000
% function evaluation | noise-free fitness - Fopt (1.151100000000e+002) | best noise-free fitness - Fopt | measured fitness | best measured fitness | x1 | x2...
1 +9.586410550e+003 +9.586410550e+003 +9.701520550e+003 +9.701520550e+003 +4.2586e+000 -3.5865e+000 +4.6658e-001 -1.7474e+000 +1.8336e+000
34 +8.349244633e+002 +8.349244633e+002 +9.500344633e+002 +9.500344633e+002 +1.5341e+000 -4.5805e+000 -2.1680e+000 -1.1753e+000 +2.6951e+000
94 +5.660355421e+002 +5.660355421e+002 +6.811455421e+002 +6.811455421e+002 +1.8377e+000 -5.2283e+000 -5.4673e-001 -9.9098e-001 +1.1192e+000
183 +3.785292175e+002 +3.785292175e+002 +4.936392175e+002 +4.936392175e+002 +8.4171e-001 -3.2200e+000 -1.5462e+000 -7.1662e-001 -2.3337e-001
219 +2.379149702e+002 +2.379149702e+002 +3.530249702e+002 +3.530249702e+002 +1.2878e+000 -2.8711e+000 -1.4601e-001 +1.6372e-001 +1.9090e+000
419 +1.394657621e+002 +1.394657621e+002 +2.545757621e+002 +2.545757621e+002 +2.0885e+000 -3.8526e+000 -1.5144e+000 -3.4976e-002 -2.0211e-002
517 +7.863501466e+001 +7.863501466e+001 +1.937450147e+002 +1.937450147e+002 +6.6814e-001 -4.2093e+000 -4.5917e-001 +3.8153e-001 +1.0393e+000
600 +2.277214070e+001 +2.277214070e+001 +1.378821407e+002 +1.378821407e+002 +5.7260e-001 -3.3366e+000 -4.5917e-001 +4.7642e-001 +1.0393e+000
1131 +1.203230274e+001 +1.203230274e+001 +1.271423027e+002 +1.271423027e+002 +2.0835e-001 -2.9910e+000 -4.7766e-002 +8.4325e-001 +1.8110e+000
1262 +9.352579548e+000 +9.352579548e+000 +1.244625795e+002 +1.244625795e+002 +3.6539e-001 -3.0912e+000 -2.2367e-001 +7.4009e-001 +1.5999e+000
1523 +4.620006006e+000 +4.620006006e+000 +1.197300060e+002 +1.197300060e+002 +3.0073e-001 -3.0621e+000 -3.3744e-001 +4.1810e-001 +1.1900e+000
2100 +3.266748662e+000 +3.266748662e+000 +1.183767487e+002 +1.183767487e+002 +1.7271e+000 -3.7284e+000 -1.0055e+000 -1.7133e-001 +8.6890e-001
3575 +2.478164592e+000 +2.478164592e+000 +1.175881646e+002 +1.175881646e+002 +1.8507e+000 -3.5585e+000 -9.7313e-001 -9.0660e-002 +8.5966e-001
4026 +1.509629812e+000 +1.509629812e+000 +1.166196298e+002 +1.166196298e+002 +2.0605e+000 -3.2768e+000 -6.8728e-001 +4.6047e-002 +8.4406e-001
4860 +9.928222438e-001 +9.928222438e-001 +1.161028222e+002 +1.161028222e+002 +2.1126e+000 -3.2114e+000 -5.7575e-001 +1.1759e-001 +9.0681e-001
5087 +5.849820149e-001 +5.849820149e-001 +1.156949820e+002 +1.156949820e+002 +2.1737e+000 -3.0987e+000 -4.4129e-001 +2.7973e-001 +1.0202e+000
5500 +3.879331609e-001 +3.879331609e-001 +1.154979332e+002 +1.154979332e+002 +2.2143e+000 -3.0346e+000 -3.2870e-001 +4.5390e-001 +1.2107e+000
5590 +2.086581678e-001 +2.086581678e-001 +1.153186582e+002 +1.153186582e+002 +2.2447e+000 -2.9721e+000 -2.1779e-001 +6.0941e-001 +1.4123e+000
5676 +1.180628249e-001 +1.180628249e-001 +1.152280628e+002 +1.152280628e+002 +2.2394e+000 -2.9754e+000 -2.1470e-001 +6.2885e-001 +1.4578e+000
5680 +9.890399540e-002 +9.890399540e-002 +1.152089040e+002 +1.152089040e+002 +2.2369e+000 -2.9748e+000 -1.9137e-001 +6.7274e-001 +1.5384e+000
5801 +2.716469116e-002 +2.716469116e-002 +1.151371647e+002 +1.151371647e+002 +2.2512e+000 -2.9323e+000 -1.3354e-001 +7.7491e-001 +1.7060e+000
5888 +2.020840701e-002 +2.020840701e-002 +1.151302084e+002 +1.151302084e+002 +2.2495e+000 -2.9301e+000 -1.1122e-001 +8.0400e-001 +1.7637e+000
6257 +8.927906410e-003 +8.927906410e-003 +1.151189279e+002 +1.151189279e+002 +2.2526e+000 -2.9271e+000 -1.1591e-001 +7.9992e-001 +1.7533e+000
6381 +4.696424200e-003 +4.696424200e-003 +1.151146964e+002 +1.151146964e+002 +2.2568e+000 -2.9179e+000 -9.2639e-002 +8.4796e-001 +1.8491e+000
6600 +3.613774055e-003 +3.613774055e-003 +1.151136138e+002 +1.151136138e+002 +2.2596e+000 -2.9178e+000 -8.8879e-002 +8.5491e-001 +1.8669e+000
6786 +2.283659761e-003 +2.283659761e-003 +1.151122837e+002 +1.151122837e+002 +2.2619e+000 -2.9164e+000 -9.1276e-002 +8.5218e-001 +1.8636e+000
7381 +9.794310198e-004 +9.794310198e-004 +1.151109794e+002 +1.151109794e+002 +2.2616e+000 -2.9139e+000 -9.0012e-002 +8.5226e-001 +1.8613e+000
7463 +6.197624528e-004 +6.197624528e-004 +1.151106198e+002 +1.151106198e+002 +2.2616e+000 -2.9128e+000 -8.5982e-002 +8.6176e-001 +1.8802e+000
7818 +1.809217936e-004 +1.809217936e-004 +1.151101809e+002 +1.151101809e+002 +2.2594e+000 -2.9182e+000 -9.6457e-002 +8.4003e-001 +1.8365e+000
7927 +1.289857941e-004 +1.289857941e-004 +1.151101290e+002 +1.151101290e+002 +2.2593e+000 -2.9183e+000 -9.5917e-002 +8.4010e-001 +1.8369e+000
8348 +7.556144560e-005 +7.556144560e-005 +1.151100756e+002 +1.151100756e+002 +2.2607e+000 -2.9164e+000 -9.1730e-002 +8.4952e-001 +1.8559e+000
8427 +5.855051938e-005 +5.855051938e-005 +1.151100586e+002 +1.151100586e+002 +2.2609e+000 -2.9157e+000 -9.0785e-002 +8.5133e-001 +1.8595e+000
8922 +3.887715899e-005 +3.887715899e-005 +1.151100389e+002 +1.151100389e+002 +2.2609e+000 -2.9157e+000 -9.0719e-002 +8.5110e-001 +1.8588e+000
9083 +1.875428080e-005 +1.875428080e-005 +1.151100188e+002 +1.151100188e+002 +2.2606e+000 -2.9159e+000 -9.1088e-002 +8.5039e-001 +1.8572e+000
9131 +1.084320387e-005 +1.084320387e-005 +1.151100108e+002 +1.151100108e+002 +2.2603e+000 -2.9165e+000 -9.2452e-002 +8.4750e-001 +1.8514e+000
9187 +6.228660055e-006 +6.228660055e-006 +1.151100062e+002 +1.151100062e+002 +2.2601e+000 -2.9168e+000 -9.2962e-002 +8.4655e-001 +1.8496e+000
9826 +3.686870812e-006 +3.686870812e-006 +1.151100037e+002 +1.151100037e+002 +2.2604e+000 -2.9164e+000 -9.2095e-002 +8.4840e-001 +1.8533e+000
9836 +1.634945747e-006 +1.634945747e-006 +1.151100016e+002 +1.151100016e+002 +2.2603e+000 -2.9165e+000 -9.2195e-002 +8.4824e-001 +1.8530e+000
9846 +5.075149261e-007 +5.075149261e-007 +1.151100005e+002 +1.151100005e+002 +2.2602e+000 -2.9166e+000 -9.2509e-002 +8.4762e-001 +1.8518e+000
10388 +2.388790534e-007 +2.388790534e-007 +1.151100002e+002 +1.151100002e+002 +2.2602e+000 -2.9165e+000 -9.2249e-002 +8.4811e-001 +1.8528e+000
10471 +1.237266076e-007 +1.237266076e-007 +1.151100001e+002 +1.151100001e+002 +2.2602e+000 -2.9166e+000 -9.2332e-002 +8.4793e-001 +1.8525e+000
10773 +7.382965350e-008 +7.382965350e-008 +1.151100001e+002 +1.151100001e+002 +2.2602e+000 -2.9166e+000 -9.2369e-002 +8.4786e-001 +1.8523e+000
10804 +3.446301378e-008 +3.446301378e-008 +1.151100000e+002 +1.151100000e+002 +2.2602e+000 -2.9166e+000 -9.2397e-002 +8.4781e-001 +1.8522e+000
11039 +1.694971274e-008 +1.694971274e-008 +1.151100000e+002 +1.151100000e+002 +2.2602e+000 -2.9166e+000 -9.2404e-002 +8.4779e-001 +1.8522e+000
11212 +1.569156893e-008 +1.569156893e-008 +1.151100000e+002 +1.151100000e+002 +2.2602e+000 -2.9166e+000 -9.2373e-002 +8.4784e-001 +1.8523e+000
11214 +7.737028795e-009 +7.737028795e-009 +1.151100000e+002 +1.151100000e+002 +2.2602e+000 -2.9166e+000 -9.2386e-002 +8.4783e-001 +1.8522e+000
% function evaluation | noise-free fitness - Fopt (1.759000000000e+001) | best noise-free fitness - Fopt | measured fitness | best measured fitness | x1 | x2...
1 +1.627248250e+003 +1.627248250e+003 +1.644838250e+003 +1.644838250e+003 +9.2839e-001 +2.1600e+000 +8.4884e-003 -1.7672e+000 +1.1103e+000
153 +1.578962471e+003 +1.578962471e+003 +1.596552471e+003 +1.596552471e+003 +1.4089e+000 -7.3103e-001 -1.0196e+000 -4.3916e+000 +1.9462e+000
226 +7.942273596e+002 +7.942273596e+002 +8.118173596e+002 +8.118173596e+002 +7.2749e-001 +9.1688e-001 -1.4656e+000 -2.1867e+000 +3.5059e-001
227 +7.196247583e+001 +7.196247583e+001 +8.955247583e+001 +8.955247583e+001 -7.8036e-001 +6.1836e-001 +9.0441e-002 -2.7052e+000 +2.3534e+000
616 +5.415943632e+001 +5.415943632e+001 +7.174943632e+001 +7.174943632e+001 -6.3536e-002 +8.9291e-001 +9.0441e-002 -2.7052e+000 +2.3534e+000
842 +2.990384932e+001 +2.990384932e+001 +4.749384932e+001 +4.749384932e+001 -5.9962e-001 +1.1372e+000 -8.5895e-002 -2.8239e+000 +1.6170e+000
908 +2.470772804e+001 +2.470772804e+001 +4.229772804e+001 +4.229772804e+001 +3.3916e-001 +6.5828e-001 -5.3560e-001 -2.8329e+000 +1.7710e+000
937 +1.432476789e+001 +1.432476789e+001 +3.191476789e+001 +3.191476789e+001 +7.7989e-001 +1.3540e+000 +2.4020e-001 -2.6976e+000 +2.1618e+000
1238 +8.702375868e+000 +8.702375868e+000 +2.629237587e+001 +2.629237587e+001 +3.7395e-001 +7.0985e-001 -4.5175e-001 -3.1298e+000 +1.6205e+000
1244 +6.070594893e+000 +6.070594893e+000 +2.366059489e+001 +2.366059489e+001 +8.9750e-001 +1.1993e+000 -1.6818e-001 -2.9489e+000 +1.8881e+000
1694 +3.639403161e+000 +3.639403161e+000 +2.122940316e+001 +2.122940316e+001 +9.4788e-001 +1.3060e+000 +3.0450e-001 -2.5956e+000 +2.1574e+000
1821 +1.944306110e+000 +1.944306110e+000 +1.953430611e+001 +1.953430611e+001 +9.8518e-001 +1.3143e+000 +2.6003e-001 -2.6115e+000 +2.2410e+000
1862 +1.291881047e+000 +1.291881047e+000 +1.888188105e+001 +1.888188105e+001 +9.4141e-001 +1.2750e+000 +2.2514e-001 -2.5452e+000 +2.2200e+000
1913 +7.051803137e-001 +7.051803137e-001 +1.829518031e+001 +1.829518031e+001 +9.4996e-001 +1.3108e+000 +1.9717e-001 -2.5582e+000 +2.2638e+000
2061 +2.935853345e-001 +2.935853345e-001 +1.788358533e+001 +1.788358533e+001 +9.7961e-001 +1.3394e+000 +2.8253e-001 -2.5009e+000 +2.3134e+000
2234 +2.261731008e-001 +2.261731008e-001 +1.781617310e+001 +1.781617310e+001 +9.6675e-001 +1.3367e+000 +2.5706e-001 -2.4967e+000 +2.3356e+000
2907 +1.416545729e-001 +1.416545729e-001 +1.773165457e+001 +1.773165457e+001 +9.7521e-001 +1.3628e+000 +2.7415e-001 -2.5023e+000 +2.3302e+000
3402 +8.694830068e-002 +8.694830068e-002 +1.767694830e+001 +1.767694830e+001 +9.7968e-001 +1.3566e+000 +2.8340e-001 -2.4875e+000 +2.3534e+000
3645 +6.290116513e-002 +6.290116513e-002 +1.765290117e+001 +1.765290117e+001 +9.8391e-001 +1.3679e+000 +3.0501e-001 -2.4500e+000 +2.4197e+000
3781 +3.974910049e-002 +3.974910049e-002 +1.762974910e+001 +1.762974910e+001 +9.9558e-001 +1.3872e+000 +3.4239e-001 -2.3834e+000 +2.5234e+000
3997 +2.238266387e-002 +2.238266387e-002 +1.761238266e+001 +1.761238266e+001 +1.0017e+000 +1.4029e+000 +3.7738e-001 -2.3090e+000 +2.6525e+000
4147 +6.791388788e-003 +6.791388788e-003 +1.759679139e+001 +1.759679139e+001 +1.0055e+000 +1.4141e+000 +4.0103e-001 -2.2710e+000 +2.7378e+000
4176 +5.255624911e-003 +5.255624911e-003 +1.759525562e+001 +1.759525562e+001 +1.0045e+000 +1.4188e+000 +4.1344e-001 -2.2434e+000 +2.7950e+000
4626 +3.489639713e-003 +3.489639713e-003 +1.759348964e+001 +1.759348964e+001 +1.0049e+000 +1.4156e+000 +4.0577e-001 -2.2539e+000 +2.7706e+000
4650 +1.920939794e-003 +1.920939794e-003 +1.759192094e+001 +1.759192094e+001 +1.0053e+000 +1.4193e+000 +4.1200e-001 -2.2444e+000 +2.7917e+000
4809 +1.453919759e-003 +1.453919759e-003 +1.759145392e+001 +1.759145392e+001 +1.0051e+000 +1.4195e+000 +4.1224e-001 -2.2421e+000 +2.7937e+000
5244 +9.655575137e-004 +9.655575137e-004 +1.759096556e+001 +1.759096556e+001 +1.0027e+000 +1.4151e+000 +4.0320e-001 -2.2608e+000 +2.7544e+000
5301 +3.587992374e-004 +3.587992374e-004 +1.759035880e+001 +1.759035880e+001 +1.0023e+000 +1.4142e+000 +3.9973e-001 -2.2699e+000 +2.7383e+000
5835 +2.372938823e-004 +2.372938823e-004 +1.759023729e+001 +1.759023729e+001 +1.0032e+000 +1.4165e+000 +4.0398e-001 -2.2614e+000 +2.7544e+000
6230 +1.480008504e-004 +1.480008504e-004 +1.759014800e+001 +1.759014800e+001 +1.0043e+000 +1.4178e+000 +4.0575e-001 -2.2575e+000 +2.7614e+000
6298 +8.861631548e-005 +8.861631548e-005 +1.759008862e+001 +1.759008862e+001 +1.0032e+000 +1.4154e+000 +4.0112e-001 -2.2662e+000 +2.7444e+000
6376 +4.598557283e-005 +4.598557283e-005 +1.759004599e+001 +1.759004599e+001 +1.0036e+000 +1.4160e+000 +4.0255e-001 -2.2632e+000 +2.7503e+000
6569 +2.762055864e-005 +2.762055864e-005 +1.759002762e+001 +1.759002762e+001 +1.0040e+000 +1.4165e+000 +4.0357e-001 -2.2615e+000 +2.7545e+000
6826 +2.235008269e-005 +2.235008269e-005 +1.759002235e+001 +1.759002235e+001 +1.0039e+000 +1.4164e+000 +4.0352e-001 -2.2614e+000 +2.7547e+000
6868 +1.498824280e-005 +1.498824280e-005 +1.759001499e+001 +1.759001499e+001 +1.0039e+000 +1.4165e+000 +4.0337e-001 -2.2614e+000 +2.7545e+000
6954 +9.399653155e-006 +9.399653155e-006 +1.759000940e+001 +1.759000940e+001 +1.0041e+000 +1.4169e+000 +4.0432e-001 -2.2598e+000 +2.7579e+000
7268 +5.645540007e-006 +5.645540007e-006 +1.759000565e+001 +1.759000565e+001 +1.0040e+000 +1.4170e+000 +4.0450e-001 -2.2594e+000 +2.7585e+000
7298 +2.725377904e-006 +2.725377904e-006 +1.759000273e+001 +1.759000273e+001 +1.0039e+000 +1.4168e+000 +4.0407e-001 -2.2603e+000 +2.7567e+000
7478 +2.139693486e-006 +2.139693486e-006 +1.759000214e+001 +1.759000214e+001 +1.0039e+000 +1.4167e+000 +4.0405e-001 -2.2603e+000 +2.7566e+000
7637 +1.074333383e-006 +1.074333383e-006 +1.759000107e+001 +1.759000107e+001 +1.0039e+000 +1.4167e+000 +4.0394e-001 -2.2605e+000 +2.7563e+000
7834 +7.324479974e-007 +7.324479974e-007 +1.759000073e+001 +1.759000073e+001 +1.0038e+000 +1.4166e+000 +4.0384e-001 -2.2607e+000 +2.7559e+000
7911 +4.030769922e-007 +4.030769922e-007 +1.759000040e+001 +1.759000040e+001 +1.0039e+000 +1.4167e+000 +4.0400e-001 -2.2604e+000 +2.7566e+000
7956 +2.345276613e-007 +2.345276613e-007 +1.759000023e+001 +1.759000023e+001 +1.0038e+000 +1.4166e+000 +4.0392e-001 -2.2606e+000 +2.7562e+000
8269 +8.852566680e-008 +8.852566680e-008 +1.759000009e+001 +1.759000009e+001 +1.0038e+000 +1.4166e+000 +4.0380e-001 -2.2608e+000 +2.7558e+000
8345 +7.721933315e-009 +7.721933315e-009 +1.759000001e+001 +1.759000001e+001 +1.0038e+000 +1.4166e+000 +4.0381e-001 -2.2608e+000 +2.7558e+000
% function evaluation | noise-free fitness - Fopt (1.000000000000e+003) | best noise-free fitness - Fopt | measured fitness | best measured fitness | x1 | x2...
1 +1.765363230e+004 +1.765363230e+004 +1.865363230e+004 +1.865363230e+004 -1.6370e-001 +3.6531e-001 -3.3889e+000 +1.1148e+000 +1.8869e+000
14 +1.397817537e+004 +1.397817537e+004 +1.497817537e+004 +1.497817537e+004 -1.9116e-001 +1.3254e+000 -1.1338e+000 -5.1076e-001 +3.6544e+000
34 +1.262338252e+003 +1.262338252e+003 +2.262338252e+003 +2.262338252e+003 -1.7064e+000 -1.1116e+000 -2.9766e+000 -9.0889e-001 +3.9412e+000
110 +8.902517981e+002 +8.902517981e+002 +1.890251798e+003 +1.890251798e+003 -4.6563e+000 -4.4914e-001 -3.6533e+000 -1.6014e-001 +4.3221e+000
274 +5.613090514e+002 +5.613090514e+002 +1.561309051e+003 +1.561309051e+003 -1.9776e+000 -2.7672e-001 -3.4096e+000 -2.2971e+000 -5.6088e-001
374 +3.674712490e+002 +3.674712490e+002 +1.367471249e+003 +1.367471249e+003 -3.3508e+000 -2.6071e+000 -3.6561e+000 -4.1116e+000 +1.3030e+000
425 +2.094159833e+002 +2.094159833e+002 +1.209415983e+003 +1.209415983e+003 -2.7537e+000 -2.5913e+000 -3.9601e+000 -3.2001e+000 -1.5277e+000
547 +9.450316084e+001 +9.450316084e+001 +1.094503161e+003 +1.094503161e+003 -3.4207e+000 -2.3021e+000 -4.2284e+000 -2.0001e+000 -6.2170e-001
614 +5.239218103e+001 +5.239218103e+001 +1.052392181e+003 +1.052392181e+003 -3.5599e+000 -1.9841e+000 -3.9937e+000 -2.2466e+000 -7.9398e-001
874 +3.260987344e+001 +3.260987344e+001 +1.032609873e+003 +1.032609873e+003 -3.5587e+000 -1.8719e+000 -4.1852e+000 -1.9432e+000 -1.0791e+000
892 +1.116217456e+001 +1.116217456e+001 +1.011162175e+003 +1.011162175e+003 -3.8024e+000 -1.7676e+000 -3.9666e+000 -2.2211e+000 -1.3804e+000
1232 +8.569951275e+000 +8.569951275e+000 +1.008569951e+003 +1.008569951e+003 -3.8545e+000 -1.7546e+000 -3.9296e+000 -2.4720e+000 -1.6100e+000
1478 +5.359001949e+000 +5.359001949e+000 +1.005359002e+003 +1.005359002e+003 -3.7274e+000 -1.7766e+000 -3.8556e+000 -2.4231e+000 -1.4676e+000
2752 +3.944796365e+000 +3.944796365e+000 +1.003944796e+003 +1.003944796e+003 -3.2212e+000 -1.9275e+000 -3.9584e+000 -2.4102e+000 -1.4904e+000
3927 +2.425292612e+000 +2.425292612e+000 +1.002425293e+003 +1.002425293e+003 -2.6449e+000 -1.5217e+000 -3.8079e+000 -2.4637e+000 -1.5074e+000
4576 +1.465322426e+000 +1.465322426e+000 +1.001465322e+003 +1.001465322e+003 -2.5203e+000 -1.2965e+000 -3.5270e+000 -2.2744e+000 -1.4776e+000
4812 +9.385260101e-001 +9.385260101e-001 +1.000938526e+003 +1.000938526e+003 -2.4147e+000 -1.1711e+000 -3.3796e+000 -2.1055e+000 -1.4128e+000
5130 +5.187100380e-001 +5.187100380e-001 +1.000518710e+003 +1.000518710e+003 -2.3675e+000 -1.0641e+000 -3.2077e+000 -1.9200e+000 -1.2307e+000
5158 +3.625082862e-001 +3.625082862e-001 +1.000362508e+003 +1.000362508e+003 -2.3786e+000 -1.0769e+000 -3.2093e+000 -1.8917e+000 -1.1752e+000
5275 +2.314619287e-001 +2.314619287e-001 +1.000231462e+003 +1.000231462e+003 -2.3408e+000 -1.0193e+000 -3.1173e+000 -1.7665e+000 -1.0128e+000
5525 +1.232353959e-001 +1.232353959e-001 +1.000123235e+003 +1.000123235e+003 -2.3182e+000 -9.8136e-001 -3.0419e+000 -1.6236e+000 -7.8904e-001
5666 +9.985543665e-002 +9.985543665e-002 +1.000099855e+003 +1.000099855e+003 -2.2949e+000 -9.5133e-001 -2.9865e+000 -1.5121e+000 -6.0618e-001
6059 +4.950990126e-002 +4.950990126e-002 +1.000049510e+003 +1.000049510e+003 -2.2980e+000 -9.5231e-001 -3.0013e+000 -1.5277e+000 -6.2173e-001
6179 +3.770480885e-002 +3.770480885e-002 +1.000037705e+003 +1.000037705e+003 -2.3092e+000 -9.5665e-001 -3.0136e+000 -1.5636e+000 -6.8586e-001
6225 +1.813556154e-002 +1.813556154e-002 +1.000018136e+003 +1.000018136e+003 -2.3020e+000 -9.4857e-001 -2.9954e+000 -1.5266e+000 -6.2780e-001
6276 +1.279171318e-002 +1.279171318e-002 +1.000012792e+003 +1.000012792e+003 -2.3041e+000 -9.4885e-001 -3.0009e+000 -1.5337e+000 -6.3871e-001
6374 +8.039778171e-003 +8.039778171e-003 +1.000008040e+003 +1.000008040e+003 -2.3009e+000 -9.4386e-001 -2.9927e+000 -1.5146e+000 -6.0853e-001
7228 +6.122720274e-003 +6.122720274e-003 +1.000006123e+003 +1.000006123e+003 -2.3007e+000 -9.4292e-001 -2.9889e+000 -1.5070e+000 -5.9542e-001
7652 +3.797338253e-003 +3.797338253e-003 +1.000003797e+003 +1.000003797e+003 -2.3028e+000 -9.4151e-001 -2.9826e+000 -1.4937e+000 -5.6856e-001
7892 +2.252519609e-003 +2.252519609e-003 +1.000002253e+003 +1.000002253e+003 -2.2991e+000 -9.3725e-001 -2.9728e+000 -1.4754e+000 -5.3345e-001
8102 +1.313374219e-003 +1.313374219e-003 +1.000001313e+003 +1.000001313e+003 -2.2967e+000 -9.3251e-001 -2.9636e+000 -1.4558e+000 -4.9482e-001
8116 +9.077949968e-004 +9.077949968e-004 +1.000000908e+003 +1.000000908e+003 -2.2971e+000 -9.3402e-001 -2.9710e+000 -1.4717e+000 -5.2418e-001
8210 +5.571528270e-004 +5.571528270e-004 +1.000000557e+003 +1.000000557e+003 -2.2962e+000 -9.3190e-001 -2.9641e+000 -1.4587e+000 -4.9817e-001
8249 +3.303809262e-004 +3.303809262e-004 +1.000000330e+003 +1.000000330e+003 -2.2941e+000 -9.2855e-001 -2.9586e+000 -1.4468e+000 -4.7472e-001
8440 +2.108206596e-004 +2.108206596e-004 +1.000000211e+003 +1.000000211e+003 -2.2939e+000 -9.2686e-001 -2.9554e+000 -1.4397e+000 -4.6079e-001
8712 +4.525621307e-005 +4.525621307e-005 +1.000000045e+003 +1.000000045e+003 -2.2951e+000 -9.2964e-001 -2.9608e+000 -1.4508e+000 -4.8276e-001
8999 +2.880291822e-005 +2.880291822e-005 +1.000000029e+003 +1.000000029e+003 -2.2954e+000 -9.2937e-001 -2.9601e+000 -1.4490e+000 -4.7920e-001
9031 +2.355181118e-005 +2.355181118e-005 +1.000000024e+003 +1.000000024e+003 -2.2961e+000 -9.3078e-001 -2.9629e+000 -1.4544e+000 -4.9032e-001
9346 +1.313581504e-005 +1.313581504e-005 +1.000000013e+003 +1.000000013e+003 -2.2959e+000 -9.3038e-001 -2.9624e+000 -1.4533e+000 -4.8816e-001
9515 +6.659948326e-006 +6.659948326e-006 +1.000000007e+003 +1.000000007e+003 -2.2956e+000 -9.3026e-001 -2.9621e+000 -1.4529e+000 -4.8729e-001
9565 +2.953886678e-006 +2.953886678e-006 +1.000000003e+003 +1.000000003e+003 -2.2956e+000 -9.3016e-001 -2.9620e+000 -1.4527e+000 -4.8697e-001
9644 +7.400607274e-007 +7.400607274e-007 +1.000000001e+003 +1.000000001e+003 -2.2956e+000 -9.2999e-001 -2.9616e+000 -1.4520e+000 -4.8538e-001
10053 +4.532269031e-007 +4.532269031e-007 +1.000000000e+003 +1.000000000e+003 -2.2956e+000 -9.3001e-001 -2.9616e+000 -1.4520e+000 -4.8548e-001
10151 +2.114712743e-007 +2.114712743e-007 +1.000000000e+003 +1.000000000e+003 -2.2956e+000 -9.2996e-001 -2.9615e+000 -1.4518e+000 -4.8509e-001
10423 +1.465167543e-007 +1.465167543e-007 +1.000000000e+003 +1.000000000e+003 -2.2956e+000 -9.2994e-001 -2.9615e+000 -1.4518e+000 -4.8500e-001
10676 +6.037407729e-008 +6.037407729e-008 +1.000000000e+003 +1.000000000e+003 -2.2956e+000 -9.2996e-001 -2.9615e+000 -1.4519e+000 -4.8512e-001
10756 +1.311764208e-008 +1.311764208e-008 +1.000000000e+003 +1.000000000e+003 -2.2956e+000 -9.2999e-001 -2.9616e+000 -1.4520e+000 -4.8534e-001
11223 +9.796849554e-009 +9.796849554e-009 +1.000000000e+003 +1.000000000e+003 -2.2956e+000 -9.3000e-001 -2.9616e+000 -1.4520e+000 -4.8538e-001
11242 +5.843389772e-009 +5.843389772e-009 +1.000000000e+003 +1.000000000e+003 -2.2956e+000 -9.3001e-001 -2.9616e+000 -1.4520e+000 -4.8547e-001
