% function evaluation | noise-free fitness - Fopt (-6.211100000000e+002) | best noise-free fitness - Fopt | measured fitness | best measured fitness | x1 | x2...
1 +6.216630387e+008 +6.216630387e+008 +6.216624175e+008 +6.216624175e+008 +1.1519e+001 +7.0492e+000 +1.2270e+001
18 +2.731772202e+008 +2.731772202e+008 +2.731765991e+008 +2.731765991e+008 +6.2243e+000 +7.4394e+000 +1.4630e+001
38 +1.399357717e+008 +1.399357717e+008 +1.399351506e+008 +1.399351506e+008 +5.1950e+000 +6.8808e+000 +9.1963e+000
119 +3.004677115e+007 +3.004677115e+007 +3.004615004e+007 +3.004615004e+007 +8.4764e-001 +5.9676e+000 +5.1080e+000
300 +1.952010374e+007 +1.952010374e+007 +1.951948263e+007 +1.951948263e+007 -1.8448e+000 +1.3399e+000 +3.5755e+000
370 +6.883016477e+006 +6.883016477e+006 +6.882395367e+006 +6.882395367e+006 +4.6416e+000 +1.6760e+000 +8.2684e-001
420 +2.470231271e+006 +2.470231271e+006 +2.469610161e+006 +2.469610161e+006 -2.8338e-001 +1.6760e+000 -6.7288e-001
570 +7.210468440e+004 +7.210468440e+004 +7.148357440e+004 +7.148357440e+004 -2.8338e-001 +3.2814e+000 -3.3097e-001
% function evaluation | noise-free fitness - Fopt (-2.548200000000e+002) | best noise-free fitness - Fopt | measured fitness | best measured fitness | x1 | x2...
1 +2.835825301e+010 +2.835825301e+010 +2.835825276e+010 +2.835825276e+010 +1.4365e+001 +5.8855e+000 +1.4632e+001
3 +8.530402285e+009 +8.530402285e+009 +8.530402031e+009 +8.530402031e+009 +1.3598e+001 +8.4401e+000 +9.0055e+000
6 +5.254533461e+009 +5.254533461e+009 +5.254533207e+009 +5.254533207e+009 +8.4464e+000 +8.7365e+000 +1.0981e+001
7 +1.745034510e+009 +1.745034510e+009 +1.745034255e+009 +1.745034255e+009 +1.0956e+001 +6.1846e+000 +7.8900e+000
13 +6.749477492e+008 +6.749477492e+008 +6.749474944e+008 +6.749474944e+008 +1.0764e+001 +6.4626e+000 +5.0008e+000
66 +3.299322818e+008 +3.299322818e+008 +3.299320270e+008 +3.299320270e+008 +7.9904e+000 +3.8516e+000 +6.7262e+000
81 +2.031665538e+008 +2.031665538e+008 +2.031662990e+008 +2.031662990e+008 +9.4554e+000 +6.2458e+000 +3.2721e+000
86 +1.999079381e+007 +1.999079381e+007 +1.999053899e+007 +1.999053899e+007 +8.2703e+000 +5.6253e+000 -1.0306e+000
270 +9.663857363e+006 +9.663857363e+006 +9.663602543e+006 +9.663602543e+006 +4.3599e+000 +1.1172e+001 +1.3807e+000
301 +1.502460879e+006 +1.502460879e+006 +1.502206059e+006 +1.502206059e+006 +3.8865e+000 +9.9961e+000 +8.1395e-001
320 +3.922957176e+005 +3.922957176e+005 +3.920408976e+005 +3.920408976e+005 +4.3599e+000 +1.7011e+001 -2.4669e+000
502 +2.500772726e+005 +2.500772726e+005 +2.498224526e+005 +2.498224526e+005 +4.1185e+000 +3.7878e+000 -4.5103e-001
616 +5.383009050e+004 +5.383009050e+004 +5.357527050e+004 +5.357527050e+004 +4.8301e+000 +8.1689e+000 +1.6130e-001
628 +8.658777834e+003 +8.658777834e+003 +8.403957834e+003 +8.403957834e+003 +4.5599e+000 +7.0815e+000 +2.0858e-001
% function evaluation | noise-free fitness - Fopt (5.661000000000e+001) | best noise-free fitness - Fopt | measured fitness | best measured fitness | x1 | x2...
1 +8.181996170e+013 +8.181996170e+013 +8.181996170e+013 +8.181996170e+013 +8.8558e+000 +9.2791e+000 +1.3337e+001
3 +4.616655875e+013 +4.616655875e+013 +4.616655875e+013 +4.616655875e+013 +1.2410e+001 +8.5024e+000 +1.3290e+001
6 +3.047101286e+013 +3.047101286e+013 +3.047101286e+013 +3.047101286e+013 +1.2730e+001 +1.4660e+001 +6.4745e+000
8 +2.411798306e+013 +2.411798306e+013 +2.411798306e+013 +2.411798306e+013 +7.9081e+000 +1.0895e+001 +9.1507e+000
10 +1.039344906e+012 +1.039344906e+012 +1.039344906e+012 +1.039344906e+012 +1.3704e+001 +5.6808e+000 +8.1232e+000
16 +4.484523947e+011 +4.484523947e+011 +4.484523948e+011 +4.484523948e+011 +1.3560e+001 +5.1594e+000 +6.6269e+000
100 +2.354549434e+011 +2.354549434e+011 +2.354549435e+011 +2.354549435e+011 +6.4276e+000 +6.6682e+000 +4.1939e+000
110 +1.267182133e+011 +1.267182133e+011 +1.267182133e+011 +1.267182133e+011 +3.7432e+000 +8.7688e+000 +8.9149e-001
128 +5.268675982e+010 +5.268675982e+010 +5.268675988e+010 +5.268675988e+010 +9.0263e+000 +5.5854e+000 +1.7097e+000
181 +1.608288982e+010 +1.608288982e+010 +1.608288988e+010 +1.608288988e+010 +7.5478e+000 +4.9690e+000 -5.0511e-001
205 +1.156150007e+010 +1.156150007e+010 +1.156150013e+010 +1.156150013e+010 +5.7670e+000 +2.5686e+000 +2.5250e+000
209 +6.213047330e+009 +6.213047330e+009 +6.213047386e+009 +6.213047386e+009 +1.7596e-001 +4.5812e+000 -4.7009e-002
318 +7.708185921e+008 +7.708185921e+008 +7.708186487e+008 +7.708186487e+008 +2.6313e+000 +3.3043e+000 -7.6721e+000
422 +1.224659733e+008 +1.224659733e+008 +1.224660299e+008 +1.224660299e+008 -4.9622e+000 +2.3545e+000 -2.9230e+000
438 +6.251190886e+006 +6.251190886e+006 +6.251247496e+006 +6.251247496e+006 -5.7089e+000 +1.0354e-002 -2.9154e+000
533 +2.739136634e+006 +2.739136634e+006 +2.739193244e+006 +2.739193244e+006 -5.5571e+000 -1.4034e+000 -4.8294e+000
583 +1.668701329e+006 +1.668701329e+006 +1.668757939e+006 +1.668757939e+006 -5.5571e+000 -1.4034e+000 -4.3840e+000
664 +1.028569812e+005 +1.028569812e+005 +1.029135912e+005 +1.029135912e+005 -3.5791e+000 -2.0456e+000 -4.0155e+000
764 +1.524603011e+004 +1.524603011e+004 +1.530264011e+004 +1.530264011e+004 -3.5791e+000 -2.5548e+000 -3.9768e+000
% function evaluation | noise-free fitness - Fopt (-1.810000000000e+001) | best noise-free fitness - Fopt | measured fitness | best measured fitness | x1 | x2...
1 +1.963642903e+008 +1.963642903e+008 +1.963642722e+008 +1.963642722e+008 +9.9083e+000 +8.4613e+000 +1.2859e+001
3 +1.295539076e+008 +1.295539076e+008 +1.295538895e+008 +1.295538895e+008 +5.3027e+000 +1.3094e+001 +7.1835e+000
7 +7.332794845e+007 +7.332794845e+007 +7.332793035e+007 +7.332793035e+007 +1.2375e+001 +5.5845e+000 +6.6750e+000
10 +4.458270591e+007 +4.458270591e+007 +4.458268781e+007 +4.458268781e+007 +9.9313e+000 +5.1206e+000 +5.6637e+000
23 +3.535806123e+007 +3.535806123e+007 +3.535804313e+007 +3.535804313e+007 +5.6855e+000 +6.4720e+000 +5.7062e+000
128 +1.702366619e+007 +1.702366619e+007 +1.702364809e+007 +1.702364809e+007 +5.3568e+000 +5.4516e+000 +4.2184e+000
168 +9.664736559e+006 +9.664736559e+006 +9.664718459e+006 +9.664718459e+006 +1.0108e+001 +8.9046e+000 +8.9548e-001
218 +1.329094352e+006 +1.329094352e+006 +1.329076252e+006 +1.329076252e+006 +1.0108e+001 +6.5041e+000 +8.9548e-001
392 +9.939745773e+005 +9.939745773e+005 +9.939564773e+005 +9.939564773e+005 +3.9342e+000 +3.6248e+000 +1.9486e+000
437 +2.438813388e+005 +2.438813388e+005 +2.438632388e+005 +2.438632388e+005 +7.0830e+000 +3.9910e+000 +9.2175e-001
520 +1.310731791e+004 +1.310731791e+004 +1.308921791e+004 +1.308921791e+004 +2.3844e+000 +2.0655e+000 +1.6577e+000
% function evaluation | noise-free fitness - Fopt (3.777000000000e+001) | best noise-free fitness - Fopt | measured fitness | best measured fitness | x1 | x2...
1 +1.129823848e+008 +1.129823848e+008 +1.129824226e+008 +1.129824226e+008 +8.8251e+000 +8.4338e+000 +7.7180e+000
5 +9.434197302e+007 +9.434197302e+007 +9.434201079e+007 +9.434201079e+007 +1.1803e+001 +8.7012e+000 +5.5620e+000
6 +5.368169120e+007 +5.368169120e+007 +5.368172897e+007 +5.368172897e+007 +6.3205e+000 +5.3447e+000 +5.2211e+000
68 +2.452589207e+007 +2.452589207e+007 +2.452592984e+007 +2.452592984e+007 +9.9764e+000 +8.8086e+000 +1.1419e+000
103 +9.221800090e+006 +9.221800090e+006 +9.221837860e+006 +9.221837860e+006 +1.4089e+001 +1.0620e+001 -3.5679e+000
180 +4.673916784e+006 +4.673916784e+006 +4.673954554e+006 +4.673954554e+006 +9.8268e+000 +8.6178e+000 -2.1249e+000
203 +7.951339783e+004 +7.951339783e+004 +7.955116783e+004 +7.955116783e+004 +9.8252e+000 +1.0147e+001 -4.1710e+000
% function evaluation | noise-free fitness - Fopt (-6.720000000000e+001) | best noise-free fitness - Fopt | measured fitness | best measured fitness | x1 | x2...
1 +2.841389420e+011 +2.841389420e+011 +2.841389419e+011 +2.841389419e+011 +1.2998e+001 +1.2568e+001 +1.2860e+001
3 +7.451448791e+009 +7.451448791e+009 +7.451448724e+009 +7.451448724e+009 +8.3834e+000 +7.1274e+000 +7.7977e+000
4 +1.900745885e+009 +1.900745885e+009 +1.900745818e+009 +1.900745818e+009 +8.6150e+000 +7.4462e+000 +1.2981e+001
29 +7.463897414e+008 +7.463897414e+008 +7.463896742e+008 +7.463896742e+008 +8.8477e+000 +6.0422e+000 +1.3567e+001
48 +5.598490283e+008 +5.598490283e+008 +5.598489611e+008 +5.598489611e+008 +1.0027e+001 +5.0695e+000 +1.4013e+001
65 +2.802132754e+008 +2.802132754e+008 +2.802132082e+008 +2.802132082e+008 +5.0317e+000 +4.3052e+000 +8.7082e+000
71 +1.704442885e+008 +1.704442885e+008 +1.704442213e+008 +1.704442213e+008 +6.8405e+000 +2.2847e+000 +8.4070e+000
110 +1.090224728e+008 +1.090224728e+008 +1.090224056e+008 +1.090224056e+008 +7.6855e+000 +1.5161e-001 +8.5216e+000
129 +8.535388541e+007 +8.535388541e+007 +8.535381821e+007 +8.535381821e+007 +6.3506e+000 -1.9313e+000 +1.2150e+001
210 +3.377243275e+007 +3.377243275e+007 +3.377236555e+007 +3.377236555e+007 +3.9913e+000 -3.0103e+000 +8.5216e+000
252 +4.950177860e+006 +4.950177860e+006 +4.950110660e+006 +4.950110660e+006 +2.3669e+000 -3.5359e+000 +1.8116e-001
394 +3.308131727e+006 +3.308131727e+006 +3.308064527e+006 +3.308064527e+006 +4.4817e-001 -8.7218e+000 +1.5373e+001
452 +2.002763505e+006 +2.002763505e+006 +2.002696305e+006 +2.002696305e+006 +1.5270e+000 -3.5359e+000 +1.8116e-001
453 +7.000018724e+005 +7.000018724e+005 +6.999346724e+005 +6.999346724e+005 +2.8894e-001 -4.6315e+000 +3.6074e+000
476 +2.575361672e+005 +2.575361672e+005 +2.574689672e+005 +2.574689672e+005 -4.6642e-001 -7.1805e+000 +7.0908e+000
616 +6.673095445e+004 +6.673095445e+004 +6.666375445e+004 +6.666375445e+004 +3.4313e-002 -1.0947e+001 +1.6460e+001
645 +6.034226902e+004 +6.034226902e+004 +6.027506902e+004 +6.027506902e+004 -1.3306e-002 -4.0528e+000 +5.8207e-001
% function evaluation | noise-free fitness - Fopt (-7.010000000000e+000) | best noise-free fitness - Fopt | measured fitness | best measured fitness | x1 | x2...
1 +2.395842332e+008 +2.395842332e+008 +2.395842262e+008 +2.395842262e+008 +7.9228e+000 +7.8267e+000 +1.1383e+001
16 +8.647767605e+007 +8.647767605e+007 +8.647766904e+007 +8.647766904e+007 +5.0892e+000 +6.7493e+000 +5.0729e+000
58 +5.627215850e+007 +5.627215850e+007 +5.627215149e+007 +5.627215149e+007 +2.7167e+000 +5.7011e+000 +6.6961e+000
128 +3.752826774e+007 +3.752826774e+007 +3.752826073e+007 +3.752826073e+007 +5.0193e+000 +8.5961e+000 +1.7526e+001
197 +1.781137281e+007 +1.781137281e+007 +1.781136580e+007 +1.781136580e+007 +4.5323e+000 +5.5811e+000 -3.5432e+000
273 +1.003650048e+007 +1.003650048e+007 +1.003649347e+007 +1.003649347e+007 +1.1705e-001 +6.7113e+000 -1.3514e+000
323 +9.676652076e+006 +9.676652076e+006 +9.676645066e+006 +9.676645066e+006 +1.1705e-001 +5.7256e+000 +3.0041e+000
373 +3.104422832e+006 +3.104422832e+006 +3.104415822e+006 +3.104415822e+006 +1.1705e-001 +4.7461e+000 +3.8250e+000
497 +1.346466052e+006 +1.346466052e+006 +1.346459042e+006 +1.346459042e+006 +1.8237e+000 +5.2846e+000 -7.2471e+000
702 +7.293938489e+005 +7.293938489e+005 +7.293868389e+005 +7.293868389e+005 +4.7305e+000 +3.6348e+000 -1.1722e+001
% function evaluation | noise-free fitness - Fopt (-1.297300000000e+002) | best noise-free fitness - Fopt | measured fitness | best measured fitness | x1 | x2...
1 +2.892477071e+008 +2.892477071e+008 +2.892475774e+008 +2.892475774e+008 +1.0522e+001 +8.7980e+000 +1.2750e+001
3 +2.194345235e+008 +2.194345235e+008 +2.194343938e+008 +2.194343938e+008 +8.4575e+000 +6.4728e+000 +1.2138e+001
82 +1.072068768e+008 +1.072068768e+008 +1.072067471e+008 +1.072067471e+008 +1.3416e+001 +4.3326e+000 +7.0373e+000
133 +9.823384853e+007 +9.823384853e+007 +9.823371880e+007 +9.823371880e+007 +1.0465e+001 +4.1571e+000 +6.7752e+000
240 +5.336740763e+007 +5.336740763e+007 +5.336727790e+007 +5.336727790e+007 +1.1061e+001 +2.3563e+000 +3.6761e+000
311 +3.962481257e+007 +3.962481257e+007 +3.962468284e+007 +3.962468284e+007 +3.2734e+000 -2.6447e-001 +6.5730e+000
360 +1.988811439e+007 +1.988811439e+007 +1.988798466e+007 +1.988798466e+007 +5.3257e+000 -9.3408e-001 +4.8448e+000
426 +1.161585515e+006 +1.161585515e+006 +1.161455785e+006 +1.161455785e+006 -1.6736e+000 -1.9109e+000 +2.8490e+000
631 +9.576692792e+005 +9.576692792e+005 +9.575395492e+005 +9.575395492e+005 +7.8633e+000 -4.0189e+000 +2.9194e+000
673 +2.258958101e+005 +2.258958101e+005 +2.257660801e+005 +2.257660801e+005 +2.9903e+000 -4.2473e+000 +1.1933e+000
679 +6.171112046e+004 +6.171112046e+004 +6.158139046e+004 +6.158139046e+004 +1.0330e+001 -4.4846e+000 +2.9138e+000
% function evaluation | noise-free fitness - Fopt (1.000000000000e+003) | best noise-free fitness - Fopt | measured fitness | best measured fitness | x1 | x2...
1 +2.525911239e+008 +2.525911239e+008 +2.525921239e+008 +2.525921239e+008 +1.1076e+001 +8.0292e+000 +5.2490e+000
10 +1.999447710e+008 +1.999447710e+008 +1.999457710e+008 +1.999457710e+008 +7.2317e+000 +9.7397e+000 +5.5668e+000
40 +1.575260344e+008 +1.575260344e+008 +1.575270344e+008 +1.575270344e+008 +5.9352e+000 +5.2566e+000 +1.4225e+001
122 +9.180367735e+007 +9.180367735e+007 +9.180467735e+007 +9.180467735e+007 +4.8821e+000 +7.5725e+000 -4.9253e-001
146 +5.464962776e+007 +5.464962776e+007 +5.465062776e+007 +5.465062776e+007 +5.2652e+000 +2.6341e-001 +6.8022e+000
202 +2.748579327e+007 +2.748579327e+007 +2.748679327e+007 +2.748679327e+007 +3.6619e+000 -2.5202e+000 +1.0018e+001
296 +1.201257390e+007 +1.201257390e+007 +1.201357390e+007 +1.201357390e+007 +2.9478e-001 -4.4843e-001 +1.0325e+001
346 +4.592579376e+006 +4.592579376e+006 +4.593579376e+006 +4.593579376e+006 +2.9478e-001 -1.1444e+000 +9.3609e+000
384 +3.633001747e+006 +3.633001747e+006 +3.634001747e+006 +3.634001747e+006 +3.3997e+000 -3.8899e+000 +2.0291e+001
410 +5.656403401e+005 +5.656403401e+005 +5.666403401e+005 +5.666403401e+005 -2.3260e+000 +3.9006e+000 -5.7353e+000
431 +1.392368022e+005 +1.392368022e+005 +1.402368022e+005 +1.402368022e+005 -1.4661e+000 -3.0344e-001 +3.7335e+000
% function evaluation | noise-free fitness - Fopt (-1.152000000000e+002) | best noise-free fitness - Fopt | measured fitness | best measured fitness | x1 | x2...
1 +2.852323256e+009 +2.852323256e+009 +2.852323140e+009 +2.852323140e+009 +1.4901e+001 +1.0403e+001 +8.5772e+000
3 +8.958691930e+008 +8.958691930e+008 +8.958690778e+008 +8.958690778e+008 +1.3049e+001 +9.8016e+000 +7.2108e+000
13 +4.748951181e+008 +4.748951181e+008 +4.748950029e+008 +4.748950029e+008 +1.3976e+001 +1.0959e+001 +6.0036e+000
14 +3.682386515e+008 +3.682386515e+008 +3.682385363e+008 +3.682385363e+008 +6.8318e+000 +7.5677e+000 +5.2388e+000
60 +1.041033620e+008 +1.041033620e+008 +1.041032468e+008 +1.041032468e+008 +1.3662e+001 +4.7011e+000 +3.3654e+000
85 +7.363133858e+007 +7.363133858e+007 +7.363122338e+007 +7.363122338e+007 +1.4075e+001 +5.3312e+000 +1.1168e+000
161 +5.070966794e+007 +5.070966794e+007 +5.070955274e+007 +5.070955274e+007 +1.3957e+001 +3.2148e+000 +1.7466e+000
234 +1.072241567e+007 +1.072241567e+007 +1.072230047e+007 +1.072230047e+007 +1.0885e+001 -8.3611e-001 +7.0273e-001
341 +1.164762814e+006 +1.164762814e+006 +1.164647614e+006 +1.164647614e+006 +3.0515e+000 -2.9401e+000 +3.1093e-001
414 +8.472820495e+005 +8.472820495e+005 +8.471668495e+005 +8.471668495e+005 +1.1149e+001 -3.0237e+000 -2.9007e+000
541 +1.172889230e+004 +1.172889230e+004 +1.161369230e+004 +1.161369230e+004 +3.0515e+000 -2.9401e+000 -9.8382e-001
% function evaluation | noise-free fitness - Fopt (2.616400000000e+002) | best noise-free fitness - Fopt | measured fitness | best measured fitness | x1 | x2...
1 +4.812860792e+011 +4.812860792e+011 +4.812860795e+011 +4.812860795e+011 +5.0574e+000 +7.4994e+000 +1.4058e+001
3 +6.671883942e+010 +6.671883942e+010 +6.671883969e+010 +6.671883969e+010 +1.1644e+001 +1.3887e+001 +1.4762e+001
4 +4.294115409e+009 +4.294115409e+009 +4.294115670e+009 +4.294115670e+009 +6.7810e+000 +9.8384e+000 +8.8671e+000
7 +1.462320917e+008 +1.462320917e+008 +1.462323533e+008 +1.462323533e+008 +8.5195e+000 +8.7450e+000 +6.8850e+000
15 +9.396655378e+007 +9.396655378e+007 +9.396681542e+007 +9.396681542e+007 +1.4774e+001 +8.0054e+000 +8.5929e+000
26 +5.574620358e+007 +5.574620358e+007 +5.574646522e+007 +5.574646522e+007 +9.8378e+000 +6.9021e+000 +5.4015e+000
75 +3.837110914e+007 +3.837110914e+007 +3.837137078e+007 +3.837137078e+007 +7.4907e+000 +6.2714e+000 +5.0646e+000
115 +1.199350847e+007 +1.199350847e+007 +1.199377011e+007 +1.199377011e+007 +1.0961e+001 +2.5816e+000 +8.5929e+000
156 +7.252803258e+006 +7.252803258e+006 +7.253064898e+006 +7.253064898e+006 +1.9820e+001 +3.4313e+000 +1.4446e+001
165 +3.023030691e+005 +3.023030691e+005 +3.025647091e+005 +3.025647091e+005 +1.0961e+001 +4.3890e-001 +8.4418e+000
215 +2.333147543e+005 +2.333147543e+005 +2.335763943e+005 +2.335763943e+005 +1.0961e+001 +2.3160e-001 +8.4418e+000
467 +1.566154874e+005 +1.566154874e+005 +1.568771274e+005 +1.568771274e+005 +9.3630e+000 +1.1996e-001 +6.9879e+000
475 +6.561970303e+003 +6.561970303e+003 +6.823610303e+003 +6.823610303e+003 +4.1104e+000 +6.1483e-003 +2.4391e+000
% function evaluation | noise-free fitness - Fopt (1.000000000000e+003) | best noise-free fitness - Fopt | measured fitness | best measured fitness | x1 | x2...
1 +9.204331543e+010 +9.204331543e+010 +9.204331643e+010 +9.204331643e+010 +1.2691e+001 +9.8640e+000 +1.0175e+001
3 +1.122485372e+010 +1.122485372e+010 +1.122485472e+010 +1.122485472e+010 +9.7965e+000 +9.3942e+000 +1.0112e+001
8 +8.541894763e+008 +8.541894763e+008 +8.541904763e+008 +8.541904763e+008 +6.2695e+000 +1.0427e+001 +1.4585e+001
23 +6.217900228e+008 +6.217900228e+008 +6.217910228e+008 +6.217910228e+008 +5.5272e+000 +1.2102e+001 +1.0792e+001
53 +3.954946205e+008 +3.954946205e+008 +3.954956205e+008 +3.954956205e+008 +3.6713e+000 +3.7045e+000 +9.8621e+000
177 +1.103701874e+008 +1.103701874e+008 +1.103711874e+008 +1.103711874e+008 +2.2319e-001 +7.4934e+000 +4.8526e+000
336 +6.557708226e+007 +6.557708226e+007 +6.557808226e+007 +6.557808226e+007 -2.6713e+000 +8.9821e+000 +2.7167e+000
399 +5.985671286e+007 +5.985671286e+007 +5.985771286e+007 +5.985771286e+007 +3.6977e-001 +7.1194e+000 +2.7437e-001
439 +3.291722647e+007 +3.291722647e+007 +3.291822647e+007 +3.291822647e+007 +3.6015e-001 +2.9260e+000 -1.6113e+000
557 +2.350118631e+007 +2.350118631e+007 +2.350218631e+007 +2.350218631e+007 -2.5367e+000 +7.6345e+000 -4.4424e+000
580 +1.491549611e+007 +1.491549611e+007 +1.491649611e+007 +1.491649611e+007 -6.9153e+000 +9.0862e+000 -1.8732e+000
674 +3.153246112e+006 +3.153246112e+006 +3.154246112e+006 +3.154246112e+006 -1.0896e+000 +2.0875e+000 -3.8642e+000
697 +1.417821593e+005 +1.417821593e+005 +1.427821593e+005 +1.427821593e+005 -2.0439e+000 +1.1175e+000 -4.5524e+000
% function evaluation | noise-free fitness - Fopt (1.737000000000e+001) | best noise-free fitness - Fopt | measured fitness | best measured fitness | x1 | x2...
1 +4.511772785e+008 +4.511772785e+008 +4.511772959e+008 +4.511772959e+008 +1.4921e+001 +5.5280e+000 +1.1448e+001
3 +1.447116525e+008 +1.447116525e+008 +1.447116699e+008 +1.447116699e+008 +5.4946e+000 +8.8656e+000 +6.8177e+000
130 +6.100116959e+007 +6.100116959e+007 +6.100118696e+007 +6.100118696e+007 +1.5286e+000 +8.3226e+000 +8.3283e+000
214 +9.013238332e+006 +9.013238332e+006 +9.013255702e+006 +9.013255702e+006 -2.9168e+000 +6.4537e+000 +3.8645e+000
437 +4.502063983e+006 +4.502063983e+006 +4.502081353e+006 +4.502081353e+006 +1.9469e+000 +1.6589e+001 +7.0136e+000
501 +2.781364693e+006 +2.781364693e+006 +2.781382063e+006 +2.781382063e+006 +6.6861e-001 -1.1054e+001 -1.2727e+000
507 +3.568514961e+005 +3.568514961e+005 +3.568688661e+005 +3.568688661e+005 -2.5443e+000 +3.6949e+000 +2.5459e+000
712 +1.711208424e+004 +1.711208424e+004 +1.712945424e+004 +1.712945424e+004 -1.6253e+000 -2.7042e+000 +5.3531e-001
% function evaluation | noise-free fitness - Fopt (1.541700000000e+002) | best noise-free fitness - Fopt | measured fitness | best measured fitness | x1 | x2...
1 +1.545801250e+008 +1.545801250e+008 +1.545802792e+008 +1.545802792e+008 +1.3523e+001 +5.4612e+000 +1.1076e+001
13 +9.203392207e+007 +9.203392207e+007 +9.203407624e+007 +9.203407624e+007 +1.3662e+001 +6.3970e+000 +7.8550e+000
38 +5.143467133e+007 +5.143467133e+007 +5.143482550e+007 +5.143482550e+007 +7.6424e+000 +7.1759e+000 +5.5459e+000
62 +3.783794363e+007 +3.783794363e+007 +3.783809780e+007 +3.783809780e+007 +6.0840e+000 +5.9082e+000 +5.2940e+000
89 +1.511944344e+007 +1.511944344e+007 +1.511959761e+007 +1.511959761e+007 +9.7968e+000 +3.6281e+000 +3.1270e+000
141 +6.724478807e+006 +6.724478807e+006 +6.724632977e+006 +6.724632977e+006 +5.0942e+000 +3.7290e+000 +2.4047e+000
152 +4.822044650e+006 +4.822044650e+006 +4.822198820e+006 +4.822198820e+006 +1.3523e+001 +5.4612e+000 -1.6069e+000
206 +2.737958451e+006 +2.737958451e+006 +2.738112621e+006 +2.738112621e+006 +1.2660e+001 +1.9880e+000 -2.4887e-002
235 +1.239486297e+006 +1.239486297e+006 +1.239640467e+006 +1.239640467e+006 +6.9266e+000 +4.3299e+000 -9.4743e-001
254 +1.379550438e+005 +1.379550438e+005 +1.381092138e+005 +1.381092138e+005 +1.3683e+001 +3.7196e+000 -9.4515e-001
329 +8.313526717e+003 +8.313526717e+003 +8.467696717e+003 +8.467696717e+003 +7.0381e+000 +3.3446e+000 -3.2302e-001
691 +1.036996870e+003 +1.036996870e+003 +1.191166870e+003 +1.191166870e+003 +5.2540e+000 +3.2167e+000 -1.6024e-001
% function evaluation | noise-free fitness - Fopt (4.983000000000e+001) | best noise-free fitness - Fopt | measured fitness | best measured fitness | x1 | x2...
1 +3.686903928e+008 +3.686903928e+008 +3.686904427e+008 +3.686904427e+008 +1.3658e+001 +1.0645e+001 +5.5729e+000
7 +2.278245314e+008 +2.278245314e+008 +2.278245812e+008 +2.278245812e+008 +6.3177e+000 +8.5852e+000 +9.4980e+000
76 +1.344109354e+008 +1.344109354e+008 +1.344109853e+008 +1.344109853e+008 +6.7576e+000 +7.5106e+000 +3.8022e+000
188 +7.281152179e+007 +7.281152179e+007 +7.281157162e+007 +7.281157162e+007 +1.8795e+000 +3.8524e+000 +6.5329e+000
218 +5.198303267e+007 +5.198303267e+007 +5.198308250e+007 +5.198308250e+007 +1.0109e+000 +5.3311e+000 +4.5032e+000
255 +3.641118740e+007 +3.641118740e+007 +3.641123723e+007 +3.641123723e+007 +2.7274e+000 +6.9539e-001 +3.9855e+000
272 +2.393443789e+007 +2.393443789e+007 +2.393448772e+007 +2.393448772e+007 -3.2299e+000 +7.2626e-001 +4.9105e+000
341 +1.520194973e+007 +1.520194973e+007 +1.520199956e+007 +1.520199956e+007 -1.3136e+000 -2.3399e+000 +5.4277e+000
372 +2.033629343e+006 +2.033629343e+006 +2.033679173e+006 +2.033679173e+006 -3.2299e+000 +1.0153e+000 +6.9389e-001
527 +1.241862728e+006 +1.241862728e+006 +1.241912558e+006 +1.241912558e+006 -1.3710e+000 +2.0242e+000 -4.5460e-001
528 +2.745185785e+005 +2.745185785e+005 +2.745684085e+005 +2.745684085e+005 -1.8575e+000 +8.2565e-001 -6.8867e-001
631 +2.192575339e+005 +2.192575339e+005 +2.193073639e+005 +2.193073639e+005 -3.0995e+000 +8.4339e+000 -3.5930e+000
699 +2.431732072e+004 +2.431732072e+004 +2.436715072e+004 +2.436715072e+004 -2.0545e+000 +5.6234e-001 -1.6573e-001
