% function evaluation | noise-free fitness - Fopt (-5.235000000000e+001) | best noise-free fitness - Fopt | measured fitness | best measured fitness | x1 | x2...
1 +3.995961764e+002 +3.995961764e+002 +3.472461764e+002 +3.472461764e+002 +1.0375e+001 +9.4296e+000
10 +2.339723001e+002 +2.339723001e+002 +1.816223001e+002 +1.816223001e+002 +1.1296e+001 +8.4295e+000
12 +1.501838068e+002 +1.501838068e+002 +9.783380681e+001 +9.783380681e+001 +1.1780e+001 +7.6788e+000
18 +4.752332193e+001 +4.752332193e+001 -4.826678069e+000 -4.826678069e+000 +1.2757e+001 +6.1319e+000
34 +3.317737505e+001 +3.317737505e+001 -1.917262495e+001 -1.917262495e+001 +1.4484e+001 +6.0828e+000
62 +1.422087876e+001 +1.422087876e+001 -3.812912124e+001 -3.812912124e+001 +1.2782e+001 +2.7388e+000
192 +7.769632222e+000 +7.769632222e+000 -4.458036778e+001 -4.458036778e+001 +6.3844e+000 +1.5946e+000
202 +5.174177462e+000 +5.174177462e+000 -4.717582254e+001 -4.717582254e+001 +4.0704e+000 +2.9931e-001
330 +2.222724740e+000 +2.222724740e+000 -5.012727526e+001 -5.012727526e+001 +1.4065e+000 -1.1735e+000
402 +1.541632313e+000 +1.541632313e+000 -5.080836769e+001 -5.080836769e+001 +4.7781e-001 -1.9345e+000
478 +6.957626469e-001 +6.957626469e-001 -5.165423735e+001 -5.165423735e+001 -3.5282e-001 -1.9898e+000
640 +5.299970352e-001 +5.299970352e-001 -5.182000296e+001 -5.182000296e+001 -3.6471e-001 -1.8836e+000
675 +2.191503495e-001 +2.191503495e-001 -5.213084965e+001 -5.213084965e+001 -1.0865e+000 -1.2913e+000
718 +8.149559695e-002 +8.149559695e-002 -5.226850440e+001 -5.226850440e+001 -9.2645e-001 -8.4685e-001
726 +1.864284121e-002 +1.864284121e-002 -5.233135716e+001 -5.233135716e+001 -8.7038e-001 -1.1794e+000
% function evaluation | noise-free fitness - Fopt (-1.795400000000e+002) | best noise-free fitness - Fopt | measured fitness | best measured fitness | x1 | x2...
1 +3.840152094e+003 +3.840152094e+003 +3.660612094e+003 +3.660612094e+003 +1.4226e+001 +1.1196e+001
3 +1.714717592e+003 +1.714717592e+003 +1.535177592e+003 +1.535177592e+003 +1.2914e+001 +7.7195e+000
5 +1.289855448e+003 +1.289855448e+003 +1.110315448e+003 +1.110315448e+003 +9.3472e+000 +8.3446e+000
6 +8.556488132e+002 +8.556488132e+002 +6.761088132e+002 +6.761088132e+002 +1.2115e+001 +5.3456e+000
19 +3.538120107e+002 +3.538120107e+002 +1.742720107e+002 +1.742720107e+002 +6.0637e+000 +5.7505e+000
79 +1.724209267e+002 +1.724209267e+002 -7.119073344e+000 -7.119073344e+000 +7.2616e+000 +3.4335e+000
91 +1.313205579e+002 +1.313205579e+002 -4.821944214e+001 -4.821944214e+001 +6.2331e+000 +3.4218e+000
140 +2.859329070e+001 +2.859329070e+001 -1.509467093e+002 -1.509467093e+002 +8.3267e+000 +2.5220e-002
141 +7.581755338e+000 +7.581755338e+000 -1.719582447e+002 -1.719582447e+002 +7.6412e+000 -1.4050e+000
224 +4.234274755e+000 +4.234274755e+000 -1.753057252e+002 -1.753057252e+002 +4.4099e+000 -1.7112e+000
241 +2.890589606e+000 +2.890589606e+000 -1.766494104e+002 -1.766494104e+002 +2.9213e+000 -1.5317e+000
339 +2.046125125e+000 +2.046125125e+000 -1.774938749e+002 -1.774938749e+002 +2.8598e+000 +7.0094e-002
364 +6.501650096e-001 +6.501650096e-001 -1.788898350e+002 -1.788898350e+002 +1.5103e+000 +4.8543e-001
445 +5.599670420e-001 +5.599670420e-001 -1.789800330e+002 -1.789800330e+002 +1.5245e+000 +8.7408e-001
673 +3.715935100e-001 +3.715935100e-001 -1.791684065e+002 -1.791684065e+002 +6.5089e-001 +1.0349e+000
781 +6.311638048e-002 +6.311638048e-002 -1.794768836e+002 -1.794768836e+002 +6.7126e-001 +1.7894e-001
% function evaluation | noise-free fitness - Fopt (7.731000000000e+001) | best noise-free fitness - Fopt | measured fitness | best measured fitness | x1 | x2...
1 +3.608698167e+002 +3.608698167e+002 +4.381798167e+002 +4.381798167e+002 +9.3950e+000 +6.0532e+000
31 +2.474694905e+002 +2.474694905e+002 +3.247794905e+002 +3.247794905e+002 +5.0672e+000 +5.4496e+000
80 +1.577334905e+002 +1.577334905e+002 +2.350434905e+002 +2.350434905e+002 +9.2649e+000 +4.3395e+000
200 +7.297356391e+001 +7.297356391e+001 +1.502835639e+002 +1.502835639e+002 +1.4849e+001 +2.7829e+000
222 +5.797208244e+001 +5.797208244e+001 +1.352820824e+002 +1.352820824e+002 +8.8343e+000 +2.8189e+000
298 +3.792961243e+001 +3.792961243e+001 +1.152396124e+002 +1.152396124e+002 +1.2333e+001 +2.0750e+000
310 +1.384688291e+001 +1.384688291e+001 +9.115688291e+001 +9.115688291e+001 +6.4625e+000 +1.4236e+000
356 +1.990340645e+000 +1.990340645e+000 +7.930034064e+001 +7.930034064e+001 +2.9017e+000 -3.5962e-001
724 +1.399413307e+000 +1.399413307e+000 +7.870941331e+001 +7.870941331e+001 +1.6911e+000 +4.0901e-001
% function evaluation | noise-free fitness - Fopt (3.992000000000e+001) | best noise-free fitness - Fopt | measured fitness | best measured fitness | x1 | x2...
1 +1.137716678e+002 +1.137716678e+002 +1.536916678e+002 +1.536916678e+002 +1.1512e+001 +6.0628e+000
8 +9.664619806e+001 +9.664619806e+001 +1.365661981e+002 +1.365661981e+002 +1.2808e+001 +6.1538e+000
12 +2.868751125e+001 +2.868751125e+001 +6.860751125e+001 +6.860751125e+001 +1.4783e+001 +5.0260e+000
81 +1.224701697e+001 +1.224701697e+001 +5.216701697e+001 +5.216701697e+001 +1.5525e+001 +2.9812e+000
91 +3.853634029e+000 +3.853634029e+000 +4.377363403e+001 +4.377363403e+001 +6.7139e+000 +1.0316e+000
182 +1.263692357e+000 +1.263692357e+000 +4.118369236e+001 +4.118369236e+001 +5.0191e+000 -2.2783e-001
380 +9.677067789e-001 +9.677067789e-001 +4.088770678e+001 +4.088770678e+001 +3.4466e+000 -1.9501e-001
599 +3.085547736e-001 +3.085547736e-001 +4.022855477e+001 +4.022855477e+001 +3.5512e+000 -7.5894e-001
719 +1.784334805e-001 +1.784334805e-001 +4.009843348e+001 +4.009843348e+001 +3.6963e+000 -8.1195e-001
805 +1.527478345e-001 +1.527478345e-001 +4.007274783e+001 +4.007274783e+001 +4.1438e+000 -1.5578e+000
% function evaluation | noise-free fitness - Fopt (-5.661000000000e+001) | best noise-free fitness - Fopt | measured fitness | best measured fitness | x1 | x2...
1 +9.041800609e+002 +9.041800609e+002 +8.475700609e+002 +8.475700609e+002 +1.0001e+001 +9.4432e+000
3 +2.555809496e+002 +2.555809496e+002 +1.989709496e+002 +1.989709496e+002 +6.7382e+000 +8.7275e+000
10 +1.062505596e+002 +1.062505596e+002 +4.964055958e+001 +4.964055958e+001 +5.3781e+000 +7.7015e+000
18 +8.228835986e+001 +8.228835986e+001 +2.567835986e+001 +2.567835986e+001 +5.4292e+000 +6.2919e+000
127 +2.900393697e+001 +2.900393697e+001 -2.760606303e+001 -2.760606303e+001 +3.0422e+000 +9.4432e+000
201 +9.975110109e+000 +9.975110109e+000 -4.663488989e+001 -4.663488989e+001 +3.0422e+000 +6.4229e+000
260 +3.628673851e+000 +3.628673851e+000 -5.298132615e+001 -5.298132615e+001 +3.9635e+000 +1.3699e+000
296 +1.644553921e+000 +1.644553921e+000 -5.496544608e+001 -5.496544608e+001 +2.0260e+000 +1.2199e+000
382 +9.455030775e-001 +9.455030775e-001 -5.566449692e+001 -5.566449692e+001 +1.1869e+000 +3.6594e+000
610 +5.764862975e-001 +5.764862975e-001 -5.603351370e+001 -5.603351370e+001 +1.3087e+000 +3.3065e+000
771 +1.400100509e-001 +1.400100509e-001 -5.646998995e+001 -5.646998995e+001 +2.0808e+000 +3.1110e+000
798 +7.665098886e-002 +7.665098886e-002 -5.653334901e+001 -5.653334901e+001 +2.0176e+000 +2.8628e+000
% function evaluation | noise-free fitness - Fopt (1.686600000000e+002) | best noise-free fitness - Fopt | measured fitness | best measured fitness | x1 | x2...
1 +4.396053477e+003 +4.396053477e+003 +4.564713477e+003 +4.564713477e+003 +6.5574e+000 +1.0499e+001
6 +3.082225302e+003 +3.082225302e+003 +3.250885302e+003 +3.250885302e+003 +7.9029e+000 +7.4675e+000
25 +2.470152182e+003 +2.470152182e+003 +2.638812182e+003 +2.638812182e+003 +6.2515e+000 +7.2953e+000
60 +1.538548455e+003 +1.538548455e+003 +1.707208455e+003 +1.707208455e+003 +8.6009e+000 +3.4487e+000
185 +8.134322638e+002 +8.134322638e+002 +9.820922638e+002 +9.820922638e+002 +7.9120e+000 +1.2662e+000
281 +2.261334877e+002 +2.261334877e+002 +3.947934877e+002 +3.947934877e+002 +8.6490e+000 -3.0577e+000
402 +1.151636639e+002 +1.151636639e+002 +2.838236639e+002 +2.838236639e+002 +6.8752e+000 -3.3832e+000
415 +1.835358216e+001 +1.835358216e+001 +1.870135822e+002 +1.870135822e+002 +6.8425e-001 -2.0789e+000
467 +1.473741984e+001 +1.473741984e+001 +1.833974198e+002 +1.833974198e+002 +8.4475e+000 -7.9463e+000
552 +6.789894311e+000 +6.789894311e+000 +1.754498943e+002 +1.754498943e+002 +1.8750e+000 -6.2525e+000
587 +5.655155484e+000 +5.655155484e+000 +1.743151555e+002 +1.743151555e+002 +9.4985e-001 -3.5890e+000
743 +2.586385648e+000 +2.586385648e+000 +1.712463856e+002 +1.712463856e+002 -6.2778e+000 -1.8511e+000
784 +9.454544020e-001 +9.454544020e-001 +1.696054544e+002 +1.696054544e+002 -2.7637e+000 -1.8906e+000
785 +4.877377886e-001 +4.877377886e-001 +1.691477378e+002 +1.691477378e+002 -3.2762e+000 -2.6101e+000
% function evaluation | noise-free fitness - Fopt (4.076900000000e+002) | best noise-free fitness - Fopt | measured fitness | best measured fitness | x1 | x2...
1 +6.821380102e+002 +6.821380102e+002 +1.089828010e+003 +1.089828010e+003 +7.4982e+000 +6.3925e+000
34 +4.765481474e+002 +4.765481474e+002 +8.842381474e+002 +8.842381474e+002 +7.6207e+000 +5.3044e+000
60 +3.433438854e+002 +3.433438854e+002 +7.510338854e+002 +7.510338854e+002 +1.0113e+001 +3.6108e+000
94 +2.286071698e+002 +2.286071698e+002 +6.362971698e+002 +6.362971698e+002 +5.9062e+000 +4.0918e+000
171 +1.483664275e+002 +1.483664275e+002 +5.560564275e+002 +5.560564275e+002 +6.9595e+000 +2.8702e+000
189 +1.895849719e+001 +1.895849719e+001 +4.266484972e+002 +4.266484972e+002 +9.0297e+000 -6.9437e-001
315 +1.157022302e+001 +1.157022302e+001 +4.192602230e+002 +4.192602230e+002 +8.9344e+000 -1.2644e+000
329 +7.159716636e+000 +7.159716636e+000 +4.148497166e+002 +4.148497166e+002 +7.2364e+000 -2.7388e+000
371 +4.920933693e+000 +4.920933693e+000 +4.126109337e+002 +4.126109337e+002 +5.2247e+000 -1.6963e+000
692 +3.598636832e+000 +3.598636832e+000 +4.112886368e+002 +4.112886368e+002 +2.5545e+000 -2.6414e+000
704 +2.259913402e-001 +2.259913402e-001 +4.079159913e+002 +4.079159913e+002 +3.0668e-001 -1.7795e-001
% function evaluation | noise-free fitness - Fopt (5.592000000000e+001) | best noise-free fitness - Fopt | measured fitness | best measured fitness | x1 | x2...
1 +2.951534800e+003 +2.951534800e+003 +3.007454800e+003 +3.007454800e+003 +1.4595e+001 +1.3935e+001
4 +1.583069696e+003 +1.583069696e+003 +1.638989696e+003 +1.638989696e+003 +9.3400e+000 +1.0206e+001
7 +2.696405123e+002 +2.696405123e+002 +3.255605123e+002 +3.255605123e+002 +1.1273e+001 +5.2833e+000
35 +2.383109843e+002 +2.383109843e+002 +2.942309843e+002 +2.942309843e+002 +1.1860e+001 +5.1279e+000
60 +8.828953280e+001 +8.828953280e+001 +1.442095328e+002 +1.442095328e+002 +1.0913e+001 +3.1628e+000
180 +2.509887306e+001 +2.509887306e+001 +8.101887306e+001 +8.101887306e+001 +9.3183e+000 +1.2550e+000
233 +1.406826585e+001 +1.406826585e+001 +6.998826585e+001 +6.998826585e+001 +1.4998e+001 -1.2866e+000
289 +9.991581685e+000 +9.991581685e+000 +6.591158169e+001 +6.591158169e+001 +1.0464e+001 -1.8555e-001
334 +3.172981695e+000 +3.172981695e+000 +5.909298169e+001 +5.909298169e+001 +3.8460e+000 -1.6925e+000
554 +1.489086830e+000 +1.489086830e+000 +5.740908683e+001 +5.740908683e+001 +2.3109e+000 -2.2111e+000
675 +9.981778014e-001 +9.981778014e-001 +5.691817780e+001 +5.691817780e+001 +2.0126e+000 -2.9372e+000
738 +5.390833430e-001 +5.390833430e-001 +5.645908334e+001 +5.645908334e+001 +6.3634e-001 -3.8284e+000
787 +3.147797040e-001 +3.147797040e-001 +5.623477970e+001 +5.623477970e+001 +9.3615e-001 -2.5461e+000
% function evaluation | noise-free fitness - Fopt (4.619000000000e+001) | best noise-free fitness - Fopt | measured fitness | best measured fitness | x1 | x2...
1 +1.710870618e+002 +1.710870618e+002 +2.172770618e+002 +2.172770618e+002 +6.7692e+000 +6.7659e+000
6 +2.791715850e+001 +2.791715850e+001 +7.410715850e+001 +7.410715850e+001 +1.4660e+001 +5.4460e+000
46 +2.184096117e+001 +2.184096117e+001 +6.803096117e+001 +6.803096117e+001 +1.4917e+001 +5.1430e+000
53 +1.194354504e+001 +1.194354504e+001 +5.813354504e+001 +5.813354504e+001 +1.2995e+001 +2.2652e+000
167 +4.394853446e+000 +4.394853446e+000 +5.058485345e+001 +5.058485345e+001 +5.1481e+000 +1.9826e+000
252 +3.574690208e+000 +3.574690208e+000 +4.976469021e+001 +4.976469021e+001 +4.7399e+000 +8.8527e-001
270 +5.173131255e-001 +5.173131255e-001 +4.670731313e+001 +4.670731313e+001 +7.4917e-001 -4.8178e-002
619 +2.384122405e-001 +2.384122405e-001 +4.642841224e+001 +4.642841224e+001 +9.7213e-001 +6.6999e-001
622 +1.150720145e-001 +1.150720145e-001 +4.630507201e+001 +4.630507201e+001 +1.4023e+000 -1.4583e-001
% function evaluation | noise-free fitness - Fopt (-3.994000000000e+001) | best noise-free fitness - Fopt | measured fitness | best measured fitness | x1 | x2...
1 +1.811240442e+001 +1.811240442e+001 -2.182759558e+001 -2.182759558e+001 +9.2669e+000 +1.3929e+001
15 +1.157419192e+001 +1.157419192e+001 -2.836580808e+001 -2.836580808e+001 +6.9300e+000 +7.2504e+000
70 +9.797453132e+000 +9.797453132e+000 -3.014254687e+001 -3.014254687e+001 +5.9092e+000 +5.5891e+000
372 +4.797594676e+000 +4.797594676e+000 -3.514240532e+001 -3.514240532e+001 +2.3184e+000 +2.5629e+000
444 +1.221756791e+000 +1.221756791e+000 -3.871824321e+001 -3.871824321e+001 +5.5625e-003 -1.9678e-001
508 +3.336055010e-001 +3.336055010e-001 -3.960639450e+001 -3.960639450e+001 -9.0076e-001 -1.4573e+000
655 +2.286575914e-001 +2.286575914e-001 -3.971134241e+001 -3.971134241e+001 -4.2653e-001 -1.1008e+000
767 +4.499788045e-002 +4.499788045e-002 -3.989500212e+001 -3.989500212e+001 -3.8961e-001 -1.4523e+000
% function evaluation | noise-free fitness - Fopt (-1.000000000000e+003) | best noise-free fitness - Fopt | measured fitness | best measured fitness | x1 | x2...
1 +6.846517786e+002 +6.846517786e+002 -3.153482214e+002 -3.153482214e+002 +5.8646e+000 +5.0806e+000
104 +3.927768331e+002 +3.927768331e+002 -6.072231669e+002 -6.072231669e+002 +4.9833e+000 +3.7452e+000
105 +2.076863840e+002 +2.076863840e+002 -7.923136160e+002 -7.923136160e+002 +1.3774e+001 +4.2716e-001
272 +1.525644043e+002 +1.525644043e+002 -8.474355957e+002 -8.474355957e+002 +6.6517e+000 +1.3627e+000
282 +2.897080487e+001 +2.897080487e+001 -9.710291951e+002 -9.710291951e+002 +2.5223e+000 -7.6499e-002
401 +2.500728303e+001 +2.500728303e+001 -9.749927170e+002 -9.749927170e+002 +2.2262e+000 -1.6377e-001
436 +6.451817420e+000 +6.451817420e+000 -9.935481826e+002 -9.935481826e+002 +4.8480e+000 -1.8462e+000
569 +4.315737669e-001 +4.315737669e-001 -9.995684262e+002 -9.995684262e+002 +2.1019e+000 -2.6764e+000
705 +3.788208427e-001 +3.788208427e-001 -9.996211792e+002 -9.996211792e+002 +2.8779e+000 -2.7948e+000
730 +1.040748099e-001 +1.040748099e-001 -9.998959252e+002 -9.998959252e+002 +2.2918e+000 -3.6389e+000
% function evaluation | noise-free fitness - Fopt (-5.039000000000e+001) | best noise-free fitness - Fopt | measured fitness | best measured fitness | x1 | x2...
1 +3.003580852e+002 +3.003580852e+002 +2.499680852e+002 +2.499680852e+002 +6.1070e+000 +1.3973e+001
21 +2.315811392e+002 +2.315811392e+002 +1.811911392e+002 +1.811911392e+002 +5.8691e+000 +8.2267e+000
95 +1.072133071e+002 +1.072133071e+002 +5.682330711e+001 +5.682330711e+001 +4.2863e+000 +1.1485e+001
148 +1.676663734e+001 +1.676663734e+001 -3.362336266e+001 -3.362336266e+001 -3.0654e-001 +1.4902e+001
227 +4.628520571e+000 +4.628520571e+000 -4.576147943e+001 -4.576147943e+001 -3.0654e-001 +2.7455e+000
380 +1.835523576e+000 +1.835523576e+000 -4.855447642e+001 -4.855447642e+001 +1.4430e+000 -1.1776e+000
437 +4.927800903e-001 +4.927800903e-001 -4.989721991e+001 -4.989721991e+001 +1.0098e+000 -2.1496e+000
579 +2.263114049e-001 +2.263114049e-001 -5.016368860e+001 -5.016368860e+001 +8.4478e-001 -1.7019e+000
% function evaluation | noise-free fitness - Fopt (-7.027000000000e+001) | best noise-free fitness - Fopt | measured fitness | best measured fitness | x1 | x2...
1 +4.054032455e+003 +4.054032455e+003 +3.983762455e+003 +3.983762455e+003 +1.4184e+001 +1.2910e+001
3 +1.789407154e+003 +1.789407154e+003 +1.719137154e+003 +1.719137154e+003 +9.4528e+000 +1.4743e+001
6 +1.175883528e+003 +1.175883528e+003 +1.105613528e+003 +1.105613528e+003 +1.0236e+001 +8.0370e+000
7 +2.851025123e+002 +2.851025123e+002 +2.148325123e+002 +2.148325123e+002 +6.5339e+000 +6.5905e+000
13 +1.253024687e+002 +1.253024687e+002 +5.503246872e+001 +5.503246872e+001 +5.3444e+000 +5.2516e+000
107 +4.576306952e+001 +4.576306952e+001 -2.450693048e+001 -2.450693048e+001 +3.5767e+000 +5.8728e+000
182 +3.853534504e+001 +3.853534504e+001 -3.173465496e+001 -3.173465496e+001 +1.7613e+000 +1.0090e+001
238 +1.079062773e+001 +1.079062773e+001 -5.947937227e+001 -5.947937227e+001 +2.5726e+000 +4.1728e+000
320 +8.850396746e+000 +8.850396746e+000 -6.141960325e+001 -6.141960325e+001 +1.1930e+000 +5.5904e+000
327 +5.457250624e+000 +5.457250624e+000 -6.481274938e+001 -6.481274938e+001 +3.3317e+000 +9.0536e-001
361 +3.397906310e+000 +3.397906310e+000 -6.687209369e+001 -6.687209369e+001 +1.8583e+000 +2.2871e-001
520 +9.295403047e-001 +9.295403047e-001 -6.934045970e+001 -6.934045970e+001 +2.6461e+000 -2.1116e+000
586 +3.748717858e-001 +3.748717858e-001 -6.989512821e+001 -6.989512821e+001 +3.7501e+000 -2.9043e+000
619 +1.247926869e-002 +1.247926869e-002 -7.025752073e+001 -7.025752073e+001 +3.0261e+000 -2.9489e+000
% function evaluation | noise-free fitness - Fopt (-6.944000000000e+001) | best noise-free fitness - Fopt | measured fitness | best measured fitness | x1 | x2...
1 +2.751237221e+002 +2.751237221e+002 +2.056837221e+002 +2.056837221e+002 +1.0045e+001 +1.3379e+001
3 +1.325243256e+001 +1.325243256e+001 -5.618756744e+001 -5.618756744e+001 +5.0554e+000 +1.3046e+001
152 +9.846311222e+000 +9.846311222e+000 -5.959368878e+001 -5.959368878e+001 +4.6439e+000 +8.4355e+000
181 +2.589045982e+000 +2.589045982e+000 -6.685095402e+001 -6.685095402e+001 +3.2738e+000 +1.4901e+000
388 +6.147758410e-001 +6.147758410e-001 -6.882522416e+001 -6.882522416e+001 +1.0190e+000 +1.0540e+000
535 +3.298965356e-001 +3.298965356e-001 -6.911010346e+001 -6.911010346e+001 +2.3665e+000 +9.8685e-001
% function evaluation | noise-free fitness - Fopt (1.261900000000e+002) | best noise-free fitness - Fopt | measured fitness | best measured fitness | x1 | x2...
1 +2.472090446e+003 +2.472090446e+003 +2.598280446e+003 +2.598280446e+003 +1.3431e+001 +1.2583e+001
4 +2.905224941e+002 +2.905224941e+002 +4.167124941e+002 +4.167124941e+002 +6.0837e+000 +1.4152e+001
5 +2.382796366e+002 +2.382796366e+002 +3.644696366e+002 +3.644696366e+002 +6.1260e+000 +1.1766e+001
25 +1.475258610e+002 +1.475258610e+002 +2.737158610e+002 +2.737158610e+002 +5.2381e+000 +1.1524e+001
71 +5.935905516e+001 +5.935905516e+001 +1.855490552e+002 +1.855490552e+002 +4.4301e+000 +8.4599e+000
121 +1.046679616e+001 +1.046679616e+001 +1.366567962e+002 +1.366567962e+002 +2.2707e+000 +8.7671e+000
140 +9.808245108e+000 +9.808245108e+000 +1.359982451e+002 +1.359982451e+002 +2.9869e+000 +6.0334e+000
304 +9.793783348e-001 +9.793783348e-001 +1.271693783e+002 +1.271693783e+002 +1.9519e+000 +1.0632e+000
539 +9.296130572e-002 +9.296130572e-002 +1.262829613e+002 +1.262829613e+002 +1.9519e+000 -2.9782e-002
