% function evaluation | noise-free fitness - Fopt (3.590000000000e+001) | best noise-free fitness - Fopt | measured fitness | best measured fitness | x1 | x2...
1 +5.649202881e+005 +5.649202881e+005 +5.649561881e+005 +5.649561881e+005 -2.3914e+000 -1.4789e+000 +4.3945e+000
3 +4.213350649e+004 +4.213350649e+004 +4.216940649e+004 +4.216940649e+004 +2.5231e+000 +1.4661e+000 +3.7843e+000
5 +1.810463482e+002 +1.810463482e+002 +2.169463482e+002 +2.169463482e+002 -1.5309e+000 -2.3521e+000 -3.9651e+000
12 +1.208592515e+002 +1.208592515e+002 +1.567592515e+002 +1.567592515e+002 +2.4952e+000 +4.7839e+000 -2.6209e+000
19 +8.075837027e+001 +8.075837027e+001 +1.166583703e+002 +1.166583703e+002 -7.9750e-001 -1.0036e+000 -1.8388e+000
23 +5.915294953e+001 +5.915294953e+001 +9.505294953e+001 +9.505294953e+001 +2.3371e+000 +2.1181e+000 -1.0498e+000
78 +3.460804882e+001 +3.460804882e+001 +7.050804882e+001 +7.050804882e+001 +1.5598e+000 -1.7583e+000 +6.3893e-001
115 +2.353162469e+001 +2.353162469e+001 +5.943162469e+001 +5.943162469e+001 +2.0887e+000 -2.9157e-001 +5.8919e-001
188 +1.000558955e+001 +1.000558955e+001 +4.590558955e+001 +4.590558955e+001 +2.0510e+000 +5.2688e-002 +1.4170e+000
224 +3.165885947e+000 +3.165885947e+000 +3.906588595e+001 +3.906588595e+001 +2.4779e+000 +7.8191e-001 +1.8702e+000
291 +7.384144244e-001 +7.384144244e-001 +3.663841442e+001 +3.663841442e+001 +2.5164e+000 +1.0740e+000 +2.2142e+000
800 +5.557122793e-001 +5.557122793e-001 +3.645571228e+001 +3.645571228e+001 +2.8342e+000 +7.8102e-001 +2.4342e+000
820 +2.548098192e-001 +2.548098192e-001 +3.615480982e+001 +3.615480982e+001 +2.7076e+000 +1.0832e+000 +2.4003e+000
985 +1.370109233e-001 +1.370109233e-001 +3.603701092e+001 +3.603701092e+001 +2.8620e+000 +1.0673e+000 +2.5189e+000
% function evaluation | noise-free fitness - Fopt (3.137000000000e+001) | best noise-free fitness - Fopt | measured fitness | best measured fitness | x1 | x2...
1 +3.225161809e+004 +3.225161809e+004 +3.228298809e+004 +3.228298809e+004 +4.1729e+000 -4.3774e+000 +1.3700e-002
3 +3.883620373e+002 +3.883620373e+002 +4.197320373e+002 +4.197320373e+002 -5.8269e-001 +9.8374e-001 -3.1490e+000
5 +1.900148888e+002 +1.900148888e+002 +2.213848888e+002 +2.213848888e+002 +1.3319e+000 +9.4270e-001 +2.5043e+000
15 +8.299677433e+001 +8.299677433e+001 +1.143667743e+002 +1.143667743e+002 -9.0118e-001 +3.9921e-001 +1.6873e+000
35 +6.208914241e+001 +6.208914241e+001 +9.345914241e+001 +9.345914241e+001 -1.5414e+000 +1.3592e+000 +1.3745e+000
38 +1.804937453e+001 +1.804937453e+001 +4.941937453e+001 +4.941937453e+001 +1.3108e+000 +2.3276e+000 -3.2706e+000
40 +1.348354241e+001 +1.348354241e+001 +4.485354241e+001 +4.485354241e+001 -4.1391e-001 +1.0526e+000 -1.8692e+000
232 +6.813377289e+000 +6.813377289e+000 +3.818337729e+001 +3.818337729e+001 +7.9183e-001 +2.6848e+000 -3.6350e+000
239 +2.841469679e+000 +2.841469679e+000 +3.421146968e+001 +3.421146968e+001 +3.8638e-001 +2.6142e+000 -3.7676e+000
343 +2.299128657e+000 +2.299128657e+000 +3.366912866e+001 +3.366912866e+001 +7.4712e-002 +2.2479e+000 -3.5215e+000
594 +1.531087931e+000 +1.531087931e+000 +3.290108793e+001 +3.290108793e+001 -1.5199e-001 +2.5096e+000 -3.5411e+000
784 +7.353153575e-001 +7.353153575e-001 +3.210531536e+001 +3.210531536e+001 -3.3581e-002 +1.9017e+000 -3.7414e+000
844 +2.192846902e-001 +2.192846902e-001 +3.158928469e+001 +3.158928469e+001 -1.3163e-001 +2.0370e+000 -3.8341e+000
% function evaluation | noise-free fitness - Fopt (-1.000000000000e+003) | best noise-free fitness - Fopt | measured fitness | best measured fitness | x1 | x2...
1 +5.858431116e+005 +5.858431116e+005 +5.848431116e+005 +5.848431116e+005 -3.4541e+000 +4.9280e+000 +2.0540e+000
3 +1.698332194e+005 +1.698332194e+005 +1.688332194e+005 +1.688332194e+005 -1.5983e+000 +3.2356e+000 -4.7623e+000
5 +1.536237492e+005 +1.536237492e+005 +1.526237492e+005 +1.526237492e+005 -1.5694e+000 +2.2581e+000 -4.5357e+000
6 +9.142683569e+004 +9.142683569e+004 +9.042683569e+004 +9.042683569e+004 +3.6521e+000 -1.5115e+000 +1.4903e+000
8 +2.006900948e+004 +2.006900948e+004 +1.906900948e+004 +1.906900948e+004 -4.8989e+000 +5.1349e-001 -1.0406e+000
10 +1.003734726e+004 +1.003734726e+004 +9.037347263e+003 +9.037347263e+003 -2.0912e-001 -3.1774e+000 +3.7530e+000
21 +2.456293343e+003 +2.456293343e+003 +1.456293343e+003 +1.456293343e+003 -3.6423e+000 -2.9622e+000 +3.6873e+000
68 +2.933312691e+001 +2.933312691e+001 -9.706668731e+002 -9.706668731e+002 -4.8805e+000 -5.9337e+000 +5.6587e+000
116 +2.348140004e+001 +2.348140004e+001 -9.765186000e+002 -9.765186000e+002 -3.4611e+000 -3.4028e+000 +2.2390e+000
294 +1.252119165e+001 +1.252119165e+001 -9.874788084e+002 -9.874788084e+002 -3.0999e+000 -4.5651e+000 +4.0779e+000
317 +5.083888004e+000 +5.083888004e+000 -9.949161120e+002 -9.949161120e+002 -1.8160e+000 -3.6001e+000 +3.6611e+000
408 +3.948701951e+000 +3.948701951e+000 -9.960512980e+002 -9.960512980e+002 -1.1811e+000 -4.4993e+000 +3.5202e+000
499 +1.384966133e+000 +1.384966133e+000 -9.986150339e+002 -9.986150339e+002 -1.0526e+000 -3.5229e+000 +3.1500e+000
728 +2.654843586e-001 +2.654843586e-001 -9.997345156e+002 -9.997345156e+002 -4.9585e-001 -3.3979e+000 +2.8480e+000
% function evaluation | noise-free fitness - Fopt (1.319200000000e+002) | best noise-free fitness - Fopt | measured fitness | best measured fitness | x1 | x2...
1 +2.041917978e+005 +2.041917978e+005 +2.043237178e+005 +2.043237178e+005 -1.8727e+000 -6.1354e-001 +2.1093e+000
3 +1.241506770e+005 +1.241506770e+005 +1.242825970e+005 +1.242825970e+005 -2.8045e+000 +1.9097e+000 +5.0241e-001
5 +6.386640799e+004 +6.386640799e+004 +6.399832799e+004 +6.399832799e+004 +1.6326e+000 +3.1447e+000 -5.1758e-001
6 +1.151969886e+004 +1.151969886e+004 +1.165161886e+004 +1.165161886e+004 +9.8023e-001 -4.9592e+000 -3.8559e+000
9 +1.757090396e+003 +1.757090396e+003 +1.889010396e+003 +1.889010396e+003 -2.0583e+000 -7.5260e-001 -3.8243e+000
16 +6.292848186e+002 +6.292848186e+002 +7.612048186e+002 +7.612048186e+002 -3.6481e+000 -7.1156e-001 -4.4422e+000
22 +2.106928920e+002 +2.106928920e+002 +3.426128920e+002 +3.426128920e+002 +1.0609e+000 -2.1315e+000 -4.9375e+000
41 +1.073889876e+002 +1.073889876e+002 +2.393089876e+002 +2.393089876e+002 +7.8572e-001 +8.8934e-001 -3.5503e+000
52 +8.959874498e+001 +8.959874498e+001 +2.215187450e+002 +2.215187450e+002 -1.8727e+000 -1.9463e+000 -5.3937e+000
60 +2.378560887e+001 +2.378560887e+001 +1.557056089e+002 +1.557056089e+002 -1.2059e+000 +1.9654e+000 -5.0181e+000
71 +1.247515374e+001 +1.247515374e+001 +1.443951537e+002 +1.443951537e+002 -2.6068e+000 +1.6490e+000 -5.4717e+000
132 +5.319531295e+000 +5.319531295e+000 +1.372395313e+002 +1.372395313e+002 -2.7798e+000 +1.9654e+000 -4.2105e+000
286 +1.322785135e+000 +1.322785135e+000 +1.332427851e+002 +1.332427851e+002 -3.4245e+000 +1.9654e+000 -3.8797e+000
443 +6.744830317e-001 +6.744830317e-001 +1.325944830e+002 +1.325944830e+002 -3.8371e+000 +1.8929e+000 -3.6680e+000
806 +1.437794860e-001 +1.437794860e-001 +1.320637795e+002 +1.320637795e+002 -3.8420e+000 +1.8958e+000 -3.7946e+000
% function evaluation | noise-free fitness - Fopt (5.908400000000e+002) | best noise-free fitness - Fopt | measured fitness | best measured fitness | x1 | x2...
1 +3.520582029e+001 +3.520582029e+001 +6.260458203e+002 +6.260458203e+002 +4.3239e+000 -4.3669e+000 -9.1034e-001
66 +2.136554609e+001 +2.136554609e+001 +6.122055461e+002 +6.122055461e+002 +2.9384e+000 -4.7503e+000 -1.5862e+000
70 +1.269891185e+001 +1.269891185e+001 +6.035389119e+002 +6.035389119e+002 +1.5995e+000 -3.7322e+000 -1.8203e+000
186 +7.394810606e+000 +7.394810606e+000 +5.982348106e+002 +5.982348106e+002 +2.8678e+000 -4.1831e+000 -2.8771e+000
237 +4.240511296e+000 +4.240511296e+000 +5.950805113e+002 +5.950805113e+002 +2.4220e+000 -3.0394e+000 -2.6439e+000
398 +2.487073050e+000 +2.487073050e+000 +5.933270731e+002 +5.933270731e+002 +1.9502e+000 -2.7381e+000 -2.6139e+000
497 +1.467127518e+000 +1.467127518e+000 +5.923071275e+002 +5.923071275e+002 +1.4451e+000 -3.4181e+000 -3.0990e+000
597 +7.315255264e-001 +7.315255264e-001 +5.915715255e+002 +5.915715255e+002 +1.5963e+000 -3.5969e+000 -3.2069e+000
829 +2.945932601e-001 +2.945932601e-001 +5.911345933e+002 +5.911345933e+002 +1.5524e+000 -3.3562e+000 -3.2622e+000
1043 +1.593686239e-001 +1.593686239e-001 +5.909993686e+002 +5.909993686e+002 +1.5279e+000 -3.2535e+000 -3.2981e+000
% function evaluation | noise-free fitness - Fopt (-1.280000000000e+001) | best noise-free fitness - Fopt | measured fitness | best measured fitness | x1 | x2...
1 +3.205090517e+005 +3.205090517e+005 +3.204962517e+005 +3.204962517e+005 -1.3418e-001 +2.6139e+000 +3.3060e+000
4 +1.313609502e+005 +1.313609502e+005 +1.313481502e+005 +1.313481502e+005 -9.9118e-002 -3.9661e-001 -1.9585e+000
7 +9.658191146e+002 +9.658191146e+002 +9.530191146e+002 +9.530191146e+002 +2.6368e+000 +1.9305e+000 -4.6811e+000
60 +4.289829497e+001 +4.289829497e+001 +3.009829497e+001 +3.009829497e+001 +1.9316e+000 +1.6310e+000 -7.4465e+000
87 +3.348669986e+001 +3.348669986e+001 +2.068669986e+001 +2.068669986e+001 +4.8184e-001 +1.9951e+000 -6.6544e+000
108 +1.554533630e+001 +1.554533630e+001 +2.745336303e+000 +2.745336303e+000 -2.3387e+000 +9.8954e-001 -4.2592e+000
157 +6.929011902e+000 +6.929011902e+000 -5.870988098e+000 -5.870988098e+000 -3.2582e-001 +3.0886e+000 -3.4350e+000
217 +4.584346184e+000 +4.584346184e+000 -8.215653816e+000 -8.215653816e+000 -1.7873e-001 +2.5379e+000 -3.4495e+000
268 +3.663300862e+000 +3.663300862e+000 -9.136699138e+000 -9.136699138e+000 -2.5086e-001 +2.5716e+000 -3.1733e+000
601 +2.508589080e+000 +2.508589080e+000 -1.029141092e+001 -1.029141092e+001 -5.8269e-001 +2.1598e+000 -2.7351e+000
745 +1.357615135e+000 +1.357615135e+000 -1.144238487e+001 -1.144238487e+001 -1.3107e+000 +2.0193e+000 -2.7150e+000
756 +9.548956166e-001 +9.548956166e-001 -1.184510438e+001 -1.184510438e+001 -1.7486e+000 +1.9805e+000 -2.5184e+000
924 +3.756598006e-001 +3.756598006e-001 -1.242434020e+001 -1.242434020e+001 -1.4189e+000 +2.1901e+000 -2.3243e+000
928 +1.495038774e-001 +1.495038774e-001 -1.265049612e+001 -1.265049612e+001 -1.6704e+000 +2.1574e+000 -2.1784e+000
% function evaluation | noise-free fitness - Fopt (-1.061000000000e+001) | best noise-free fitness - Fopt | measured fitness | best measured fitness | x1 | x2...
1 +2.359862698e+004 +2.359862698e+004 +2.358801698e+004 +2.358801698e+004 +3.2017e+000 -1.4912e+000 -7.1669e-002
4 +1.502362556e+004 +1.502362556e+004 +1.501301556e+004 +1.501301556e+004 +2.3048e+000 -8.8510e-001 -2.7026e+000
9 +4.723826846e+003 +4.723826846e+003 +4.713216846e+003 +4.713216846e+003 -3.6139e-001 -3.1967e+000 -4.0270e+000
12 +1.666300441e+001 +1.666300441e+001 +6.053004406e+000 +6.053004406e+000 +3.2022e-002 -3.8195e+000 +9.3235e-001
77 +1.252512147e+001 +1.252512147e+001 +1.915121469e+000 +1.915121469e+000 +6.8811e-001 -2.0478e+000 -4.0932e-001
155 +6.239934076e+000 +6.239934076e+000 -4.370065924e+000 -4.370065924e+000 +1.1505e+000 -2.6504e+000 -1.8406e+000
188 +3.418185223e+000 +3.418185223e+000 -7.191814777e+000 -7.191814777e+000 +1.6770e+000 -2.0655e+000 -1.8074e+000
343 +1.286785532e+000 +1.286785532e+000 -9.323214468e+000 -9.323214468e+000 +2.0681e+000 -2.1665e+000 -1.5615e+000
432 +5.443553104e-001 +5.443553104e-001 -1.006564469e+001 -1.006564469e+001 +2.0721e+000 -2.3894e+000 -8.6217e-001
820 +3.827534895e-001 +3.827534895e-001 -1.022724651e+001 -1.022724651e+001 +2.1595e+000 -2.3320e+000 -9.3991e-001
920 +2.445650619e-001 +2.445650619e-001 -1.036543494e+001 -1.036543494e+001 +2.2095e+000 -2.3901e+000 -1.0357e+000
1006 +3.772898858e-002 +3.772898858e-002 -1.057227101e+001 -1.057227101e+001 +2.3676e+000 -2.3804e+000 -8.8124e-001
% function evaluation | noise-free fitness - Fopt (-1.844000000000e+002) | best noise-free fitness - Fopt | measured fitness | best measured fitness | x1 | x2...
1 +2.131815905e+002 +2.131815905e+002 +2.878159052e+001 +2.878159052e+001 -3.4922e-001 -5.3832e-001 -2.6541e+000
8 +1.154418885e+002 +1.154418885e+002 -6.895811146e+001 -6.895811146e+001 +1.5882e-001 +3.8069e+000 +3.8196e+000
28 +5.428718061e+001 +5.428718061e+001 -1.301128194e+002 -1.301128194e+002 +4.8755e-001 -2.3053e+000 +3.7004e-001
48 +2.360999795e+001 +2.360999795e+001 -1.607900020e+002 -1.607900020e+002 -1.2115e-001 -2.3374e+000 +1.8310e+000
89 +1.255799388e+001 +1.255799388e+001 -1.718420061e+002 -1.718420061e+002 -1.4517e+000 -2.2972e+000 +2.1949e+000
225 +3.914887560e+000 +3.914887560e+000 -1.804851124e+002 -1.804851124e+002 -1.7948e+000 -4.5308e+000 +1.3345e+000
863 +1.370195427e+000 +1.370195427e+000 -1.830298046e+002 -1.830298046e+002 -1.8372e+000 -3.7268e+000 +2.2230e+000
1012 +7.270202923e-001 +7.270202923e-001 -1.836729797e+002 -1.836729797e+002 -2.2700e+000 -3.6351e+000 +2.4480e+000
% function evaluation | noise-free fitness - Fopt (-5.188000000000e+001) | best noise-free fitness - Fopt | measured fitness | best measured fitness | x1 | x2...
1 +9.732657037e+001 +9.732657037e+001 +4.544657037e+001 +4.544657037e+001 +1.8693e-001 +1.7904e+000 +3.1547e-001
24 +4.949307030e+001 +4.949307030e+001 -2.386929703e+000 -2.386929703e+000 +1.1725e+000 +8.4814e-001 +1.3834e+000
66 +1.230117331e+001 +1.230117331e+001 -3.957882669e+001 -3.957882669e+001 +1.1062e+000 -1.1584e+000 -2.2838e-001
78 +3.967787065e-001 +3.967787065e-001 -5.148322129e+001 -5.148322129e+001 +1.3741e+000 -2.2633e+000 +2.7582e-002
791 +1.600877083e-001 +1.600877083e-001 -5.171991229e+001 -5.171991229e+001 +1.3568e+000 -2.3621e+000 -1.2802e-001
837 +1.335492265e-001 +1.335492265e-001 -5.174645077e+001 -5.174645077e+001 +1.4248e+000 -2.3869e+000 -2.6864e-001
% function evaluation | noise-free fitness - Fopt (6.980000000000e+001) | best noise-free fitness - Fopt | measured fitness | best measured fitness | x1 | x2...
1 +3.590443063e+002 +3.590443063e+002 +4.288443063e+002 +4.288443063e+002 +3.0419e+000 +4.7031e+000 -3.1117e+000
7 +6.145402951e+001 +6.145402951e+001 +1.312540295e+002 +1.312540295e+002 -1.5682e+000 -1.0842e+000 +6.3448e-001
20 +2.527441895e+001 +2.527441895e+001 +9.507441895e+001 +9.507441895e+001 -1.5701e+000 +1.0041e+000 +2.4037e+000
66 +4.255285296e-001 +4.255285296e-001 +7.022552853e+001 +7.022552853e+001 -2.2632e+000 -1.2305e+000 +3.6783e+000
708 +7.344774742e-002 +7.344774742e-002 +6.987344775e+001 +6.987344775e+001 -2.4887e+000 -1.3954e+000 +3.7384e+000
934 +4.111414191e-002 +4.111414191e-002 +6.984111414e+001 +6.984111414e+001 -2.4493e+000 -1.4840e+000 +3.7442e+000
% function evaluation | noise-free fitness - Fopt (1.105400000000e+002) | best noise-free fitness - Fopt | measured fitness | best measured fitness | x1 | x2...
1 +2.135052242e+002 +2.135052242e+002 +3.240452242e+002 +3.240452242e+002 +4.2174e+000 +3.4909e+000 -3.5133e+000
16 +9.388507642e+001 +9.388507642e+001 +2.044250764e+002 +2.044250764e+002 +2.3156e+000 +2.0704e+000 -1.6986e-001
68 +2.323268636e+001 +2.323268636e+001 +1.337726864e+002 +1.337726864e+002 -3.7062e-001 +3.0629e-001 -1.8192e+000
86 +1.420142605e+001 +1.420142605e+001 +1.247414261e+002 +1.247414261e+002 -7.9592e-001 +8.6623e-001 +4.4601e-001
129 +1.362373706e+000 +1.362373706e+000 +1.119023737e+002 +1.119023737e+002 -5.2218e-001 -4.9476e-001 +6.7887e-001
562 +4.863775290e-001 +4.863775290e-001 +1.110263775e+002 +1.110263775e+002 -9.2091e-001 -5.4523e-001 +1.0007e+000
645 +3.180924916e-001 +3.180924916e-001 +1.108580925e+002 +1.108580925e+002 -9.2091e-001 -5.4523e-001 +1.1756e+000
% function evaluation | noise-free fitness - Fopt (6.121000000000e+002) | best noise-free fitness - Fopt | measured fitness | best measured fitness | x1 | x2...
1 +1.020947168e+005 +1.020947168e+005 +1.027068168e+005 +1.027068168e+005 +4.0670e+000 +1.5415e+000 +2.7039e+000
5 +7.844410492e+004 +7.844410492e+004 +7.905620492e+004 +7.905620492e+004 -4.8198e+000 +7.0129e-001 +4.5407e+000
6 +5.950128194e+001 +5.950128194e+001 +6.716012819e+002 +6.716012819e+002 -1.6765e-001 +2.5317e+000 +1.5428e-001
11 +2.977453474e+001 +2.977453474e+001 +6.418745347e+002 +6.418745347e+002 -3.5493e+000 +2.3056e+000 -9.1707e-001
126 +7.501657669e+000 +7.501657669e+000 +6.196016577e+002 +6.196016577e+002 -2.0209e+000 +1.2879e+000 +1.3258e+000
134 +2.639092059e+000 +2.639092059e+000 +6.147390921e+002 +6.147390921e+002 -2.0815e+000 +1.1506e+000 +2.6493e+000
389 +1.494573779e+000 +1.494573779e+000 +6.135945738e+002 +6.135945738e+002 -2.7418e+000 +1.0301e+000 +2.3069e+000
878 +7.372442913e-001 +7.372442913e-001 +6.128372443e+002 +6.128372443e+002 -2.3018e+000 +1.0797e+000 +3.2800e+000
% function evaluation | noise-free fitness - Fopt (-4.657200000000e+002) | best noise-free fitness - Fopt | measured fitness | best measured fitness | x1 | x2...
1 +7.200825591e+001 +7.200825591e+001 -3.937117441e+002 -3.937117441e+002 -2.7431e+000 -2.3675e+000 -1.1132e+000
15 +2.816321191e+001 +2.816321191e+001 -4.375567881e+002 -4.375567881e+002 -3.9278e+000 -6.8047e-001 +4.9132e-001
42 +3.256545155e+000 +3.256545155e+000 -4.624634548e+002 -4.624634548e+002 -3.0083e+000 +8.6844e-001 +1.9659e+000
430 +1.284642292e+000 +1.284642292e+000 -4.644353577e+002 -4.644353577e+002 -1.8623e+000 +7.2284e-001 +1.4864e+000
624 +9.593736099e-001 +9.593736099e-001 -4.647606264e+002 -4.647606264e+002 -2.5148e+000 +1.0557e+000 +1.7830e+000
877 +5.465468939e-001 +5.465468939e-001 -4.651734531e+002 -4.651734531e+002 -2.1150e+000 +9.1024e-001 +1.5253e+000
923 +2.939793670e-002 +2.939793670e-002 -4.656906021e+002 -4.656906021e+002 -1.8534e+000 +1.0178e+000 +1.4155e+000
% function evaluation | noise-free fitness - Fopt (1.306000000000e+001) | best noise-free fitness - Fopt | measured fitness | best measured fitness | x1 | x2...
1 +1.195738085e+005 +1.195738085e+005 +1.195868685e+005 +1.195868685e+005 -3.0339e+000 +4.2977e+000 -2.8773e+000
4 +3.056494896e+004 +3.056494896e+004 +3.057800896e+004 +3.057800896e+004 -3.7032e+000 +3.9332e+000 -2.5262e-001
13 +6.043393740e+001 +6.043393740e+001 +7.349393740e+001 +7.349393740e+001 +2.0226e+000 -6.5366e-001 +3.0636e+000
16 +2.744106908e+001 +2.744106908e+001 +4.050106908e+001 +4.050106908e+001 +3.0913e+000 -1.9873e+000 +2.5439e+000
69 +2.049906196e+001 +2.049906196e+001 +3.355906196e+001 +3.355906196e+001 +2.4963e+000 -2.1310e+000 +1.1382e+000
147 +3.596056366e+000 +3.596056366e+000 +1.665605637e+001 +1.665605637e+001 +2.1147e+000 -2.1310e+000 +1.1382e+000
263 +7.239374906e-001 +7.239374906e-001 +1.378393749e+001 +1.378393749e+001 +1.9672e+000 -2.1934e+000 +6.9003e-001
376 +7.977699044e-002 +7.977699044e-002 +1.313977699e+001 +1.313977699e+001 +1.9719e+000 -2.2300e+000 +4.2725e-001
% function evaluation | noise-free fitness - Fopt (2.655000000000e+001) | best noise-free fitness - Fopt | measured fitness | best measured fitness | x1 | x2...
1 +4.388463104e+001 +4.388463104e+001 +7.043463104e+001 +7.043463104e+001 -2.2839e+000 -3.8769e+000 -3.6238e+000
28 +3.301302907e+001 +3.301302907e+001 +5.956302907e+001 +5.956302907e+001 +2.8438e-001 +8.9489e-001 -5.7975e-001
47 +2.373656872e+001 +2.373656872e+001 +5.028656872e+001 +5.028656872e+001 -3.6992e-001 -1.2795e+000 -2.0365e-001
72 +1.336287496e+001 +1.336287496e+001 +3.991287496e+001 +3.991287496e+001 +9.3872e-001 -1.6389e-001 +4.2757e-001
117 +3.601486439e+000 +3.601486439e+000 +3.015148644e+001 +3.015148644e+001 +1.4154e+000 -2.5074e+000 -3.8754e-001
164 +1.338720408e+000 +1.338720408e+000 +2.788872041e+001 +2.788872041e+001 +2.0559e+000 -1.7965e+000 +5.5856e-001
501 +7.053077021e-001 +7.053077021e-001 +2.725530770e+001 +2.725530770e+001 +2.1715e+000 -1.9722e+000 +4.5269e-001
565 +4.208633235e-001 +4.208633235e-001 +2.697086332e+001 +2.697086332e+001 +2.2740e+000 -2.1421e+000 +4.6130e-001
920 +3.292322995e-001 +3.292322995e-001 +2.687923230e+001 +2.687923230e+001 +2.3863e+000 -1.7729e+000 +6.6577e-001
976 +1.322952178e-001 +1.322952178e-001 +2.668229522e+001 +2.668229522e+001 +2.4698e+000 -1.9122e+000 +6.7816e-001
