% function evaluation | noise-free fitness - Fopt (-1.694000000000e+001) | best noise-free fitness - Fopt | measured fitness | best measured fitness | x1 | x2...
1 +2.799198846e+001 +2.799198846e+001 +1.105198846e+001 +1.105198846e+001 +9.1125e-001 -2.0410e+000 -4.0740e+000 +2.6648e+000 +5.5672e-001 -3.7986e+000 +4.8798e+000 +6.1123e-001 -8.3884e-001 +2.0145e+000
10 +1.666467885e+001 +1.666467885e+001 -2.753211492e-001 -2.753211492e-001 +4.4315e+000 +4.9670e+000 +3.1994e+000 +2.7783e+000 +1.0349e-001 +2.0055e+000 +3.2483e+000 -7.8277e-001 +3.1182e+000 +6.6127e-001
32 +1.076012776e+001 +1.076012776e+001 -6.179872245e+000 -6.179872245e+000 +3.2283e+000 +4.5074e+000 -3.4922e+000 +3.1435e+000 -1.5312e+000 -3.4374e-001 +2.3751e+000 -4.4345e+000 +2.1958e+000 -2.7257e+000
55 +5.072067897e+000 +5.072067897e+000 -1.186793210e+001 -1.186793210e+001 +2.9070e+000 +2.8006e+000 -2.5348e+000 -1.4838e-001 -2.6922e-001 -2.4248e+000 +5.1064e-001 -3.4366e+000 +8.2300e-001 -2.4360e+000
548 +3.942577097e+000 +3.942577097e+000 -1.299742290e+001 -1.299742290e+001 +3.8075e+000 +2.3810e+000 -2.5348e+000 +4.1266e-001 +8.0243e-001 -4.0159e+000 +7.1825e-001 -3.4566e+000 +8.9266e-001 -1.1368e+000
986 +2.305989226e+000 +2.305989226e+000 -1.463401077e+001 -1.463401077e+001 +3.3301e+000 +2.0282e+000 -1.7500e+000 +2.6094e+000 +1.6450e+000 -2.0135e+000 +2.7072e+000 -3.0380e+000 -5.6635e-001 -8.2888e-001
1979 +1.234528687e+000 +1.234528687e+000 -1.570547131e+001 -1.570547131e+001 +2.8557e+000 +2.6029e+000 -1.9732e+000 +1.4817e+000 +1.3812e+000 -1.5379e+000 +3.3880e+000 -2.3509e+000 -8.6747e-001 -2.1220e+000
2274 +5.741464946e-001 +5.741464946e-001 -1.636585351e+001 -1.636585351e+001 +3.4127e+000 +2.4753e+000 -1.7556e+000 +1.3875e+000 +1.6028e+000 -1.8583e+000 +3.6292e+000 -2.3489e+000 -5.8268e-001 -2.3418e+000
3548 +3.803798341e-001 +3.803798341e-001 -1.655962017e+001 -1.655962017e+001 +3.4328e+000 +2.5236e+000 -1.8041e+000 +1.1447e+000 +1.7258e+000 -1.8303e+000 +3.7084e+000 -2.3365e+000 -5.6518e-001 -2.3176e+000
5357 +2.222937760e-001 +2.222937760e-001 -1.671770622e+001 -1.671770622e+001 +3.6343e+000 +2.5114e+000 -1.8878e+000 +1.2134e+000 +1.5399e+000 -1.7766e+000 +3.5176e+000 -2.2689e+000 -3.7691e-001 -2.0858e+000
6000 +1.365754263e-001 +1.365754263e-001 -1.680342457e+001 -1.680342457e+001 +3.6186e+000 +2.5225e+000 -1.5453e+000 +1.4807e+000 +1.3112e+000 -1.8689e+000 +3.3995e+000 -2.3650e+000 -4.9100e-001 -2.0144e+000
6929 +8.857880472e-002 +8.857880472e-002 -1.685142120e+001 -1.685142120e+001 +3.7066e+000 +2.5131e+000 -1.6282e+000 +1.3949e+000 +1.3440e+000 -1.9216e+000 +3.4417e+000 -2.3722e+000 -4.5970e-001 -1.9974e+000
7228 +5.135674390e-002 +5.135674390e-002 -1.688864326e+001 -1.688864326e+001 +3.7058e+000 +2.5284e+000 -1.6542e+000 +1.4236e+000 +1.3813e+000 -1.9196e+000 +3.4657e+000 -2.3672e+000 -4.1830e-001 -2.0027e+000
8422 +3.926808951e-002 +3.926808951e-002 -1.690073191e+001 -1.690073191e+001 +3.7041e+000 +2.5294e+000 -1.6569e+000 +1.4233e+000 +1.3831e+000 -1.9136e+000 +3.4575e+000 -2.3613e+000 -4.2207e-001 -2.0047e+000
10340 +2.069436874e-002 +2.069436874e-002 -1.691930563e+001 -1.691930563e+001 +3.6875e+000 +2.5441e+000 -1.6577e+000 +1.4139e+000 +1.3916e+000 -1.9093e+000 +3.4702e+000 -2.3555e+000 -4.2475e-001 -2.0124e+000
11256 +1.571303809e-002 +1.571303809e-002 -1.692428696e+001 -1.692428696e+001 +3.6891e+000 +2.5422e+000 -1.6582e+000 +1.4116e+000 +1.3874e+000 -1.9104e+000 +3.4661e+000 -2.3531e+000 -4.2615e-001 -2.0131e+000
% function evaluation | noise-free fitness - Fopt (1.881000000000e+001) | best noise-free fitness - Fopt | measured fitness | best measured fitness | x1 | x2...
1 +1.920820905e+001 +1.920820905e+001 +3.801820905e+001 +3.801820905e+001 -1.3753e+000 -1.8767e+000 -3.1579e+000 -1.7211e+000 -3.1398e+000 +1.1745e+000 +2.0932e+000 -7.1253e-001 +3.0567e+000 -1.6176e+000
10 +1.357933920e+001 +1.357933920e+001 +3.238933920e+001 +3.238933920e+001 +2.9905e+000 +4.6980e+000 +1.5939e+000 -2.7580e+000 +2.9018e+000 -1.1460e-001 -1.3804e+000 +1.2652e+000 +2.3171e+000 +1.9426e+000
182 +8.277765190e+000 +8.277765190e+000 +2.708776519e+001 +2.708776519e+001 +2.2776e+000 -5.4139e-001 +1.6328e+000 -4.1342e-001 +2.8966e+000 +5.7715e-001 -6.0475e-001 +2.4686e+000 -1.6746e+000 -5.8549e-001
322 +5.799650438e+000 +5.799650438e+000 +2.460965044e+001 +2.460965044e+001 +4.6590e+000 +3.2461e+000 +3.2773e+000 +2.7416e+000 +2.8502e+000 -2.2340e-001 -2.9467e+000 +2.7785e+000 -3.7225e+000 +3.1216e+000
1081 +3.783916461e+000 +3.783916461e+000 +2.259391646e+001 +2.259391646e+001 +2.4994e+000 +1.1752e+000 +7.5264e-001 +1.9705e+000 +2.0794e+000 -4.0477e-001 -9.1765e-001 +2.8547e+000 -1.9216e+000 +2.2275e+000
3720 +2.216857324e+000 +2.216857324e+000 +2.102685732e+001 +2.102685732e+001 +1.9855e+000 +2.5484e+000 +1.5727e+000 +1.0688e+000 +2.0044e+000 -2.5443e+000 -1.8048e+000 +2.3489e+000 -2.0205e+000 +1.7154e+000
5721 +1.101784446e+000 +1.101784446e+000 +1.991178445e+001 +1.991178445e+001 +1.7452e+000 +2.8200e+000 +9.8793e-001 +6.4294e-001 +1.9795e+000 -3.3287e+000 -9.1960e-001 +1.5034e+000 -1.5920e+000 +1.7577e+000
6055 +9.133202750e-001 +9.133202750e-001 +1.972332027e+001 +1.972332027e+001 +1.9101e+000 +3.2686e+000 +9.5939e-001 +6.3785e-001 +1.9461e+000 -2.8995e+000 -7.1947e-001 +1.9501e+000 -1.3151e+000 +1.9517e+000
7038 +6.220607414e-001 +6.220607414e-001 +1.943206074e+001 +1.943206074e+001 +1.8338e+000 +3.1273e+000 +9.4984e-001 +6.0545e-001 +1.9429e+000 -3.1104e+000 -7.5764e-001 +1.8281e+000 -1.4861e+000 +1.9035e+000
10350 +3.939906277e-001 +3.939906277e-001 +1.920399063e+001 +1.920399063e+001 +1.6889e+000 +3.0986e+000 +9.5348e-001 +6.7942e-001 +2.0719e+000 -3.1411e+000 -7.8405e-001 +1.8034e+000 -1.4935e+000 +1.9651e+000
12062 +2.499715980e-001 +2.499715980e-001 +1.905997160e+001 +1.905997160e+001 +1.6609e+000 +3.1013e+000 +9.4666e-001 +7.0639e-001 +2.0966e+000 -3.1353e+000 -7.8211e-001 +1.7872e+000 -1.5140e+000 +1.9758e+000
% function evaluation | noise-free fitness - Fopt (2.731500000000e+002) | best noise-free fitness - Fopt | measured fitness | best measured fitness | x1 | x2...
1 +1.482990211e+001 +1.482990211e+001 +2.879799021e+002 +2.879799021e+002 -2.8862e+000 -2.8624e+000 +3.8403e+000 +3.6985e+000 -2.7858e-001 -4.0520e+000 +1.8276e+000 +5.8911e-001 -4.6064e+000 +1.4205e+000
6 +9.952860067e+000 +9.952860067e+000 +2.831028601e+002 +2.831028601e+002 -3.5324e+000 +1.5389e-001 -8.6646e-001 +7.5241e-001 -2.5075e+000 -1.2422e+000 +2.8136e+000 -6.5250e-001 +1.6992e+000 +3.6877e+000
380 +5.298229125e+000 +5.298229125e+000 +2.784482291e+002 +2.784482291e+002 -1.5461e+000 +3.6313e+000 -5.9338e-001 +2.6754e+000 -1.2543e-001 -4.7167e+000 +4.0952e-001 -2.2290e+000 -2.3267e+000 +1.8299e+000
567 +3.877532611e+000 +3.877532611e+000 +2.770275326e+002 +2.770275326e+002 -8.4744e-001 +2.6357e+000 +1.3200e-001 +4.5493e+000 +1.9959e-001 -3.2709e+000 +8.2048e-001 -1.9227e+000 -3.2130e+000 +1.3340e+000
1633 +2.313140465e+000 +2.313140465e+000 +2.754631405e+002 +2.754631405e+002 -2.7436e+000 +3.7733e+000 +6.3953e-002 +4.0202e+000 +1.9583e+000 -3.6947e+000 -1.8099e+000 -1.6236e+000 -2.5686e+000 +2.0476e+000
2790 +1.447208695e+000 +1.447208695e+000 +2.745972087e+002 +2.745972087e+002 -3.2300e+000 +3.7387e+000 -6.8442e-002 +3.1707e+000 +2.1791e+000 -3.8547e+000 -1.2272e+000 -3.6458e-001 -1.3275e+000 +2.8593e+000
3242 +9.139734529e-001 +9.139734529e-001 +2.740639735e+002 +2.740639735e+002 -3.3563e+000 +3.6861e+000 -4.6637e-001 +3.1413e+000 +1.6223e+000 -4.4260e+000 -9.8702e-001 -1.1076e+000 -2.1642e+000 +2.7974e+000
3652 +5.472653705e-001 +5.472653705e-001 +2.736972654e+002 +2.736972654e+002 -3.1707e+000 +3.5503e+000 -4.7576e-001 +3.1119e+000 +1.4489e+000 -4.3140e+000 -8.2835e-001 -1.1192e+000 -2.4409e+000 +2.8805e+000
4697 +3.673652464e-001 +3.673652464e-001 +2.735173652e+002 +2.735173652e+002 -3.1717e+000 +3.4352e+000 -4.0623e-001 +3.1364e+000 +1.5712e+000 -4.2371e+000 -9.4747e-001 -1.1790e+000 -2.4207e+000 +2.8896e+000
5976 +2.228190404e-001 +2.228190404e-001 +2.733728190e+002 +2.733728190e+002 -3.5429e+000 +3.3499e+000 -2.6268e-001 +3.1258e+000 +1.7070e+000 -4.1660e+000 -9.6672e-001 -1.3363e+000 -2.4068e+000 +2.8956e+000
8174 +1.541362099e-001 +1.541362099e-001 +2.733041362e+002 +2.733041362e+002 -3.5113e+000 +3.3558e+000 -2.7132e-001 +3.1555e+000 +1.6775e+000 -4.1682e+000 -9.8871e-001 -1.3069e+000 -2.4100e+000 +2.8943e+000
10334 +9.694077857e-002 +9.694077857e-002 +2.732469408e+002 +2.732469408e+002 -3.4567e+000 +3.3730e+000 -3.1848e-001 +3.0854e+000 +1.5453e+000 -4.2104e+000 -9.2318e-001 -1.2632e+000 -2.3863e+000 +3.0066e+000
13384 +6.213766408e-002 +6.213766408e-002 +2.732121377e+002 +2.732121377e+002 -3.4496e+000 +3.3721e+000 -3.4660e-001 +3.0944e+000 +1.5393e+000 -4.2101e+000 -9.0287e-001 -1.2364e+000 -2.3976e+000 +3.0143e+000
% function evaluation | noise-free fitness - Fopt (3.718000000000e+001) | best noise-free fitness - Fopt | measured fitness | best measured fitness | x1 | x2...
1 +2.745556737e+001 +2.745556737e+001 +6.463556737e+001 +6.463556737e+001 +1.7671e+000 +9.4727e-001 +4.5694e-001 -2.1557e+000 +1.1522e+000 -1.8606e+000 -3.6834e+000 -3.9564e+000 -8.6865e-001 -2.5741e+000
4 +2.315120024e+001 +2.315120024e+001 +6.033120024e+001 +6.033120024e+001 +8.6846e-001 +2.7575e+000 -1.7904e+000 +4.0582e+000 +1.5527e+000 +1.9873e+000 -2.1554e+000 -4.7527e-001 +2.4478e+000 -6.6457e-001
36 +1.474779838e+001 +1.474779838e+001 +5.192779838e+001 +5.192779838e+001 -1.6120e+000 +2.9923e+000 +4.1394e-001 +4.3761e+000 -4.9857e+000 +2.1121e+000 +2.4038e-001 -4.4841e+000 +3.3982e+000 +2.8550e+000
237 +7.730938357e+000 +7.730938357e+000 +4.491093836e+001 +4.491093836e+001 -1.7066e+000 -1.3279e+000 +1.1477e+000 +2.5996e+000 -1.4835e+000 -1.2011e+000 +1.1287e+000 -3.7996e+000 -2.0505e+000 +1.4435e+000
378 +5.826196886e+000 +5.826196886e+000 +4.300619689e+001 +4.300619689e+001 -3.3372e+000 +4.6834e+000 +2.9346e+000 -1.7944e+000 -3.5120e+000 +8.8431e-001 -8.5156e-002 -4.6213e+000 -2.8977e+000 +3.5540e+000
616 +3.864141062e+000 +3.864141062e+000 +4.104414106e+001 +4.104414106e+001 -4.5196e+000 +2.4617e+000 +2.9998e+000 +1.3833e+000 -5.0333e+000 -2.2173e+000 +5.2046e-001 -4.4072e+000 -3.3638e+000 +4.6874e+000
1284 +2.501915411e+000 +2.501915411e+000 +3.968191541e+001 +3.968191541e+001 -4.4673e+000 +2.8604e+000 +2.7680e+000 +1.2689e+000 -3.8571e+000 -6.7128e-001 +1.1032e+000 -4.4664e+000 -1.8520e+000 +3.7135e+000
1721 +1.413829291e+000 +1.413829291e+000 +3.859382929e+001 +3.859382929e+001 -4.2745e+000 +3.0679e+000 +2.7950e+000 +1.3551e+000 -3.8799e+000 -1.1407e+000 +6.4481e-001 -4.0833e+000 -2.0542e+000 +3.5217e+000
2610 +9.896399795e-001 +9.896399795e-001 +3.816963998e+001 +3.816963998e+001 -4.1062e+000 +2.3496e+000 +2.9037e+000 +1.5085e+000 -3.5124e+000 -1.4616e+000 -3.0643e-001 -3.6058e+000 -1.9722e+000 +2.8670e+000
3301 +6.250979921e-001 +6.250979921e-001 +3.780509799e+001 +3.780509799e+001 -3.9702e+000 +1.7176e+000 +1.8496e+000 +1.7872e+000 -3.3608e+000 -1.5615e+000 +6.5284e-001 -3.5049e+000 -1.6784e+000 +2.6292e+000
4120 +3.692914325e-001 +3.692914325e-001 +3.754929143e+001 +3.754929143e+001 -3.9145e+000 +2.2234e+000 +2.1421e+000 +1.5657e+000 -3.4218e+000 -1.3807e+000 +4.0872e-001 -3.4802e+000 -1.8138e+000 +3.0794e+000
4434 +2.503051274e-001 +2.503051274e-001 +3.743030513e+001 +3.743030513e+001 -3.9073e+000 +2.3736e+000 +2.0962e+000 +1.4862e+000 -3.4498e+000 -1.2007e+000 +5.6830e-001 -3.3552e+000 -1.7695e+000 +3.0970e+000
5131 +1.431036891e-001 +1.431036891e-001 +3.732310369e+001 +3.732310369e+001 -3.9316e+000 +2.1227e+000 +2.0799e+000 +1.5361e+000 -3.5905e+000 -1.2208e+000 +5.2927e-001 -3.4317e+000 -1.7523e+000 +3.1256e+000
5816 +9.393719981e-002 +9.393719981e-002 +3.727393720e+001 +3.727393720e+001 -3.9760e+000 +2.1291e+000 +2.1888e+000 +1.4880e+000 -3.5446e+000 -1.1894e+000 +4.0838e-001 -3.4489e+000 -1.8347e+000 +3.1682e+000
8271 +4.886539246e-002 +4.886539246e-002 +3.722886539e+001 +3.722886539e+001 -3.8717e+000 +2.0690e+000 +2.0285e+000 +1.6087e+000 -3.5609e+000 -1.2436e+000 +3.8901e-001 -3.3846e+000 -1.7707e+000 +3.0090e+000
8527 +3.205862678e-002 +3.205862678e-002 +3.721205863e+001 +3.721205863e+001 -3.8832e+000 +2.0682e+000 +2.0309e+000 +1.6143e+000 -3.5578e+000 -1.2515e+000 +3.9258e-001 -3.3908e+000 -1.7793e+000 +3.0274e+000
10375 +2.315462361e-002 +2.315462361e-002 +3.720315462e+001 +3.720315462e+001 -3.9038e+000 +2.0715e+000 +2.0294e+000 +1.6060e+000 -3.5415e+000 -1.2490e+000 +3.8808e-001 -3.3911e+000 -1.7817e+000 +3.0299e+000
11567 +1.560882025e-002 +1.560882025e-002 +3.719560882e+001 +3.719560882e+001 -3.8998e+000 +2.0690e+000 +2.0281e+000 +1.6111e+000 -3.5301e+000 -1.2489e+000 +3.9182e-001 -3.3909e+000 -1.7792e+000 +3.0280e+000
12627 +9.869572588e-003 +9.869572588e-003 +3.718986957e+001 +3.718986957e+001 -3.9017e+000 +2.0675e+000 +2.0283e+000 +1.6111e+000 -3.5276e+000 -1.2499e+000 +3.9266e-001 -3.3929e+000 -1.7804e+000 +3.0285e+000
18080 +6.269548121e-003 +6.269548121e-003 +3.718626955e+001 +3.718626955e+001 -3.9023e+000 +2.0678e+000 +2.0271e+000 +1.6106e+000 -3.5271e+000 -1.2501e+000 +3.9345e-001 -3.3915e+000 -1.7808e+000 +3.0286e+000
% function evaluation | noise-free fitness - Fopt (-1.479000000000e+002) | best noise-free fitness - Fopt | measured fitness | best measured fitness | x1 | x2...
1 +1.166044452e+001 +1.166044452e+001 -1.362395555e+002 -1.362395555e+002 +3.8041e+000 -8.0949e-001 -1.0471e+000 -4.5910e+000 +3.1908e+000 -2.9542e+000 -5.8769e-001 -1.6902e+000 -2.9828e+000 -3.2498e+000
109 +9.913746356e+000 +9.913746356e+000 -1.379862536e+002 -1.379862536e+002 +2.3213e-001 -1.9897e+000 +9.6627e-001 -3.1882e+000 -1.6228e+000 -1.4131e+000 +1.9312e+000 -2.2925e-001 -9.2295e-001 -2.7169e+000
332 +5.492709180e+000 +5.492709180e+000 -1.424072908e+002 -1.424072908e+002 -2.0500e+000 -1.3652e+000 +1.4866e+000 -4.3250e+000 -5.1295e+000 +1.8743e+000 +7.0539e-002 -2.5177e+000 -4.0202e+000 +2.0164e+000
1061 +3.855887309e+000 +3.855887309e+000 -1.440441127e+002 -1.440441127e+002 +3.9528e-001 +1.2065e+000 +9.0225e-001 -1.8463e+000 -8.8934e-001 +3.7244e+000 -2.4783e+000 -2.1643e+000 -3.3610e+000 +6.2335e-001
1371 +2.287903047e+000 +2.287903047e+000 -1.456120970e+002 -1.456120970e+002 -2.3428e+000 +1.0372e+000 +8.5280e-001 -1.5311e+000 -2.9974e+000 +1.0430e+000 -1.9832e+000 -3.4243e+000 -3.5084e+000 +1.3613e+000
1785 +1.535529016e+000 +1.535529016e+000 -1.463644710e+002 -1.463644710e+002 -1.8739e+000 +3.1137e-001 +1.4442e+000 -1.6772e+000 -2.3389e+000 +1.6199e+000 -2.6232e+000 -1.8469e+000 -4.2796e+000 +1.9422e+000
2112 +9.723165558e-001 +9.723165558e-001 -1.469276834e+002 -1.469276834e+002 -1.8830e+000 +2.9997e-001 +6.2508e-001 -1.8116e+000 -2.9353e+000 +1.8171e+000 -1.3820e+000 -1.9923e+000 -4.1527e+000 +2.0430e+000
3432 +6.245021161e-001 +6.245021161e-001 -1.472754979e+002 -1.472754979e+002 -2.0046e+000 -1.9599e-001 +1.2193e+000 -2.0242e+000 -3.5703e+000 +1.5963e+000 -1.9031e+000 -2.5873e+000 -4.1319e+000 +2.0818e+000
3888 +3.868948566e-001 +3.868948566e-001 -1.475131051e+002 -1.475131051e+002 -2.0238e+000 -1.0963e-001 +1.3108e+000 -2.0204e+000 -3.6653e+000 +1.7414e+000 -1.8274e+000 -2.6629e+000 -4.2194e+000 +2.2285e+000
7692 +2.076792069e-001 +2.076792069e-001 -1.476923208e+002 -1.476923208e+002 -1.9173e+000 +5.6012e-003 +1.1293e+000 -1.9782e+000 -3.4029e+000 +1.5666e+000 -1.6244e+000 -2.4788e+000 -3.9358e+000 +2.0093e+000
8915 +1.106910040e-001 +1.106910040e-001 -1.477893090e+002 -1.477893090e+002 -1.8545e+000 -1.5997e-002 +1.1520e+000 -1.9853e+000 -3.4392e+000 +1.5610e+000 -1.6616e+000 -2.4820e+000 -3.9513e+000 +2.0273e+000
9285 +9.859963102e-002 +9.859963102e-002 -1.478014004e+002 -1.478014004e+002 -1.8513e+000 -1.3962e-002 +1.1647e+000 -1.9732e+000 -3.4321e+000 +1.5513e+000 -1.6685e+000 -2.4800e+000 -3.9622e+000 +2.0226e+000
11157 +6.148274590e-002 +6.148274590e-002 -1.478385173e+002 -1.478385173e+002 -1.8442e+000 -8.5383e-003 +1.1532e+000 -1.9885e+000 -3.4306e+000 +1.5524e+000 -1.6674e+000 -2.5014e+000 -3.9597e+000 +2.0107e+000
% function evaluation | noise-free fitness - Fopt (1.162600000000e+002) | best noise-free fitness - Fopt | measured fitness | best measured fitness | x1 | x2...
1 +2.247738091e+001 +2.247738091e+001 +1.387373809e+002 +1.387373809e+002 -3.0987e+000 -4.3329e+000 -7.6522e-001 -5.4771e-002 -4.5574e+000 +1.2961e-001 +9.4042e-001 +3.7401e+000 +3.9385e+000 +3.8354e+000
61 +1.023889999e+001 +1.023889999e+001 +1.264989000e+002 +1.264989000e+002 -9.8295e-002 -3.4572e+000 -4.9569e+000 +2.7750e+000 -2.5702e+000 -7.7506e-001 -4.4899e+000 +1.0408e+000 -1.9106e+000 -2.1839e-001
71 +9.067722710e+000 +9.067722710e+000 +1.253277227e+002 +1.253277227e+002 -2.8820e+000 -5.8961e-001 +1.7282e+000 +6.1225e-001 -2.5339e+000 -3.1101e+000 -1.6192e+000 -4.3781e+000 -1.1723e+000 +1.1203e+000
461 +3.652864408e+000 +3.652864408e+000 +1.199128644e+002 +1.199128644e+002 -3.7399e+000 -4.5501e+000 -4.8742e-001 +1.4093e+000 -3.1379e+000 -1.0901e+000 -2.4028e+000 +6.6748e-001 -2.9004e+000 -3.1708e+000
2043 +1.920398043e+000 +1.920398043e+000 +1.181803980e+002 +1.181803980e+002 -3.7445e+000 -4.5324e+000 -1.8462e+000 +1.5934e+000 -2.2825e+000 -1.5636e+000 -3.2841e+000 +1.8557e+000 -2.6057e+000 -3.9613e+000
2682 +1.531402453e+000 +1.531402453e+000 +1.177914025e+002 +1.177914025e+002 -3.7255e+000 -4.5155e+000 -1.7863e+000 +1.5307e+000 -2.2865e+000 -1.5922e+000 -3.2418e+000 +1.8334e+000 -2.6194e+000 -3.9175e+000
7637 +8.461610466e-001 +8.461610466e-001 +1.171061610e+002 +1.171061610e+002 -3.2262e+000 -3.0662e+000 -2.1388e+000 +9.5586e-001 -2.0340e+000 +1.6125e+000 -2.6730e+000 -8.1177e-001 -3.6579e+000 -3.9591e+000
8346 +5.196907689e-001 +5.196907689e-001 +1.167796908e+002 +1.167796908e+002 -3.2042e+000 -3.6207e+000 -2.5077e+000 +7.6885e-001 -1.4469e+000 +2.0577e+000 -2.4879e+000 -1.3150e+000 -3.6895e+000 -3.7417e+000
9640 +3.647240256e-001 +3.647240256e-001 +1.166247240e+002 +1.166247240e+002 -3.1482e+000 -3.4909e+000 -2.5731e+000 +6.0825e-001 -1.1748e+000 +2.5007e+000 -2.4845e+000 -1.5711e+000 -3.6098e+000 -3.7688e+000
12889 +2.481766035e-001 +2.481766035e-001 +1.165081766e+002 +1.165081766e+002 -3.1296e+000 -3.4706e+000 -2.5050e+000 +6.1918e-001 -1.1824e+000 +2.5082e+000 -2.4785e+000 -1.5360e+000 -3.5517e+000 -3.7671e+000
15748 +1.581845815e-001 +1.581845815e-001 +1.164181846e+002 +1.164181846e+002 -3.1060e+000 -3.4657e+000 -2.4811e+000 +6.4754e-001 -1.1622e+000 +2.5524e+000 -2.5181e+000 -1.5406e+000 -3.5931e+000 -3.7751e+000
% function evaluation | noise-free fitness - Fopt (-1.000000000000e+003) | best noise-free fitness - Fopt | measured fitness | best measured fitness | x1 | x2...
1 +3.329820156e+001 +3.329820156e+001 -9.667017984e+002 -9.667017984e+002 -3.7265e+000 +1.5377e+000 +3.3240e+000 -4.2034e+000 +9.9163e-001 -4.5438e+000 +2.3605e+000 -2.6238e+000 -4.5972e-001 +4.2091e+000
3 +1.509443318e+001 +1.509443318e+001 -9.849055668e+002 -9.849055668e+002 +3.9608e+000 +4.1251e+000 +1.7447e+000 +9.2252e-001 -2.5080e+000 +1.8741e+000 -1.1143e-001 +2.7492e+000 -2.6154e+000 +1.5806e-001
10 +9.281110127e+000 +9.281110127e+000 -9.907188899e+002 -9.907188899e+002 -3.4704e+000 +3.0265e+000 -3.8839e-001 +5.3387e-001 +1.6740e+000 -1.2155e-001 +1.0226e+000 -1.1281e+000 -4.1986e+000 +3.5459e+000
398 +5.776311721e+000 +5.776311721e+000 -9.942236883e+002 -9.942236883e+002 -4.0510e+000 +9.3338e-001 -1.5824e+000 +4.3645e-002 +1.3844e+000 -7.8746e-002 +9.9543e-001 +7.9766e-001 -2.6532e+000 +2.0098e+000
537 +3.975643467e+000 +3.975643467e+000 -9.960243565e+002 -9.960243565e+002 -2.0701e+000 +1.9806e+000 -1.9584e+000 +2.9475e+000 +7.1866e-001 -1.9873e+000 +2.9615e-001 +1.9608e+000 -3.9127e+000 +1.9115e+000
633 +1.911705170e+000 +1.911705170e+000 -9.980882948e+002 -9.980882948e+002 -4.3375e+000 -1.5799e-001 -2.3834e+000 +4.0062e+000 +1.1484e+000 -1.8824e+000 +1.9740e+000 +2.4305e+000 -4.6546e+000 +2.3131e+000
1546 +1.509226545e+000 +1.509226545e+000 -9.984907735e+002 -9.984907735e+002 -2.9886e+000 +2.5937e-001 -2.5466e+000 +2.5411e+000 +1.5148e+000 -1.5816e+000 +2.0836e+000 +2.4800e+000 -2.9164e+000 +3.0620e+000
2144 +8.988357282e-001 +8.988357282e-001 -9.991011643e+002 -9.991011643e+002 -3.6138e+000 +2.7663e-001 -2.2917e+000 +3.1540e+000 +1.9372e+000 -8.7312e-001 +2.0909e+000 +3.0176e+000 -3.4770e+000 +2.3131e+000
2281 +6.087827603e-001 +6.087827603e-001 -9.993912172e+002 -9.993912172e+002 -3.4536e+000 +2.1804e-001 -2.4963e+000 +3.1062e+000 +1.5770e+000 -9.0889e-001 +2.3947e+000 +2.6961e+000 -3.6190e+000 +2.6605e+000
3441 +3.306243778e-001 +3.306243778e-001 -9.996693756e+002 -9.996693756e+002 -3.7383e+000 +2.9702e-001 -2.3352e+000 +3.2954e+000 +1.6476e+000 -7.9794e-001 +2.3269e+000 +2.4100e+000 -3.7462e+000 +2.6484e+000
3700 +1.866523077e-001 +1.866523077e-001 -9.998133477e+002 -9.998133477e+002 -3.5975e+000 +3.6374e-001 -2.3876e+000 +3.2895e+000 +1.6309e+000 -9.8404e-001 +2.5185e+000 +2.3571e+000 -3.6318e+000 +2.5736e+000
4667 +1.318700553e-001 +1.318700553e-001 -9.998681299e+002 -9.998681299e+002 -3.7264e+000 +3.7527e-001 -2.3578e+000 +3.3199e+000 +1.6617e+000 -1.0322e+000 +2.4102e+000 +2.4114e+000 -3.6934e+000 +2.6140e+000
5053 +9.563097641e-002 +9.563097641e-002 -9.999043690e+002 -9.999043690e+002 -3.5633e+000 +3.6220e-001 -2.4233e+000 +3.2125e+000 +1.6424e+000 -1.0112e+000 +2.4451e+000 +2.3962e+000 -3.7666e+000 +2.5667e+000
6017 +5.476976940e-002 +5.476976940e-002 -9.999452302e+002 -9.999452302e+002 -3.6545e+000 +3.4841e-001 -2.3684e+000 +3.2449e+000 +1.6510e+000 -1.0240e+000 +2.4159e+000 +2.3592e+000 -3.7432e+000 +2.5927e+000
6825 +3.848592916e-002 +3.848592916e-002 -9.999615141e+002 -9.999615141e+002 -3.6715e+000 +3.9264e-001 -2.3611e+000 +3.2293e+000 +1.6614e+000 -1.0540e+000 +2.3835e+000 +2.3455e+000 -3.6984e+000 +2.6035e+000
7259 +2.092091551e-002 +2.092091551e-002 -9.999790791e+002 -9.999790791e+002 -3.6474e+000 +3.9046e-001 -2.3772e+000 +3.2283e+000 +1.6698e+000 -1.0469e+000 +2.4149e+000 +2.3750e+000 -3.7231e+000 +2.5837e+000
8038 +1.094075700e-002 +1.094075700e-002 -9.999890592e+002 -9.999890592e+002 -3.6511e+000 +3.9026e-001 -2.3706e+000 +3.2230e+000 +1.6563e+000 -1.0461e+000 +2.4154e+000 +2.3657e+000 -3.7243e+000 +2.5889e+000
8714 +9.522659905e-003 +9.522659905e-003 -9.999904773e+002 -9.999904773e+002 -3.6527e+000 +3.9176e-001 -2.3764e+000 +3.2211e+000 +1.6528e+000 -1.0498e+000 +2.4121e+000 +2.3646e+000 -3.7274e+000 +2.5863e+000
9171 +4.632020062e-003 +4.632020062e-003 -9.999953680e+002 -9.999953680e+002 -3.6445e+000 +3.9663e-001 -2.3790e+000 +3.2213e+000 +1.6520e+000 -1.0480e+000 +2.4115e+000 +2.3662e+000 -3.7265e+000 +2.5854e+000
9831 +3.705841011e-003 +3.705841011e-003 -9.999962942e+002 -9.999962942e+002 -3.6433e+000 +3.9818e-001 -2.3783e+000 +3.2217e+000 +1.6514e+000 -1.0472e+000 +2.4118e+000 +2.3651e+000 -3.7275e+000 +2.5865e+000
10633 +1.774548681e-003 +1.774548681e-003 -9.999982255e+002 -9.999982255e+002 -3.6454e+000 +3.9598e-001 -2.3787e+000 +3.2221e+000 +1.6491e+000 -1.0476e+000 +2.4131e+000 +2.3657e+000 -3.7278e+000 +2.5877e+000
11239 +1.449925274e-003 +1.449925274e-003 -9.999985501e+002 -9.999985501e+002 -3.6451e+000 +3.9649e-001 -2.3787e+000 +3.2222e+000 +1.6496e+000 -1.0470e+000 +2.4132e+000 +2.3657e+000 -3.7275e+000 +2.5875e+000
11834 +8.244191902e-004 +8.244191902e-004 -9.999991756e+002 -9.999991756e+002 -3.6453e+000 +3.9637e-001 -2.3789e+000 +3.2224e+000 +1.6501e+000 -1.0466e+000 +2.4131e+000 +2.3652e+000 -3.7277e+000 +2.5884e+000
12369 +5.804420742e-004 +5.804420742e-004 -9.999994196e+002 -9.999994196e+002 -3.6450e+000 +3.9642e-001 -2.3788e+000 +3.2221e+000 +1.6501e+000 -1.0467e+000 +2.4133e+000 +2.3655e+000 -3.7275e+000 +2.5881e+000
13025 +3.766194915e-004 +3.766194915e-004 -9.999996234e+002 -9.999996234e+002 -3.6451e+000 +3.9637e-001 -2.3787e+000 +3.2219e+000 +1.6502e+000 -1.0467e+000 +2.4132e+000 +2.3657e+000 -3.7273e+000 +2.5877e+000
14957 +2.293599274e-004 +2.293599274e-004 -9.999997706e+002 -9.999997706e+002 -3.6451e+000 +3.9640e-001 -2.3786e+000 +3.2218e+000 +1.6502e+000 -1.0467e+000 +2.4133e+000 +2.3657e+000 -3.7273e+000 +2.5878e+000
16298 +1.545608442e-004 +1.545608442e-004 -9.999998454e+002 -9.999998454e+002 -3.6451e+000 +3.9638e-001 -2.3787e+000 +3.2219e+000 +1.6502e+000 -1.0466e+000 +2.4132e+000 +2.3658e+000 -3.7273e+000 +2.5878e+000
% function evaluation | noise-free fitness - Fopt (-9.193000000000e+001) | best noise-free fitness - Fopt | measured fitness | best measured fitness | x1 | x2...
1 +6.675152260e+001 +6.675152260e+001 -2.517847740e+001 -2.517847740e+001 -1.7681e+000 +2.0863e+000 -5.7265e-001 -1.9146e+000 -4.6633e+000 +4.5977e+000 +2.6212e+000 +4.3457e+000 +1.8191e+000 +3.6873e+000
4 +2.451584316e+001 +2.451584316e+001 -6.741415684e+001 -6.741415684e+001 +2.8940e+000 +2.7755e+000 +4.4977e+000 -3.4194e+000 -2.3940e+000 -2.3205e+000 -4.1914e+000 +4.6029e+000 +3.8561e+000 +4.1667e+000
27 +8.079540139e+000 +8.079540139e+000 -8.385045986e+001 -8.385045986e+001 -2.4685e+000 -2.1418e+000 -2.9660e+000 -1.0687e+000 -3.7129e+000 -1.8588e-001 -5.5570e-001 +2.3804e+000 +2.3769e+000 -4.5444e+000
273 +5.313046386e+000 +5.313046386e+000 -8.661695361e+001 -8.661695361e+001 +1.3480e+000 -3.4773e+000 -2.9052e+000 +4.4940e+000 -2.9897e+000 -4.6301e-001 -1.6867e+000 +2.8223e+000 +1.3768e+000 -4.5723e+000
447 +3.891172360e+000 +3.891172360e+000 -8.803882764e+001 -8.803882764e+001 +1.8427e+000 -3.6269e+000 -2.1898e+000 +2.4705e+000 -1.3640e+000 +4.0136e-001 -7.5446e-001 +3.1767e+000 +1.6474e+000 -3.9125e+000
932 +2.322706790e+000 +2.322706790e+000 -8.960729321e+001 -8.960729321e+001 +1.0964e+000 -3.5061e+000 -1.1285e+000 +3.2714e+000 -9.9524e-003 -8.5412e-001 -9.4880e-001 +3.2307e+000 +2.3016e+000 -3.1699e+000
1277 +1.118959968e+000 +1.118959968e+000 -9.081104003e+001 -9.081104003e+001 +1.5276e+000 -3.5902e+000 -1.1535e+000 +2.6086e+000 -1.5757e-001 +2.6978e-001 -1.3990e+000 +2.8168e+000 +3.4562e+000 -2.0516e+000
1908 +9.176539556e-001 +9.176539556e-001 -9.101234604e+001 -9.101234604e+001 +9.2597e-001 -3.6737e+000 -6.8558e-001 +2.8307e+000 -6.2475e-001 -3.8802e-001 -1.3671e+000 +3.3694e+000 +2.9819e+000 -1.8814e+000
2714 +5.861931558e-001 +5.861931558e-001 -9.134380684e+001 -9.134380684e+001 +7.8036e-001 -3.6511e+000 -9.1697e-001 +1.9939e+000 -5.7316e-001 +7.5915e-003 -1.2595e+000 +2.8101e+000 +3.0107e+000 -1.9837e+000
2896 +3.236962703e-001 +3.236962703e-001 -9.160630373e+001 -9.160630373e+001 +9.9664e-001 -3.5203e+000 -9.8424e-001 +2.4133e+000 -5.3053e-001 -3.9272e-001 -1.2195e+000 +2.8949e+000 +2.9134e+000 -2.0724e+000
3864 +2.421867354e-001 +2.421867354e-001 -9.168781326e+001 -9.168781326e+001 +8.1923e-001 -3.5368e+000 -1.0190e+000 +2.2961e+000 -5.9645e-001 -2.6126e-001 -1.3934e+000 +2.9555e+000 +2.9897e+000 -2.1912e+000
4372 +1.295720366e-001 +1.295720366e-001 -9.180042796e+001 -9.180042796e+001 +7.4762e-001 -3.4530e+000 -1.0672e+000 +2.4475e+000 -5.6032e-001 -3.4584e-001 -1.3658e+000 +2.9551e+000 +2.9345e+000 -2.1876e+000
5397 +8.303333702e-002 +8.303333702e-002 -9.184696666e+001 -9.184696666e+001 +7.8854e-001 -3.5054e+000 -1.0310e+000 +2.4593e+000 -6.7858e-001 -2.4210e-001 -1.3617e+000 +3.0297e+000 +2.8918e+000 -2.2082e+000
5751 +5.818770649e-002 +5.818770649e-002 -9.187181229e+001 -9.187181229e+001 +7.8786e-001 -3.4938e+000 -1.0491e+000 +2.3591e+000 -7.2008e-001 -2.7793e-001 -1.3333e+000 +2.9783e+000 +2.9342e+000 -2.2564e+000
7323 +3.589730866e-002 +3.589730866e-002 -9.189410269e+001 -9.189410269e+001 +7.9462e-001 -3.4735e+000 -1.0507e+000 +2.3870e+000 -6.7877e-001 -2.8184e-001 -1.3460e+000 +3.0086e+000 +2.9455e+000 -2.1973e+000
7726 +1.483846914e-002 +1.483846914e-002 -9.191516153e+001 -9.191516153e+001 +7.7620e-001 -3.4658e+000 -1.0416e+000 +2.3835e+000 -7.1003e-001 -2.7491e-001 -1.3407e+000 +3.0202e+000 +2.9367e+000 -2.2011e+000
8656 +9.622366157e-003 +9.622366157e-003 -9.192037763e+001 -9.192037763e+001 +7.6141e-001 -3.4696e+000 -1.0503e+000 +2.3742e+000 -7.0683e-001 -2.7742e-001 -1.3458e+000 +3.0096e+000 +2.9504e+000 -2.2006e+000
9968 +6.222004733e-003 +6.222004733e-003 -9.192377800e+001 -9.192377800e+001 +7.6362e-001 -3.4692e+000 -1.0548e+000 +2.3703e+000 -7.0323e-001 -2.6812e-001 -1.3443e+000 +3.0084e+000 +2.9501e+000 -2.1980e+000
11249 +3.597492672e-003 +3.597492672e-003 -9.192640251e+001 -9.192640251e+001 +7.6175e-001 -3.4684e+000 -1.0552e+000 +2.3678e+000 -7.0532e-001 -2.6956e-001 -1.3435e+000 +3.0072e+000 +2.9538e+000 -2.1992e+000
12231 +2.505405869e-003 +2.505405869e-003 -9.192749459e+001 -9.192749459e+001 +7.6153e-001 -3.4689e+000 -1.0552e+000 +2.3632e+000 -7.0531e-001 -2.6939e-001 -1.3443e+000 +3.0060e+000 +2.9610e+000 -2.1976e+000
13604 +1.579597783e-003 +1.579597783e-003 -9.192842040e+001 -9.192842040e+001 +7.6205e-001 -3.4692e+000 -1.0553e+000 +2.3636e+000 -7.0501e-001 -2.6937e-001 -1.3444e+000 +3.0062e+000 +2.9615e+000 -2.1979e+000
15267 +9.951101593e-004 +9.951101593e-004 -9.192900489e+001 -9.192900489e+001 +7.6154e-001 -3.4693e+000 -1.0553e+000 +2.3642e+000 -7.0503e-001 -2.6925e-001 -1.3448e+000 +3.0063e+000 +2.9603e+000 -2.1980e+000
% function evaluation | noise-free fitness - Fopt (1.487500000000e+002) | best noise-free fitness - Fopt | measured fitness | best measured fitness | x1 | x2...
1 +1.031038453e+002 +1.031038453e+002 +2.518538453e+002 +2.518538453e+002 -4.3303e+000 -1.2024e+000 -3.0558e+000 -4.9728e-001 -2.2937e+000 +1.9175e+000 +4.5003e+000 -8.7854e-001 +8.9477e-001 -3.4806e+000
3 +4.650828139e+001 +4.650828139e+001 +1.952582814e+002 +1.952582814e+002 -9.4049e-001 +3.3950e+000 -3.7471e+000 +3.5227e+000 -4.4500e+000 -2.9956e+000 +4.3655e+000 -1.1487e+000 -1.3353e+000 +1.4955e+000
4 +2.447747805e+001 +2.447747805e+001 +1.732274781e+002 +1.732274781e+002 -1.9788e+000 +3.0248e+000 +2.9415e+000 +3.8917e+000 -4.6888e+000 -3.6012e+000 +3.2091e+000 -4.9719e+000 -4.9364e+000 -2.0053e-001
19 +6.306375463e+000 +6.306375463e+000 +1.550563755e+002 +1.550563755e+002 +5.6101e-001 -2.6885e+000 +2.4682e-001 +2.2061e+000 -1.0173e+000 +4.7324e+000 -2.5543e+000 -2.5631e+000 +4.5527e-001 -1.3379e+000
492 +3.302501537e+000 +3.302501537e+000 +1.520525015e+002 +1.520525015e+002 +1.1451e+000 -1.2315e+000 +1.9357e+000 +2.0984e+000 -1.8045e+000 +2.9577e+000 -1.9070e+000 -1.6884e+000 -7.7073e-001 +8.4826e-001
1191 +2.194478232e+000 +2.194478232e+000 +1.509444782e+002 +1.509444782e+002 +2.1235e+000 -2.8340e+000 +1.2840e+000 +3.2868e+000 -1.7053e+000 +3.2862e+000 -3.5421e+000 -2.0375e+000 -6.2161e-001 +8.1447e-001
1499 +1.570487086e+000 +1.570487086e+000 +1.503204871e+002 +1.503204871e+002 +1.9556e+000 -2.8039e+000 +3.0148e-001 +3.5953e+000 -1.6508e+000 +2.4777e+000 -3.9392e+000 -2.3347e+000 -1.1909e+000 +9.7387e-001
1926 +9.255008695e-001 +9.255008695e-001 +1.496755009e+002 +1.496755009e+002 +2.3117e+000 -3.9014e+000 +6.1062e-002 +3.3280e+000 -1.0217e+000 +2.7904e+000 -3.7509e+000 -2.0971e+000 -1.0935e+000 +7.5329e-001
2569 +5.875862334e-001 +5.875862334e-001 +1.493375862e+002 +1.493375862e+002 +2.3627e+000 -3.9879e+000 -1.9631e-002 +3.0844e+000 -9.9087e-001 +2.7062e+000 -3.8716e+000 -2.0706e+000 -1.1556e+000 +6.6813e-001
4123 +3.732062349e-001 +3.732062349e-001 +1.491232062e+002 +1.491232062e+002 +2.3566e+000 -3.5687e+000 -1.3350e-001 +3.1636e+000 -1.0764e+000 +2.8875e+000 -3.9056e+000 -1.8959e+000 -1.3578e+000 +1.3289e+000
4820 +2.381638713e-001 +2.381638713e-001 +1.489881639e+002 +1.489881639e+002 +2.3479e+000 -3.7502e+000 -1.6870e-001 +3.1428e+000 -1.0601e+000 +2.7735e+000 -3.8710e+000 -2.0476e+000 -1.3231e+000 +1.2854e+000
6367 +1.286488267e-001 +1.286488267e-001 +1.488786488e+002 +1.488786488e+002 +2.3699e+000 -3.7047e+000 -1.9699e-001 +3.1591e+000 -1.0844e+000 +2.7837e+000 -3.9265e+000 -2.0303e+000 -1.3424e+000 +1.3603e+000
6963 +8.927625917e-002 +8.927625917e-002 +1.488392763e+002 +1.488392763e+002 +2.3711e+000 -3.7070e+000 -1.8720e-001 +3.1480e+000 -1.1294e+000 +2.7880e+000 -3.9148e+000 -2.0139e+000 -1.3429e+000 +1.4190e+000
8374 +6.008858985e-002 +6.008858985e-002 +1.488100886e+002 +1.488100886e+002 +2.3798e+000 -3.6978e+000 -1.9369e-001 +3.1679e+000 -1.1378e+000 +2.7925e+000 -3.9112e+000 -2.0138e+000 -1.3654e+000 +1.4102e+000
10634 +3.829757032e-002 +3.829757032e-002 +1.487882976e+002 +1.487882976e+002 +2.3808e+000 -3.6970e+000 -1.9629e-001 +3.1638e+000 -1.1383e+000 +2.7935e+000 -3.9104e+000 -2.0100e+000 -1.3683e+000 +1.4154e+000
% function evaluation | noise-free fitness - Fopt (-1.483000000000e+002) | best noise-free fitness - Fopt | measured fitness | best measured fitness | x1 | x2...
1 +5.398510635e+001 +5.398510635e+001 -9.431489365e+001 -9.431489365e+001 -4.3172e+000 +1.3932e+000 -2.3546e+000 -1.4227e+000 +1.9970e+000 +3.2431e+000 -9.4782e-001 -1.9710e-001 +3.8970e+000 +6.9484e-001
3 +2.815491544e+001 +2.815491544e+001 -1.201450846e+002 -1.201450846e+002 -2.3154e-001 +3.2394e+000 -4.1764e+000 +2.6310e+000 +3.3075e-001 -2.6057e-001 -2.7444e+000 +1.2567e+000 +4.1127e+000 -3.3698e+000
5 +1.938079202e+001 +1.938079202e+001 -1.289192080e+002 -1.289192080e+002 +3.5228e+000 -2.0964e+000 -1.7960e+000 +1.4162e+000 +3.7147e+000 -7.9431e-002 -4.3389e+000 +4.6187e+000 -2.9125e+000 +3.4041e+000
14 +1.540382474e+001 +1.540382474e+001 -1.328961753e+002 -1.328961753e+002 +2.5654e+000 +1.5655e+000 +7.5108e-001 -4.3004e+000 -4.6574e-001 +3.3958e+000 +1.6090e+000 +3.5499e+000 -4.2176e-001 +2.7306e+000
234 +5.483354489e+000 +5.483354489e+000 -1.428166455e+002 -1.428166455e+002 -3.6889e-002 +1.1071e-001 -4.4177e+000 +1.3663e+000 +2.5073e+000 -1.1069e+000 +7.0863e-001 +4.8206e+000 -4.8890e-001 -1.6613e+000
1678 +3.171876135e+000 +3.171876135e+000 -1.451281239e+002 -1.451281239e+002 +2.1922e-001 +8.7388e-001 -3.3502e+000 +3.7672e+000 +2.9879e+000 -6.3981e-001 +1.1266e+000 +2.8471e+000 -2.5674e+000 +3.4210e+000
1787 +2.106160424e+000 +2.106160424e+000 -1.461938396e+002 -1.461938396e+002 +2.9929e-001 +1.6690e+000 -3.4142e+000 +4.9723e+000 +3.2908e+000 -1.4062e+000 +1.3151e+000 +2.7360e+000 -2.8844e+000 +3.6393e+000
1917 +1.559404638e+000 +1.559404638e+000 -1.467405954e+002 -1.467405954e+002 +3.8843e-001 +1.6482e+000 -2.7124e+000 +4.7264e+000 +3.2467e+000 -1.6749e+000 +1.7308e+000 +2.5409e+000 -2.9842e+000 +4.1638e+000
5024 +9.333069681e-001 +9.333069681e-001 -1.473666930e+002 -1.473666930e+002 +2.8425e-001 +2.0596e+000 -2.6898e+000 +4.8949e+000 +3.1149e+000 -1.5872e+000 +2.2810e+000 +2.4062e+000 -3.3550e+000 +4.4080e+000
6294 +5.910880393e-001 +5.910880393e-001 -1.477089120e+002 -1.477089120e+002 +6.9836e-001 +1.6190e+000 -3.0852e+000 +4.5709e+000 +3.3921e+000 -1.4023e+000 +2.1360e+000 +2.4952e+000 -2.6260e+000 +3.1307e+000
12486 +3.977105876e-001 +3.977105876e-001 -1.479022894e+002 -1.479022894e+002 +6.8937e-001 +1.5915e+000 -3.0767e+000 +4.5797e+000 +3.3851e+000 -1.4357e+000 +2.1490e+000 +2.4888e+000 -2.6193e+000 +3.1084e+000
% function evaluation | noise-free fitness - Fopt (1.702000000000e+001) | best noise-free fitness - Fopt | measured fitness | best measured fitness | x1 | x2...
1 +5.091578496e+001 +5.091578496e+001 +6.793578496e+001 +6.793578496e+001 -1.1075e+000 -2.8497e+000 +5.7084e-001 -3.2571e+000 -3.6450e+000 -2.0452e+000 +3.5635e+000 -1.3940e+000 -2.0245e-001 +3.6467e+000
3 +1.043528869e+001 +1.043528869e+001 +2.745528869e+001 +2.745528869e+001 +8.3675e-002 -1.8981e+000 +3.1492e+000 -8.3447e-001 +3.3938e+000 -4.6245e+000 -2.3059e+000 -7.3433e-001 +1.3571e+000 +3.4596e+000
169 +8.989488550e+000 +8.989488550e+000 +2.600948855e+001 +2.600948855e+001 +1.3078e+000 -1.3598e+000 +1.2007e+000 -1.7341e+000 +4.2733e+000 -4.3783e+000 -4.7935e-002 +2.0044e+000 +8.0866e-001 +2.3885e+000
517 +5.241426175e+000 +5.241426175e+000 +2.226142618e+001 +2.226142618e+001 +2.6503e+000 -1.7134e+000 +2.0475e+000 -3.0307e+000 +2.4939e+000 -4.7434e+000 -3.0529e-001 +1.8149e+000 +8.6839e-001 -1.3321e+000
996 +3.561812262e+000 +3.561812262e+000 +2.058181226e+001 +2.058181226e+001 +2.2210e+000 -1.5709e+000 +1.8498e+000 -2.3910e+000 +6.6380e-001 -4.5866e+000 +8.3004e-001 +1.5210e+000 -8.9164e-001 -3.3559e-002
2012 +2.134546017e+000 +2.134546017e+000 +1.915454602e+001 +1.915454602e+001 +3.1257e+000 -1.0264e+000 +6.6280e-001 -2.9736e+000 -2.7722e-001 -4.5880e+000 -7.1732e-001 +2.6432e+000 -1.2100e+000 +8.1408e-001
2525 +1.243203478e+000 +1.243203478e+000 +1.826320348e+001 +1.826320348e+001 +3.4012e+000 -9.9964e-001 +1.6293e+000 -2.5079e+000 +3.7545e-001 -3.2122e+000 -8.6860e-001 +7.4269e-001 -1.6874e+000 +1.3478e+000
3435 +8.776663352e-001 +8.776663352e-001 +1.789766634e+001 +1.789766634e+001 +3.8044e+000 -1.1083e+000 +1.7379e+000 -2.8132e+000 -1.1072e-001 -3.4664e+000 -1.2211e+000 +1.1330e+000 -1.9910e+000 +1.0561e+000
6473 +6.291959772e-001 +6.291959772e-001 +1.764919598e+001 +1.764919598e+001 +3.9219e+000 -1.1903e+000 +1.6302e+000 -3.0302e+000 -5.6309e-001 -3.8245e+000 -1.3964e+000 +1.7149e+000 -2.2185e+000 +8.5788e-001
9421 +3.813492012e-001 +3.813492012e-001 +1.740134920e+001 +1.740134920e+001 +3.5959e+000 -1.2016e+000 +1.9956e+000 -3.0967e+000 -1.1277e-001 -2.5069e+000 -1.6490e+000 +1.0010e+000 -2.9778e+000 +9.7888e-001
10325 +2.508234381e-001 +2.508234381e-001 +1.727082344e+001 +1.727082344e+001 +3.5722e+000 -1.1771e+000 +2.0075e+000 -3.0777e+000 -3.1687e-002 -2.5414e+000 -1.7050e+000 +9.4713e-001 -2.9641e+000 +1.0679e+000
% function evaluation | noise-free fitness - Fopt (-2.202000000000e+002) | best noise-free fitness - Fopt | measured fitness | best measured fitness | x1 | x2...
1 +4.993099977e+001 +4.993099977e+001 -1.702690002e+002 -1.702690002e+002 +3.6487e+000 +5.5163e-001 +1.3135e+000 -4.2014e+000 +4.5383e-001 -4.0320e+000 -2.3129e+000 -2.1416e+000 -3.9582e+000 -2.8318e+000
3 +3.949252336e+001 +3.949252336e+001 -1.807074766e+002 -1.807074766e+002 +7.5223e-001 +2.9747e+000 +1.9298e+000 +3.4825e+000 +8.1417e-001 -3.5324e+000 -2.7412e+000 -1.1971e+000 +4.1625e+000 -7.6156e-001
5 +2.437081610e+001 +2.437081610e+001 -1.958291839e+002 -1.958291839e+002 -1.2572e+000 +1.9512e+000 +6.6548e-001 -3.5166e+000 -1.9987e+000 +1.0463e+000 +3.8400e+000 +3.1167e-001 -2.4837e+000 +2.6079e+000
10 +1.208357195e+001 +1.208357195e+001 -2.081164280e+002 -2.081164280e+002 -4.9857e+000 +1.7302e-001 -1.7437e+000 +2.6325e+000 -7.1863e-002 +1.5817e+000 -3.3448e+000 -1.4951e+000 -3.8677e+000 +9.3782e-001
13 +6.203009975e+000 +6.203009975e+000 -2.139969900e+002 -2.139969900e+002 -3.8999e+000 +2.9531e+000 -1.1565e+000 +2.7512e+000 +4.0364e+000 -1.0995e+000 -4.5264e+000 -3.1869e+000 -3.1830e+000 +3.4603e-001
1055 +2.766589988e+000 +2.766589988e+000 -2.174334100e+002 -2.174334100e+002 -2.8827e+000 -1.1227e+000 -7.9883e-001 +1.3093e+000 +1.5757e+000 -4.2596e+000 -2.0711e+000 -3.8629e+000 -3.3668e+000 -1.0707e+000
1190 +2.178783988e+000 +2.178783988e+000 -2.180212160e+002 -2.180212160e+002 -4.0195e+000 +9.4231e-002 -1.5613e+000 +1.8314e+000 +1.5188e+000 -3.0011e+000 -1.9331e+000 -2.1948e+000 -2.9288e+000 -1.0938e+000
1788 +1.537558669e+000 +1.537558669e+000 -2.186624413e+002 -2.186624413e+002 -4.1047e+000 -9.8885e-001 -8.2823e-002 +1.8562e+000 +9.4040e-001 -4.2157e+000 -1.5180e+000 -3.5641e+000 -3.6499e+000 -1.8770e+000
2788 +8.888823009e-001 +8.888823009e-001 -2.193111177e+002 -2.193111177e+002 -3.6350e+000 -8.3001e-001 +3.1661e-001 +2.2733e+000 +2.8989e-001 -3.9347e+000 -6.9023e-001 -3.1442e+000 -3.6042e+000 -1.3173e+000
3958 +5.800746442e-001 +5.800746442e-001 -2.196199254e+002 -2.196199254e+002 -3.9045e+000 -3.7465e-001 -6.3907e-002 +2.4027e+000 +2.3766e-001 -3.6437e+000 -7.2703e-001 -3.9512e+000 -4.2482e+000 -1.1681e+000
4896 +3.095379730e-001 +3.095379730e-001 -2.198904620e+002 -2.198904620e+002 -3.9106e+000 -7.4351e-001 -1.3127e-001 +2.5422e+000 +9.4468e-002 -3.6690e+000 -7.8138e-001 -3.5301e+000 -3.7046e+000 -1.3931e+000
5227 +2.490171569e-001 +2.490171569e-001 -2.199509828e+002 -2.199509828e+002 -3.8618e+000 -7.8365e-001 -1.3876e-001 +2.4105e+000 +2.7380e-002 -3.6042e+000 -8.2834e-001 -3.3401e+000 -3.5223e+000 -1.4525e+000
7506 +1.574157801e-001 +1.574157801e-001 -2.200425842e+002 -2.200425842e+002 -3.8351e+000 -8.2896e-001 -1.6975e-001 +2.3385e+000 +5.4510e-002 -3.5765e+000 -8.2788e-001 -3.3947e+000 -3.5058e+000 -1.4276e+000
9037 +9.959493812e-002 +9.959493812e-002 -2.201004051e+002 -2.201004051e+002 -3.8046e+000 -8.9673e-001 -9.9429e-002 +2.5106e+000 -8.2310e-002 -3.5773e+000 -6.9051e-001 -3.3977e+000 -3.4851e+000 -1.4250e+000
% function evaluation | noise-free fitness - Fopt (-2.041000000000e+001) | best noise-free fitness - Fopt | measured fitness | best measured fitness | x1 | x2...
1 +4.177411191e+001 +4.177411191e+001 +2.136411191e+001 +2.136411191e+001 -1.9789e+000 +2.2790e-001 +1.4610e+000 -4.8234e+000 -2.4393e+000 -1.5090e+000 -2.2592e+000 +6.3323e-001 -2.4337e+000 -2.4512e+000
3 +1.660325131e+001 +1.660325131e+001 -3.806748690e+000 -3.806748690e+000 -2.0148e+000 -3.8942e-001 +1.4914e+000 +5.8547e-001 -7.5540e-001 -3.2836e+000 -2.4910e+000 -1.8665e-001 -2.0202e+000 -3.9034e-002
7 +1.307755447e+001 +1.307755447e+001 -7.332445533e+000 -7.332445533e+000 +5.6635e-001 -4.5598e-001 -1.8310e+000 -1.6452e+000 +2.9558e+000 -3.1931e+000 -2.0839e-001 -2.8858e+000 -2.4123e+000 +4.1815e+000
43 +7.112105095e+000 +7.112105095e+000 -1.329789491e+001 -1.329789491e+001 -2.1290e+000 -2.9030e+000 -2.6952e+000 +3.3819e+000 +4.4212e+000 -1.6975e+000 -9.8828e-002 +2.7780e+000 +1.3393e+000 -1.1412e-001
621 +5.065310264e+000 +5.065310264e+000 -1.534468974e+001 -1.534468974e+001 -1.7905e+000 -3.0370e+000 -4.4206e+000 +3.1328e+000 +3.3603e+000 -2.8073e+000 -7.2040e-001 -7.3449e-002 -1.6404e+000 +4.4459e+000
1071 +3.810426295e+000 +3.810426295e+000 -1.659957370e+001 -1.659957370e+001 -1.0639e+000 -3.3786e+000 -1.7011e+000 +2.5910e+000 +2.3623e+000 -3.2811e+000 -1.4987e+000 +2.2036e+000 -4.1986e+000 +1.5606e+000
1321 +2.497400238e+000 +2.497400238e+000 -1.791259976e+001 -1.791259976e+001 -2.6454e+000 -1.9466e+000 -3.4815e+000 +2.9052e+000 +4.1356e+000 -1.6212e+000 +1.7008e-001 +2.5364e+000 -2.2792e+000 +2.2231e+000
2931 +1.427551110e+000 +1.427551110e+000 -1.898244889e+001 -1.898244889e+001 -2.6706e+000 -2.1968e+000 -3.6622e+000 +2.7824e+000 +3.1018e+000 -1.6075e+000 +2.2245e-001 +7.4139e-001 -2.1968e+000 +1.9811e+000
4090 +7.725897409e-001 +7.725897409e-001 -1.963741026e+001 -1.963741026e+001 -2.7749e+000 -2.1300e+000 -3.6104e+000 +2.2870e+000 +2.8624e+000 -4.8766e-001 -7.8790e-001 -2.7347e-001 -2.3515e+000 +1.8909e+000
4540 +5.204882735e-001 +5.204882735e-001 -1.988951173e+001 -1.988951173e+001 -2.9075e+000 -1.9747e+000 -3.7121e+000 +2.4716e+000 +2.8460e+000 -4.6521e-002 -7.2714e-001 -7.2001e-001 -2.4170e+000 +1.9241e+000
5631 +3.099304979e-001 +3.099304979e-001 -2.010006950e+001 -2.010006950e+001 -3.0647e+000 -2.0866e+000 -3.7786e+000 +2.4292e+000 +2.8531e+000 -3.3255e-001 -3.8532e-001 -6.8341e-001 -2.4276e+000 +2.1342e+000
6102 +2.354842776e-001 +2.354842776e-001 -2.017451572e+001 -2.017451572e+001 -3.1390e+000 -2.1579e+000 -3.7536e+000 +2.3550e+000 +2.8486e+000 -5.1862e-001 -4.8787e-001 -7.3197e-001 -2.4779e+000 +2.0512e+000
7000 +1.579485276e-001 +1.579485276e-001 -2.025205147e+001 -2.025205147e+001 -3.1345e+000 -2.0449e+000 -3.6522e+000 +2.3639e+000 +2.9214e+000 -5.5612e-001 -5.1563e-001 -7.0501e-001 -2.4059e+000 +2.0953e+000
9751 +8.550338086e-002 +8.550338086e-002 -2.032449662e+001 -2.032449662e+001 -3.1257e+000 -2.0395e+000 -3.6405e+000 +2.3728e+000 +2.8274e+000 -4.1240e-001 -4.6958e-001 -6.8444e-001 -2.4733e+000 +2.0689e+000
11087 +6.117829452e-002 +6.117829452e-002 -2.034882171e+001 -2.034882171e+001 -3.1297e+000 -2.0542e+000 -3.6350e+000 +2.3750e+000 +2.8333e+000 -4.0469e-001 -4.8009e-001 -6.5464e-001 -2.4537e+000 +2.0528e+000
13367 +3.842701328e-002 +3.842701328e-002 -2.037157299e+001 -2.037157299e+001 -3.1261e+000 -2.0641e+000 -3.6313e+000 +2.3832e+000 +2.8334e+000 -3.9865e-001 -5.0381e-001 -6.5185e-001 -2.4536e+000 +2.0447e+000
14327 +2.397051044e-002 +2.397051044e-002 -2.038602949e+001 -2.038602949e+001 -3.1294e+000 -2.0579e+000 -3.6294e+000 +2.3805e+000 +2.8340e+000 -3.9493e-001 -4.9328e-001 -6.5237e-001 -2.4431e+000 +2.0449e+000
15873 +1.578697694e-002 +1.578697694e-002 -2.039421302e+001 -2.039421302e+001 -3.1289e+000 -2.0611e+000 -3.6286e+000 +2.3841e+000 +2.8335e+000 -4.0029e-001 -4.9813e-001 -6.5247e-001 -2.4443e+000 +2.0431e+000
% function evaluation | noise-free fitness - Fopt (6.081000000000e+001) | best noise-free fitness - Fopt | measured fitness | best measured fitness | x1 | x2...
1 +1.867580638e+001 +1.867580638e+001 +7.948580638e+001 +7.948580638e+001 +2.1770e-001 +3.9599e+000 -1.7209e+000 -2.1822e+000 -3.4704e+000 -1.8704e+000 +1.4031e+000 -1.5695e-001 -1.2248e+000 +1.3991e-001
18 +1.414616490e+001 +1.414616490e+001 +7.495616490e+001 +7.495616490e+001 +1.3198e+000 -2.3444e+000 +3.8574e+000 +3.9215e+000 +1.1657e+000 -1.8518e+000 +4.8989e+000 -4.1926e+000 -3.7979e+000 +4.6317e+000
152 +9.765730907e+000 +9.765730907e+000 +7.057573091e+001 +7.057573091e+001 +1.6306e+000 +2.5560e+000 +4.7274e+000 -3.9815e+000 -2.8111e+000 +1.5929e+000 -1.3327e+000 -3.9067e-002 -1.0981e+000 +4.4923e+000
308 +3.939077041e+000 +3.939077041e+000 +6.474907704e+001 +6.474907704e+001 +1.3960e+000 +1.8796e+000 +2.8730e+000 -5.1104e-001 -1.9549e+000 -2.6644e+000 +2.6570e+000 -1.7206e+000 -1.5828e+000 +3.6680e+000
1479 +2.182923486e+000 +2.182923486e+000 +6.299292349e+001 +6.299292349e+001 +1.5171e+000 +2.3391e+000 +4.0366e+000 -1.2196e+000 +3.3711e-001 -1.8737e+000 +1.9327e+000 -2.3750e+000 -1.5484e+000 +4.8744e+000
1863 +1.302903068e+000 +1.302903068e+000 +6.211290307e+001 +6.211290307e+001 +1.3934e+000 +2.0924e+000 +3.6225e+000 -9.3979e-001 +2.0014e-001 -1.4998e+000 +1.6472e+000 -1.9935e+000 -2.1579e+000 +4.4351e+000
2168 +9.865875109e-001 +9.865875109e-001 +6.179658751e+001 +6.179658751e+001 +1.1764e+000 +2.1542e+000 +2.6346e+000 -5.7683e-001 +6.2468e-001 -1.4546e+000 +2.0008e+000 -1.6179e+000 -1.4500e+000 +4.7071e+000
2685 +5.874124571e-001 +5.874124571e-001 +6.139741246e+001 +6.139741246e+001 +1.0967e+000 +2.9403e+000 +3.0626e+000 +6.0127e-001 +7.0436e-001 -1.2481e+000 +1.2706e+000 -2.2738e+000 -1.6059e+000 +4.1610e+000
4206 +3.898569625e-001 +3.898569625e-001 +6.119985696e+001 +6.119985696e+001 +8.4449e-001 +2.5014e+000 +3.5145e+000 +2.5588e-001 +5.7971e-001 -1.4249e+000 +1.2329e+000 -2.6176e+000 -1.8270e+000 +3.8320e+000
4564 +2.043341628e-001 +2.043341628e-001 +6.101433416e+001 +6.101433416e+001 +1.1358e+000 +2.5514e+000 +3.3353e+000 +4.0436e-001 +6.8825e-001 -1.4556e+000 +1.5994e+000 -2.5372e+000 -1.9427e+000 +4.0181e+000
4948 +1.360813506e-001 +1.360813506e-001 +6.094608135e+001 +6.094608135e+001 +1.0335e+000 +2.5708e+000 +3.3780e+000 +4.0445e-001 +6.5130e-001 -1.5108e+000 +1.4940e+000 -2.5578e+000 -2.0104e+000 +3.9694e+000
6361 +9.913686499e-002 +9.913686499e-002 +6.090913686e+001 +6.090913686e+001 +1.0303e+000 +2.5803e+000 +3.3781e+000 +4.6083e-001 +6.3381e-001 -1.5385e+000 +1.4863e+000 -2.5976e+000 -2.0092e+000 +3.9644e+000
8145 +5.879103293e-002 +5.879103293e-002 +6.086879103e+001 +6.086879103e+001 +1.0517e+000 +2.5891e+000 +3.3976e+000 +3.5786e-001 +6.0553e-001 -1.5167e+000 +1.5237e+000 -2.5879e+000 -1.9795e+000 +3.9798e+000
10609 +3.955825528e-002 +3.955825528e-002 +6.084955826e+001 +6.084955826e+001 +1.0646e+000 +2.5991e+000 +3.3883e+000 +3.2330e-001 +5.6957e-001 -1.5437e+000 +1.4888e+000 -2.5680e+000 -1.9596e+000 +3.9873e+000
% function evaluation | noise-free fitness - Fopt (-6.176300000000e+002) | best noise-free fitness - Fopt | measured fitness | best measured fitness | x1 | x2...
1 +3.304515964e+001 +3.304515964e+001 -5.845848404e+002 -5.845848404e+002 -2.5656e+000 +1.5002e+000 +8.6506e-001 -2.5796e-001 -2.6342e-001 +2.3871e-001 +2.4511e+000 +1.3208e+000 +2.4113e+000 -4.5732e+000
3 +2.422827747e+001 +2.422827747e+001 -5.934017225e+002 -5.934017225e+002 -4.2839e+000 -2.5937e+000 +9.7311e-001 +9.9382e-001 -2.0011e+000 +4.4116e+000 +2.2197e+000 -2.2576e+000 +3.3440e+000 +1.6602e+000
44 +1.515827797e+001 +1.515827797e+001 -6.024717220e+002 -6.024717220e+002 +2.0887e+000 +8.5272e-001 -4.5736e+000 -3.2035e+000 -4.7541e+000 -2.7481e+000 -1.6458e+000 -1.1609e-001 +3.4230e+000 +4.3035e-001
127 +5.339681614e+000 +5.339681614e+000 -6.122903184e+002 -6.122903184e+002 -1.3650e+000 -1.1391e+000 -3.5508e+000 -6.0098e-001 -2.9621e+000 +2.2928e+000 +3.2625e+000 +1.3303e+000 +4.1257e+000 +2.1646e+000
598 +3.674817639e+000 +3.674817639e+000 -6.139551824e+002 -6.139551824e+002 +1.4463e+000 -2.7814e+000 -2.9492e+000 -3.5902e+000 -3.2887e+000 -2.5064e-001 -2.4733e-001 -3.8292e+000 +3.6618e+000 +2.2207e+000
1194 +2.460732790e+000 +2.460732790e+000 -6.151692672e+002 -6.151692672e+002 -4.8141e-001 -3.5660e+000 -2.9603e+000 -4.0501e+000 -3.4197e+000 -1.0142e+000 +6.8656e-002 -1.9532e+000 +3.2618e+000 +1.9750e+000
1258 +1.032100673e+000 +1.032100673e+000 -6.165978993e+002 -6.165978993e+002 -8.4046e-001 -3.3808e+000 -3.6371e+000 -3.8565e+000 -3.7676e+000 -5.6349e-001 +6.5624e-001 -2.6350e+000 +3.6375e+000 +1.5274e+000
1812 +9.114677246e-001 +9.114677246e-001 -6.167185323e+002 -6.167185323e+002 -1.2562e+000 -2.5133e+000 -3.7124e+000 -3.1652e+000 -3.5004e+000 +7.6283e-002 +1.1544e+000 -2.3506e+000 +4.0629e+000 +1.5982e+000
2150 +5.954578753e-001 +5.954578753e-001 -6.170345421e+002 -6.170345421e+002 -9.9643e-001 -2.6533e+000 -3.6371e+000 -3.6978e+000 -3.7676e+000 -5.6349e-001 +6.9274e-001 -2.6350e+000 +4.1149e+000 +1.5274e+000
2812 +2.826318574e-001 +2.826318574e-001 -6.173473681e+002 -6.173473681e+002 -1.1053e+000 -2.7900e+000 -3.6304e+000 -3.6439e+000 -3.8619e+000 -4.6558e-001 +7.2716e-001 -2.6653e+000 +4.0579e+000 +1.6219e+000
3163 +2.170210529e-001 +2.170210529e-001 -6.174129789e+002 -6.174129789e+002 -1.0740e+000 -2.7511e+000 -3.6824e+000 -3.6597e+000 -3.8751e+000 -4.5388e-001 +6.9801e-001 -2.5866e+000 +4.0419e+000 +1.6608e+000
4001 +1.527074891e-001 +1.527074891e-001 -6.174772925e+002 -6.174772925e+002 -1.0571e+000 -2.8410e+000 -3.6575e+000 -3.7105e+000 -3.8656e+000 -4.4129e-001 +6.9160e-001 -2.5748e+000 +4.0890e+000 +1.7294e+000
4244 +9.916536130e-002 +9.916536130e-002 -6.175308346e+002 -6.175308346e+002 -1.0712e+000 -2.8361e+000 -3.6444e+000 -3.7247e+000 -3.9009e+000 -4.3610e-001 +7.0763e-001 -2.5945e+000 +4.0826e+000 +1.6905e+000
6450 +6.131087391e-002 +6.131087391e-002 -6.175686891e+002 -6.175686891e+002 -1.0797e+000 -2.8300e+000 -3.6642e+000 -3.7134e+000 -3.8898e+000 -4.3803e-001 +7.1304e-001 -2.5778e+000 +4.0791e+000 +1.6965e+000
8971 +3.906135851e-002 +3.906135851e-002 -6.175909386e+002 -6.175909386e+002 -1.0604e+000 -2.8320e+000 -3.6597e+000 -3.7127e+000 -3.8855e+000 -4.4032e-001 +6.9492e-001 -2.5809e+000 +4.0800e+000 +1.6967e+000
