% function evaluation | noise-free fitness - Fopt (1.491500000000e+002) | best noise-free fitness - Fopt | measured fitness | best measured fitness | x1 | x2...
1 +1.960551677e+007 +1.960551677e+007 +1.960566592e+007 +1.960566592e+007 +1.0192e+001 +9.5500e+000 +1.0104e+001 +6.8944e+000 +7.7892e+000 +1.0765e+001 +1.4160e+001 +1.2287e+001 +1.1964e+001 +1.0224e+001
3 +1.397640171e+007 +1.397640171e+007 +1.397655086e+007 +1.397655086e+007 +1.2995e+001 +7.3217e+000 +1.0408e+001 +1.3488e+001 +1.0377e+001 +1.0212e+001 +6.9914e+000 +6.1033e+000 +5.4708e+000 +1.2399e+001
60 +9.394364211e+006 +9.394364211e+006 +9.394513361e+006 +9.394513361e+006 +5.7704e+000 +6.5336e+000 +5.3018e+000 +9.1786e+000 +9.6399e+000 +8.5547e+000 +6.5194e+000 +8.5361e+000 +1.2845e+001 +9.1197e+000
85 +5.162155487e+006 +5.162155487e+006 +5.162304637e+006 +5.162304637e+006 +1.0395e+001 +6.0335e+000 +8.2645e+000 +7.9510e+000 +6.6507e+000 +3.8896e+000 +8.8170e+000 +5.1800e+000 +6.7005e+000 +1.0016e+001
286 +3.864754647e+006 +3.864754647e+006 +3.864903797e+006 +3.864903797e+006 +5.4415e+000 +4.4416e+000 +7.7325e+000 +3.6234e+000 +4.8789e+000 +2.9086e+000 +3.3180e+000 +8.9394e+000 +1.0259e+001 +6.8104e+000
569 +1.699892608e+006 +1.699892608e+006 +1.700041758e+006 +1.700041758e+006 +4.3360e+000 +6.5074e+000 +8.3104e+000 +5.5987e+000 +1.2863e+000 +2.5449e+000 +5.9974e+000 +5.3351e+000 -2.0443e+000 +1.3703e+001
634 +1.399652536e+006 +1.399652536e+006 +1.399801686e+006 +1.399801686e+006 +1.2852e+000 +6.5519e+000 +3.7693e+000 +1.9867e+000 -1.9552e+000 +1.9639e+000 +7.4981e+000 +6.0894e+000 +2.9480e+000 +1.1956e+001
751 +8.729472174e+005 +8.729472174e+005 +8.730963674e+005 +8.730963674e+005 +4.3787e+000 +4.2952e+000 +7.2345e+000 +6.1687e+000 -2.7177e+000 +3.4657e+000 +2.6237e+000 +4.8467e+000 +3.5436e+000 +6.9275e+000
810 +4.889229232e+005 +4.889229232e+005 +4.890720732e+005 +4.890720732e+005 +2.7830e+000 +3.9704e+000 +3.5162e+000 +5.1887e+000 -1.2123e+000 +3.7709e+000 +4.8167e+000 +3.8085e+000 -1.7704e+000 +1.3252e+001
1061 +3.809668636e+005 +3.809668636e+005 +3.811160136e+005 +3.811160136e+005 -1.0848e+000 +3.3734e+000 +3.1415e+000 +2.0852e+000 -4.3853e+000 +2.6664e+000 +2.1486e+000 +4.9433e+000 -3.1039e+000 +1.2985e+001
1099 +2.353706137e+005 +2.353706137e+005 +2.355197637e+005 +2.355197637e+005 +4.0907e+000 +1.0998e+000 +3.4956e+000 +6.1470e+000 -2.0189e+000 +1.4815e+000 +1.0718e+000 +1.4477e+000 +4.5733e+000 +3.4763e+000
1102 +1.195793372e+005 +1.195793372e+005 +1.197284872e+005 +1.197284872e+005 +4.1742e+000 +3.4977e-001 +3.2331e+000 +2.4299e+000 -2.4689e+000 +1.8328e+000 -2.0581e-001 +8.7459e-001 +1.5473e+000 +9.6942e+000
1152 +7.708579758e+004 +7.708579758e+004 +7.723494758e+004 +7.723494758e+004 +7.8313e-002 +3.4977e-001 +3.5309e+000 -4.7860e-001 -2.9648e+000 +1.8328e+000 -2.0581e-001 +8.7459e-001 +1.5473e+000 +1.1386e+001
1480 +2.992480423e+004 +2.992480423e+004 +3.007395423e+004 +3.007395423e+004 +6.4551e-001 +8.6881e-001 +1.2227e+000 +1.5700e+000 -7.6274e-001 +1.6296e+000 -1.4048e+000 -5.1246e-002 +1.3615e+000 -1.2559e+000
1587 +1.588073823e+004 +1.588073823e+004 +1.602988823e+004 +1.602988823e+004 -3.7253e-004 -1.6432e+000 -1.1133e+000 +2.8119e-001 -6.1504e+000 -5.4195e-001 -2.6548e-001 -2.1704e+000 -4.5638e+000 +2.3840e+000
1637 +1.459032413e+003 +1.459032413e+003 +1.608182413e+003 +1.608182413e+003 -1.0649e+000 -1.6432e+000 -1.0180e-001 +1.0763e+000 -3.6069e+000 -5.4195e-001 -2.6548e-001 -2.1704e+000 -2.1638e+000 +2.3840e+000
2421 +9.562477065e+002 +9.562477065e+002 +1.105397706e+003 +1.105397706e+003 -1.7803e+000 -1.5580e+000 -1.2525e+000 +7.1029e-001 -4.5970e+000 -2.1615e+000 -1.0120e+000 -2.6753e+000 +1.5964e+000 +4.9352e+000
% function evaluation | noise-free fitness - Fopt (-1.000000000000e+003) | best noise-free fitness - Fopt | measured fitness | best measured fitness | x1 | x2...
1 +2.237492545e+007 +2.237492545e+007 +2.237392545e+007 +2.237392545e+007 +1.4759e+001 +6.6433e+000 +1.2878e+001 +1.0364e+001 +9.3439e+000 +6.9624e+000 +9.5531e+000 +5.0063e+000 +1.1783e+001 +7.4932e+000
11 +1.291265339e+007 +1.291265339e+007 +1.291165339e+007 +1.291165339e+007 +1.0577e+001 +1.0888e+001 +1.4213e+001 +7.3337e+000 +5.1775e+000 +1.0424e+001 +5.2337e+000 +8.3628e+000 +1.0311e+001 +6.0791e+000
106 +9.455661097e+006 +9.455661097e+006 +9.454661097e+006 +9.454661097e+006 +9.1506e+000 +1.2534e+001 -1.7565e-001 +8.9751e+000 +8.0350e+000 +7.8373e-001 +5.6991e+000 +8.4011e+000 +6.8582e+000 +7.8046e+000
207 +2.372976651e+006 +2.372976651e+006 +2.371976651e+006 +2.371976651e+006 +5.8087e+000 +4.1365e+000 +1.9315e-001 +6.7231e+000 +6.0467e+000 +7.1445e+000 -8.6037e-001 -3.3574e-001 +4.6484e+000 +1.1294e+001
489 +1.326880405e+006 +1.326880405e+006 +1.325880405e+006 +1.325880405e+006 +3.7928e+000 +2.2353e+000 +9.0038e+000 +3.8201e+000 -6.0210e-001 +6.4402e+000 -4.3213e-001 +1.7371e+000 +6.7583e+000 +3.9571e+000
667 +9.183017909e+005 +9.183017909e+005 +9.173017909e+005 +9.173017909e+005 +1.7545e+000 +7.9218e+000 +6.0515e+000 -2.7003e+000 +3.6647e+000 +1.8429e+000 +4.4497e+000 -8.8310e-001 +2.9596e+000 +7.1088e+000
814 +5.066708191e+005 +5.066708191e+005 +5.056708191e+005 +5.056708191e+005 +1.3838e+000 -6.0935e+000 +5.0166e+000 +1.2135e+000 +4.7760e-001 +1.7384e+000 +1.5106e+000 +1.0667e+000 +6.8225e+000 +1.8138e+000
856 +3.893146777e+005 +3.893146777e+005 +3.883146777e+005 +3.883146777e+005 +1.2293e+000 +6.0111e+000 -3.5600e+000 -6.2059e+000 +3.4867e-001 +3.9881e+000 -8.2407e+000 +1.0106e+000 +3.3935e+000 +9.9913e+000
977 +1.662702416e+005 +1.662702416e+005 +1.652702416e+005 +1.652702416e+005 -1.1026e+000 +3.4179e+000 +5.8028e+000 -5.5417e+000 -2.0055e+000 +3.9648e+000 -3.0263e+000 -1.3212e+000 +4.6857e+000 +1.6086e+001
1143 +1.029589221e+005 +1.029589221e+005 +1.019589221e+005 +1.019589221e+005 -2.8575e+000 +2.4195e+000 +3.3399e+000 +2.4636e+000 +1.1371e+000 +1.2426e+000 -2.6838e+000 +2.2369e+000 +3.7056e+000 +8.0548e+000
1153 +9.952431641e+004 +9.952431641e+004 +9.852431641e+004 +9.852431641e+004 +4.6005e-001 +2.0314e+000 +5.0356e+000 -2.4950e+000 -9.4592e-001 +2.5705e+000 -2.5112e+000 +1.7826e+000 +4.9252e+000 +1.8612e+001
1264 +5.294623943e+004 +5.294623943e+004 +5.194623943e+004 +5.194623943e+004 -1.3468e+000 +1.1782e+000 +5.0166e+000 -1.4732e+000 -6.0656e-001 +1.7384e+000 -6.0293e-001 -5.6471e-001 +1.1688e+000 +1.1531e+001
1441 +2.674429403e+004 +2.674429403e+004 +2.574429403e+004 +2.574429403e+004 -2.6052e+000 +1.1011e+000 -2.0242e+000 -5.4468e+000 -1.2943e+000 +1.1842e+000 -5.5562e+000 +7.1266e-001 +1.6961e+000 +7.8089e+000
1557 +1.805946983e+004 +1.805946983e+004 +1.705946983e+004 +1.705946983e+004 -6.1747e-001 +7.1003e-001 +2.9368e+000 +2.3597e-001 -1.7183e+000 +6.3867e-001 -1.8706e+000 -4.8232e+000 +3.7713e+000 +1.4086e+001
1564 +1.101630669e+004 +1.101630669e+004 +1.001630669e+004 +1.001630669e+004 -1.3468e+000 +1.1782e+000 +2.3656e+000 -1.4732e+000 -1.9582e-001 +1.7384e+000 -1.5777e+000 -5.6471e-001 +1.7614e+000 +8.1048e+000
1607 +8.680433439e+003 +8.680433439e+003 +7.680433439e+003 +7.680433439e+003 -1.7345e+000 -2.1032e+000 +2.9368e+000 -9.7718e-001 -1.7183e+000 +6.3867e-001 -1.8706e+000 -1.8558e+000 +3.7713e+000 +1.4636e+001
1682 +4.207658099e+003 +4.207658099e+003 +3.207658099e+003 +3.207658099e+003 -2.5729e+000 -5.5671e-001 +2.6201e+000 -1.0731e+000 -1.3608e+000 +1.1246e+000 -2.2617e+000 -2.7942e+000 +1.3367e+000 +6.7970e+000
1853 +2.226658699e+003 +2.226658699e+003 +1.226658699e+003 +1.226658699e+003 -2.1313e+000 +1.4129e-001 -3.5594e-001 -1.1395e+000 -2.1392e+000 +5.2714e-001 -1.4509e+000 -2.4140e+000 -8.5553e-001 +4.7897e+000
1930 +1.353732238e+003 +1.353732238e+003 +3.537322379e+002 +3.537322379e+002 -2.9149e+000 +1.4567e+000 +9.1816e-001 -8.1229e-001 -1.9931e+000 +7.1491e-001 -2.4489e+000 -2.3456e+000 -5.0031e-001 +3.3219e+000
2230 +5.448653218e+002 +5.448653218e+002 -4.551346782e+002 -4.551346782e+002 -3.8354e+000 -9.2956e-002 +1.1185e+000 -1.7731e+000 -1.9931e+000 -9.6613e-001 -3.0906e+000 -3.3079e+000 +6.8381e-001 +3.3219e+000
2239 +3.553079230e+002 +3.553079230e+002 -6.446920770e+002 -6.446920770e+002 -3.1742e+000 -5.9144e-001 +7.3287e-001 -1.8462e+000 -2.4179e+000 -2.1207e-001 -2.7474e+000 -1.2355e+000 +1.5352e+000 +3.1808e+000
% function evaluation | noise-free fitness - Fopt (9.862000000000e+001) | best noise-free fitness - Fopt | measured fitness | best measured fitness | x1 | x2...
1 +2.194193223e+007 +2.194193223e+007 +2.194203085e+007 +2.194203085e+007 +9.9746e+000 +1.3654e+001 +1.2428e+001 +8.2537e+000 +6.4447e+000 +6.2212e+000 +1.1009e+001 +8.7767e+000 +1.2882e+001 +7.7303e+000
17 +1.577891318e+007 +1.577891318e+007 +1.577901180e+007 +1.577901180e+007 +1.4687e+001 +5.1021e+000 +1.2336e+001 +9.3118e+000 +1.1710e+001 +5.6166e+000 +7.0248e+000 +6.8537e+000 +8.5819e+000 +1.0683e+001
47 +8.867668304e+006 +8.867668304e+006 +8.867766924e+006 +8.867766924e+006 +7.6016e+000 +5.7385e+000 +1.0131e+001 +7.4142e+000 +1.2831e+001 +1.4087e+001 +5.4699e+000 +5.4364e+000 +5.2620e+000 +1.0550e+001
253 +4.840436428e+006 +4.840436428e+006 +4.840535048e+006 +4.840535048e+006 +5.7090e+000 +7.9414e+000 +7.4596e+000 +6.4374e+000 +7.2074e+000 +5.9617e+000 +4.6208e+000 +8.9738e+000 +3.1294e+000 +1.6613e+001
305 +3.785026678e+006 +3.785026678e+006 +3.785125298e+006 +3.785125298e+006 +7.9842e+000 -4.2750e-001 +9.9581e+000 +2.6972e+000 +9.5294e+000 +2.7317e+000 +5.3091e+000 +6.5087e+000 +4.9719e+000 +1.1223e+001
460 +2.433004410e+006 +2.433004410e+006 +2.433103030e+006 +2.433103030e+006 +7.4426e+000 +4.6890e+000 +9.3631e+000 +5.2752e+000 +7.1166e+000 +7.5505e+000 +3.6318e+000 +4.9288e+000 +2.0686e+000 +1.5659e+001
560 +1.317915280e+006 +1.317915280e+006 +1.318013900e+006 +1.318013900e+006 +3.2713e+000 +4.6890e+000 +9.3631e+000 +1.0986e+000 +6.0681e+000 +6.5983e+000 +3.6318e+000 +4.9288e+000 +2.0686e+000 +1.3400e+001
678 +7.076140845e+005 +7.076140845e+005 +7.077127045e+005 +7.077127045e+005 +5.5754e+000 -1.6693e+000 +5.6312e+000 +2.1799e-001 +6.8273e+000 +5.2957e+000 +2.1154e+000 -6.2020e+000 +3.8245e+000 +1.9426e+001
737 +4.020181769e+005 +4.020181769e+005 +4.021167969e+005 +4.021167969e+005 +4.8962e+000 +2.0369e+000 +7.8197e+000 -1.9354e+000 +4.0344e+000 +5.1618e+000 -4.8110e+000 -8.3083e-001 -2.6970e-001 +1.5851e+001
986 +3.054673745e+005 +3.054673745e+005 +3.055659945e+005 +3.055659945e+005 +1.4014e+000 -5.3796e+000 +5.1513e+000 -7.8060e-001 +5.7329e+000 +4.2383e+000 +4.0751e+000 -3.5384e+000 +5.6981e-001 +9.9098e+000
1082 +2.191260219e+005 +2.191260219e+005 +2.192246419e+005 +2.192246419e+005 +2.6692e+000 -6.9480e+000 +3.2663e+000 -4.7328e+000 +4.3313e+000 -1.1430e+000 +1.1963e+000 -3.0998e-001 +2.3727e+000 +1.2990e+001
1344 +1.238834016e+005 +1.238834016e+005 +1.239820216e+005 +1.239820216e+005 +4.0953e-001 -7.5754e+000 +5.8468e+000 -1.6192e+000 +1.1257e+000 -1.2625e+000 -1.8060e+000 -6.9786e+000 +1.0340e+000 +1.0569e+001
1431 +8.783873042e+004 +8.783873042e+004 +8.793735042e+004 +8.793735042e+004 -5.0445e-001 -1.0310e+000 +3.3319e+000 -5.1387e+000 +4.1007e+000 +5.6897e+000 -2.3415e+000 -3.1970e-001 -1.6482e+000 +6.5485e+000
1532 +6.228021853e+004 +6.228021853e+004 +6.237883853e+004 +6.237883853e+004 +2.6692e+000 -3.9386e+000 +3.8357e+000 -3.0606e+000 +7.8357e-001 +1.6603e+000 -4.4954e+000 -3.0998e-001 -6.8015e-001 +1.2990e+001
1635 +3.855605736e+004 +3.855605736e+004 +3.865467736e+004 +3.865467736e+004 +9.0100e-001 +5.1885e-001 +2.9694e+000 -1.0039e+000 +4.0883e+000 +4.3723e+000 -1.7306e-001 -1.0207e+000 +7.6101e-001 +1.4800e+001
1696 +1.092224360e+004 +1.092224360e+004 +1.102086360e+004 +1.102086360e+004 -2.9957e-001 -4.3303e+000 +2.4653e+000 -4.0604e+000 -1.6079e+000 +3.6773e+000 -6.2375e-001 -3.3596e+000 -3.6131e+000 +3.0899e+000
2015 +8.814849849e+003 +8.814849849e+003 +8.913469849e+003 +8.913469849e+003 -3.5835e+000 -7.0154e-002 +3.7760e+000 -4.1567e+000 +7.5757e-001 +2.9408e+000 -7.6814e-001 -2.2129e+000 +1.1924e+000 +2.7761e+001
2159 +4.264818313e+003 +4.264818313e+003 +4.363438313e+003 +4.363438313e+003 -2.0718e-001 -3.3847e+000 +2.1100e+000 -3.7185e+000 -1.2214e+000 +7.8191e-001 -2.2832e+000 -4.2349e+000 +3.9644e-001 +1.2947e+001
2166 +2.610439134e+003 +2.610439134e+003 +2.709059134e+003 +2.709059134e+003 -1.5107e-001 -4.7217e-001 +2.0537e+000 -3.8885e+000 -1.5261e+000 +1.4276e-001 -3.5398e+000 -4.3454e+000 -3.5059e+000 -1.1094e-001
2365 +2.419513415e+003 +2.419513415e+003 +2.518133415e+003 +2.518133415e+003 -3.0080e+000 -7.0154e-002 +1.7610e+000 -3.0436e+000 +7.0397e-001 -4.5538e-001 -7.6814e-001 -1.5000e+000 +1.3177e+000 +2.2258e+001
% function evaluation | noise-free fitness - Fopt (-4.715000000000e+001) | best noise-free fitness - Fopt | measured fitness | best measured fitness | x1 | x2...
1 +2.570845040e+007 +2.570845040e+007 +2.570840325e+007 +2.570840325e+007 +9.0964e+000 +9.9963e+000 +1.0355e+001 +1.3400e+001 +5.3247e+000 +5.0207e+000 +1.3510e+001 +8.5232e+000 +1.4433e+001 +8.7555e+000
3 +1.749980826e+007 +1.749980826e+007 +1.749976111e+007 +1.749976111e+007 +6.3389e+000 +9.7041e+000 +1.4972e+001 +8.2317e+000 +1.3445e+001 +8.7498e+000 +9.2585e+000 +6.4530e+000 +7.6078e+000 +5.1558e+000
27 +1.518335588e+007 +1.518335588e+007 +1.518330873e+007 +1.518330873e+007 +1.1455e+001 +1.3810e+001 +9.9023e+000 +9.8734e+000 +6.7484e+000 +5.8025e+000 +9.5996e+000 +6.0491e+000 +7.1413e+000 +7.2455e+000
40 +9.922008592e+006 +9.922008592e+006 +9.921961442e+006 +9.921961442e+006 +9.8520e+000 +8.4886e+000 +1.1786e+001 +5.2241e+000 +9.0694e+000 +9.6881e+000 +9.8642e+000 +5.4558e+000 +6.1164e+000 +5.5349e+000
165 +5.017308821e+006 +5.017308821e+006 +5.017261671e+006 +5.017261671e+006 +7.0442e+000 +1.0669e+001 +5.5313e+000 +2.9965e+000 +7.2544e+000 +8.4626e+000 +4.9775e+000 +8.3239e+000 +3.8084e+000 +1.0027e+001
391 +3.126870188e+006 +3.126870188e+006 +3.126823038e+006 +3.126823038e+006 +1.4047e+000 +6.4506e+000 +5.1584e+000 -9.5213e-001 +9.5008e+000 +9.6511e+000 +3.2667e+000 +7.5995e+000 +5.2090e+000 +1.2608e+001
403 +2.074416311e+006 +2.074416311e+006 +2.074369161e+006 +2.074369161e+006 +2.0690e+000 +7.1663e+000 +3.6505e+000 +1.9097e+000 +5.5481e+000 +4.1118e+000 +5.9395e+000 +5.5888e+000 +6.8750e+000 +1.7474e-001
579 +1.275624361e+006 +1.275624361e+006 +1.275577211e+006 +1.275577211e+006 +5.1984e+000 +6.5756e+000 +6.4732e+000 +7.7051e-001 +1.3203e+000 +5.0936e+000 +2.7833e+000 +4.0756e+000 +2.9136e+000 +5.3840e+000
621 +6.815962047e+005 +6.815962047e+005 +6.815490547e+005 +6.815490547e+005 +4.2336e+000 +5.1966e+000 +5.0319e+000 +7.0031e-001 +5.7189e+000 +5.8995e+000 +2.5373e+000 -4.1716e-001 +1.8401e+000 +6.1721e+000
742 +5.773317547e+005 +5.773317547e+005 +5.772846047e+005 +5.772846047e+005 +4.4886e+000 +2.2461e+000 +5.1440e+000 +1.5835e+000 +5.8467e+000 +5.9370e+000 +1.7362e+000 -2.5135e+000 -4.6645e+000 +1.5195e+001
854 +3.182884000e+005 +3.182884000e+005 +3.182412500e+005 +3.182412500e+005 +2.8107e+000 +1.8832e+000 +4.2201e+000 -1.5016e+000 +2.4557e+000 +3.6442e+000 +7.2943e-001 -3.8057e-001 -8.4671e+000 +7.5582e+000
1053 +2.195701962e+005 +2.195701962e+005 +2.195230462e+005 +2.195230462e+005 +3.8224e-001 +3.5740e+000 +3.3904e+000 +1.1887e+000 +1.7939e+000 +4.1118e+000 +2.1984e+000 +7.2838e-001 -2.0814e+000 +5.0092e+000
1088 +1.537219719e+005 +1.537219719e+005 +1.536748219e+005 +1.536748219e+005 +1.5275e+000 +2.0905e+000 +1.5419e+000 +1.9056e+000 +5.1403e+000 +3.8565e+000 -1.8516e+000 -2.2276e+000 -1.1668e+000 +9.8185e-001
1145 +7.963005989e+004 +7.963005989e+004 +7.958290989e+004 +7.958290989e+004 -1.2235e+000 +5.0729e-001 +1.4604e+000 -2.2434e+000 +1.3754e+000 +4.4532e+000 -2.4892e-001 +2.2809e+000 +9.1174e-001 +8.1833e+000
1392 +4.304388841e+004 +4.304388841e+004 +4.299673841e+004 +4.299673841e+004 +8.2332e-001 +2.2650e+000 -2.3667e-001 -5.5656e-001 +2.2718e+000 +1.9876e+000 -3.3820e+000 -1.5992e+000 +8.4362e-001 -7.9716e+000
1395 +2.989598934e+004 +2.989598934e+004 +2.984883934e+004 +2.984883934e+004 -1.2235e+000 +5.0729e-001 +6.2929e-001 -2.2434e+000 +1.2278e+000 +4.4532e+000 -2.0247e-002 -5.4910e+000 +3.1034e+000 +1.8671e+001
1692 +1.878007204e+004 +1.878007204e+004 +1.873292204e+004 +1.873292204e+004 +8.2332e-001 -1.4598e+000 -1.7383e+000 -1.1918e+000 +2.2718e+000 +1.9876e+000 -3.3820e+000 +7.9486e-001 +8.4362e-001 +9.4195e+000
1694 +1.349900331e+004 +1.349900331e+004 +1.345185331e+004 +1.345185331e+004 -8.5339e-001 -2.2902e+000 -2.5629e-001 -3.5161e+000 +1.6929e+000 +4.0954e+000 -3.6868e-001 -9.2936e-001 -9.3578e-001 +5.3357e-001
1919 +7.476486697e+003 +7.476486697e+003 +7.429336697e+003 +7.429336697e+003 -1.2426e+000 -5.6013e-001 -1.5122e-001 -4.9829e+000 +4.9268e-001 +2.8646e+000 -1.4616e+000 -5.1010e-001 -8.4190e-001 +1.6939e-001
2092 +2.379133170e+003 +2.379133170e+003 +2.331983170e+003 +2.331983170e+003 -3.5457e-001 -1.4598e+000 -9.0914e-001 -3.9918e+000 +1.5320e+000 +1.9876e+000 -2.8298e-001 -5.0375e-001 +2.1670e+000 +1.3098e+001
2497 +6.447466172e+002 +6.447466172e+002 +5.975966172e+002 +5.975966172e+002 -1.6780e+000 -2.5195e+000 -1.1587e+000 -2.8630e+000 -7.2166e-002 -2.1990e-001 -2.1583e+000 -1.1257e+000 +1.2992e+000 +8.0699e+000
% function evaluation | noise-free fitness - Fopt (3.752000000000e+001) | best noise-free fitness - Fopt | measured fitness | best measured fitness | x1 | x2...
1 +1.786892491e+007 +1.786892491e+007 +1.786896243e+007 +1.786896243e+007 +1.3061e+001 +1.3335e+001 +1.3892e+001 +1.2268e+001 +1.2675e+001 +1.2553e+001 +7.1951e+000 +1.1867e+001 +9.9420e+000 +5.2789e+000
3 +1.127080871e+007 +1.127080871e+007 +1.127084623e+007 +1.127084623e+007 +9.4108e+000 +1.0091e+001 +1.1178e+001 +1.2421e+001 +7.5313e+000 +1.2519e+001 +1.1355e+001 +1.0802e+001 +8.8850e+000 +5.2628e+000
7 +6.742070831e+006 +6.742070831e+006 +6.742108351e+006 +6.742108351e+006 +1.2217e+001 +8.0876e+000 +1.2456e+001 +9.2426e+000 +1.3450e+001 +8.3554e+000 +5.1250e+000 +6.2627e+000 +5.8364e+000 +1.2727e+001
14 +5.280419504e+006 +5.280419504e+006 +5.280457024e+006 +5.280457024e+006 +1.1687e+001 +5.2234e+000 +1.4607e+001 +5.6548e+000 +1.0262e+001 +5.7706e+000 +5.2645e+000 +8.1293e+000 +1.1564e+001 +1.3103e+001
92 +3.508279346e+006 +3.508279346e+006 +3.508316866e+006 +3.508316866e+006 +1.3295e+001 +3.6921e+000 +1.1499e+001 +6.2413e+000 +5.7590e+000 +7.8756e+000 +6.3407e+000 +6.1763e+000 +8.5782e+000 +1.2679e+001
124 +2.014981439e+006 +2.014981439e+006 +2.015018959e+006 +2.015018959e+006 +6.2263e+000 +4.6502e+000 +7.3273e+000 +4.7375e+000 +4.8975e+000 +1.1180e+001 +5.6764e+000 +9.9041e+000 +6.8869e+000 +1.0673e+001
299 +5.400965726e+005 +5.400965726e+005 +5.401340926e+005 +5.401340926e+005 +3.5592e+000 +3.0018e+000 +8.3442e+000 +1.4833e+000 +3.9453e+000 +7.6901e+000 +7.5121e+000 +3.7492e+000 +4.7676e+000 +9.9326e+000
617 +3.566274354e+005 +3.566274354e+005 +3.566649554e+005 +3.566649554e+005 +8.0101e+000 -1.4670e+000 +3.5215e+000 +1.6938e+000 +2.7778e+000 +7.1862e+000 +4.0006e+000 +3.4272e+000 +1.9309e+000 +1.2957e+001
645 +2.510531676e+005 +2.510531676e+005 +2.510906876e+005 +2.510906876e+005 +4.7856e+000 +3.3158e+000 +1.9685e+000 +1.7609e+000 +6.1747e+000 +4.1481e+000 +4.0229e+000 +4.9518e+000 +1.9847e+000 +1.8289e+001
677 +1.039515194e+005 +1.039515194e+005 +1.039890394e+005 +1.039890394e+005 +3.1029e+000 -2.4469e-001 +6.9803e+000 +1.4894e+000 +1.9535e+000 +4.8846e+000 +4.5923e+000 +4.3699e+000 +6.0221e+000 +1.3427e+001
853 +8.899496223e+004 +8.899496223e+004 +8.903248223e+004 +8.903248223e+004 +5.2268e+000 -2.4253e+000 +6.4455e+000 +1.3977e+000 +5.7561e+000 +4.4262e+000 +3.5586e+000 +4.1509e-001 +3.6849e+000 +9.4863e+000
985 +6.245085230e+004 +6.245085230e+004 +6.248837230e+004 +6.248837230e+004 +2.2314e+000 -5.4680e+000 -3.2498e-001 +4.7821e-001 +1.5628e+000 +5.1671e+000 +4.9566e+000 +2.0598e+000 +3.9477e+000 +1.2843e+001
1046 +3.938708185e+004 +3.938708185e+004 +3.942460185e+004 +3.942460185e+004 +8.5313e-002 -2.0254e+000 +1.1418e+000 -1.0712e+000 -5.0120e-002 +4.4103e+000 +3.3877e+000 +4.2889e+000 +2.5147e+000 +1.5799e+001
1256 +2.399087428e+004 +2.399087428e+004 +2.402839428e+004 +2.402839428e+004 +2.6329e+000 -1.0643e+000 +4.8801e+000 +1.2726e+000 +2.9396e+000 +2.2028e+000 +2.9795e+000 +1.2951e+000 -1.7483e+000 +1.1917e+001
1338 +1.330834848e+004 +1.330834848e+004 +1.334586848e+004 +1.334586848e+004 +2.1155e+000 -2.4245e+000 -1.0246e+000 -1.3247e+000 +4.5817e+000 +3.0353e+000 +2.3164e+000 +7.5281e-001 +1.6246e+000 +4.0439e+000
1398 +8.108326940e+003 +8.108326940e+003 +8.145846940e+003 +8.145846940e+003 +1.3982e+000 -3.6746e+000 +4.0077e+000 -3.2257e-001 +2.4616e+000 +3.4650e+000 +9.3086e-001 +3.4744e+000 +3.8630e+000 +5.7468e+000
1548 +2.487839748e+003 +2.487839748e+003 +2.525359748e+003 +2.525359748e+003 +1.3982e+000 -3.6746e+000 +4.0077e+000 -3.2257e-001 +3.4113e+000 +1.9410e+000 +2.8384e+000 +3.4744e+000 +3.5128e+000 +5.7468e+000
2198 +8.998975539e+002 +8.998975539e+002 +9.374175539e+002 +9.374175539e+002 +1.8145e+000 -1.5219e+000 +2.0735e+000 -2.7968e+000 +1.4720e+000 +1.4215e+000 +2.1897e-001 +3.4744e+000 +3.5128e+000 +2.9013e+000
2393 +4.538818463e+002 +4.538818463e+002 +4.914018463e+002 +4.914018463e+002 +1.6639e+000 -2.0302e+000 +2.7215e+000 -1.9616e+000 +2.4591e+000 -1.8811e-001 +2.1609e+000 +3.6731e+000 +4.3227e+000 +8.7025e+000
2398 +3.560234910e+002 +3.560234910e+002 +3.935434910e+002 +3.935434910e+002 +1.8145e+000 -2.6991e+000 +2.0735e+000 -2.7968e+000 +1.4720e+000 +1.4215e+000 +2.1897e-001 +3.4744e+000 +3.5128e+000 +2.9013e+000
% function evaluation | noise-free fitness - Fopt (-2.980000000000e+001) | best noise-free fitness - Fopt | measured fitness | best measured fitness | x1 | x2...
1 +1.105550199e+007 +1.105550199e+007 +1.105547219e+007 +1.105547219e+007 +1.1897e+001 +6.2799e+000 +1.2247e+001 +7.9320e+000 +8.0503e+000 +1.4809e+001 +7.9821e+000 +9.9591e+000 +1.0066e+001 +9.3932e+000
3 +8.684560169e+006 +8.684560169e+006 +8.684530369e+006 +8.684530369e+006 +6.2696e+000 +6.9172e+000 +6.7633e+000 +7.8793e+000 +9.8385e+000 +9.8835e+000 +1.1637e+001 +1.2565e+001 +1.3077e+001 +5.9714e+000
13 +2.396300106e+006 +2.396300106e+006 +2.396270306e+006 +2.396270306e+006 +5.4023e+000 +7.6276e+000 +6.4400e+000 +6.6066e+000 +5.1208e+000 +1.1408e+001 +6.5218e+000 +7.2246e+000 +5.1132e+000 +7.0344e+000
311 +1.169299157e+006 +1.169299157e+006 +1.169269357e+006 +1.169269357e+006 +6.6788e+000 +3.8732e+000 +4.3993e+000 +8.8396e+000 +2.9190e+000 +6.3291e+000 +7.9886e+000 +3.2438e+000 +7.5876e+000 +1.5873e+001
493 +7.629985193e+005 +7.629985193e+005 +7.629687193e+005 +7.629687193e+005 +4.2265e+000 +7.5116e+000 +4.8656e+000 +7.9667e+000 +4.2470e+000 +1.6597e+000 +8.3537e+000 +2.8833e+000 +5.5530e+000 +1.1442e+001
588 +6.162909752e+005 +6.162909752e+005 +6.162611752e+005 +6.162611752e+005 +5.4766e+000 +5.3017e+000 +6.5303e+000 +7.1295e+000 +5.2052e+000 -6.3488e-001 +7.5846e+000 +1.0251e+000 +4.3054e+000 +1.5403e+001
652 +2.505124120e+005 +2.505124120e+005 +2.504826120e+005 +2.504826120e+005 +2.6314e+000 +4.5180e+000 +3.7925e+000 +5.7719e+000 +4.9956e+000 +4.2992e+000 +4.9191e+000 +4.0755e+000 +4.5708e+000 +2.3793e+001
724 +1.053810703e+005 +1.053810703e+005 +1.053512703e+005 +1.053512703e+005 +5.4672e-001 +3.6711e+000 +5.8772e+000 +3.6076e+000 +1.6962e+000 +4.3310e-001 +2.1912e+000 +3.2833e+000 +5.6837e+000 +1.8377e+001
927 +6.864811162e+004 +6.864811162e+004 +6.861831162e+004 +6.861831162e+004 -1.0374e+000 +1.7485e+000 +5.9488e+000 +4.9597e+000 +5.6775e+000 +6.0966e-001 +3.0978e+000 -2.1233e+000 +4.5781e-001 -8.5579e+000
1049 +5.435367617e+004 +5.435367617e+004 +5.432387617e+004 +5.432387617e+004 +1.9698e+000 +3.0123e+000 +5.3698e+000 +8.6405e-001 +1.2979e+000 -4.8447e-002 -1.3255e+000 -8.8986e-001 +3.8665e+000 -3.6118e+000
1291 +2.865158115e+004 +2.865158115e+004 +2.862178115e+004 +2.862178115e+004 +4.8020e-001 +3.9766e+000 +3.8844e+000 +4.6295e+000 +3.2273e+000 -1.5398e+000 +1.1698e-001 -8.1612e-001 +5.7389e+000 +2.4063e+001
1382 +1.462742119e+004 +1.462742119e+004 +1.459762119e+004 +1.459762119e+004 -1.9445e+000 +2.8025e+000 +3.6101e+000 +3.8282e+000 -1.0340e+000 +1.0233e+000 +1.8742e+000 -1.5152e+000 +5.0682e+000 +9.9080e+000
1465 +6.185266474e+003 +6.185266474e+003 +6.155466474e+003 +6.155466474e+003 -4.9696e-001 +2.1514e+000 +2.4857e+000 +1.5074e+000 +4.1792e-001 +1.3483e+000 -1.7457e+000 +8.1365e-001 +5.7007e+000 +1.9702e+001
1973 +3.624911409e+003 +3.624911409e+003 +3.595111409e+003 +3.595111409e+003 -2.8390e-001 +1.3599e+000 +2.4805e+000 +3.1319e+000 +1.2187e+000 +1.5555e+000 +1.0482e+000 -1.6476e+000 +2.2721e+000 +2.2072e+000
2108 +1.406193766e+003 +1.406193766e+003 +1.376393766e+003 +1.376393766e+003 -9.8877e-001 +1.2878e+000 +2.6765e+000 +2.6656e+000 +3.0929e+000 +1.8344e+000 +1.9194e+000 -2.0864e+000 +3.8737e+000 +3.2097e+000
2337 +5.717068947e+002 +5.717068947e+002 +5.419068947e+002 +5.419068947e+002 -2.4650e+000 +1.8481e+000 +2.4926e+000 +2.4156e+000 +2.1429e+000 +1.5093e+000 -1.3798e-001 -8.6303e-001 +3.1876e+000 +2.1824e+000
% function evaluation | noise-free fitness - Fopt (8.140000000000e+001) | best noise-free fitness - Fopt | measured fitness | best measured fitness | x1 | x2...
1 +1.408614421e+007 +1.408614421e+007 +1.408622561e+007 +1.408622561e+007 +7.6710e+000 +6.8137e+000 +1.2029e+001 +7.7133e+000 +8.0411e+000 +1.4822e+001 +9.5790e+000 +1.1953e+001 +5.3920e+000 +1.0833e+001
13 +9.985434113e+006 +9.985434113e+006 +9.985515513e+006 +9.985515513e+006 +6.4525e+000 +7.3205e+000 +9.8626e+000 +6.3525e+000 +9.6618e+000 +9.2612e+000 +7.4153e+000 +1.1444e+001 +1.2197e+001 +1.3209e+001
17 +5.483366717e+006 +5.483366717e+006 +5.483448117e+006 +5.483448117e+006 +8.7771e+000 +5.3365e+000 +9.0884e+000 +5.0601e+000 +9.3554e+000 +5.6814e+000 +5.6562e+000 +6.1009e+000 +1.1764e+001 +7.0084e+000
120 +2.727876239e+006 +2.727876239e+006 +2.727957639e+006 +2.727957639e+006 +4.7123e+000 +3.2136e+000 +7.2039e+000 +5.2054e+000 +8.5699e+000 +1.0218e+001 +9.5179e+000 +4.1263e+000 +6.6317e+000 +1.1115e+001
167 +2.093964852e+006 +2.093964852e+006 +2.094046252e+006 +2.094046252e+006 +4.5636e+000 +5.3365e+000 +9.0884e+000 +7.8790e+000 +8.5192e+000 +6.1822e+000 +5.6562e+000 +6.1009e+000 +6.4598e+000 +7.0084e+000
288 +7.866230415e+005 +7.866230415e+005 +7.867044415e+005 +7.867044415e+005 +5.6830e+000 +4.3381e+000 +7.7405e+000 +8.0304e+000 +1.2710e+000 +3.5226e+000 +3.3663e+000 +4.1810e-002 +3.1752e+000 +9.6316e+000
608 +3.035839891e+005 +3.035839891e+005 +3.036653891e+005 +3.036653891e+005 +2.2013e+000 +1.4091e+000 +7.1683e+000 +7.4759e+000 +5.7305e+000 -5.6516e+000 +3.3565e-001 -2.6648e+000 +4.3280e+000 +1.2992e+001
777 +2.252506363e+005 +2.252506363e+005 +2.253320363e+005 +2.253320363e+005 +1.3732e+000 +1.7402e+000 +7.1047e+000 +5.8428e+000 +5.1707e+000 -6.1372e+000 -1.8574e+000 -9.9807e-001 +1.6239e+000 +1.4559e+001
911 +1.275445621e+005 +1.275445621e+005 +1.276259621e+005 +1.276259621e+005 +2.8444e+000 +3.6519e-001 +2.4849e+000 +4.9543e+000 +5.1213e-001 +2.0390e+000 +1.8687e+000 -2.2278e+000 +5.3284e+000 +2.1912e+001
922 +7.567387777e+004 +7.567387777e+004 +7.575527777e+004 +7.575527777e+004 +9.9144e-002 +1.3200e+000 +2.1597e+000 +6.1536e+000 +2.1221e+000 -3.3711e-001 +5.7084e-001 -1.3366e+000 +4.0582e+000 +1.5168e+001
1183 +4.073226105e+004 +4.073226105e+004 +4.081366105e+004 +4.081366105e+004 +6.3361e-001 +1.8576e+000 +4.8721e+000 +1.2572e+000 +1.9652e+000 -2.6431e+000 +6.7068e-001 -5.0081e+000 +3.4278e+000 +1.1938e+001
1309 +2.624528498e+004 +2.624528498e+004 +2.632668498e+004 +2.632668498e+004 -1.6619e+000 -1.2167e+000 -3.6006e-001 +5.2518e+000 +5.2477e+000 +7.2913e-001 +2.5618e+000 -1.8887e+000 +4.1874e+000 +2.5012e+001
1367 +1.600108255e+004 +1.600108255e+004 +1.608248255e+004 +1.608248255e+004 -1.0914e-001 -1.0512e+000 +2.2838e+000 +3.5148e+000 -1.2902e-002 +8.0108e-001 +1.6148e+000 -3.9297e+000 +3.9862e+000 +1.6684e+001
1484 +5.370172990e+003 +5.370172990e+003 +5.451572990e+003 +5.451572990e+003 -8.1066e-001 +6.1775e-002 +1.6016e+000 +1.6748e+000 +2.3780e+000 -1.8116e+000 +1.7202e+000 -1.3647e+000 +1.6386e+000 +9.2032e+000
1857 +3.730575404e+003 +3.730575404e+003 +3.811975404e+003 +3.811975404e+003 -1.0960e+000 -1.4665e+000 +4.4553e-002 +3.2862e+000 +3.4597e+000 -9.7166e-001 +1.9695e+000 -5.0477e+000 +2.6925e+000 +1.0731e+001
2057 +1.971357434e+003 +1.971357434e+003 +2.052757434e+003 +2.052757434e+003 -1.0960e+000 -1.4665e+000 +4.4553e-002 +3.2862e+000 +2.9477e+000 -9.7166e-001 +1.4506e+000 -5.0477e+000 +1.6331e+000 +7.1866e+000
2185 +1.318972161e+003 +1.318972161e+003 +1.400372161e+003 +1.400372161e+003 -2.8155e+000 -1.4566e+000 +1.7014e+000 +2.3907e+000 +1.4735e+000 +6.6867e-001 +1.9641e+000 -2.8067e+000 -1.2135e+000 -4.9924e-001
2360 +9.025241091e+002 +9.025241091e+002 +9.839241091e+002 +9.839241091e+002 -7.0533e-001 -1.4696e+000 +2.0897e+000 +1.0835e+000 +1.2864e+000 -1.3650e+000 +2.4325e+000 -1.6390e+000 +8.4758e-001 +3.7711e+000
2508 +4.849489353e+002 +4.849489353e+002 +5.663489353e+002 +5.663489353e+002 -3.3775e+000 -1.4460e+000 +1.5735e+000 +1.7207e+000 +2.0714e+000 -2.0426e-001 +9.2054e-001 -4.4343e+000 -8.2602e-001 -1.3039e+000
% function evaluation | noise-free fitness - Fopt (-1.835000000000e+001) | best noise-free fitness - Fopt | measured fitness | best measured fitness | x1 | x2...
1 +1.583772917e+007 +1.583772917e+007 +1.583771082e+007 +1.583771082e+007 +1.0281e+001 +1.4352e+001 +9.7749e+000 +1.2780e+001 +1.2033e+001 +7.3784e+000 +1.1350e+001 +1.1762e+001 +1.0391e+001 +1.0672e+001
7 +9.366120646e+006 +9.366120646e+006 +9.366102296e+006 +9.366102296e+006 +1.4406e+001 +8.0082e+000 +8.2024e+000 +1.1771e+001 +6.8368e+000 +7.4927e+000 +1.1243e+001 +8.7589e+000 +8.2184e+000 +1.2200e+001
26 +5.885381263e+006 +5.885381263e+006 +5.885362913e+006 +5.885362913e+006 +7.8673e+000 +1.2274e+001 +6.3417e+000 +1.2404e+001 +9.0816e+000 +5.5843e+000 +7.2196e+000 +8.5838e+000 +6.1287e+000 +1.3149e+001
151 +2.289239525e+006 +2.289239525e+006 +2.289221175e+006 +2.289221175e+006 +7.7961e+000 +1.0974e+001 +3.2327e+000 +9.4945e+000 +6.7046e+000 +6.1279e+000 +5.1331e+000 -1.2295e+000 +4.8023e+000 +1.3468e+001
407 +1.027885729e+006 +1.027885729e+006 +1.027867379e+006 +1.027867379e+006 +6.3542e+000 +6.2853e+000 +5.7096e+000 +7.0661e+000 +6.8946e+000 +6.8518e+000 +6.9108e+000 -2.5533e+000 +4.3842e-001 +6.1823e+000
545 +8.670372613e+005 +8.670372613e+005 +8.670189113e+005 +8.670189113e+005 +9.7313e-001 +5.0717e+000 -2.7406e+000 +4.9144e+000 +7.6136e+000 +1.4347e-001 +6.0035e+000 +1.4796e+000 -8.9820e-001 +1.1789e+001
694 +4.393164947e+005 +4.393164947e+005 +4.392981447e+005 +4.392981447e+005 -3.5969e+000 +1.2159e+000 +2.7541e+000 +7.7208e+000 +5.5565e+000 -2.2554e+000 +4.6611e+000 -5.1026e+000 +2.8465e+000 +1.5195e+001
701 +2.800975557e+005 +2.800975557e+005 +2.800792057e+005 +2.800792057e+005 -8.4362e-001 +3.8255e+000 +3.5452e+000 +3.8523e+000 +4.6251e+000 -1.5183e-001 +5.1331e+000 -3.2213e-001 +4.3370e+000 +2.0271e+001
785 +8.903601110e+004 +8.903601110e+004 +8.901766110e+004 +8.901766110e+004 +3.1287e-001 +5.1417e+000 +4.2737e+000 +4.0756e+000 +2.2592e+000 -2.1936e+000 -1.9721e-001 +2.2563e+000 +1.4514e+000 +1.9167e+001
1068 +3.269375602e+004 +3.269375602e+004 +3.267540602e+004 +3.267540602e+004 -2.1606e+000 -1.4412e+000 +4.5818e+000 +4.7894e-001 +1.4238e-001 +5.8572e-001 +9.5130e-001 -1.7399e+000 +2.7739e+000 +1.7942e+001
1208 +2.425893684e+004 +2.425893684e+004 +2.424058684e+004 +2.424058684e+004 +1.9617e+000 +1.1376e+000 +2.1755e+000 -4.2273e-001 +1.0418e+000 +1.8220e+000 +7.6764e-001 -2.8752e+000 -2.5049e+000 +1.5031e+001
1313 +1.575086172e+004 +1.575086172e+004 +1.573251172e+004 +1.573251172e+004 +2.6667e+000 +1.7802e+000 +2.0398e+000 +1.3375e+000 -8.6731e-001 +5.0758e-001 +2.8187e+000 -2.2188e+000 -6.6148e-001 +1.2944e+001
1356 +7.805301311e+003 +7.805301311e+003 +7.786951311e+003 +7.786951311e+003 -1.6248e+000 -1.5223e+000 +2.7130e+000 +2.0121e+000 -6.4524e-001 +2.1618e+000 +1.6666e-001 -1.7444e+000 -1.2319e+000 +2.5897e+000
1438 +1.598433626e+003 +1.598433626e+003 +1.580083626e+003 +1.580083626e+003 -8.0884e-003 +8.2638e-001 +2.2497e+000 +3.7526e+000 -2.4959e-001 +6.5824e-001 -1.6681e-003 -5.6845e-001 +1.4313e+000 +1.6502e+001
1759 +1.457435016e+003 +1.457435016e+003 +1.439085016e+003 +1.439085016e+003 -1.2900e+000 +1.1090e+000 +3.0077e+000 +2.8738e+000 +2.3637e-002 -4.7814e-001 -1.4543e+000 -3.3844e-003 +3.1648e+000 +3.4262e+001
2237 +7.714237957e+002 +7.714237957e+002 +7.530737957e+002 +7.530737957e+002 +1.3756e+000 +1.7741e+000 +1.9333e+000 +2.0063e+000 -3.9127e-001 +1.0145e+000 +9.2171e-001 -3.8190e+000 +4.2405e-001 +9.7761e+000
% function evaluation | noise-free fitness - Fopt (-9.987000000000e+001) | best noise-free fitness - Fopt | measured fitness | best measured fitness | x1 | x2...
1 +1.797127507e+007 +1.797127507e+007 +1.797117520e+007 +1.797117520e+007 +8.8275e+000 +5.2981e+000 +1.3760e+001 +1.2706e+001 +8.2708e+000 +6.9326e+000 +1.2333e+001 +1.3432e+001 +7.2117e+000 +9.6124e+000
8 +1.283018870e+007 +1.283018870e+007 +1.283008883e+007 +1.283008883e+007 +7.1118e+000 +1.0644e+001 +1.2003e+001 +8.3040e+000 +7.4574e+000 +1.0320e+001 +1.0039e+001 +8.2295e+000 +7.4507e+000 +1.1224e+001
104 +8.166763051e+006 +8.166763051e+006 +8.166663181e+006 +8.166663181e+006 +7.7662e+000 +8.4295e+000 +5.9984e+000 +1.0203e+001 +6.7878e+000 +5.4195e+000 +1.0399e+001 +9.3730e+000 +1.0323e+001 +1.2830e+001
271 +4.836395674e+006 +4.836395674e+006 +4.836295804e+006 +4.836295804e+006 +9.2350e+000 +6.2078e+000 +4.2920e+000 +1.1042e+001 +7.1509e+000 -5.6242e-001 +3.1512e+000 +5.9944e+000 +6.5453e+000 +5.7589e+000
419 +3.596227521e+006 +3.596227521e+006 +3.596127651e+006 +3.596127651e+006 +6.3981e+000 +2.9117e+000 +5.8925e+000 +8.7275e+000 +8.6007e+000 +1.8448e+000 +8.1854e+000 +6.3672e+000 +9.3326e+000 +1.7246e+001
438 +2.461059463e+006 +2.461059463e+006 +2.460959593e+006 +2.460959593e+006 +3.4715e+000 +5.8401e+000 +5.4483e+000 +8.4450e+000 +5.5851e+000 +6.3512e+000 +1.3960e+000 +2.4100e+000 +6.5370e+000 +1.8689e+001
796 +1.520205637e+006 +1.520205637e+006 +1.520105767e+006 +1.520105767e+006 +6.1199e+000 -3.9222e-001 +1.2789e+000 +8.1729e+000 +4.6496e+000 -7.8041e+000 +6.3496e+000 +3.8672e+000 +7.0637e+000 +9.4067e+000
856 +9.356681374e+005 +9.356681374e+005 +9.355682674e+005 +9.355682674e+005 +1.7274e+000 +7.5697e-001 +4.5857e+000 +5.4399e+000 +4.2560e+000 +3.6378e+000 -3.9296e+000 +4.7178e+000 +7.0996e+000 +1.3710e+001
962 +5.944716403e+005 +5.944716403e+005 +5.943717703e+005 +5.943717703e+005 +1.3457e+000 +4.3078e+000 +3.4170e+000 +1.9873e+000 +5.1247e+000 -5.2810e+000 +2.7333e-002 +1.8017e+000 +4.2339e+000 +2.5467e+001
1085 +6.885451418e+004 +6.885451418e+004 +6.875464418e+004 +6.875464418e+004 +2.5661e-001 -1.3280e+000 +9.4317e-001 -2.2055e+000 +1.1017e+000 -7.3944e+000 +7.4041e-001 +8.3485e-001 +3.1127e+000 +1.0184e+001
1404 +3.907371014e+004 +3.907371014e+004 +3.897384014e+004 +3.897384014e+004 -2.3936e-001 -5.3538e+000 -1.9201e+000 -5.8749e-001 +1.4330e+000 -6.7842e+000 +3.5351e+000 -1.1678e+000 +4.3745e+000 +2.8718e+001
1526 +1.383384489e+004 +1.383384489e+004 +1.373397489e+004 +1.373397489e+004 -1.2930e-001 -3.4870e+000 -3.0322e+000 -1.7758e+000 -9.8639e-001 -4.3310e+000 +2.6594e+000 -1.4697e+000 +3.4893e+000 +1.0855e+001
1839 +9.197310864e+003 +9.197310864e+003 +9.097440864e+003 +9.097440864e+003 -4.2402e-001 -4.7233e+000 -2.1123e+000 -1.9498e+000 -1.8591e+000 -2.3154e+000 +6.4774e-001 -2.1270e+000 +1.4175e+000 +1.2898e+001
2010 +4.843357961e+003 +4.843357961e+003 +4.743487961e+003 +4.743487961e+003 -1.9216e+000 -4.8860e+000 -1.6391e+000 +1.1084e+000 -3.5536e-001 -1.1370e+000 +2.6589e+000 +8.5396e-001 +2.6056e+000 +1.6035e+001
2518 +3.284981440e+003 +3.284981440e+003 +3.185111440e+003 +3.185111440e+003 -8.7154e-001 -3.1121e+000 -3.7287e+000 +3.2010e-001 +7.5324e-001 -1.3851e+000 +1.6541e+000 -1.3076e+000 -2.2316e-001 +2.4745e+000
% function evaluation | noise-free fitness - Fopt (7.680000000000e+000) | best noise-free fitness - Fopt | measured fitness | best measured fitness | x1 | x2...
1 +1.753107956e+007 +1.753107956e+007 +1.753108724e+007 +1.753108724e+007 +7.1811e+000 +9.3207e+000 +1.2444e+001 +1.1757e+001 +1.4885e+001 +1.2545e+001 +8.4171e+000 +9.4325e+000 +6.4400e+000 +7.6831e+000
4 +1.314274143e+007 +1.314274143e+007 +1.314274911e+007 +1.314274911e+007 +8.0655e+000 +1.3293e+001 +1.0027e+001 +1.4939e+001 +9.6741e+000 +5.1721e+000 +5.5361e+000 +6.1526e+000 +9.1086e+000 +1.4775e+001
8 +9.707823489e+006 +9.707823489e+006 +9.707831169e+006 +9.707831169e+006 +1.1009e+001 +1.1762e+001 +5.0860e+000 +1.1673e+001 +8.5564e+000 +6.6894e+000 +1.1828e+001 +5.7345e+000 +7.8421e+000 +1.3372e+001
39 +6.094209782e+006 +6.094209782e+006 +6.094217462e+006 +6.094217462e+006 +6.4153e+000 +1.0308e+001 +6.7810e+000 +7.8210e+000 +1.1345e+001 +7.9967e+000 +6.4748e+000 +6.6402e+000 +9.0121e+000 +6.0120e+000
149 +3.846442164e+006 +3.846442164e+006 +3.846449844e+006 +3.846449844e+006 +6.3025e+000 +1.0398e+001 +4.5125e+000 +4.2202e+000 +7.5154e+000 +5.7119e+000 +1.0121e+001 +6.2816e+000 +8.5603e+000 +1.2771e+001
322 +2.211912429e+006 +2.211912429e+006 +2.211920109e+006 +2.211920109e+006 +6.0557e+000 +9.3993e+000 +8.3668e+000 +2.4453e+000 +2.7656e+000 -4.3407e+000 +3.7770e+000 +3.7574e+000 +6.0696e+000 +7.3028e+000
334 +1.581629035e+006 +1.581629035e+006 +1.581636715e+006 +1.581636715e+006 +3.3490e+000 +8.7713e+000 +5.2186e+000 +4.2056e+000 +5.4906e+000 +4.8880e+000 +8.7295e+000 +5.1193e+000 +4.2741e+000 +1.6384e+001
484 +9.725117736e+005 +9.725117736e+005 +9.725194536e+005 +9.725194536e+005 +5.1329e+000 +3.0454e+000 +2.9053e+000 +4.9128e+000 +5.4906e+000 +4.8880e+000 +4.3899e+000 +3.3808e+000 +4.2741e+000 +6.1249e+000
709 +4.223627177e+005 +4.223627177e+005 +4.223703977e+005 +4.223703977e+005 +3.9267e+000 -1.3154e+000 +1.8644e+000 -4.0828e+000 +5.7336e+000 -6.2292e+000 +7.0853e+000 +5.9602e+000 +3.3867e+000 +6.8769e+000
791 +2.735394949e+005 +2.735394949e+005 +2.735471749e+005 +2.735471749e+005 +1.9475e+000 -2.7064e+000 +1.3437e-001 +4.4993e+000 +6.5253e-001 -5.1898e+000 +3.4575e+000 +7.6628e+000 +3.4739e+000 +9.1605e+000
851 +2.278943307e+005 +2.278943307e+005 +2.279020107e+005 +2.279020107e+005 -6.2913e-002 -3.3554e-001 +4.6862e+000 +3.4121e+000 +4.6725e+000 -1.3287e+000 +2.9686e+000 +2.2376e+000 +1.2560e+000 +2.0831e+001
926 +1.034319283e+005 +1.034319283e+005 +1.034396083e+005 +1.034396083e+005 -9.4319e-001 +3.2598e+000 +2.0628e+000 +2.2763e+000 -3.0104e+000 -4.9126e-001 -6.7495e-001 -4.3404e-001 +1.8828e+000 +2.9882e+001
1022 +6.854156134e+004 +6.854156134e+004 +6.854924134e+004 +6.854924134e+004 -2.5629e-001 -3.8370e+000 -5.0913e-001 +1.9216e+000 +2.8226e+000 -3.6724e+000 +3.7770e+000 -1.4869e+000 +3.4747e+000 +3.5272e+001
1071 +5.312903302e+004 +5.312903302e+004 +5.313671302e+004 +5.313671302e+004 -2.6454e+000 +9.3028e-001 -1.0052e+000 +1.0505e+000 +3.7653e+000 -1.0779e+000 +5.0591e+000 +3.6715e+000 +1.0375e+000 +2.0795e+001
1122 +3.643623240e+004 +3.643623240e+004 +3.644391240e+004 +3.644391240e+004 -2.2581e+000 -2.7763e+000 -5.0913e-001 +1.2572e+000 +2.8226e+000 -1.7708e+000 +3.7770e+000 -1.4869e+000 +3.4747e+000 +3.5272e+001
1219 +7.915906913e+003 +7.915906913e+003 +7.923586913e+003 +7.923586913e+003 +1.6988e-001 +1.7926e+000 +5.3948e-001 +7.4745e-001 +2.9921e+000 -5.6191e+000 +1.9188e+000 +2.0234e+000 -3.0396e+000 +1.0158e+000
1469 +6.026657743e+003 +6.026657743e+003 +6.034337743e+003 +6.034337743e+003 +1.6988e-001 +1.7926e+000 -1.9218e+000 +7.4745e-001 +3.4112e-001 -5.6191e+000 +1.1211e+000 +2.0234e+000 -2.9571e+000 +1.0158e+000
1871 +3.961503332e+003 +3.961503332e+003 +3.969183332e+003 +3.969183332e+003 -3.8065e+000 +9.5654e-001 -2.5711e+000 -2.4531e+000 +2.6267e+000 -2.0075e+000 +1.6670e+000 +2.5208e+000 +2.4421e+000 +2.0502e+001
2268 +1.119696932e+003 +1.119696932e+003 +1.127376932e+003 +1.127376932e+003 -2.3066e+000 +1.3335e+000 -1.2438e+000 -2.5812e-001 +5.8065e-001 -4.5500e+000 -3.9935e-001 +1.8873e+000 -1.2494e+000 +6.4749e-002
% function evaluation | noise-free fitness - Fopt (-1.809300000000e+002) | best noise-free fitness - Fopt | measured fitness | best measured fitness | x1 | x2...
1 +2.368511244e+007 +2.368511244e+007 +2.368493151e+007 +2.368493151e+007 +1.2187e+001 +1.1736e+001 +5.8574e+000 +6.2866e+000 +1.4833e+001 +9.7691e+000 +1.1128e+001 +6.0155e+000 +6.8672e+000 +8.8871e+000
5 +1.348981446e+007 +1.348981446e+007 +1.348963353e+007 +1.348963353e+007 +1.4142e+001 +9.8668e+000 +5.3390e+000 +5.3689e+000 +6.8831e+000 +7.1905e+000 +6.9941e+000 +5.4794e+000 +8.4702e+000 +1.3084e+001
77 +9.401473473e+006 +9.401473473e+006 +9.401292543e+006 +9.401292543e+006 +1.0609e+001 +9.0547e+000 +7.4050e+000 +8.1027e+000 +6.1518e+000 +3.6326e+000 +8.3937e+000 +9.2329e+000 +8.5389e+000 +1.1934e+001
204 +5.819061210e+006 +5.819061210e+006 +5.818880280e+006 +5.818880280e+006 +7.2454e+000 +6.2505e+000 +4.6296e+000 +9.7222e+000 +6.2546e+000 +4.4208e+000 +5.3286e+000 +7.3422e+000 +9.7005e+000 +1.5086e+001
379 +3.670689739e+006 +3.670689739e+006 +3.670508809e+006 +3.670508809e+006 +4.9110e+000 +7.6032e+000 +1.5748e+000 +5.0888e+000 -3.4272e+000 +7.0609e+000 +6.2766e+000 +6.2452e+000 +6.5956e+000 +1.6252e+001
481 +2.326123360e+006 +2.326123360e+006 +2.325942430e+006 +2.325942430e+006 +5.8440e+000 +1.4732e+000 +4.4525e-001 +3.5219e+000 -5.9031e+000 +7.2018e+000 +4.9174e+000 +4.9820e+000 +2.9485e+000 +7.1394e+000
535 +1.107651870e+006 +1.107651870e+006 +1.107470940e+006 +1.107470940e+006 +3.1871e+000 +7.0394e+000 +1.1140e+000 -1.3110e+000 -6.5546e+000 +3.5493e+000 +2.6830e+000 +4.6564e+000 +3.3046e+000 +4.5953e+000
814 +5.074738808e+005 +5.074738808e+005 +5.072929508e+005 +5.072929508e+005 +2.0063e+000 +1.8764e-001 +4.6048e+000 +4.5315e+000 -7.2604e+000 +3.1492e+000 -4.5411e+000 +3.7826e+000 +1.9479e+000 +2.5467e+000
1025 +2.702926942e+005 +2.702926942e+005 +2.701117642e+005 +2.701117642e+005 +3.2438e+000 +2.9565e+000 -9.1879e-001 +2.3208e+000 -6.9783e+000 +2.4724e+000 +4.5651e-001 -4.0804e-001 +1.6458e+000 +2.3034e+001
1179 +1.901744104e+005 +1.901744104e+005 +1.899934804e+005 +1.899934804e+005 -1.5662e+000 +1.9185e+000 -1.3611e+000 +7.7387e+000 -3.4272e+000 +4.7337e-001 -5.2138e+000 +1.2316e+000 +2.0566e+000 +2.1034e+001
1290 +1.473995252e+005 +1.473995252e+005 +1.472185952e+005 +1.472185952e+005 +2.1595e+000 +1.0900e+000 +1.6283e+000 +4.7160e+000 -7.1711e+000 +1.4265e+000 -2.1339e+000 -4.5631e+000 +2.1577e-001 +1.0213e+001
1387 +9.251470368e+004 +9.251470368e+004 +9.233377368e+004 +9.233377368e+004 +1.1539e+000 +2.2928e+000 -1.1626e+000 +2.4090e+000 -1.4801e+000 +7.6031e-001 -3.1292e+000 +2.4716e-001 +2.2036e+000 +4.8441e+001
1423 +4.957393441e+004 +4.957393441e+004 +4.939300441e+004 +4.939300441e+004 +1.0857e+000 +1.0711e+000 +3.7501e-001 -1.2070e+000 -2.4966e+000 +2.7801e-001 -8.5354e-001 -3.6370e+000 +1.4153e+000 +2.2798e+001
1537 +2.718097112e+004 +2.718097112e+004 +2.700004112e+004 +2.700004112e+004 +1.1539e+000 +2.2928e+000 +1.6521e+000 +2.4090e+000 -1.4801e+000 -2.2253e+000 -3.1292e+000 +5.1135e-001 +2.2036e+000 +2.7160e+001
1658 +1.875166234e+004 +1.875166234e+004 +1.857073234e+004 +1.857073234e+004 -1.0969e+000 -1.0435e+000 -8.8062e-001 +1.9981e+000 -3.3276e+000 -2.4539e+000 -4.2822e+000 -4.4206e+000 +1.9586e+000 +1.6769e+001
1737 +7.684637733e+003 +7.684637733e+003 +7.503707733e+003 +7.503707733e+003 -2.2577e+000 -2.9324e+000 +1.6521e+000 +1.6824e+000 -1.4801e+000 -2.2253e+000 -3.1292e+000 +5.1135e-001 +2.1964e+000 +2.7160e+001
1862 +5.464022109e+003 +5.464022109e+003 +5.283092109e+003 +5.283092109e+003 -2.4827e+000 -3.1202e+000 +5.8017e-001 +9.9960e-002 -2.2272e+000 -2.5355e+000 -3.2441e+000 -5.6280e-001 +1.2550e+000 +1.8787e+001
2494 +3.903345199e+003 +3.903345199e+003 +3.722415199e+003 +3.722415199e+003 -1.8927e+000 +9.9540e-001 +5.3744e-001 +3.8360e+000 -1.7028e+000 -3.6287e+000 -2.2856e+000 -4.1408e+000 +1.7866e-001 +1.2912e+001
% function evaluation | noise-free fitness - Fopt (-3.674000000000e+001) | best noise-free fitness - Fopt | measured fitness | best measured fitness | x1 | x2...
1 +2.274653980e+007 +2.274653980e+007 +2.274650306e+007 +2.274650306e+007 +8.0375e+000 +1.1580e+001 +6.5923e+000 +5.8151e+000 +6.3038e+000 +1.3049e+001 +1.1356e+001 +8.3964e+000 +1.4181e+001 +1.4907e+001
14 +1.341154234e+007 +1.341154234e+007 +1.341150560e+007 +1.341150560e+007 +5.1543e+000 +1.0392e+001 +5.1014e+000 +5.8900e+000 +1.2936e+001 +1.1122e+001 +9.0549e+000 +8.9028e+000 +6.0134e+000 +1.4666e+001
174 +9.541629504e+006 +9.541629504e+006 +9.541592764e+006 +9.541592764e+006 +1.0842e+001 +6.3201e+000 +6.8794e+000 +1.1505e+001 +7.9236e+000 +6.5131e+000 +8.4773e+000 +5.7879e+000 +2.5758e+000 +1.8200e+001
241 +5.636173804e+006 +5.636173804e+006 +5.636137064e+006 +5.636137064e+006 +2.9945e+000 +1.4368e+000 +6.6165e+000 +6.4469e+000 +1.1345e+001 +7.4375e+000 +4.1115e+000 +4.7697e+000 +7.9403e-001 +1.4089e+001
349 +3.521173339e+006 +3.521173339e+006 +3.521136599e+006 +3.521136599e+006 +4.3853e+000 +2.2150e+000 +4.1307e+000 +4.6702e+000 +3.6664e+000 +6.8998e+000 +8.9095e+000 +3.8423e+000 +5.2415e+000 +8.5290e+000
391 +2.388500435e+006 +2.388500435e+006 +2.388463695e+006 +2.388463695e+006 +2.4765e+000 +1.4368e+000 +6.6165e+000 +6.4469e+000 +3.4920e+000 +7.4375e+000 +4.1115e+000 +5.3393e+000 +3.8087e+000 +1.4089e+001
545 +1.079694343e+006 +1.079694343e+006 +1.079657603e+006 +1.079657603e+006 +4.7438e+000 +2.7629e+000 +4.7306e+000 +4.6416e+000 -7.9533e-001 +4.5687e+000 +3.3953e+000 +2.1798e+000 +3.3596e+000 +1.4911e+001
729 +6.341680228e+005 +6.341680228e+005 +6.341312828e+005 +6.341312828e+005 -2.0153e+000 -6.1770e+000 +2.9987e+000 -6.8353e-001 +2.5496e+000 +2.9765e+000 -6.8453e-002 +2.9324e+000 +4.4759e+000 +1.4995e+001
784 +2.020805542e+005 +2.020805542e+005 +2.020438142e+005 +2.020438142e+005 -2.7110e+000 +3.6305e-001 +1.8953e+000 +3.4935e-001 +2.8521e+000 +2.9855e+000 +1.0738e+000 +2.2205e+000 +1.1250e+000 +1.6952e+001
1030 +1.448086656e+005 +1.448086656e+005 +1.447719256e+005 +1.447719256e+005 +8.2858e-001 +5.1201e+000 -3.6407e-001 +1.4634e+000 -1.8428e+000 +2.4804e+000 +1.8976e+000 +1.1828e+000 -2.3765e+000 +2.8144e+000
1301 +8.192227241e+004 +8.192227241e+004 +8.188553241e+004 +8.188553241e+004 -7.5199e-001 +5.3610e+000 -1.4800e-001 -3.2597e+000 -3.1343e+000 -2.0918e+000 -2.7351e+000 -5.1500e-002 +3.3284e+000 +3.7418e+001
1351 +2.769343841e+004 +2.769343841e+004 +2.765669841e+004 +2.765669841e+004 -2.9469e+000 -2.7395e+000 -1.4800e-001 -3.2597e+000 -1.3311e+000 -2.0918e+000 -2.9572e+000 -5.1500e-002 +3.3284e+000 +3.7418e+001
1688 +4.006420258e+003 +4.006420258e+003 +3.969680258e+003 +3.969680258e+003 -5.2166e+000 +3.8882e-002 -2.4879e+000 -1.4953e+000 -1.7971e+000 -8.4590e-001 -2.3567e+000 -1.4202e+000 -4.0051e+000 -1.5768e+000
2151 +1.455573584e+003 +1.455573584e+003 +1.418833584e+003 +1.418833584e+003 -2.9469e+000 +9.6400e-001 -3.7649e+000 -3.4171e-001 -3.7466e+000 -2.0918e+000 -1.7667e+000 -5.4803e-001 +2.2421e-001 +1.2494e+001
% function evaluation | noise-free fitness - Fopt (1.151100000000e+002) | best noise-free fitness - Fopt | measured fitness | best measured fitness | x1 | x2...
1 +2.218898592e+007 +2.218898592e+007 +2.218910103e+007 +2.218910103e+007 +1.2938e+001 +8.0053e+000 +6.8707e+000 +1.3640e+001 +8.8191e+000 +1.2414e+001 +7.4029e+000 +8.7890e+000 +1.3380e+001 +1.4533e+001
6 +1.375557956e+007 +1.375557956e+007 +1.375569467e+007 +1.375569467e+007 +7.7444e+000 +1.3356e+001 +1.1951e+001 +8.0555e+000 +5.9983e+000 +7.3498e+000 +9.2593e+000 +5.1870e+000 +5.3652e+000 +7.3474e+000
8 +9.662660078e+006 +9.662660078e+006 +9.662775188e+006 +9.662775188e+006 +5.6644e+000 +9.6429e+000 +6.4913e+000 +9.6665e+000 +6.6785e+000 +1.0551e+001 +8.1549e+000 +7.5934e+000 +5.4652e+000 +1.0273e+001
166 +4.548715316e+006 +4.548715316e+006 +4.548830426e+006 +4.548830426e+006 +5.0936e+000 +1.0103e+001 +5.9940e+000 +7.0742e+000 +6.3235e+000 +2.7888e+000 +5.5804e+000 +5.6393e+000 +1.3617e+000 +7.2663e+000
256 +3.959583519e+006 +3.959583519e+006 +3.959698629e+006 +3.959698629e+006 +6.6779e+000 +1.6892e+000 +7.7232e+000 +1.1576e+001 +9.4032e+000 +2.4533e+000 +5.7849e+000 +5.6192e+000 +6.9281e+000 +1.1118e+001
386 +2.285620671e+006 +2.285620671e+006 +2.285735781e+006 +2.285735781e+006 +5.9198e+000 +4.1143e+000 +7.6169e+000 +6.1024e+000 -1.9177e+000 +1.1797e+000 +5.8183e+000 +8.6581e+000 +1.3475e-002 +5.2249e+000
474 +1.168921835e+006 +1.168921835e+006 +1.169036945e+006 +1.169036945e+006 +5.4340e+000 +3.0314e+000 +6.8385e+000 +4.9096e+000 +7.2143e+000 +4.1652e+000 +5.8454e+000 +4.0456e+000 -2.6406e-002 +1.0356e+001
657 +9.035623669e+005 +9.035623669e+005 +9.036774769e+005 +9.036774769e+005 +7.9190e+000 +5.0336e+000 +4.0002e+000 -1.3043e+000 +6.4015e-001 +1.8455e+000 +5.6592e+000 -7.0228e-001 +9.4878e-001 +1.5539e+001
727 +4.507723453e+005 +4.507723453e+005 +4.508874553e+005 +4.508874553e+005 -3.6392e+000 +1.1599e+000 +3.1353e+000 +6.7972e+000 +4.1894e+000 +1.4053e+000 +4.9625e+000 +2.9215e+000 +2.0691e+000 +1.0110e+001
835 +2.228609622e+005 +2.228609622e+005 +2.229760722e+005 +2.229760722e+005 +5.4608e+000 -3.8907e+000 -1.4563e+000 -2.4596e+000 -4.0135e+000 -6.8734e+000 +5.7217e+000 +1.9239e+000 +3.1146e+000 +1.9350e+001
1000 +1.265005277e+005 +1.265005277e+005 +1.266156377e+005 +1.266156377e+005 +4.0876e+000 -3.2216e+000 +6.9815e-001 -1.8411e+000 -1.9504e+000 -5.4183e+000 +6.1217e+000 +2.8291e+000 +1.6436e+000 +1.6145e+001
1022 +9.580709328e+004 +9.580709328e+004 +9.592220328e+004 +9.592220328e+004 -1.8086e+000 -1.0981e-001 -2.5018e-001 +2.5762e+000 -1.7498e+000 -1.3329e+000 +5.7883e+000 +1.3843e+000 -6.5604e-001 +5.0776e+000
1250 +4.912194236e+004 +4.912194236e+004 +4.923705236e+004 +4.923705236e+004 +2.8794e-001 -3.2216e+000 -1.9625e+000 +9.0856e-001 +2.7238e+000 -2.3368e+000 +5.2413e+000 -2.7115e+000 -1.2350e+000 +4.4151e+000
1325 +3.820525291e+004 +3.820525291e+004 +3.832036291e+004 +3.832036291e+004 +2.5576e+000 -4.5208e+000 -9.5680e-001 +1.8612e+000 -2.2977e-001 -1.0106e-001 +3.7675e+000 -4.5296e+000 +1.0341e+000 +1.2138e+001
1375 +1.775595156e+004 +1.775595156e+004 +1.787106156e+004 +1.787106156e+004 +2.9218e+000 -4.4221e+000 -9.5680e-001 -1.9626e+000 -2.2977e-001 -4.6411e+000 +3.7675e+000 -3.4382e+000 +1.0341e+000 +1.7804e+001
1562 +1.435001291e+004 +1.435001291e+004 +1.446512291e+004 +1.446512291e+004 +8.7483e-001 -4.9993e+000 -9.1833e-001 -1.2006e+000 +3.5946e+000 -5.2505e+000 +3.3741e+000 +4.1048e-002 +1.7416e+000 +2.0967e+001
1782 +8.678062100e+003 +8.678062100e+003 +8.793172100e+003 +8.793172100e+003 +1.6031e+000 -1.9838e+000 +1.7280e-001 -1.6245e+000 -9.8917e-001 -2.1077e+000 +2.9938e+000 -3.4158e-002 -5.5126e-002 +1.6783e+001
1839 +6.010565116e+003 +6.010565116e+003 +6.125675116e+003 +6.125675116e+003 +3.1647e+000 -3.1332e+000 -2.8616e+000 +8.1580e-002 +1.0047e+000 -1.6850e+000 +2.6765e+000 +5.0404e-001 +6.0909e-001 +1.1779e+001
2011 +1.450119453e+003 +1.450119453e+003 +1.565229453e+003 +1.565229453e+003 +1.2722e+000 -3.0394e+000 -1.3107e-001 -6.9536e-001 +1.9537e+000 -4.9886e+000 +2.6171e+000 +1.8500e-001 +3.0047e-001 +1.2545e+001
% function evaluation | noise-free fitness - Fopt (1.759000000000e+001) | best noise-free fitness - Fopt | measured fitness | best measured fitness | x1 | x2...
1 +8.559965202e+006 +8.559965202e+006 +8.559982792e+006 +8.559982792e+006 +1.1703e+001 +9.7940e+000 +7.2719e+000 +7.6411e+000 +9.9888e+000 +5.4208e+000 +7.5103e+000 +1.1264e+001 +1.1004e+001 +1.3987e+001
46 +4.719463601e+006 +4.719463601e+006 +4.719481191e+006 +4.719481191e+006 +8.4467e+000 +7.1402e+000 +6.8900e+000 +5.7536e+000 +9.4114e+000 +6.5511e+000 +8.4622e+000 +6.5322e+000 +1.1133e+001 +1.1611e+001
96 +3.057170895e+006 +3.057170895e+006 +3.057188485e+006 +3.057188485e+006 +8.4467e+000 +7.1402e+000 +5.9583e+000 +5.7536e+000 +7.1769e+000 +5.4087e+000 +7.1920e+000 +6.5322e+000 +9.1981e+000 +6.9107e+000
173 +2.384387908e+006 +2.384387908e+006 +2.384405498e+006 +2.384405498e+006 +4.9817e+000 +8.6487e+000 +7.1320e+000 +6.8610e+000 +1.6634e+000 +5.7413e+000 +7.4503e+000 +5.0317e+000 +6.4466e+000 +6.7812e+000
379 +1.188431564e+006 +1.188431564e+006 +1.188449154e+006 +1.188449154e+006 +4.7776e+000 +5.2669e+000 +5.9820e+000 +4.7426e+000 +9.1638e+000 +5.8975e+000 +3.0757e+000 +7.2743e+000 +3.1512e+000 +1.4325e+001
429 +8.951395296e+005 +8.951395296e+005 +8.951571196e+005 +8.951571196e+005 +4.7776e+000 +5.2669e+000 +5.9820e+000 +3.1681e+000 +8.3372e+000 +5.8975e+000 +3.0757e+000 +7.2743e+000 +3.1512e+000 +1.4325e+001
453 +5.368817192e+005 +5.368817192e+005 +5.368993092e+005 +5.368993092e+005 +7.3103e+000 +5.3359e+000 +5.1715e+000 +3.2768e+000 +1.7054e+000 +5.5346e+000 +1.7786e+000 +1.3927e+000 +2.7159e+000 +1.9365e+001
564 +2.416174346e+005 +2.416174346e+005 +2.416350246e+005 +2.416350246e+005 +3.0172e+000 +5.9569e+000 +3.3207e+000 +2.4282e-001 +3.5000e+000 +7.8027e+000 -5.0871e-001 +2.2054e+000 +7.4843e-001 +1.7045e+001
999 +1.211076678e+005 +1.211076678e+005 +1.211252578e+005 +1.211252578e+005 +1.3148e+000 +3.1742e+000 +4.6484e+000 +1.0378e+000 +1.3906e+000 +5.7250e+000 +4.0122e+000 +7.9646e-001 +1.0746e+000 +6.1637e+000
1158 +9.847532162e+004 +9.847532162e+004 +9.849291162e+004 +9.849291162e+004 +2.8448e+000 +3.1126e+000 +3.1299e+000 +2.0358e+000 +5.1752e+000 +5.5040e+000 -9.7550e-001 -6.8182e-001 +1.1841e+000 +8.5584e+000
1216 +5.806688835e+004 +5.806688835e+004 +5.808447835e+004 +5.808447835e+004 +8.5940e-001 +4.5334e+000 +3.5542e+000 -2.1839e-001 +3.9256e+000 +3.8622e+000 -2.5501e+000 -1.9696e+000 +1.9090e+000 +1.7953e+001
1295 +3.871995074e+004 +3.871995074e+004 +3.873754074e+004 +3.873754074e+004 +2.0224e+000 +3.3207e+000 +3.4998e+000 +1.3649e-001 +2.4699e+000 +7.6380e-001 +2.1895e+000 -2.2787e+000 -2.6024e-001 +4.8548e+000
1593 +2.055633710e+004 +2.055633710e+004 +2.057392710e+004 +2.057392710e+004 +9.8457e-001 +2.5031e+000 -1.2403e-001 +4.2499e-001 +2.7822e+000 +2.9546e+000 +6.5521e-001 +1.4853e+000 +1.4745e+000 +1.1189e+001
1755 +1.568816247e+004 +1.568816247e+004 +1.570575247e+004 +1.570575247e+004 +2.1197e+000 +2.6468e+000 +2.9467e+000 -1.1492e+000 +2.1550e+000 +2.1943e+000 +8.2598e-002 +1.2870e+000 +2.6675e+000 +1.3899e+001
1873 +8.949663413e+003 +8.949663413e+003 +8.967253413e+003 +8.967253413e+003 +1.2176e+000 +2.9815e+000 -1.3259e-001 -9.6275e-001 +2.4874e+000 +2.8668e-002 +1.3097e+000 -4.4633e-001 +1.7078e+000 +1.0273e+001
2143 +3.843941341e+003 +3.843941341e+003 +3.861531341e+003 +3.861531341e+003 -1.4244e-001 +2.5031e+000 -1.2403e-001 -3.8342e+000 +2.7822e+000 +2.9546e+000 +6.5521e-001 -3.7950e-001 +1.4745e+000 +1.1189e+001
2205 +1.891010897e+003 +1.891010897e+003 +1.908600897e+003 +1.908600897e+003 +9.2027e-001 +1.6129e+000 -6.8883e-001 -2.2494e+000 +2.9610e+000 +3.7664e+000 +5.6256e-001 -1.9846e+000 +1.4206e+000 +8.5278e+000
% function evaluation | noise-free fitness - Fopt (1.000000000000e+003) | best noise-free fitness - Fopt | measured fitness | best measured fitness | x1 | x2...
1 +1.825350863e+007 +1.825350863e+007 +1.825450863e+007 +1.825450863e+007 +1.1691e+001 +9.2808e+000 +7.7214e+000 +6.1723e+000 +7.3199e+000 +7.9673e+000 +5.0225e+000 +1.4958e+001 +1.2035e+001 +1.4435e+001
7 +9.034391379e+006 +9.034391379e+006 +9.035391379e+006 +9.035391379e+006 +8.0681e+000 +7.8598e+000 +5.7080e+000 +8.7662e+000 +6.1268e+000 +1.0142e+001 +1.2474e+001 +6.6027e+000 +7.6241e+000 +6.8391e+000
78 +5.845615279e+006 +5.845615279e+006 +5.846615279e+006 +5.846615279e+006 +6.0808e+000 +8.1752e+000 +6.9125e+000 +5.7102e+000 +7.4122e+000 +7.7967e+000 +1.0875e+001 +6.6119e+000 +5.7439e+000 +5.7172e+000
335 +3.600870057e+006 +3.600870057e+006 +3.601870057e+006 +3.601870057e+006 +4.4164e+000 +9.7096e+000 +1.0747e+000 +1.3623e+000 +5.6338e+000 +7.8763e+000 +3.9148e+000 +2.6380e+000 +9.0701e+000 +1.6163e+001
385 +2.089554189e+006 +2.089554189e+006 +2.090554189e+006 +2.090554189e+006 +4.4164e+000 +5.4153e+000 +1.0747e+000 +1.3623e+000 +5.6338e+000 +7.8763e+000 +3.9148e+000 +2.6380e+000 +7.3692e+000 +8.8190e+000
545 +1.302635692e+006 +1.302635692e+006 +1.303635692e+006 +1.303635692e+006 +5.2911e+000 +2.4188e+000 +2.5567e+000 -3.1074e+000 +4.0657e+000 +4.5915e+000 +3.9512e+000 +1.6184e+000 +9.4525e+000 +8.6409e+000
600 +8.965675719e+005 +8.965675719e+005 +8.975675719e+005 +8.975675719e+005 -5.0412e-001 +3.3716e+000 +4.8566e+000 +3.8681e+000 +4.2012e+000 +2.5701e+000 +5.1196e+000 +2.2279e+000 +7.1378e+000 +4.6333e+000
790 +6.308969300e+005 +6.308969300e+005 +6.318969300e+005 +6.318969300e+005 +3.5196e+000 +4.2415e+000 -3.0446e+000 -3.9380e+000 +4.2900e+000 +2.2368e-001 +6.5843e+000 +4.3492e+000 +5.2023e+000 -8.8412e+000
893 +3.811881408e+005 +3.811881408e+005 +3.821881408e+005 +3.821881408e+005 +2.7909e+000 +4.0696e+000 +1.8010e+000 +2.2159e+000 +3.1850e+000 -6.1508e-001 +5.7157e+000 +6.7492e-001 +5.2957e+000 +4.7850e+000
1176 +8.159847782e+004 +8.159847782e+004 +8.259847782e+004 +8.259847782e+004 +3.5460e-001 -8.2919e-001 -3.8745e+000 -2.8926e-001 +2.3094e+000 +8.0563e-001 +5.5337e+000 -2.2175e+000 -2.4305e+000 +1.4264e+001
1376 +5.219674908e+004 +5.219674908e+004 +5.319674908e+004 +5.319674908e+004 +3.5460e-001 -8.2919e-001 -3.8745e+000 -2.9349e+000 +2.3094e+000 -5.5227e-001 +3.5174e+000 +1.7692e+000 +6.3934e+000 +3.1655e+001
1713 +3.637681310e+004 +3.637681310e+004 +3.737681310e+004 +3.737681310e+004 +6.6222e-002 -8.9180e-001 -1.7818e+000 -2.4426e+000 -4.6756e+000 -1.7844e+000 +4.3586e-002 +9.5892e-001 +4.2422e+000 +1.4339e+001
1719 +2.231717843e+004 +2.231717843e+004 +2.331717843e+004 +2.331717843e+004 -1.9811e+000 -6.2375e-001 -2.0220e+000 -3.1489e+000 -1.0676e+000 +2.8633e-001 -1.2724e+000 +1.3300e+000 +6.7512e+000 +2.4696e+001
1769 +1.381892127e+004 +1.381892127e+004 +1.481892127e+004 +1.481892127e+004 -8.0328e-001 -6.2375e-001 -1.7802e+000 -3.1489e+000 -3.6157e+000 -1.6437e+000 -1.2724e+000 -1.7655e+000 +6.7512e+000 +2.4696e+001
1869 +8.825834429e+003 +8.825834429e+003 +9.825834429e+003 +9.825834429e+003 -8.0328e-001 -6.7561e-001 -2.6476e+000 -3.1489e+000 -3.6157e+000 -1.6437e+000 +2.9171e+000 -1.7655e+000 +6.7512e+000 +2.4696e+001
1919 +5.774661370e+003 +5.774661370e+003 +6.774661370e+003 +6.774661370e+003 -6.2909e-001 -2.9886e-001 -2.6476e+000 -3.1489e+000 -3.6157e+000 -1.6437e+000 +2.9171e+000 +3.0125e-001 +6.7512e+000 +2.4696e+001
2498 +2.058440219e+003 +2.058440219e+003 +3.058440219e+003 +3.058440219e+003 -2.7374e+000 -1.5823e+000 -3.0313e+000 -2.9141e+000 -2.1823e+000 -1.5804e+000 +1.4252e+000 -2.4690e+000 +2.2270e+000 -6.4805e+000
