% function evaluation | noise-free fitness - Fopt (2.997000000000e+001) | best noise-free fitness - Fopt | measured fitness | best measured fitness | x1 | x2...
1 +3.812644528e+003 +3.812644528e+003 +3.842614528e+003 +3.842614528e+003 +5.0696e+000 +9.4695e+000 +7.6914e+000
133 +2.204655209e+003 +2.204655209e+003 +2.234625209e+003 +2.234625209e+003 +6.0323e+000 +5.1998e+000 +2.4198e+000
300 +1.400904771e+003 +1.400904771e+003 +1.430874771e+003 +1.430874771e+003 +6.9118e+000 -3.4446e+000 +2.9501e+000
355 +9.976939011e+002 +9.976939011e+002 +1.027663901e+003 +1.027663901e+003 +1.1589e+000 -4.9313e+000 +3.2616e+000
466 +6.264662251e+002 +6.264662251e+002 +6.564362251e+002 +6.564362251e+002 +1.0949e+000 -7.6172e+000 +5.6123e-001
510 +3.954095450e+002 +3.954095450e+002 +4.253795450e+002 +4.253795450e+002 +2.6747e+000 -1.5794e+000 -1.2866e+000
517 +1.786117279e+002 +1.786117279e+002 +2.085817279e+002 +2.085817279e+002 +3.4519e+000 -4.9135e+000 -6.9296e-001
585 +1.120535368e+002 +1.120535368e+002 +1.420235368e+002 +1.420235368e+002 +2.6747e+000 -4.7688e+000 -1.2866e+000
935 +8.236706053e+001 +8.236706053e+001 +1.123370605e+002 +1.123370605e+002 +1.1965e+000 -2.9043e+000 -2.6280e+000
1021 +4.415627785e+001 +4.415627785e+001 +7.412627785e+001 +7.412627785e+001 +1.2817e+000 -2.7074e+000 -2.8544e+000
1103 +2.355871651e+001 +2.355871651e+001 +5.352871651e+001 +5.352871651e+001 +1.3363e+000 -2.5813e+000 -2.9993e+000
1154 +5.574406315e+000 +5.574406315e+000 +3.554440632e+001 +3.554440632e+001 +1.2115e+000 -2.2205e+000 -3.2318e+000
% function evaluation | noise-free fitness - Fopt (-5.171000000000e+001) | best noise-free fitness - Fopt | measured fitness | best measured fitness | x1 | x2...
1 +4.803295477e+003 +4.803295477e+003 +4.751585477e+003 +4.751585477e+003 +1.0490e+001 +1.4163e+001 +5.1944e+000
3 +3.779362665e+003 +3.779362665e+003 +3.727652665e+003 +3.727652665e+003 +6.7215e+000 +9.8867e+000 +6.8227e+000
160 +2.091628265e+003 +2.091628265e+003 +2.039918265e+003 +2.039918265e+003 +9.2173e+000 +3.9991e+000 +4.1705e+000
260 +1.537922139e+003 +1.537922139e+003 +1.486212139e+003 +1.486212139e+003 +1.2149e+001 +1.7848e+000 +2.3913e+000
283 +9.538883733e+002 +9.538883733e+002 +9.021783733e+002 +9.021783733e+002 +5.6842e+000 +3.0016e+000 +5.8885e-001
359 +5.285173612e+002 +5.285173612e+002 +4.768073612e+002 +4.768073612e+002 +8.5571e+000 -1.6985e+000 -1.6143e+000
444 +1.671026627e+002 +1.671026627e+002 +1.153926627e+002 +1.153926627e+002 +8.7178e+000 +1.1326e-001 -2.0407e+000
593 +1.572877926e+002 +1.572877926e+002 +1.055777926e+002 +1.055777926e+002 +9.1431e+000 +2.9732e-001 -3.0808e+000
821 +6.752744845e+001 +6.752744845e+001 +1.581744845e+001 +1.581744845e+001 +6.0528e+000 +1.6684e+000 -3.2385e+000
856 +4.734155167e+001 +4.734155167e+001 -4.368448332e+000 -4.368448332e+000 +7.3758e+000 +9.2360e-001 -2.8067e+000
1193 +3.892411076e+001 +3.892411076e+001 -1.278588924e+001 -1.278588924e+001 +6.2803e+000 +1.5296e+000 -3.0307e+000
% function evaluation | noise-free fitness - Fopt (-2.799500000000e+002) | best noise-free fitness - Fopt | measured fitness | best measured fitness | x1 | x2...
1 +3.897491597e+003 +3.897491597e+003 +3.617541597e+003 +3.617541597e+003 +1.1400e+001 +9.9133e+000 +7.3580e+000
37 +2.327246385e+003 +2.327246385e+003 +2.047296385e+003 +2.047296385e+003 +7.1123e+000 +5.0270e+000 +8.0895e+000
259 +1.531464259e+003 +1.531464259e+003 +1.251514259e+003 +1.251514259e+003 +6.7922e+000 +1.4575e+000 +9.1334e+000
520 +8.497287952e+002 +8.497287952e+002 +5.697787952e+002 +5.697787952e+002 +5.5187e+000 -3.8990e+000 +4.1471e+000
665 +4.685019331e+002 +4.685019331e+002 +1.885519331e+002 +1.885519331e+002 +1.3992e+000 -5.5358e+000 +3.1752e+000
737 +2.190966551e+002 +2.190966551e+002 -6.085334492e+001 -6.085334492e+001 +1.5813e-001 -5.9659e+000 +1.4308e+000
813 +1.510133328e+002 +1.510133328e+002 -1.289366672e+002 -1.289366672e+002 -7.6491e-001 -6.2860e+000 +7.5095e-002
1006 +7.265935350e+001 +7.265935350e+001 -2.072906465e+002 -2.072906465e+002 -1.5870e+000 -5.3635e+000 +1.4720e+000
1060 +6.276958879e+001 +6.276958879e+001 -2.171804112e+002 -2.171804112e+002 -1.8833e+000 -5.0535e+000 +1.9028e+000
1218 +2.557607465e+001 +2.557607465e+001 -2.543739253e+002 -2.543739253e+002 -2.8916e+000 -4.4881e+000 +2.7470e+000
% function evaluation | noise-free fitness - Fopt (9.319900000000e+002) | best noise-free fitness - Fopt | measured fitness | best measured fitness | x1 | x2...
1 +1.957009570e+003 +1.957009570e+003 +2.888999570e+003 +2.888999570e+003 +1.0167e+001 +1.2114e+001 +1.2697e+001
9 +9.413040535e+002 +9.413040535e+002 +1.873294053e+003 +1.873294053e+003 +5.5467e+000 +9.0910e+000 +6.9782e+000
257 +5.374343881e+002 +5.374343881e+002 +1.469424388e+003 +1.469424388e+003 +5.0342e+000 +5.9860e+000 +3.5603e+000
393 +3.767605582e+002 +3.767605582e+002 +1.308750558e+003 +1.308750558e+003 +1.8618e+000 +4.0237e+000 +5.1791e+000
473 +1.988479995e+002 +1.988479995e+002 +1.130837999e+003 +1.130837999e+003 +2.2293e+000 +3.2179e+000 +4.0656e+000
549 +1.412588432e+002 +1.412588432e+002 +1.073248843e+003 +1.073248843e+003 +2.4646e+000 +2.7022e+000 +3.3529e+000
680 +7.342980488e+001 +7.342980488e+001 +1.005419805e+003 +1.005419805e+003 +1.8430e+000 +2.4021e+000 +3.0512e+000
728 +5.481122240e+001 +5.481122240e+001 +9.868012224e+002 +9.868012224e+002 +2.1403e+000 +2.3296e+000 +2.4324e+000
738 +1.959277793e+001 +1.959277793e+001 +9.515827779e+002 +9.515827779e+002 +1.8160e+000 +1.8765e+000 +2.6888e+000
1055 +6.625995852e+000 +6.625995852e+000 +9.386159959e+002 +9.386159959e+002 +1.3997e+000 +9.6280e-001 +2.8696e+000
1130 +5.203175457e+000 +5.203175457e+000 +9.371931755e+002 +9.371931755e+002 +1.4345e+000 +1.0537e+000 +2.8731e+000
% function evaluation | noise-free fitness - Fopt (1.133100000000e+002) | best noise-free fitness - Fopt | measured fitness | best measured fitness | x1 | x2...
1 +4.236357486e+003 +4.236357486e+003 +4.349667486e+003 +4.349667486e+003 +1.2953e+001 +5.5473e+000 +1.1412e+001
4 +2.904952738e+003 +2.904952738e+003 +3.018262738e+003 +3.018262738e+003 +5.6046e+000 +5.1354e+000 +1.3533e+001
25 +1.776953477e+003 +1.776953477e+003 +1.890263477e+003 +1.890263477e+003 +6.0856e+000 +5.7553e+000 +7.0395e+000
123 +1.461322117e+003 +1.461322117e+003 +1.574632117e+003 +1.574632117e+003 +7.3523e+000 +8.8724e+000 +9.0343e-001
278 +3.511781282e+002 +3.511781282e+002 +4.644881282e+002 +4.644881282e+002 +3.2131e+000 +5.9536e+000 -7.1280e-001
453 +1.334300579e+002 +1.334300579e+002 +2.467400579e+002 +2.467400579e+002 +2.8664e+000 +4.8952e+000 -1.7073e+000
585 +7.371437666e+001 +7.371437666e+001 +1.870243767e+002 +1.870243767e+002 +1.7391e+000 +4.0195e+000 -2.0567e-003
589 +5.640867939e+001 +5.640867939e+001 +1.697186794e+002 +1.697186794e+002 +2.5138e+000 +3.6392e+000 -4.2778e-001
649 +3.411554036e+001 +3.411554036e+001 +1.474255404e+002 +1.474255404e+002 +1.9289e+000 +3.4906e+000 +3.9064e-001
718 +1.687660419e+001 +1.687660419e+001 +1.301866042e+002 +1.301866042e+002 +2.0193e+000 +2.7679e+000 +1.1400e+000
1065 +1.058678945e+001 +1.058678945e+001 +1.238967894e+002 +1.238967894e+002 +2.1061e+000 +3.5506e+000 +1.7048e-001
1099 +6.350900633e+000 +6.350900633e+000 +1.196609006e+002 +1.196609006e+002 +2.1725e+000 +3.1081e+000 +5.6122e-001
% function evaluation | noise-free fitness - Fopt (-9.519000000000e+001) | best noise-free fitness - Fopt | measured fitness | best measured fitness | x1 | x2...
1 +4.215492834e+003 +4.215492834e+003 +4.120302834e+003 +4.120302834e+003 +1.1170e+001 +7.9265e+000 +9.8245e+000
4 +3.306223727e+003 +3.306223727e+003 +3.211033727e+003 +3.211033727e+003 +8.2371e+000 +1.1464e+001 +8.1752e+000
25 +2.147682632e+003 +2.147682632e+003 +2.052492632e+003 +2.052492632e+003 +5.2285e+000 +8.7949e+000 +5.2585e+000
309 +1.051934740e+003 +1.051934740e+003 +9.567447400e+002 +9.567447400e+002 +2.9501e+000 +5.5392e+000 +1.6176e+000
386 +6.020939175e+002 +6.020939175e+002 +5.069039175e+002 +5.069039175e+002 -6.2099e-001 +6.6585e+000 +3.5032e+000
462 +3.406278912e+002 +3.406278912e+002 +2.454378912e+002 +2.454378912e+002 -2.9065e+000 +7.3748e+000 +4.7100e+000
538 +2.458686193e+002 +2.458686193e+002 +1.506786193e+002 +1.506786193e+002 -4.3692e+000 +7.8333e+000 +5.4823e+000
630 +1.332494528e+002 +1.332494528e+002 +3.805945285e+001 +3.805945285e+001 -2.8962e+000 +5.8845e+000 +3.6940e+000
1132 +9.703051063e+001 +9.703051063e+001 +1.840510629e+000 +1.840510629e+000 -1.9933e+000 +4.6431e+000 +2.6146e+000
% function evaluation | noise-free fitness - Fopt (-7.663000000000e+001) | best noise-free fitness - Fopt | measured fitness | best measured fitness | x1 | x2...
1 +2.471351925e+003 +2.471351925e+003 +2.394721925e+003 +2.394721925e+003 +7.4194e+000 +1.2558e+001 +6.7621e+000
3 +5.149078039e+002 +5.149078039e+002 +4.382778039e+002 +4.382778039e+002 +1.0657e+001 +5.6918e+000 +5.0435e+000
397 +3.741348523e+002 +3.741348523e+002 +2.975048523e+002 +2.975048523e+002 +1.0022e+001 +4.4531e+000 +4.2944e+000
638 +2.167950967e+002 +2.167950967e+002 +1.401650967e+002 +1.401650967e+002 +6.7283e+000 +2.0725e+000 +4.3671e+000
753 +1.445702676e+002 +1.445702676e+002 +6.794026759e+001 +6.794026759e+001 +5.6449e+000 +2.2542e+000 +4.1057e+000
939 +9.033879714e+001 +9.033879714e+001 +1.370879714e+001 +1.370879714e+001 +3.5563e+000 +6.4831e-001 +4.1397e+000
1027 +3.840906470e+001 +3.840906470e+001 -3.822093530e+001 -3.822093530e+001 +1.8213e+000 -6.1209e-001 +3.8921e+000
1098 +1.772767353e+001 +1.772767353e+001 -5.890232647e+001 -5.890232647e+001 +1.1444e+000 -9.4132e-001 +3.8459e+000
1208 +1.535601290e+001 +1.535601290e+001 -6.127398710e+001 -6.127398710e+001 +8.3060e-001 -1.1648e+000 +3.8164e+000
1212 +9.528642801e+000 +9.528642801e+000 -6.710135720e+001 -6.710135720e+001 +2.1320e-001 -1.6134e+000 +3.7986e+000
% function evaluation | noise-free fitness - Fopt (1.152600000000e+002) | best noise-free fitness - Fopt | measured fitness | best measured fitness | x1 | x2...
1 +3.518021386e+003 +3.518021386e+003 +3.633281386e+003 +3.633281386e+003 +1.0866e+001 +6.5144e+000 +1.1523e+001
4 +2.391178348e+003 +2.391178348e+003 +2.506438348e+003 +2.506438348e+003 +8.0023e+000 +6.7476e+000 +5.5831e+000
257 +1.583845458e+003 +1.583845458e+003 +1.699105458e+003 +1.699105458e+003 +1.2197e+001 +8.0698e-001 +2.2388e+000
488 +9.054274439e+002 +9.054274439e+002 +1.020687444e+003 +1.020687444e+003 +4.9037e+000 -1.1850e+000 +2.3730e+000
540 +5.276432637e+002 +5.276432637e+002 +6.429032637e+002 +6.429032637e+002 +5.6359e+000 -2.9071e+000 +1.1242e+000
568 +3.733590789e+002 +3.733590789e+002 +4.886190789e+002 +4.886190789e+002 +5.9592e+000 -4.2554e+000 +8.3358e-001
689 +2.320492437e+002 +2.320492437e+002 +3.473092437e+002 +3.473092437e+002 +6.3660e+000 -4.8921e+000 -7.3274e-001
711 +8.319272372e+001 +8.319272372e+001 +1.984527237e+002 +1.984527237e+002 +2.3756e+000 -4.1916e+000 -1.1136e+000
783 +5.014929344e+001 +5.014929344e+001 +1.654092934e+002 +1.654092934e+002 +3.4431e+000 -4.4125e+000 -8.0437e-001
811 +3.812969426e+001 +3.812969426e+001 +1.533896943e+002 +1.533896943e+002 +1.8781e+000 -4.1724e+000 -8.6339e-001
1109 +1.799046655e+001 +1.799046655e+001 +1.332504665e+002 +1.332504665e+002 +3.3297e+000 -4.5429e+000 -7.3923e-001
% function evaluation | noise-free fitness - Fopt (-1.000000000000e-001) | best noise-free fitness - Fopt | measured fitness | best measured fitness | x1 | x2...
1 +3.675469502e+003 +3.675469502e+003 +3.675369502e+003 +3.675369502e+003 +1.3322e+001 +1.0450e+001 +1.4219e+001
15 +2.507300184e+003 +2.507300184e+003 +2.507200184e+003 +2.507200184e+003 +1.0836e+001 +6.2055e+000 +7.9643e+000
68 +1.037841928e+003 +1.037841928e+003 +1.037741928e+003 +1.037741928e+003 +6.8894e+000 +1.6670e+000 +6.0747e+000
141 +8.154514829e+002 +8.154514829e+002 +8.153514829e+002 +8.153514829e+002 +6.8773e+000 +9.0417e-001 +6.4533e+000
328 +1.868537927e+002 +1.868537927e+002 +1.867537927e+002 +1.867537927e+002 +5.1428e+000 -8.4316e-001 +6.8539e+000
497 +1.290104297e+002 +1.290104297e+002 +1.289104297e+002 +1.289104297e+002 +4.9497e+000 -1.2953e+000 +8.2092e+000
584 +7.606920200e+001 +7.606920200e+001 +7.596920200e+001 +7.596920200e+001 +4.3952e+000 -1.5139e+000 +3.9272e+000
630 +4.645116674e+001 +4.645116674e+001 +4.635116674e+001 +4.635116674e+001 +4.7104e+000 -1.2994e+000 +6.6821e+000
742 +3.375200196e+001 +3.375200196e+001 +3.365200196e+001 +3.365200196e+001 +4.3016e+000 -1.6703e+000 +3.9272e+000
919 +9.744157931e+000 +9.744157931e+000 +9.644157931e+000 +9.644157931e+000 +3.8534e+000 -1.8772e+000 +2.5527e+000
1204 +4.383339074e+000 +4.383339074e+000 +4.283339074e+000 +4.283339074e+000 +3.5426e+000 -2.1885e+000 +5.4649e-001
1221 +3.452411396e+000 +3.452411396e+000 +3.352411396e+000 +3.352411396e+000 +3.8218e+000 -1.9816e+000 +2.0376e+000
% function evaluation | noise-free fitness - Fopt (-1.502400000000e+002) | best noise-free fitness - Fopt | measured fitness | best measured fitness | x1 | x2...
1 +2.169277003e+003 +2.169277003e+003 +2.019037003e+003 +2.019037003e+003 +1.0380e+001 +5.2861e+000 +8.9919e+000
113 +1.405988126e+003 +1.405988126e+003 +1.255748126e+003 +1.255748126e+003 +1.1515e+001 +1.5133e+000 +6.9267e+000
366 +9.872301991e+002 +9.872301991e+002 +8.369901991e+002 +8.369901991e+002 +6.9145e+000 -5.2827e-001 +5.2759e+000
580 +6.243327196e+002 +6.243327196e+002 +4.740927196e+002 +4.740927196e+002 +9.2392e+000 -1.9206e+000 +4.9849e-001
603 +3.619220366e+002 +3.619220366e+002 +2.116820366e+002 +2.116820366e+002 +6.3013e+000 -2.7060e+000 -8.0369e-001
677 +2.447902676e+002 +2.447902676e+002 +9.455026764e+001 +9.455026764e+001 +6.9524e+000 -2.1706e+000 -3.0579e+000
751 +1.467316459e+002 +1.467316459e+002 -3.508354102e+000 -3.508354102e+000 +6.3699e+000 -3.0154e+000 -3.4355e+000
853 +9.359817422e+001 +9.359817422e+001 -5.664182578e+001 -5.664182578e+001 +3.2908e+000 -3.1402e+000 -3.0792e+000
890 +4.063151485e+001 +4.063151485e+001 -1.096084852e+002 -1.096084852e+002 +3.0251e+000 -3.5607e+000 -3.3375e+000
1021 +3.858785352e+001 +3.858785352e+001 -1.116521465e+002 -1.116521465e+002 +2.9432e+000 -3.5556e+000 -2.9446e+000
1111 +2.490773115e+001 +2.490773115e+001 -1.253322689e+002 -1.253322689e+002 +2.3542e+000 -3.5242e+000 -2.7916e+000
% function evaluation | noise-free fitness - Fopt (7.470000000000e+001) | best noise-free fitness - Fopt | measured fitness | best measured fitness | x1 | x2...
1 +3.899304945e+003 +3.899304945e+003 +3.974004945e+003 +3.974004945e+003 +1.4764e+001 +8.2725e+000 +1.4940e+001
7 +1.884626701e+003 +1.884626701e+003 +1.959326701e+003 +1.959326701e+003 +9.0794e+000 +7.1855e+000 +7.2189e+000
20 +1.568727382e+003 +1.568727382e+003 +1.643427382e+003 +1.643427382e+003 +5.1570e+000 +1.2623e+001 +5.6447e+000
51 +7.414907066e+002 +7.414907066e+002 +8.161907066e+002 +8.161907066e+002 +5.0151e+000 +6.1506e+000 +5.4170e+000
116 +5.900100401e+002 +5.900100401e+002 +6.647100401e+002 +6.647100401e+002 +1.5035e+000 +6.0489e+000 +1.0177e+001
257 +3.586470133e+002 +3.586470133e+002 +4.333470133e+002 +4.333470133e+002 +9.0447e-001 +4.4422e+000 +9.5067e+000
446 +1.129266032e+002 +1.129266032e+002 +1.876266032e+002 +1.876266032e+002 +1.6150e+000 +3.4341e+000 +8.9526e+000
524 +8.323065661e+001 +8.323065661e+001 +1.579306566e+002 +1.579306566e+002 +3.2300e+000 +3.1433e+000 +4.2426e+000
702 +6.074139647e+001 +6.074139647e+001 +1.354413965e+002 +1.354413965e+002 +2.5003e+000 +3.1228e+000 +5.5274e+000
891 +1.234115317e+001 +1.234115317e+001 +8.704115317e+001 +8.704115317e+001 +2.9556e+000 +3.5254e+000 +4.1723e+000
1182 +6.048678045e+000 +6.048678045e+000 +8.074867804e+001 +8.074867804e+001 +3.4650e+000 +3.5888e+000 +2.4499e+000
% function evaluation | noise-free fitness - Fopt (-8.478000000000e+001) | best noise-free fitness - Fopt | measured fitness | best measured fitness | x1 | x2...
1 +4.227069851e+003 +4.227069851e+003 +4.142289851e+003 +4.142289851e+003 +1.1271e+001 +8.7590e+000 +1.1027e+001
6 +2.660335888e+003 +2.660335888e+003 +2.575555888e+003 +2.575555888e+003 +1.0182e+001 +7.4265e+000 +5.2844e+000
30 +1.611085709e+003 +1.611085709e+003 +1.526305709e+003 +1.526305709e+003 +5.1129e+000 +7.2993e+000 +5.2731e+000
133 +3.552440978e+002 +3.552440978e+002 +2.704640978e+002 +2.704640978e+002 +2.6558e+000 +8.3622e+000 -3.7911e-001
193 +2.081511550e+002 +2.081511550e+002 +1.233711550e+002 +1.233711550e+002 +2.0847e+000 +5.9392e+000 +2.0943e+000
493 +8.724254974e+001 +8.724254974e+001 +2.462549743e+000 +2.462549743e+000 +2.4052e+000 +5.7318e+000 +1.3095e+000
636 +3.257794066e+001 +3.257794066e+001 -5.220205934e+001 -5.220205934e+001 +2.4863e+000 +4.6675e+000 +1.4961e+000
914 +2.274316343e+001 +2.274316343e+001 -6.203683657e+001 -6.203683657e+001 +2.6219e+000 +4.5041e+000 +1.4513e+000
934 +1.175028425e+001 +1.175028425e+001 -7.302971575e+001 -7.302971575e+001 +3.5608e+000 +2.5742e+000 +1.3839e+000
1237 +7.361627357e+000 +7.361627357e+000 -7.741837264e+001 -7.741837264e+001 +3.7923e+000 +2.3566e+000 +1.2511e+000
% function evaluation | noise-free fitness - Fopt (1.620500000000e+002) | best noise-free fitness - Fopt | measured fitness | best measured fitness | x1 | x2...
1 +3.434550285e+003 +3.434550285e+003 +3.596600285e+003 +3.596600285e+003 +6.1568e+000 +7.9666e+000 +8.3091e+000
148 +2.271845366e+003 +2.271845366e+003 +2.433895366e+003 +2.433895366e+003 +1.0501e+001 +5.2939e-001 +1.0498e+001
454 +1.425273023e+003 +1.425273023e+003 +1.587323023e+003 +1.587323023e+003 +6.4397e+000 -7.3751e-001 +8.9988e+000
538 +8.921411814e+002 +8.921411814e+002 +1.054191181e+003 +1.054191181e+003 +4.5948e+000 -1.5637e+000 +6.7756e+000
615 +4.214536200e+002 +4.214536200e+002 +5.835036200e+002 +5.835036200e+002 +4.4824e+000 -3.5378e+000 +5.4030e+000
659 +3.004443233e+002 +3.004443233e+002 +4.624943233e+002 +4.624943233e+002 +4.5913e+000 -4.3355e+000 +5.3527e+000
684 +1.532277645e+002 +1.532277645e+002 +3.152777645e+002 +3.152777645e+002 +4.6327e+000 -5.5506e+000 +4.2454e+000
709 +4.368082666e+001 +4.368082666e+001 +2.057308267e+002 +2.057308267e+002 +3.3145e+000 -4.1298e+000 +3.0233e+000
1165 +3.956912119e+001 +3.956912119e+001 +2.016191212e+002 +2.016191212e+002 +3.6323e+000 -4.7248e+000 +4.3220e+000
% function evaluation | noise-free fitness - Fopt (-3.549000000000e+001) | best noise-free fitness - Fopt | measured fitness | best measured fitness | x1 | x2...
1 +2.281608187e+003 +2.281608187e+003 +2.246118187e+003 +2.246118187e+003 +8.3702e+000 +8.9165e+000 +9.5053e+000
28 +1.511188089e+003 +1.511188089e+003 +1.475698089e+003 +1.475698089e+003 +7.0517e+000 +6.0142e+000 +5.5038e+000
234 +9.293306673e+002 +9.293306673e+002 +8.938406673e+002 +8.938406673e+002 +5.7584e+000 +1.7116e+000 +5.9778e+000
359 +5.059145066e+002 +5.059145066e+002 +4.704245066e+002 +4.704245066e+002 +2.5652e+000 -1.0744e+000 +4.2417e+000
523 +3.126358398e+002 +3.126358398e+002 +2.771458398e+002 +2.771458398e+002 +6.4906e-001 -9.4663e-001 +3.2636e+000
593 +1.300900942e+002 +1.300900942e+002 +9.460009424e+001 +9.460009424e+001 -4.5609e-001 -2.7513e+000 +4.8505e+000
653 +5.560718911e+001 +5.560718911e+001 +2.011718911e+001 +2.011718911e+001 -1.1741e+000 -2.2725e+000 +1.9571e+000
901 +3.693349310e+001 +3.693349310e+001 +1.443493105e+000 +1.443493105e+000 -1.5734e+000 -2.4297e+000 +1.6916e+000
1029 +1.627040180e+001 +1.627040180e+001 -1.921959820e+001 -1.921959820e+001 -1.8361e+000 -2.3073e+000 +6.6920e-001
% function evaluation | noise-free fitness - Fopt (1.762000000000e+002) | best noise-free fitness - Fopt | measured fitness | best measured fitness | x1 | x2...
1 +3.107361861e+003 +3.107361861e+003 +3.283561861e+003 +3.283561861e+003 +1.0793e+001 +1.0426e+001 +9.0508e+000
5 +2.456982131e+003 +2.456982131e+003 +2.633182131e+003 +2.633182131e+003 +1.3200e+001 +7.1475e+000 +1.1697e+001
90 +1.342029939e+003 +1.342029939e+003 +1.518229939e+003 +1.518229939e+003 +2.3982e+000 +5.2116e+000 +4.8479e+000
246 +9.996908102e+002 +9.996908102e+002 +1.175890810e+003 +1.175890810e+003 +5.5395e+000 +2.9023e+000 +8.5986e+000
367 +4.820376953e+002 +4.820376953e+002 +6.582376953e+002 +6.582376953e+002 +6.5583e+000 -8.4286e-001 +1.0377e+001
464 +3.123778656e+002 +3.123778656e+002 +4.885778656e+002 +4.885778656e+002 +6.0866e+000 -1.1539e+000 +8.4486e+000
548 +2.162376971e+002 +2.162376971e+002 +3.924376971e+002 +3.924376971e+002 +5.5533e+000 -1.4706e+000 +8.7888e+000
676 +1.519071048e+002 +1.519071048e+002 +3.281071048e+002 +3.281071048e+002 +4.0895e+000 -9.9951e-001 +7.8871e+000
1171 +8.459139290e+001 +8.459139290e+001 +2.607913929e+002 +2.607913929e+002 +2.0271e+000 -4.0770e-001 +6.8128e+000
