% function evaluation | noise-free fitness - Fopt (-4.620900000000e+002) | best noise-free fitness - Fopt | measured fitness | best measured fitness | x1 | x2...
1 +1.946312511e+003 +1.946312511e+003 +1.484222511e+003 +1.484222511e+003 -2.9834e+000 -2.0810e+000 +2.4577e+000 +2.1304e+000 -4.8766e+000 +4.7084e+000 +4.4741e+000 +3.4642e-001 +3.2185e-001 -4.1978e-001 -2.1959e+000 +8.0706e-001 -4.7956e+000 +1.8363e+000 +3.0981e+000 +1.5572e+000 +1.4551e+000 -4.5451e-001 -3.7537e+000 +2.8789e+000
4 +1.509994640e+003 +1.509994640e+003 +1.047904640e+003 +1.047904640e+003 +2.8270e+000 -1.5461e+000 +1.4228e+000 -2.0833e+000 +4.1561e+000 +1.8348e+000 +3.6349e+000 -2.2703e+000 -2.4442e+000 +1.1655e+000 -4.9989e+000 +1.4710e+000 -1.9834e+000 +2.4482e+000 -4.7652e+000 -4.7348e+000 +9.2691e-001 -1.0343e+000 -4.6197e+000 -3.7567e+000
24 +8.173290911e+002 +8.173290911e+002 +3.552390911e+002 +3.552390911e+002 -8.4697e-001 +2.1567e+000 -1.8521e+000 -9.0122e-001 -1.0002e+000 +2.3759e+000 +2.5719e+000 -1.2667e+000 +2.0510e+000 -1.2445e+000 +8.4750e-001 -3.7840e+000 -2.4909e+000 -2.2843e+000 +1.3179e+000 -1.6287e+000 -2.1554e+000 -3.0620e+000 -3.3469e+000 +3.0027e+000
192 +5.614104365e+002 +5.614104365e+002 +9.932043649e+001 +9.932043649e+001 -2.2755e+000 +8.7120e+000 -4.2700e+000 -4.5236e+000 +3.1903e+000 -3.1574e+000 +4.1552e+000 -1.0225e+000 +3.6569e+000 -9.8706e-001 -3.4998e+000 -1.9238e+000 -4.6025e-001 -4.4130e+000 -2.6197e-001 -5.4694e+000 -5.4809e-001 +5.2425e+000 -4.0337e+000 +7.0638e-001
551 +3.505267679e+002 +3.505267679e+002 -1.115632321e+002 -1.115632321e+002 -1.4367e+000 -4.4113e-001 -1.7916e+000 -8.2546e-001 +1.2286e-001 -1.5143e+000 +1.6712e+000 +5.7373e-001 +2.1072e+000 +5.6288e-001 -1.2178e+000 -4.9030e+000 +1.5068e+000 -1.9596e+000 +2.6645e-001 -2.9104e+000 -1.9726e+000 +3.8580e+000 -3.4199e+000 +1.8863e+000
904 +1.981797596e+002 +1.981797596e+002 -2.639102404e+002 -2.639102404e+002 -6.9615e-001 +4.0334e-001 +4.0408e+000 -8.1724e-001 +1.1420e+000 +1.7439e+000 +3.1671e+000 +4.3606e+000 +1.3158e+000 +3.1920e-002 -2.0945e+000 -3.7980e+000 +8.1582e-001 -3.9333e+000 -1.4700e+000 -2.7771e+000 +5.0476e-001 +4.0338e+000 -3.1977e+000 +2.1354e+000
2307 +1.509831969e+002 +1.509831969e+002 -3.111068031e+002 -3.111068031e+002 -2.1552e+000 +2.0054e+000 +1.8382e+000 -8.0816e-001 +1.3378e+000 +1.9642e+000 +2.1186e+000 +3.2076e+000 +1.9071e+000 +9.3147e-002 -2.2645e+000 -3.8072e+000 +8.5586e-001 -3.0054e+000 -1.4260e+000 -3.4155e+000 +5.5893e-001 +3.5045e+000 -3.1003e+000 +1.8646e+000
3423 +8.754256255e+001 +8.754256255e+001 -3.745474374e+002 -3.745474374e+002 -2.2706e+000 +1.2744e+000 +3.0700e+000 +6.7553e-001 +2.2935e+000 +1.3364e+000 +2.4844e+000 +3.3296e+000 +1.0409e+000 +6.1570e-002 -2.1019e+000 -3.6263e+000 +3.9412e-001 -3.3363e+000 -1.4521e+000 -3.4844e+000 -9.2232e-001 +3.7780e+000 -3.2090e+000 +2.1351e+000
4314 +6.019598718e+001 +6.019598718e+001 -4.018940128e+002 -4.018940128e+002 -2.2253e+000 +1.4918e+000 +2.4452e+000 +6.3783e-001 +2.2200e+000 +1.3928e+000 +2.5367e+000 +3.2675e+000 +1.0228e+000 -3.1558e-002 -2.1956e+000 -3.7830e+000 +3.1196e-001 -3.3540e+000 -1.4164e+000 -3.4442e+000 -7.3582e-001 +3.7824e+000 -3.1480e+000 +2.1614e+000
4854 +3.811847647e+001 +3.811847647e+001 -4.239715235e+002 -4.239715235e+002 -2.2979e+000 +2.2890e+000 +2.2443e+000 +7.2767e-001 +2.1943e+000 +1.3531e+000 +2.4785e+000 +3.3075e+000 +1.0690e+000 +1.2179e-001 -2.7161e+000 -3.7604e+000 -1.1119e-001 -3.3657e+000 -1.3614e+000 -3.4846e+000 -1.1837e+000 +3.7967e+000 -3.1417e+000 +2.2582e+000
6415 +2.430357968e+001 +2.430357968e+001 -4.377864203e+002 -4.377864203e+002 -2.3254e+000 +1.3977e+000 +2.1996e+000 +7.9216e-001 +2.2016e+000 +1.3328e+000 +2.5269e+000 +3.3212e+000 +1.0945e+000 +4.8551e-002 -2.7503e+000 -3.7661e+000 -1.9408e-001 -3.3714e+000 -1.3986e+000 -3.4749e+000 -3.3973e-001 +3.7348e+000 -3.1705e+000 +2.1732e+000
7763 +1.512889469e+001 +1.512889469e+001 -4.469611053e+002 -4.469611053e+002 -2.3167e+000 +1.3506e+000 +2.2098e+000 +7.4606e-001 +2.2117e+000 +1.3719e+000 +2.5294e+000 +3.1957e+000 +1.1222e+000 +6.5639e-002 -2.7509e+000 -3.7817e+000 -1.3229e-001 -3.4070e+000 -1.3858e+000 -3.4765e+000 -3.3594e-001 +3.7441e+000 -3.1568e+000 +2.1721e+000
% function evaluation | noise-free fitness - Fopt (7.766000000000e+001) | best noise-free fitness - Fopt | measured fitness | best measured fitness | x1 | x2...
1 +5.956872132e+003 +5.956872132e+003 +6.034532132e+003 +6.034532132e+003 -3.7432e+000 +1.5665e+000 +2.9445e+000 +5.4627e-001 +9.5749e-001 +3.7957e+000 +4.2539e+000 +5.4837e-001 -8.8103e-002 +4.6806e+000 +3.5771e+000 +4.3813e+000 -4.4463e+000 +4.3452e+000 -2.3007e+000 +3.5684e+000 -2.5403e-001 -7.3286e-001 -1.2232e+000 +3.2950e+000
3 +2.226479996e+003 +2.226479996e+003 +2.304139996e+003 +2.304139996e+003 -4.2612e+000 -4.8584e-001 -1.6499e+000 -9.1937e-001 -1.5524e+000 +3.0443e+000 -4.1522e+000 +9.6320e-002 -4.4293e+000 +4.3633e+000 +1.0421e+000 -3.9487e+000 +4.5227e-001 -5.3312e-001 -6.2436e-001 +1.8103e+000 -1.9997e+000 +1.7024e+000 -3.9471e+000 -1.9413e-001
4 +1.519871239e+003 +1.519871239e+003 +1.597531239e+003 +1.597531239e+003 +3.9497e+000 +3.3810e+000 -3.6322e+000 -2.4299e+000 -3.3349e+000 -2.2463e+000 +1.7988e+000 -4.0377e-002 +2.1368e-001 -4.5562e+000 -2.4976e+000 -4.3319e+000 -1.2867e+000 +1.8279e-001 +3.2506e+000 +4.8413e+000 -3.8876e+000 -1.4942e+000 +1.8669e+000 -3.1297e+000
23 +8.860677158e+002 +8.860677158e+002 +9.637277158e+002 +9.637277158e+002 -3.2037e+000 +5.3152e-001 -4.9857e+000 -2.4268e-001 +3.3929e+000 +9.7180e-001 -9.7946e-001 -2.4114e+000 -3.9398e+000 +1.6530e+000 -3.1497e-001 +3.5061e+000 -3.9154e+000 -2.8998e+000 -7.4605e-001 +3.2596e+000 +1.7529e-001 -2.1399e+000 +4.3405e-001 -2.3091e+000
120 +5.178255328e+002 +5.178255328e+002 +5.954855328e+002 +5.954855328e+002 +1.0454e+000 -9.5447e-001 -6.7936e+000 +4.2539e+000 -2.7414e+000 -6.4480e-001 +4.4594e+000 -1.9238e+000 +1.9823e+000 -3.9832e-001 +3.3051e-002 -4.4870e+000 -2.1380e+000 -3.4779e+000 -1.5016e+000 -1.3566e-001 +1.1983e+000 -4.0492e+000 +1.6876e+000 -4.0117e+000
536 +3.779572139e+002 +3.779572139e+002 +4.556172139e+002 +4.556172139e+002 +1.4635e+000 -1.8044e+000 -1.9783e+000 +2.4389e+000 -4.0152e-001 -8.6884e-001 -1.4460e+000 -3.4104e+000 +1.3918e+000 -4.4783e+000 +1.3941e+000 -5.9388e+000 -2.7097e-001 -1.5695e+000 -3.1944e+000 -1.2705e+000 +4.2446e-001 -1.8832e+000 +3.2048e+000 -4.5683e+000
983 +2.375482271e+002 +2.375482271e+002 +3.152082271e+002 +3.152082271e+002 +1.5758e+000 -3.1050e+000 -2.0722e+000 +2.5136e+000 -2.5148e+000 -2.1484e+000 -4.3105e-001 -2.4253e+000 +7.9167e-002 -3.7342e+000 +7.0655e-001 -3.8658e-001 -3.8865e-001 -2.3240e+000 -2.1820e+000 +1.4496e+000 +2.7515e-003 -3.7767e+000 +3.4430e+000 -3.3676e+000
2019 +1.498308401e+002 +1.498308401e+002 +2.274908401e+002 +2.274908401e+002 +1.2398e+000 -2.4737e+000 -1.5136e+000 +3.4304e+000 -1.7031e+000 -1.2747e+000 +1.8461e+000 +9.3057e-002 -5.6377e-001 -3.9616e+000 +2.8900e+000 -6.5776e-001 -1.0697e-001 -1.8883e+000 -2.3411e+000 +2.0098e+000 +1.3091e-001 -3.5276e+000 +2.3323e+000 -3.6776e+000
5624 +8.553704649e+001 +8.553704649e+001 +1.631970465e+002 +1.631970465e+002 +1.2725e+000 -2.5881e+000 -1.2825e+000 +2.5782e+000 -1.6129e+000 -1.8099e+000 +1.7983e+000 +1.4732e-001 +8.8764e-001 -3.1896e+000 +2.9795e+000 +1.3953e-001 -1.6125e-001 -1.5458e+000 -1.9963e+000 +9.4752e-001 +8.2534e-002 -2.6999e+000 +2.0156e+000 -3.6939e+000
8905 +6.001110212e+001 +6.001110212e+001 +1.376711021e+002 +1.376711021e+002 +5.7284e-001 -1.9091e+000 -2.0125e+000 +3.2658e+000 -1.6636e+000 -1.3918e+000 +1.3229e+000 -5.5156e-001 -5.0344e-001 -3.1866e+000 +2.9536e+000 +4.7660e-002 -1.6818e-001 -2.0250e+000 -2.7727e+000 +9.3757e-001 +1.3381e-001 -2.6659e+000 +2.8050e+000 -3.7657e+000
11177 +3.482529415e+001 +3.482529415e+001 +1.124852942e+002 +1.124852942e+002 +1.3425e+000 -2.6002e+000 -1.2585e+000 +4.2402e+000 -1.6458e+000 -1.2594e+000 +1.2760e+000 +1.5321e-001 +9.0359e-001 -4.3885e+000 +2.9776e+000 +9.0315e-002 -1.8502e-001 -1.6097e+000 -2.3355e+000 +9.6247e-001 +1.4664e-001 -3.0965e+000 +3.1084e+000 -3.7907e+000
13450 +2.379935507e+001 +2.379935507e+001 +1.014593551e+002 +1.014593551e+002 +1.3691e+000 -2.5934e+000 -1.2831e+000 +4.2275e+000 -1.6472e+000 -1.2759e+000 +1.2542e+000 +1.0283e-001 +1.7811e-001 -3.8821e+000 +2.9788e+000 +1.3302e-001 -1.3419e-001 -1.6161e+000 -2.3385e+000 +9.5809e-001 +1.4541e-001 -2.7537e+000 +3.1621e+000 -3.8001e+000
16573 +1.533920577e+001 +1.533920577e+001 +9.299920577e+001 +9.299920577e+001 +1.3715e+000 -2.6209e+000 -1.2775e+000 +4.2265e+000 -1.6103e+000 -1.3406e+000 +1.2484e+000 +1.0446e-001 +1.8318e-001 -3.8468e+000 +2.9491e+000 +1.4925e-001 -1.8536e-001 -1.6049e+000 -2.3497e+000 +9.6789e-001 +1.4486e-001 -2.7506e+000 +2.7857e+000 -3.7669e+000
% function evaluation | noise-free fitness - Fopt (1.156800000000e+002) | best noise-free fitness - Fopt | measured fitness | best measured fitness | x1 | x2...
1 +2.748041821e+003 +2.748041821e+003 +2.863721821e+003 +2.863721821e+003 -2.6745e+000 -1.3738e+000 -4.8217e+000 -4.2343e-001 -2.1678e-001 +4.8389e+000 +8.5708e-001 +8.9376e-001 +4.8416e+000 -2.6138e+000 +7.0564e-001 +4.9754e+000 -4.4964e+000 -3.5553e+000 -5.3243e-001 +7.2293e-001 +3.2233e+000 -6.4629e-001 -6.9011e-001 +1.5792e+000
4 +1.848801642e+003 +1.848801642e+003 +1.964481642e+003 +1.964481642e+003 -3.7990e+000 -4.2122e+000 +3.3972e+000 +2.2484e+000 -2.9384e+000 +4.1225e+000 -3.6825e+000 -9.0911e-001 -2.0769e+000 +1.8124e+000 +2.1966e+000 -1.5682e+000 +4.1345e-001 +3.8883e+000 -3.8458e+000 -4.9845e+000 +4.6901e+000 -1.8259e+000 +2.3322e+000 -4.7698e+000
8 +1.317138122e+003 +1.317138122e+003 +1.432818122e+003 +1.432818122e+003 -1.6296e+000 +1.9309e-001 -1.3323e+000 +1.2967e+000 +1.3096e+000 -4.2449e+000 -1.4981e+000 -1.7960e+000 +1.0304e+000 -2.2272e+000 -9.5994e-001 +2.9809e+000 -1.6619e+000 -2.3671e+000 +6.9037e-001 -1.0923e+000 -4.8444e+000 +6.9090e-001 +1.2039e+000 +1.5295e+000
34 +9.137101727e+002 +9.137101727e+002 +1.029390173e+003 +1.029390173e+003 +3.4435e+000 -4.2988e+000 +4.9911e+000 -4.5340e+000 -3.4412e+000 +2.0509e+000 +3.7979e+000 +3.0244e+000 -2.1044e+000 -3.1684e-001 +2.7820e+000 -4.3038e+000 -3.0718e+000 -1.1034e+000 -3.7992e+000 +2.5297e-001 +2.7476e+000 +2.7647e+000 +1.4392e+000 -2.6677e-001
116 +5.320383988e+002 +5.320383988e+002 +6.477183988e+002 +6.477183988e+002 -2.0955e+000 -3.2597e+000 -3.6607e+000 +2.1311e+000 -8.4990e-001 -2.7289e+000 +6.9454e-001 +3.9398e-001 -1.8270e+000 +3.5972e-001 +2.7978e+000 +6.7889e-001 -2.6124e+000 +2.6564e+000 -4.6182e-001 -2.8128e+000 +7.2839e-001 +1.9034e+000 +1.0429e+000 -4.7348e-001
297 +3.124027415e+002 +3.124027415e+002 +4.280827415e+002 +4.280827415e+002 -2.4754e+000 -2.6722e+000 -1.4163e+000 +2.8523e+000 -6.8573e+000 -3.9449e+000 -6.1052e+000 -1.6516e-001 -4.3406e+000 -3.4670e+000 +3.1414e+000 -1.5732e+000 -3.8338e+000 +1.8130e+000 -5.0273e+000 -1.1199e+000 -2.2538e+000 +4.5358e+000 +3.0011e+000 -1.8257e+000
890 +2.181191033e+002 +2.181191033e+002 +3.337991033e+002 +3.337991033e+002 -3.2064e+000 -1.6415e+000 -1.1243e+000 +4.6606e-001 -5.0180e+000 -3.4692e+000 -5.7352e+000 +3.1967e+000 -5.4301e+000 -2.5892e+000 +2.5160e+000 -2.0912e+000 -3.6915e+000 +1.1921e+000 -2.9422e+000 -7.2510e-001 +5.5079e-001 +4.1606e+000 +3.3785e+000 +5.4255e-001
1406 +1.528877061e+002 +1.528877061e+002 +2.685677061e+002 +2.685677061e+002 -2.9665e+000 -2.0911e+000 +1.8173e-001 +1.6549e+000 -4.8714e+000 -2.5912e+000 -3.6690e+000 +1.9737e+000 -4.6391e+000 -1.8712e+000 +2.5768e+000 -1.7583e+000 -3.4622e+000 +4.2023e-002 -2.8555e+000 -9.2223e-001 -3.8128e-001 +3.9756e+000 +3.4494e+000 -8.5817e-001
3295 +9.246654266e+001 +9.246654266e+001 +2.081465427e+002 +2.081465427e+002 -4.1945e+000 -2.6222e+000 -5.9491e-001 +2.3228e+000 -4.4818e+000 -3.4866e+000 -3.5212e+000 +2.5022e+000 -3.2646e+000 -2.4449e+000 +3.2515e+000 -2.8390e+000 -3.3527e+000 +9.0509e-002 -2.9568e+000 -2.9217e-001 -3.5686e-001 +3.8328e+000 +3.1984e+000 -5.8510e-001
4964 +6.107464953e+001 +6.107464953e+001 +1.767546495e+002 +1.767546495e+002 -4.1391e+000 -2.6669e+000 -6.1590e-001 +2.3505e+000 -4.5116e+000 -3.2552e+000 -3.5238e+000 +2.2710e+000 -3.3656e+000 -2.0160e+000 +3.2475e+000 -2.9199e+000 -3.4048e+000 +1.2869e-001 -2.9505e+000 -3.4076e-001 -1.4704e-001 +3.8077e+000 +3.1103e+000 -5.0965e-001
6450 +3.910367240e+001 +3.910367240e+001 +1.547836724e+002 +1.547836724e+002 -4.2350e+000 -2.7504e+000 -5.9871e-001 +2.2083e+000 -4.4543e+000 -3.3661e+000 -3.5515e+000 +2.3855e+000 -3.3333e+000 -1.9504e+000 +3.2639e+000 -2.9218e+000 -3.4128e+000 +1.6151e-001 -2.9725e+000 -3.2745e-001 -4.7273e-001 +3.8095e+000 +3.4242e+000 -9.3040e-001
7488 +2.382641013e+001 +2.382641013e+001 +1.395064101e+002 +1.395064101e+002 -3.2273e+000 -2.7698e+000 -6.2099e-001 +2.1800e+000 -4.4762e+000 -3.2608e+000 -3.5410e+000 +2.3263e+000 -3.3509e+000 -1.9275e+000 +3.2626e+000 -2.8141e+000 -3.4080e+000 +1.7890e-001 -2.9473e+000 -3.3162e-001 -4.5024e-001 +3.8357e+000 +3.4747e+000 -8.9866e-001
8597 +1.576971208e+001 +1.576971208e+001 +1.314497121e+002 +1.314497121e+002 -2.1353e+000 -2.7771e+000 -6.5706e-001 +2.2001e+000 -4.4302e+000 -3.2590e+000 -3.5578e+000 +2.3640e+000 -3.3278e+000 -1.9332e+000 +3.2585e+000 -2.8540e+000 -3.3713e+000 +2.3123e-001 -2.9591e+000 -3.5806e-001 -4.3192e-001 +3.8445e+000 +3.4344e+000 -9.0933e-001
% function evaluation | noise-free fitness - Fopt (-3.710000000000e+000) | best noise-free fitness - Fopt | measured fitness | best measured fitness | x1 | x2...
1 +9.737834212e+002 +9.737834212e+002 +9.700734212e+002 +9.700734212e+002 +4.7724e+000 +1.3209e+000 -1.0355e+000 -2.6235e+000 +1.1525e+000 +3.2113e+000 -1.4154e+000 +2.0466e+000 -4.4272e+000 -4.2334e+000 -2.1258e+000 -2.7220e+000 -2.4196e+000 -1.8725e+000 +2.4510e+000 -9.3465e-001 -8.5332e-001 +3.6544e+000 +3.4752e+000 -2.2641e+000
130 +5.879178881e+002 +5.879178881e+002 +5.842078881e+002 +5.842078881e+002 +1.5415e+000 -1.8560e+000 -8.9868e-002 +2.9989e+000 +1.1525e+000 +3.5236e+000 -1.4154e+000 -2.7130e+000 -1.2455e+000 -8.7404e-001 +3.0503e+000 +5.1043e+000 +5.6884e+000 -1.0127e+000 +4.3005e+000 -9.3465e-001 -8.5332e-001 +9.7823e-001 +3.4752e+000 -3.7983e+000
353 +3.917997897e+002 +3.917997897e+002 +3.880897897e+002 +3.880897897e+002 -1.7567e+000 -4.5433e+000 -1.2240e+000 +4.1678e+000 +4.0181e+000 +4.3481e+000 -1.1258e+000 -3.3010e+000 -3.8750e+000 -3.6386e+000 +3.1030e+000 -1.0783e+000 +4.5268e+000 -1.6759e+000 -2.1388e-001 -3.5700e+000 +1.9832e+000 +2.9733e+000 +2.7429e+000 -5.8273e+000
1095 +2.436372126e+002 +2.436372126e+002 +2.399272126e+002 +2.399272126e+002 -1.4861e+000 -5.1003e+000 +2.6253e+000 +3.2813e+000 +2.7376e+000 +3.7339e+000 +7.4736e-001 -3.3064e+000 -4.8240e+000 -1.9028e+000 +2.8346e+000 +1.6343e+000 +3.7149e+000 -2.0349e+000 +1.6665e-001 -3.4229e+000 +2.5583e+000 +7.8035e-001 +3.5227e+000 -3.8538e+000
2227 +1.524733701e+002 +1.524733701e+002 +1.487633701e+002 +1.487633701e+002 +1.0144e+000 -4.0866e+000 +4.2354e+000 +3.0686e+000 +1.8034e+000 +4.3794e+000 +1.7081e-001 -2.6626e+000 -4.7928e+000 +2.2601e+000 +2.9523e+000 +1.5548e+000 +4.1891e+000 -5.4270e-001 +1.0379e+000 -3.2840e+000 +1.8210e+000 +1.8668e+000 +2.8752e+000 -3.4385e+000
4317 +8.206996550e+001 +8.206996550e+001 +7.835996550e+001 +7.835996550e+001 +1.3942e+000 -5.1745e+000 +1.9123e+000 +3.1060e+000 +2.2959e+000 +3.8190e+000 +1.9480e-001 -1.9630e+000 -2.9567e+000 +1.1656e-001 +3.1474e+000 +2.2249e+000 +3.5990e+000 -1.3843e+000 +5.4088e-001 -3.2111e+000 +1.4976e+000 +2.2891e+000 +3.2670e+000 -2.9040e+000
5079 +6.180715565e+001 +6.180715565e+001 +5.809715565e+001 +5.809715565e+001 +1.3312e+000 -5.3837e+000 +1.9404e+000 +2.9941e+000 +2.2923e+000 +3.5855e+000 +2.0029e-001 -2.0100e+000 -2.9575e+000 +3.5558e-002 +3.1392e+000 +2.1501e+000 +3.6078e+000 -1.2364e+000 +5.2894e-001 -3.2021e+000 +1.5079e+000 +2.2477e+000 +3.2309e+000 -2.9069e+000
6190 +3.602003738e+001 +3.602003738e+001 +3.231003738e+001 +3.231003738e+001 +2.1308e+000 -5.2809e+000 +9.4068e-001 +3.0359e+000 +2.2979e+000 +3.7030e+000 +2.0023e-001 -1.9841e+000 -2.3636e+000 +8.3245e-002 +3.1249e+000 +2.1042e+000 +3.6329e+000 -2.2201e+000 +5.1979e-001 -3.2577e+000 +1.5110e+000 +2.2516e+000 +3.2481e+000 -2.8867e+000
8821 +2.174533697e+001 +2.174533697e+001 +1.803533697e+001 +1.803533697e+001 +2.1383e+000 -4.0392e+000 +1.7666e+000 +3.0419e+000 +2.3070e+000 +3.6822e+000 +1.5813e-001 -2.0024e+000 -2.3503e+000 +5.8563e-002 +3.1321e+000 +2.1121e+000 +3.6484e+000 -2.1843e+000 +5.1760e-001 -3.2630e+000 +1.5141e+000 +2.3093e+000 +3.2469e+000 -2.8538e+000
9956 +1.568656129e+001 +1.568656129e+001 +1.197656129e+001 +1.197656129e+001 +2.1271e+000 -3.2399e+000 +1.7892e+000 +3.0316e+000 +2.3095e+000 +3.6695e+000 +1.3326e-001 -1.9807e+000 -2.3667e+000 +8.3302e-002 +3.1367e+000 +2.1077e+000 +3.6365e+000 -1.7316e+000 +5.1403e-001 -3.2680e+000 +1.5067e+000 +2.3450e+000 +3.2294e+000 -2.8617e+000
% function evaluation | noise-free fitness - Fopt (1.321800000000e+002) | best noise-free fitness - Fopt | measured fitness | best measured fitness | x1 | x2...
1 +1.148214222e+003 +1.148214222e+003 +1.280394222e+003 +1.280394222e+003 +5.6070e-002 +1.3423e+000 -1.3633e+000 +1.8415e+000 +6.0965e-001 +4.9131e+000 -3.4796e+000 -2.2781e+000 +6.0412e-001 -4.5663e+000 +3.0591e+000 -4.7403e+000 -4.0033e+000 -2.7147e+000 -3.6762e+000 +2.2379e+000 -3.5061e-001 -1.0628e+000 -2.4744e+000 +5.7753e-001
7 +6.059830875e+002 +6.059830875e+002 +7.381630875e+002 +7.381630875e+002 -4.2021e+000 +2.3317e+000 -3.3726e+000 -3.0427e+000 -2.2558e+000 -1.1866e+000 -1.6920e+000 -3.3419e+000 -2.8444e+000 +8.9589e-001 -1.0717e-001 +3.4165e+000 +2.4296e+000 +4.5138e+000 -4.9204e+000 +4.4872e-001 -2.4003e+000 +2.3902e+000 +1.4770e-001 +9.7784e-001
372 +3.852391597e+002 +3.852391597e+002 +5.174191597e+002 +5.174191597e+002 -5.2605e+000 +2.9350e+000 +3.2826e-001 -3.4926e+000 -1.3845e+000 -2.4180e+000 -1.3014e+000 -3.1699e+000 -3.4384e+000 +5.1623e-001 -6.2850e-001 +5.0402e+000 +3.5202e-001 +4.5092e+000 -5.2078e+000 +1.0941e+000 +8.8116e-001 +4.3471e+000 -8.4670e-001 +8.9110e-001
735 +2.339359277e+002 +2.339359277e+002 +3.661159277e+002 +3.661159277e+002 -2.8420e+000 +1.4424e+000 +1.5063e+000 -5.5186e+000 -3.0597e+000 +4.3287e-001 -7.6965e-001 -5.8764e-001 -2.2695e+000 -7.5585e-002 -2.0816e+000 +3.4937e-001 -3.4004e-001 +2.3692e+000 -3.7174e+000 +3.4573e+000 +1.2551e+000 +3.8181e+000 -9.5982e-001 +1.0101e+000
1163 +1.496634977e+002 +1.496634977e+002 +2.818434977e+002 +2.818434977e+002 -3.6235e+000 +3.5532e+000 +5.5538e+000 -3.4418e+000 -7.5196e-001 -1.1885e+000 -1.0606e+000 -1.1811e+000 +1.5533e-001 -2.4155e-001 +1.3862e+000 +2.9760e+000 -4.5926e-001 +2.9165e+000 -4.4462e+000 +4.3460e+000 +9.1164e-001 +4.1723e+000 -1.0934e+000 +1.8404e+000
3506 +7.811561350e+001 +7.811561350e+001 +2.102956135e+002 +2.102956135e+002 -3.8047e+000 +1.5603e+000 +4.2824e+000 -3.6434e+000 -8.9587e-001 -1.1201e+000 -2.3158e+000 -1.9039e+000 +2.4410e-001 -2.9776e-001 +8.5306e-001 +2.9324e+000 -4.5823e-001 +2.7973e+000 -3.5691e+000 +3.5341e+000 +1.2948e+000 +4.1760e+000 -1.0710e+000 +7.5446e-001
5012 +6.134565555e+001 +6.134565555e+001 +1.935256555e+002 +1.935256555e+002 -3.7305e+000 +1.4815e+000 +4.3715e+000 -1.9239e+000 -9.4054e-001 -1.1063e+000 -2.2692e+000 -1.7628e+000 +2.3014e-001 -2.7816e-001 +2.7782e-001 +3.0655e+000 -5.0213e-001 +2.8284e+000 -3.5504e+000 +3.6208e+000 +8.4552e-001 +4.2484e+000 -1.1012e+000 +8.2577e-001
7035 +3.874524133e+001 +3.874524133e+001 +1.709252413e+002 +1.709252413e+002 -3.7835e+000 +1.5447e+000 +4.3748e+000 -1.9354e+000 -7.8243e-001 -1.0887e+000 -2.2959e+000 -1.1266e+000 +2.3966e-001 -1.9401e-001 +2.6536e-001 +3.0624e+000 -4.5808e-001 +2.8567e+000 -3.5574e+000 +3.6036e+000 +8.5316e-001 +4.2811e+000 -1.0414e+000 +7.7614e-001
9101 +2.501820981e+001 +2.501820981e+001 +1.571982098e+002 +1.571982098e+002 -3.7952e+000 +1.4902e+000 +4.3959e+000 -1.9576e+000 -8.2335e-001 -1.0609e+000 -2.2917e+000 +8.5815e-002 +2.5566e-001 -2.0814e-001 +2.2004e-001 +3.0325e+000 -4.8345e-001 +2.8559e+000 -3.5904e+000 +3.6343e+000 +8.5781e-001 +4.2835e+000 -9.8689e-001 +7.6319e-001
% function evaluation | noise-free fitness - Fopt (-4.174000000000e+001) | best noise-free fitness - Fopt | measured fitness | best measured fitness | x1 | x2...
1 +2.592271402e+003 +2.592271402e+003 +2.550531402e+003 +2.550531402e+003 -2.5884e+000 -8.5364e-001 -2.2682e+000 -1.2457e+000 -3.3197e+000 +2.7774e+000 +2.9903e+000 -6.3522e-001 -9.5523e-001 -1.2261e-001 +3.5945e+000 -2.0927e+000 +5.6426e-001 -8.5886e-001 -1.5270e-001 -3.3676e-001 -2.9983e+000 -4.5918e+000 +2.1042e+000 -3.7390e+000
3 +2.216735088e+003 +2.216735088e+003 +2.174995088e+003 +2.174995088e+003 -4.3499e+000 -4.3744e+000 +2.2122e+000 +4.6517e+000 +4.3153e+000 +1.5131e+000 +4.5794e+000 -3.8917e+000 -4.6548e+000 +3.2937e-001 -4.7959e+000 +4.3954e+000 -1.0041e+000 -6.0985e-001 +2.9799e+000 +9.7934e-001 +2.8190e+000 +1.6775e+000 +7.7319e-001 +4.1873e-001
8 +1.479637820e+003 +1.479637820e+003 +1.437897820e+003 +1.437897820e+003 -3.1097e+000 -4.4042e+000 -1.4107e+000 -6.1397e-001 -2.9713e+000 -2.3997e+000 +1.9246e-001 -1.8845e-001 +3.7434e+000 -2.7953e+000 -3.9447e-001 +2.9761e+000 +3.0492e+000 -3.7304e+000 +6.5348e-001 -2.2265e+000 +6.2023e-001 -3.7741e+000 -1.1211e+000 -7.0420e-001
28 +9.387170114e+002 +9.387170114e+002 +8.969770114e+002 +8.969770114e+002 -2.1672e+000 -4.3506e+000 +6.1021e-002 +4.4079e+000 -2.1227e+000 +3.2827e+000 +2.7707e+000 +6.8009e-001 +1.1109e+000 -3.5208e+000 -2.9270e+000 -2.8535e+000 +2.1958e+000 -1.2396e+000 -2.0237e+000 +1.5561e-001 -3.7756e+000 +3.5183e+000 -1.7442e+000 -6.2016e-001
454 +6.139814821e+002 +6.139814821e+002 +5.722414821e+002 +5.722414821e+002 -6.0919e+000 -2.1902e+000 -2.6489e+000 +5.3007e+000 +3.0718e+000 -6.8026e-001 -1.5305e+000 -4.1015e+000 -2.0191e+000 +3.6045e-001 -4.4327e+000 +4.0705e+000 +6.2212e-001 -4.5467e+000 -6.9356e+000 +1.0568e+000 -1.6033e+000 +1.1549e+000 -1.7611e+000 +6.4004e-002
764 +3.703426759e+002 +3.703426759e+002 +3.286026759e+002 +3.286026759e+002 -1.5910e+000 +4.5692e-001 -1.5718e+000 +3.6865e+000 +2.4017e+000 +7.5416e-001 -6.7677e-001 -3.2700e+000 -2.5028e+000 +4.5050e+000 -1.7721e+000 +7.3456e+000 +5.3864e-002 -3.3107e+000 -3.8960e+000 -6.4382e-001 -1.3459e+000 +3.1895e+000 -1.8919e+000 +5.2726e+000
1164 +2.510627674e+002 +2.510627674e+002 +2.093227674e+002 +2.093227674e+002 +7.5000e-002 -1.7289e-001 -4.7881e-001 +4.6308e+000 +2.0421e+000 +1.1683e+000 +2.2595e+000 -6.3257e+000 -3.6615e+000 +3.1049e+000 -3.7715e+000 +1.5447e+000 +1.5751e+000 -3.0930e+000 -4.7824e+000 -8.0949e-001 -5.0615e-001 +1.8206e+000 -2.1354e+000 +5.4014e+000
2199 +1.381710289e+002 +1.381710289e+002 +9.643102890e+001 +9.643102890e+001 +1.1133e+000 -6.3684e-001 -1.0821e-001 +4.4967e+000 +2.2958e+000 +6.3525e-001 +2.3542e+000 -5.5883e-001 -1.3429e+000 +3.6041e+000 -3.4826e+000 +1.4597e+000 +1.4943e-001 -2.9681e+000 -4.2569e+000 -3.6215e-001 +7.6975e-002 +1.3711e+000 -1.1925e+000 +3.9697e+000
3409 +9.922683390e+001 +9.922683390e+001 +5.748683390e+001 +5.748683390e+001 +1.7769e+000 -1.9182e+000 -2.1523e-001 +4.6958e+000 +2.1140e+000 +4.5000e-001 +3.8262e+000 -6.0113e-001 -2.5811e+000 +2.8864e+000 -3.4240e+000 +1.6302e+000 +1.3874e-001 -3.0534e+000 -4.2489e+000 -3.2598e-001 -9.3644e-001 +1.4755e+000 -1.1350e+000 +3.9381e+000
5691 +5.186315042e+001 +5.186315042e+001 +1.012315042e+001 +1.012315042e+001 +1.2302e+000 -1.8900e+000 -1.2320e-001 +3.7043e+000 +2.1330e+000 +4.2416e-001 +4.1707e+000 -9.9183e-001 -1.8730e+000 +4.0103e+000 -3.4106e+000 +2.5851e+000 +1.3513e-002 -2.9453e+000 -4.2554e+000 -3.4137e-001 -1.4225e+000 +1.5259e+000 -1.5128e+000 +4.4718e+000
7108 +3.824708897e+001 +3.824708897e+001 -3.492911034e+000 -3.492911034e+000 +1.1604e+000 -1.7886e+000 -1.4688e-001 +3.7190e+000 +2.1873e+000 +5.3715e-001 +4.2045e+000 -1.0288e+000 -1.7597e+000 +4.0129e+000 -3.4265e+000 +2.6269e+000 +4.0856e-002 -2.9464e+000 -4.2505e+000 -3.7837e-001 -1.3871e+000 +1.5520e+000 -1.5301e+000 +4.1999e+000
9229 +2.465524402e+001 +2.465524402e+001 -1.708475598e+001 -1.708475598e+001 +1.2347e+000 -1.9005e+000 -8.7673e-002 +3.7440e+000 +2.1251e+000 +5.2600e-001 +3.7697e+000 -1.0881e+000 -1.8287e+000 +3.4390e+000 -3.4148e+000 +3.0185e+000 +5.3579e-002 -2.9747e+000 -4.2813e+000 -3.6844e-001 -1.3340e+000 +1.5423e+000 -1.5153e+000 +4.2524e+000
11008 +1.575429792e+001 +1.575429792e+001 -2.598570208e+001 -2.598570208e+001 +1.1645e+000 -1.8521e+000 -1.1058e-001 +3.7274e+000 +2.3548e+000 +5.3269e-001 +3.6301e+000 -1.1192e+000 -1.8147e+000 +3.4649e+000 -3.4322e+000 +3.0848e+000 +9.9426e-002 -2.9690e+000 -4.2602e+000 -3.3556e-001 -1.3403e+000 +1.5480e+000 -1.5244e+000 +3.8909e+000
% function evaluation | noise-free fitness - Fopt (-4.948600000000e+002) | best noise-free fitness - Fopt | measured fitness | best measured fitness | x1 | x2...
1 +6.491397992e+002 +6.491397992e+002 +1.542797992e+002 +1.542797992e+002 -5.7425e-001 +2.0354e+000 +3.0968e+000 -1.9425e+000 -1.8925e+000 +3.7557e-001 +2.0087e-001 +2.3516e+000 +3.4284e+000 -1.8700e+000 +5.2697e-001 +1.4790e-001 +3.4380e+000 -4.1784e+000 -4.1133e+000 -3.1345e+000 +7.2916e-001 +3.6690e+000 +4.0786e+000 -1.1149e+000
57 +5.939277688e+002 +5.939277688e+002 +9.906776879e+001 +9.906776879e+001 +2.4374e+000 +4.9357e+000 +3.5791e+000 -2.9496e-001 -1.3508e+000 -3.6753e+000 -1.8697e+000 -3.6997e-001 -9.6451e-001 +1.0628e-001 +2.0145e+000 -1.8988e+000 +9.0101e-001 -7.3770e-001 -1.9155e+000 -2.8969e-001 +9.0906e-001 +9.8243e-001 +2.8439e+000 -1.3815e+000
382 +3.483491642e+002 +3.483491642e+002 -1.465108358e+002 -1.465108358e+002 -3.0510e+000 -2.2124e+000 +5.5133e+000 +1.5148e+000 -1.0394e+000 -1.3152e+000 +4.6848e-001 -1.8370e+000 +1.0459e+000 +7.8922e-001 +4.5206e+000 +8.5141e-001 +4.0551e+000 -5.5810e+000 -1.1336e+000 -3.3110e+000 +3.3685e+000 +1.4605e+000 +2.3286e+000 +4.0147e-001
1052 +2.348543764e+002 +2.348543764e+002 -2.600056236e+002 -2.600056236e+002 -8.1399e-001 -2.6924e+000 +6.0280e+000 +8.2860e-001 -1.2999e+000 -1.8651e+000 -4.0734e+000 -1.7688e+000 -1.0004e+000 +3.5969e+000 +3.1896e+000 -1.6978e+000 +3.9007e+000 -5.3967e+000 -3.9902e-001 -3.8372e+000 +2.6656e+000 +1.4569e+000 +3.0440e+000 +2.1112e+000
1886 +1.367774986e+002 +1.367774986e+002 -3.580825014e+002 -3.580825014e+002 -2.0322e+000 -2.0237e+000 +4.6017e+000 +9.4555e-001 -1.5548e+000 -2.2206e+000 -2.1344e+000 -2.0316e+000 +1.5646e+000 +3.3599e+000 +2.4776e+000 -8.7589e-001 +3.9346e+000 -4.2599e+000 -8.3369e-001 -2.8385e+000 +1.3984e+000 +1.4475e+000 +2.4585e+000 +2.0089e+000
2762 +9.880816916e+001 +9.880816916e+001 -3.960518308e+002 -3.960518308e+002 -2.7189e+000 -1.9666e+000 +4.8441e+000 +9.4672e-001 -1.6861e+000 -2.3580e+000 -2.3576e+000 -2.0412e+000 +1.6045e+000 +3.3876e+000 +2.5392e+000 -4.1500e-001 +3.9459e+000 -4.3874e+000 -9.1324e-001 -2.8997e+000 +1.4223e+000 +1.4436e+000 +2.4601e+000 +2.0155e+000
3706 +6.086000991e+001 +6.086000991e+001 -4.339999901e+002 -4.339999901e+002 -2.7116e+000 -1.9622e+000 +2.9107e+000 +1.1114e+000 -1.3746e+000 -3.9974e+000 -2.4295e+000 -1.1000e-001 +1.6427e+000 +3.5714e+000 +2.5390e+000 -3.4477e-001 +3.9287e+000 -4.4526e+000 -8.8760e-001 -3.0360e+000 +1.3449e+000 +1.4536e+000 +2.4711e+000 +2.0455e+000
4888 +3.818909282e+001 +3.818909282e+001 -4.566709072e+002 -4.566709072e+002 -2.7771e+000 -2.0148e+000 +4.8053e+000 +1.0579e+000 -1.4169e+000 -3.9727e+000 -2.4463e+000 -1.8884e-001 +1.6287e+000 +3.5224e+000 +2.5728e+000 -3.3718e-001 +3.9455e+000 -4.3471e+000 -8.5905e-001 -2.9644e+000 +1.3980e+000 +1.4527e+000 +2.4289e+000 +2.0161e+000
6778 +2.471779675e+001 +2.471779675e+001 -4.701422032e+002 -4.701422032e+002 -2.7657e+000 -2.0646e+000 +3.8345e+000 +1.1316e+000 -1.4198e+000 -4.0363e+000 -2.4453e+000 -1.3286e-001 +1.6587e+000 +3.5251e+000 +2.5413e+000 -3.4717e-001 +3.9231e+000 -4.2695e+000 -8.4996e-001 -2.9706e+000 +1.4061e+000 +1.4447e+000 +2.4445e+000 +2.0196e+000
% function evaluation | noise-free fitness - Fopt (3.484000000000e+002) | best noise-free fitness - Fopt | measured fitness | best measured fitness | x1 | x2...
1 +1.168117791e+003 +1.168117791e+003 +1.516517791e+003 +1.516517791e+003 -4.2286e+000 -5.6078e-001 +4.6003e+000 +2.2173e+000 -1.1638e+000 -2.3899e+000 -1.6906e+000 +2.8900e+000 +1.2657e+000 -2.9420e-001 +8.0742e-001 -3.2755e-001 +1.5714e+000 -2.2636e+000 -1.2880e+000 -2.3015e+000 -4.2925e+000 -4.1410e+000 -1.5642e+000 +3.2939e+000
48 +9.187110307e+002 +9.187110307e+002 +1.267111031e+003 +1.267111031e+003 +3.3043e+000 -4.9433e+000 +2.4599e+000 -1.9328e+000 -2.9202e+000 -3.3746e-001 -4.0039e+000 +3.3466e+000 +4.2866e+000 -6.2053e-001 +1.0773e+000 +2.7198e+000 -1.6035e+000 -1.8480e+000 -1.4391e+000 +7.4075e-001 -4.4280e+000 +1.5639e+000 -1.4698e+000 -1.6230e+000
181 +5.607900169e+002 +5.607900169e+002 +9.091900169e+002 +9.091900169e+002 -1.0750e+000 -6.9178e+000 +1.0048e+000 -3.3473e+000 -1.7181e+000 -8.4999e-002 -3.4994e+000 -6.6384e-001 +3.7874e+000 +1.1574e+000 -2.0844e+000 -4.0101e-001 -8.4982e-001 +1.0309e+000 -2.8086e+000 -1.1122e-001 -3.3334e+000 +2.6176e+000 -5.9550e+000 -1.5891e+000
456 +3.255363105e+002 +3.255363105e+002 +6.739363105e+002 +6.739363105e+002 +1.6680e+000 -2.3754e+000 -1.0242e+000 -4.3078e+000 -3.0084e+000 +1.2284e+000 +2.0623e+000 -3.6543e+000 +2.5126e+000 +6.9062e-001 -1.5104e+000 -2.6864e+000 +3.3633e-001 +1.6865e+000 -2.6999e+000 -4.1046e-001 -3.1319e+000 +8.7119e-001 -4.3271e+000 +8.1882e-001
977 +2.448775206e+002 +2.448775206e+002 +5.932775206e+002 +5.932775206e+002 -1.1337e+000 -9.8682e-001 -2.3881e+000 +7.1811e-001 -7.5905e-001 +4.1922e+000 +4.2816e+000 +3.1092e-001 +3.3157e+000 +1.7614e+000 -1.8231e+000 -7.2483e-002 +2.0877e-001 +2.7507e+000 -2.0519e+000 +1.2515e+000 -2.9124e+000 +2.2773e+000 -3.8887e+000 +1.1054e+000
1547 +1.548293476e+002 +1.548293476e+002 +5.032293476e+002 +5.032293476e+002 -2.0072e-001 -1.2924e+000 -5.6943e-001 -1.7930e+000 -4.2770e+000 +2.6047e+000 +1.9289e+000 -8.0099e-001 +2.0281e+000 +1.9968e+000 -2.5422e+000 +3.9970e-001 -3.2258e-001 +1.1532e+000 -2.4111e+000 +3.5179e-001 -1.5617e+000 +1.9236e+000 -3.8620e+000 +2.5549e+000
3322 +9.953090394e+001 +9.953090394e+001 +4.479309039e+002 +4.479309039e+002 +3.6522e-002 -1.3719e+000 -2.1280e+000 -2.6155e+000 -3.7202e+000 +3.2978e+000 +1.2684e+000 -2.0333e-001 +4.7215e+000 +2.5886e+000 -2.0953e+000 +8.2779e-001 -1.0996e+000 +2.4427e+000 -2.5888e+000 +5.4715e-001 -3.1637e+000 +1.5960e+000 -3.4038e+000 +2.1914e+000
4411 +5.862635856e+001 +5.862635856e+001 +4.070263586e+002 +4.070263586e+002 -1.9850e-002 -1.2556e+000 -2.1625e+000 -2.7102e+000 -3.6963e+000 +3.4895e+000 +1.3687e+000 -2.0755e-001 +4.7828e+000 +2.5913e+000 -2.0654e+000 +8.6066e-001 -1.0835e+000 +2.4525e+000 -2.4567e+000 +5.1311e-001 -3.2592e+000 +1.6198e+000 -3.4418e+000 +2.1894e+000
5607 +3.222512533e+001 +3.222512533e+001 +3.806251253e+002 +3.806251253e+002 -2.4139e-002 -1.2293e+000 -2.2961e+000 -2.7194e+000 -3.6072e+000 +3.4934e+000 +1.2515e+000 -3.0249e-001 +3.6577e+000 +2.6115e+000 -2.0563e+000 +3.7303e-001 -1.0945e+000 +2.4496e+000 -2.5034e+000 +5.4545e-001 -3.2451e+000 +1.6287e+000 -3.4589e+000 +2.1892e+000
7750 +2.501018013e+001 +2.501018013e+001 +3.734101801e+002 +3.734101801e+002 -2.9704e-002 -1.1320e+000 -2.3079e+000 -2.6114e+000 -3.5997e+000 +3.5292e+000 +1.2602e+000 -2.8554e-001 +3.6626e+000 +2.5973e+000 -2.5740e+000 -1.4601e-001 -1.0873e+000 +2.4534e+000 -2.4671e+000 +5.3976e-001 -3.2534e+000 +1.6375e+000 -3.4975e+000 +2.1450e+000
% function evaluation | noise-free fitness - Fopt (3.770000000000e+000) | best noise-free fitness - Fopt | measured fitness | best measured fitness | x1 | x2...
1 +1.601450944e+003 +1.601450944e+003 +1.605220944e+003 +1.605220944e+003 -1.7038e+000 -4.6739e+000 +3.0768e+000 +3.9313e+000 -3.6797e+000 +8.6415e-001 +2.6943e+000 +2.0702e+000 +1.9701e+000 +8.8000e-001 -3.0576e+000 +2.7852e+000 -2.8452e+000 -4.4436e+000 -9.1288e-001 -3.9709e+000 -2.3510e-001 +2.0989e+000 -4.3460e+000 +3.1528e+000
6 +1.056448939e+003 +1.056448939e+003 +1.060218939e+003 +1.060218939e+003 +2.1695e+000 -3.4102e+000 +3.5906e+000 -2.6094e+000 -3.6542e+000 -3.1554e+000 +1.9253e+000 +4.7523e+000 -2.3115e+000 -3.3545e+000 +2.7506e+000 -4.4387e+000 -4.0597e+000 -4.6391e+000 +1.3228e+000 +4.1266e+000 -3.3836e+000 -1.4465e+000 +2.1573e+000 +2.5641e-001
29 +8.089301419e+002 +8.089301419e+002 +8.127001419e+002 +8.127001419e+002 +1.7796e+000 -4.1502e-001 -7.6127e-002 +4.7745e+000 -3.6240e+000 +1.8477e+000 -3.5824e+000 +1.3138e+000 -5.4763e-001 -1.5834e+000 +2.5313e+000 +7.8320e-002 +9.2441e-001 -3.6164e-001 -4.0614e+000 +1.7545e+000 -3.3848e+000 -1.1297e+000 -2.9191e+000 -5.3448e-001
178 +5.674045284e+002 +5.674045284e+002 +5.711745284e+002 +5.711745284e+002 +3.6051e+000 -1.0641e+000 +9.4535e-001 +1.9490e+000 -3.1951e+000 +6.0622e+000 -3.8805e+000 -4.0514e-001 -2.4128e+000 -1.0758e+000 +1.9850e+000 -3.0558e-002 +2.2413e+000 -6.5536e-001 -5.2123e+000 +3.1714e+000 -1.0226e+000 -1.0575e+000 +3.7740e+000 +5.2968e-002
432 +3.910014216e+002 +3.910014216e+002 +3.947714216e+002 +3.947714216e+002 -3.0854e-001 -2.3344e+000 -6.3523e-001 +3.2884e+000 -6.1119e+000 +4.3066e+000 -1.9151e+000 -2.7644e+000 -3.5703e+000 -3.4933e+000 +2.8967e+000 +1.8231e+000 -3.4854e-001 -5.2152e+000 -4.4279e+000 +2.8250e+000 +7.0866e-001 -2.2337e+000 +1.9766e+000 +2.3480e+000
858 +2.151885235e+002 +2.151885235e+002 +2.189585235e+002 +2.189585235e+002 +1.3284e+000 -3.8249e+000 -4.5529e-001 +2.9916e+000 -7.7585e+000 +4.4757e+000 +1.5605e+000 +3.1191e+000 -1.8768e+000 -3.0186e+000 +1.5579e+000 +1.6479e+000 -1.2370e+000 -4.7232e+000 -3.5131e+000 +2.6120e+000 -2.3118e-001 -1.5869e+000 +2.3263e+000 +2.7015e+000
1716 +1.542577716e+002 +1.542577716e+002 +1.580277716e+002 +1.580277716e+002 +2.6844e+000 -3.6049e+000 -1.1128e+000 +3.1251e+000 -3.6222e+000 +4.7553e+000 +2.0663e+000 +1.6329e+000 -2.5488e+000 -2.3484e+000 +2.7240e+000 +2.1103e+000 -1.1753e+000 -4.8744e+000 -3.5687e+000 +2.2168e+000 -2.2564e-001 -1.9634e+000 +1.9593e+000 +2.2881e+000
2673 +9.554959496e+001 +9.554959496e+001 +9.931959496e+001 +9.931959496e+001 +2.8601e+000 -3.0596e+000 -1.2325e+000 +2.6822e+000 -2.5296e+000 +4.4013e+000 +1.9342e+000 +2.2400e+000 -2.6070e+000 -2.1606e+000 +2.4967e+000 +2.1013e+000 -6.9523e-001 -4.9512e+000 -3.5442e+000 +2.2880e+000 -6.9485e-001 -2.1244e+000 +2.3163e+000 +2.3836e+000
3994 +6.173561052e+001 +6.173561052e+001 +6.550561052e+001 +6.550561052e+001 +2.9166e+000 -3.0219e+000 -1.2843e+000 +2.7704e+000 -2.6452e+000 +4.4058e+000 +2.0943e+000 +2.2182e+000 -2.5537e+000 -2.1689e+000 +2.5458e+000 +2.0489e+000 -6.9385e-001 -4.9383e+000 -3.5426e+000 +2.1904e+000 -2.3340e-001 -2.0522e+000 +2.2781e+000 +2.2450e+000
8121 +3.953462745e+001 +3.953462745e+001 +4.330462745e+001 +4.330462745e+001 +2.9196e+000 -3.8532e+000 -1.3189e+000 +2.7874e+000 -3.3546e+000 +3.8844e+000 +2.8534e+000 +2.1929e+000 -3.0394e+000 -2.2298e+000 +2.5805e+000 +2.1175e+000 -6.8365e-001 -4.4375e+000 -3.5090e+000 +2.2264e+000 -2.5786e-001 -2.0869e+000 +2.3094e+000 +2.2608e+000
10590 +2.425406105e+001 +2.425406105e+001 +2.802406105e+001 +2.802406105e+001 +2.9594e+000 -2.9819e+000 -1.3268e+000 +2.7986e+000 -3.3944e+000 +3.8459e+000 +2.7980e+000 +2.0483e+000 -3.1233e+000 -2.2086e+000 +2.6142e+000 +2.1547e+000 -7.1384e-001 -4.4291e+000 -3.5228e+000 +2.2333e+000 -2.7049e-001 -2.0594e+000 +1.9570e+000 +2.2950e+000
% function evaluation | noise-free fitness - Fopt (3.770000000000e+001) | best noise-free fitness - Fopt | measured fitness | best measured fitness | x1 | x2...
1 +1.706396992e+003 +1.706396992e+003 +1.744096992e+003 +1.744096992e+003 -4.3141e+000 +4.1228e+000 -4.5426e+000 -4.3997e+000 -4.2753e+000 -2.5027e-001 +8.0847e-001 +3.0020e+000 -2.8614e+000 -2.4395e+000 +4.8003e+000 +2.1381e-001 +3.8824e+000 +4.9335e+000 -3.3590e+000 +5.8314e-001 +4.4582e-001 -2.1059e+000 +4.4229e+000 -4.3174e+000
4 +1.143237786e+003 +1.143237786e+003 +1.180937786e+003 +1.180937786e+003 -1.4837e+000 +3.7947e+000 -3.1840e+000 +3.1952e+000 +1.5168e+000 -3.5460e+000 +3.0375e+000 -3.2436e+000 +4.7250e+000 +1.6200e+000 -3.8008e+000 -4.8361e+000 -1.0393e+000 +2.9356e+000 -2.5922e+000 +1.2370e+000 -2.6102e+000 -4.2185e+000 +1.5369e+000 -4.8360e+000
31 +8.714747785e+002 +8.714747785e+002 +9.091747785e+002 +9.091747785e+002 +4.2389e+000 +3.5372e+000 -1.3238e+000 +2.0458e+000 +1.8872e+000 +2.8920e+000 +4.2351e+000 +3.2579e+000 +4.0432e+000 +2.8670e+000 +1.2763e+000 -3.8025e+000 -1.0383e+000 -6.9904e-001 -3.6512e-001 +1.2627e+000 -2.9292e+000 -2.8691e+000 +4.3253e+000 -3.2148e+000
51 +6.270146582e+002 +6.270146582e+002 +6.647146582e+002 +6.647146582e+002 -1.7495e+000 -4.8928e+000 -7.2259e-001 -1.9033e+000 +2.4351e+000 +7.3165e-001 -2.1048e+000 -4.3554e-001 +1.3246e-001 -6.1770e-001 -1.2005e+000 -4.9093e+000 -3.3028e+000 +3.3089e+000 +8.9497e-001 -8.4725e-001 -4.9652e+000 -1.4142e-001 +2.0117e+000 +1.5823e+000
409 +3.976421554e+002 +3.976421554e+002 +4.353421554e+002 +4.353421554e+002 +1.9500e+000 -1.1097e+000 -3.1124e+000 -2.5855e+000 +6.8522e-001 +1.3325e+000 +2.8686e+000 -8.0097e+000 +2.7132e+000 -9.0183e-001 +2.6202e-001 +2.9931e-001 +7.7596e-001 -1.3794e+000 +7.7402e-001 +3.3597e-001 -3.4396e+000 -2.2802e+000 +3.8808e+000 +1.1365e+000
929 +2.299421657e+002 +2.299421657e+002 +2.676421657e+002 +2.676421657e+002 +1.6691e+000 +5.0912e-001 -1.7552e+000 -2.4901e-001 +2.5038e+000 +6.6759e+000 +4.7527e+000 -2.0581e+000 +4.4697e+000 -1.0076e-001 +1.2188e+000 -1.6044e+000 +2.2169e+000 +2.4450e+000 +2.1410e+000 +1.3581e+000 -2.8114e+000 -2.4656e+000 +2.7001e+000 +5.6226e-001
1968 +1.543484138e+002 +1.543484138e+002 +1.920484138e+002 +1.920484138e+002 +3.2855e+000 +6.9453e-001 -2.6349e+000 -5.0876e+000 +1.5454e+000 +2.4118e+000 +4.2234e+000 -1.9663e+000 +2.7349e+000 +3.8706e-001 +1.3817e+000 -1.0139e+000 +1.0140e+000 -3.0409e-001 +3.1465e+000 +1.8459e+000 -1.9763e+000 -2.0869e+000 +3.5625e+000 +1.5817e-001
3085 +9.637259886e+001 +9.637259886e+001 +1.340725989e+002 +1.340725989e+002 +1.1360e+000 -1.4593e+000 -3.6345e+000 -4.9681e+000 +9.7239e-001 +3.7132e+000 +4.8744e+000 -2.6306e+000 +3.8267e+000 -7.6352e-001 -8.5871e-001 -2.5580e+000 +5.6728e-001 +5.1174e-001 +2.7440e+000 +1.4253e+000 -2.8286e+000 -1.5509e+000 +3.2580e+000 +6.3131e-001
4169 +5.924272055e+001 +5.924272055e+001 +9.694272055e+001 +9.694272055e+001 +1.1196e+000 -1.5162e+000 -3.5752e+000 -4.9452e+000 +1.3874e+000 +3.7956e+000 +4.7580e+000 -2.7526e+000 +3.9707e+000 -7.0753e-001 -7.1461e-001 -2.5791e+000 +5.5873e-001 +6.6248e-001 +2.7253e+000 +1.4249e+000 -2.8623e+000 -1.5489e+000 +3.3322e+000 +8.4083e-001
5296 +3.921511663e+001 +3.921511663e+001 +7.691511663e+001 +7.691511663e+001 +2.1725e+000 -2.2438e+000 -3.5263e+000 -4.3091e+000 +1.5418e+000 +3.9512e+000 +4.6917e+000 -2.7162e+000 +3.9554e+000 -7.0817e-001 -6.8513e-001 -2.6196e+000 +5.2709e-001 +6.4430e-001 +2.7281e+000 +1.4403e+000 -2.8420e+000 -1.5531e+000 +3.3338e+000 +8.2590e-001
7107 +2.434311934e+001 +2.434311934e+001 +6.204311934e+001 +6.204311934e+001 +1.1155e+000 -2.3068e+000 -3.5288e+000 -3.5393e+000 +1.4601e+000 +3.8236e+000 +4.6617e+000 -2.6768e+000 +3.9122e+000 -6.8043e-001 -7.2720e-001 -2.6209e+000 +5.7354e-001 +6.2726e-001 +2.7355e+000 +1.4293e+000 -2.8357e+000 -1.5491e+000 +3.3379e+000 +8.3283e-001
8137 +1.526703791e+001 +1.526703791e+001 +5.296703791e+001 +5.296703791e+001 +1.1288e+000 -2.3277e+000 -3.5544e+000 -3.4859e+000 +1.5150e+000 +3.9911e+000 +3.4252e+000 -2.6932e+000 +3.9095e+000 -6.7260e-001 -7.1355e-001 -2.6084e+000 +5.7877e-001 +5.9068e-001 +2.7305e+000 +1.4158e+000 -2.8134e+000 -1.5584e+000 +3.3404e+000 +8.5761e-001
11413 +9.991572074e+000 +9.991572074e+000 +4.769157207e+001 +4.769157207e+001 +1.1133e+000 -2.3444e+000 -3.5264e+000 -3.5478e+000 +1.5392e+000 +3.9836e+000 +3.4056e+000 -2.7031e+000 +3.9031e+000 -6.3861e-001 -7.5938e-001 -2.6134e+000 +5.9342e-001 +6.1409e-001 +2.7199e+000 +1.4094e+000 -2.8215e+000 -1.2132e+000 +3.3403e+000 +8.5596e-001
% function evaluation | noise-free fitness - Fopt (6.956900000000e+002) | best noise-free fitness - Fopt | measured fitness | best measured fitness | x1 | x2...
1 +1.020243247e+003 +1.020243247e+003 +1.715933247e+003 +1.715933247e+003 -1.7234e+000 -6.6346e-001 -4.2878e+000 +1.6368e+000 -7.3478e-001 -4.2341e+000 +2.2554e+000 -8.8087e-001 -1.7571e+000 -2.8096e+000 -1.9221e-002 +1.4318e+000 -4.6937e+000 +4.3637e+000 +7.8924e-001 -7.8706e-001 -1.2622e+000 +2.5106e+000 -3.5416e+000 -4.9927e+000
43 +5.302583891e+002 +5.302583891e+002 +1.225948389e+003 +1.225948389e+003 +4.1982e+000 -3.5580e-001 +8.2236e-001 +2.3837e+000 +4.4297e-001 -2.4216e-001 +2.2246e+000 -1.0234e+000 +4.6987e+000 -4.6223e+000 +3.2670e+000 -1.4825e+000 +2.6163e+000 -3.2111e-001 -2.1381e+000 -3.5935e+000 +1.4734e+000 -6.9465e-001 -3.1512e+000 -8.8335e-001
186 +3.886501838e+002 +3.886501838e+002 +1.084340184e+003 +1.084340184e+003 -1.0650e-001 -1.1852e+000 +1.0567e+000 +9.9759e-001 +1.0598e-001 -6.2963e+000 +2.3113e+000 -6.0397e-002 +4.4105e+000 +3.6789e-001 +2.4590e-001 -2.2983e+000 +2.7443e+000 -7.0280e-001 -1.9054e+000 -3.3634e+000 +1.3978e+000 -8.6554e-001 -4.3906e+000 -1.1600e+000
747 +2.212780413e+002 +2.212780413e+002 +9.169680413e+002 +9.169680413e+002 +1.5650e+000 -4.9305e+000 -4.9547e+000 +3.6446e+000 +1.0328e+000 -1.5396e+000 +1.0666e+000 +1.1636e+000 +1.9881e+000 -2.3669e-001 +1.5520e+000 -2.1935e+000 +3.5040e+000 -5.6953e-001 -6.9609e-001 -1.9280e+000 +1.8036e+000 +5.9164e-001 -3.2853e+000 -4.8781e+000
1774 +1.548989697e+002 +1.548989697e+002 +8.505889697e+002 +8.505889697e+002 -5.4145e-001 -5.1071e+000 -1.6325e+000 +4.1874e+000 +9.2897e-001 -4.8520e+000 +3.0028e+000 +1.1549e+000 +1.7889e+000 -7.3293e-001 +7.5603e-001 -7.1962e-001 +3.1830e+000 -5.4795e-001 -2.1789e+000 -2.0000e+000 +1.3095e+000 +1.0437e+000 -3.2070e+000 -2.3232e+000
3884 +9.126792376e+001 +9.126792376e+001 +7.869579238e+002 +7.869579238e+002 -2.3782e-001 -4.9734e+000 -3.4046e+000 +4.3372e+000 +1.1277e+000 -2.9034e+000 +3.7916e+000 +1.7665e+000 +4.3762e-001 -6.9275e-001 +1.5971e+000 -7.5240e-001 +3.2207e+000 -6.4315e-001 -1.8837e+000 -1.8824e+000 +2.2953e+000 +1.3876e+000 -3.2913e+000 -2.2046e+000
6161 +6.081050160e+001 +6.081050160e+001 +7.565005016e+002 +7.565005016e+002 -1.1387e-001 -4.9314e+000 -3.3520e+000 +4.3381e+000 +1.1299e+000 -2.9402e+000 +3.7581e+000 +1.6556e+000 +4.6165e-001 -6.9925e-001 +1.5445e+000 -6.8656e-001 +3.2111e+000 -5.6817e-001 -1.9356e+000 -1.8548e+000 +2.2859e+000 +1.4138e+000 -3.2939e+000 -2.2202e+000
7635 +3.832612757e+001 +3.832612757e+001 +7.340161276e+002 +7.340161276e+002 -1.2883e+000 -4.9406e+000 -3.2883e+000 +4.5551e+000 +1.1336e+000 -3.1273e+000 +3.7691e+000 +1.0657e+000 +3.8334e-001 -7.8109e-001 +1.5147e+000 -6.6668e-001 +3.2032e+000 -4.9756e-001 -1.9043e+000 -1.9066e+000 +2.2077e+000 +1.4196e+000 -3.3078e+000 -2.0362e+000
9503 +2.510254640e+001 +2.510254640e+001 +7.207925464e+002 +7.207925464e+002 -2.2712e+000 -5.0522e+000 -3.3824e+000 +4.4623e+000 +1.1276e+000 -3.0650e+000 +3.7830e+000 +1.0208e+000 +3.3812e-001 -7.7723e-001 +1.5090e+000 -6.6745e-001 +3.0927e+000 -4.4413e-001 -1.9773e+000 -1.9038e+000 +2.2492e+000 +1.4204e+000 -3.2711e+000 -2.2324e+000
% function evaluation | noise-free fitness - Fopt (-1.180300000000e+002) | best noise-free fitness - Fopt | measured fitness | best measured fitness | x1 | x2...
1 +5.124797545e+003 +5.124797545e+003 +5.006767545e+003 +5.006767545e+003 -1.6612e+000 +2.6893e-001 +3.6186e+000 +1.0014e+000 -8.7712e-001 -1.7246e-001 -1.3036e+000 +1.4218e+000 -2.5456e+000 +3.1923e+000 -9.2064e-001 +8.8946e-001 -3.9020e-001 +2.9833e+000 -4.3520e+000 -3.4979e+000 -1.3012e+000 -4.7359e-001 +1.5783e+000 +3.8148e+000
3 +1.496099564e+003 +1.496099564e+003 +1.378069564e+003 +1.378069564e+003 +4.1995e+000 -4.7098e+000 -2.2349e+000 -1.1792e-001 -1.7369e+000 -4.0463e+000 -1.7244e+000 +4.4035e+000 -3.5639e+000 +4.4136e+000 -1.5150e+000 -4.8984e+000 +3.3948e+000 -3.4736e+000 -3.8240e+000 -3.6524e+000 -2.2712e+000 +4.3675e+000 -2.2444e+000 -4.3445e+000
8 +8.077639920e+002 +8.077639920e+002 +6.897339920e+002 +6.897339920e+002 +2.1190e+000 +3.6054e+000 -4.1708e+000 +3.0709e+000 -1.3279e+000 -4.1556e+000 -3.7807e+000 -1.3684e+000 -2.5615e+000 -1.3547e+000 +5.9017e-001 +3.2172e+000 -3.5555e-001 -1.2781e+000 +2.3209e+000 +1.9575e+000 +4.3254e+000 +3.8009e+000 +4.4387e+000 -4.5362e+000
20 +5.360209947e+002 +5.360209947e+002 +4.179909947e+002 +4.179909947e+002 -1.3748e+000 +4.5710e+000 +5.5566e-001 -2.4267e+000 +4.5055e+000 -4.7649e+000 +9.0866e-001 +1.2905e+000 -1.1878e+000 +3.9454e+000 -3.1489e+000 +9.4276e-001 +3.9934e+000 -3.5908e-001 -1.7835e-001 -1.8539e+000 +3.8273e+000 +4.3767e-001 +1.8562e+000 -4.7513e+000
320 +3.970707968e+002 +3.970707968e+002 +2.790407968e+002 +2.790407968e+002 -4.2382e+000 +1.6103e+000 +6.2954e-001 -2.4025e+000 -6.1509e+000 -4.4710e+000 +1.0980e+000 +1.1138e+000 -1.2846e+000 +1.9099e+000 -1.5218e+000 +9.5054e-001 +2.7797e+000 +5.3148e-001 -4.2642e-002 -2.5556e+000 +4.4402e+000 +1.0640e+000 +2.0953e+000 -4.1602e+000
1094 +2.041836283e+002 +2.041836283e+002 +8.615362832e+001 +8.615362832e+001 -1.4764e+000 +3.5366e+000 +2.4561e+000 -3.2802e+000 -6.0982e+000 -3.2044e-001 -3.2466e+000 +1.2298e-001 -1.3675e+000 +8.0524e-002 -9.4804e-001 +2.5608e+000 +2.8119e+000 -3.7537e+000 +4.1849e-001 -3.9807e-002 +5.0616e+000 +8.1047e-001 +1.5759e+000 -3.7635e+000
2420 +1.572356812e+002 +1.572356812e+002 +3.920568118e+001 +3.920568118e+001 +7.6587e-001 +4.4745e+000 -3.4006e-001 -3.1163e+000 -3.4648e+000 -5.8532e-001 -2.9952e+000 +1.5199e+000 -1.9470e+000 -8.0795e-001 -3.7111e+000 +2.1258e+000 +2.3178e+000 -4.1221e+000 +2.2507e-001 +1.8189e-001 +4.3391e+000 +5.6717e-001 +3.0125e+000 -2.9509e+000
5470 +9.614111857e+001 +9.614111857e+001 -2.188888143e+001 -2.188888143e+001 -1.0072e+000 +4.4508e+000 +4.7972e-001 -3.1426e+000 -3.2406e+000 -1.1388e+000 -3.2411e+000 +1.5199e+000 -1.9470e+000 +1.6422e+000 -1.9980e+000 +2.1258e+000 +2.3061e+000 -2.8685e+000 -2.2279e-001 +8.3463e-002 +4.2300e+000 +7.5754e-002 +2.2893e+000 -2.6810e+000
7857 +6.191774341e+001 +6.191774341e+001 -5.611225659e+001 -5.611225659e+001 -1.1604e+000 +1.7443e+000 +6.2711e-001 -3.1354e+000 -5.2188e+000 -1.8027e+000 -3.0045e+000 +7.9920e-002 -1.4070e+000 +1.5481e+000 -3.0581e+000 +1.5879e+000 +4.0643e+000 -2.8955e+000 -2.6057e-001 +4.9439e-002 +4.3027e+000 +4.1512e-001 +2.3312e+000 -2.9485e+000
9085 +3.450303067e+001 +3.450303067e+001 -8.352696933e+001 -8.352696933e+001 -1.2263e+000 +3.5315e+000 +6.8082e-001 -3.2010e+000 -2.8594e+000 -1.8122e+000 -3.0511e+000 +6.0072e-001 -2.1499e+000 +1.5663e+000 -3.1284e+000 +1.4849e+000 +3.2799e+000 -2.7968e+000 -3.1977e-001 +6.9511e-002 +3.9963e+000 +4.4966e-001 +2.2703e+000 -3.2546e+000
9750 +2.462882617e+001 +2.462882617e+001 -9.340117383e+001 -9.340117383e+001 -9.7948e-001 +2.6634e+000 +6.5299e-001 -3.1638e+000 -3.8807e+000 -1.7546e+000 -3.0213e+000 +6.6817e-001 -2.0766e+000 +1.5551e+000 -2.6188e+000 +1.5206e+000 +3.3118e+000 -2.8454e+000 -2.8429e-001 +3.6248e-002 +3.9814e+000 +4.3029e-001 +2.3279e+000 -3.2653e+000
10614 +1.551164459e+001 +1.551164459e+001 -1.025183554e+002 -1.025183554e+002 -1.0110e+000 +2.6423e+000 +6.5127e-001 -3.1716e+000 -3.8350e+000 -1.7623e+000 -3.0196e+000 +6.4092e-001 -2.0726e+000 +1.5545e+000 -2.6226e+000 +1.5250e+000 +3.2733e+000 -2.8302e+000 -2.7388e-001 +3.3407e-002 +3.9844e+000 +4.3386e-001 +2.3242e+000 -3.2719e+000
12086 +9.873273377e+000 +9.873273377e+000 -1.081567266e+002 -1.081567266e+002 -1.0958e+000 +3.5453e+000 +6.4847e-001 -3.1678e+000 -3.7935e+000 -1.8001e+000 -3.0313e+000 +6.9496e-001 -2.1172e+000 +1.5507e+000 -2.6827e+000 +1.5466e+000 +3.2649e+000 -2.8083e+000 -2.8483e-001 +2.7168e-002 +3.9950e+000 +4.5520e-001 +2.3142e+000 -3.2779e+000
13468 +6.065716753e+000 +6.065716753e+000 -1.119642832e+002 -1.119642832e+002 -1.0856e+000 +3.5620e+000 +6.4979e-001 -3.1533e+000 -3.8143e+000 -1.8284e+000 -3.0700e+000 +6.6686e-001 -2.1440e+000 +1.5534e+000 -2.6392e+000 +1.5438e+000 +2.7719e+000 -2.8088e+000 -2.9623e-001 +1.9959e-002 +3.9893e+000 +4.4697e-001 +2.3143e+000 -3.2720e+000
% function evaluation | noise-free fitness - Fopt (4.816000000000e+001) | best noise-free fitness - Fopt | measured fitness | best measured fitness | x1 | x2...
1 +2.953287888e+003 +2.953287888e+003 +3.001447888e+003 +3.001447888e+003 +1.5232e+000 -4.3455e+000 -1.6474e+000 -2.2906e+000 -2.6117e+000 -6.2245e-001 +3.0972e-001 +6.1229e-001 -2.9295e+000 +1.8301e+000 +4.9805e+000 -4.0981e+000 +2.1708e-001 -4.4947e+000 +4.7222e+000 +1.4274e+000 +4.0702e+000 -4.3638e-001 -3.8824e+000 -2.1137e-001
3 +1.109858816e+003 +1.109858816e+003 +1.158018816e+003 +1.158018816e+003 -2.7979e+000 +3.9684e+000 -3.2646e+000 +4.6279e+000 +1.5711e+000 -1.4282e+000 +3.2068e-002 -3.4507e-001 +8.5085e-001 -1.9701e+000 +3.1963e+000 +2.8171e+000 +9.5497e-001 -3.7006e+000 -1.8944e+000 -2.5234e+000 -2.9828e+000 -3.7631e-001 +3.2087e-001 +3.6417e-001
21 +9.082684492e+002 +9.082684492e+002 +9.564284492e+002 +9.564284492e+002 -8.2991e-001 -4.8388e+000 +3.2219e+000 +8.9593e-001 +3.8754e+000 -4.7926e+000 -3.4979e+000 -4.3872e+000 +4.5252e+000 -1.1750e+000 +2.9158e-001 -4.5239e+000 +1.5670e+000 +7.8545e-001 -4.7424e+000 +2.1061e-001 -1.3696e+000 +4.4865e+000 -1.6169e+000 -3.4058e+000
29 +5.867565767e+002 +5.867565767e+002 +6.349165767e+002 +6.349165767e+002 -6.3421e-001 +2.6963e+000 +3.5264e-002 +4.1778e-001 +4.3784e+000 -3.4220e-001 +1.7129e+000 +2.1001e+000 +1.4775e+000 +8.8086e-001 -8.0589e-001 -2.6098e-001 -1.8293e+000 +2.2441e+000 -2.8667e+000 -2.8552e-001 +2.1969e+000 +4.6324e+000 -9.7706e-001 -2.3526e+000
260 +3.093759483e+002 +3.093759483e+002 +3.575359483e+002 +3.575359483e+002 -3.1360e+000 +3.3338e-001 -8.6289e-001 -1.4959e+000 +4.5927e-001 +4.0786e-001 +4.4175e-001 +5.7359e-001 -1.5927e+000 +1.5175e-001 +1.8450e+000 +4.2034e-001 +3.3033e+000 +3.3286e+000 -2.6962e+000 -2.6534e+000 +2.1318e+000 +3.8203e+000 -2.0517e+000 -1.1309e+000
870 +2.218242960e+002 +2.218242960e+002 +2.699842960e+002 +2.699842960e+002 +3.1159e-001 +1.9943e+000 -8.1758e-001 -6.0509e+000 +2.5548e+000 +1.0878e+000 +5.0738e-001 -2.3558e-002 +2.8488e-002 -6.9796e-001 +7.1206e-001 -9.6408e-001 +2.7221e+000 +3.2447e+000 -4.8404e+000 -7.2159e-001 +2.1192e+000 +1.9770e+000 -3.6882e-002 -8.3527e-001
1912 +1.526115761e+002 +1.526115761e+002 +2.007715761e+002 +2.007715761e+002 +2.4378e-001 +1.8479e+000 -1.6257e+000 -2.4317e+000 +2.4324e+000 +8.6730e-001 -2.0256e+000 +4.0592e-001 -5.9684e-001 -3.2725e-001 -2.3020e-001 +3.9263e-001 +2.3107e+000 +1.6866e+000 -3.0593e+000 -4.7752e-002 +1.9676e+000 +1.3288e+000 -1.1290e-001 -2.2769e-001
4245 +9.721131126e+001 +9.721131126e+001 +1.453713113e+002 +1.453713113e+002 -7.3423e-001 +2.4657e-001 -2.4679e+000 -2.5210e+000 +2.1069e+000 +3.9203e-001 -2.8559e+000 +4.1592e-001 -5.9753e-001 +8.4537e-001 +3.7643e-001 -9.8920e-001 +2.3898e+000 +2.8919e+000 -4.0069e+000 -2.5756e-001 +2.3005e+000 +2.3476e+000 +9.0634e-002 -5.0085e-001
7223 +6.000159545e+001 +6.000159545e+001 +1.081615955e+002 +1.081615955e+002 -7.2962e-001 -6.7930e-001 -2.5416e+000 -2.5187e+000 +3.4135e+000 +4.0495e-001 -2.6831e+000 +6.7935e-001 -5.8284e-001 +1.3628e+000 +1.3702e-001 -9.9684e-001 +2.4053e+000 +2.8562e+000 -4.0539e+000 -2.6003e-001 +2.2967e+000 +2.3925e+000 +3.4472e-001 -5.3396e-001
8629 +3.946219551e+001 +3.946219551e+001 +8.762219551e+001 +8.762219551e+001 -7.3107e-001 -7.2083e-001 -2.5296e+000 -2.5048e+000 +3.4952e+000 +3.9599e-001 -2.7479e+000 +4.4204e-001 -6.0876e-001 +1.3769e+000 +1.3835e-001 -9.9021e-001 +2.5072e+000 +2.8645e+000 -4.0432e+000 -2.5661e-001 +2.2804e+000 +2.3901e+000 +2.9574e-001 -5.3336e-001
11763 +2.478866697e+001 +2.478866697e+001 +7.294866697e+001 +7.294866697e+001 +3.1898e-001 -7.6921e-001 -2.5817e+000 -2.4676e+000 +2.7056e+000 +3.9171e-001 -2.7553e+000 +2.2129e-002 -6.0088e-001 +1.3835e+000 +1.6418e-001 -9.8814e-001 +2.5003e+000 +2.8760e+000 -3.5410e+000 -2.6021e-001 +2.3105e+000 +2.4093e+000 -1.2186e-001 -5.2003e-001
15014 +1.518194086e+001 +1.518194086e+001 +6.334194086e+001 +6.334194086e+001 +1.3265e+000 -7.6774e-001 -2.5713e+000 -2.4426e+000 +2.6931e+000 +3.9680e-001 -2.7733e+000 -4.9613e-002 -6.0750e-001 +8.1833e-001 +1.7001e-001 -1.0075e+000 +2.4878e+000 +2.8774e+000 -3.1397e+000 -2.5755e-001 +2.2726e+000 +2.3703e+000 -8.7666e-002 -5.0677e-001
% function evaluation | noise-free fitness - Fopt (8.384000000000e+001) | best noise-free fitness - Fopt | measured fitness | best measured fitness | x1 | x2...
1 +1.194365890e+004 +1.194365890e+004 +1.202749890e+004 +1.202749890e+004 -3.1924e+000 +2.0460e+000 -1.0525e+000 +7.3553e-001 +5.4778e-001 +4.0250e+000 +2.6474e-001 +2.8918e+000 +2.6528e+000 +1.6042e+000 +3.3552e+000 -1.9787e+000 -2.6493e+000 -2.6291e+000 -2.7529e+000 +1.4454e+000 +3.7736e+000 -4.2191e+000 +3.7457e+000 +3.8147e+000
3 +7.174094376e+002 +7.174094376e+002 +8.012494376e+002 +8.012494376e+002 -1.5181e+000 -2.7378e+000 -4.0378e+000 -9.1534e-002 -3.4945e+000 -4.8998e+000 -4.3954e+000 +3.8151e+000 -3.6392e+000 -1.4791e+000 +4.5922e+000 -5.6979e-001 -1.3798e+000 +3.4552e+000 +1.0816e-001 +1.8659e+000 -1.4305e+000 +2.5738e+000 -2.0407e+000 -3.1389e+000
142 +6.040233915e+002 +6.040233915e+002 +6.878633915e+002 +6.878633915e+002 -1.2566e+000 +1.3120e+000 -2.6846e+000 -3.2281e+000 -1.8928e+000 +3.7085e+000 +7.5840e-001 -1.3401e+000 +6.0887e-002 -1.6795e-001 -7.8104e-001 -4.2602e+000 -4.4528e+000 -8.2206e-001 -8.4576e-001 +3.3134e-001 -1.3901e+000 +4.4586e-002 -6.2254e+000 -3.7480e+000
528 +3.856054010e+002 +3.856054010e+002 +4.694454010e+002 +4.694454010e+002 -3.5597e+000 -8.3366e-001 -2.2469e+000 -8.5070e-001 -2.9044e+000 -5.9149e-001 +6.4254e-001 +1.4776e+000 +1.0166e-001 -7.1342e-001 -2.6325e-002 +9.7018e-001 -2.2044e+000 +4.9014e-001 -7.8157e-001 +1.5190e+000 -1.0079e+000 +1.3497e+000 -2.4506e+000 -2.4344e+000
1130 +2.138007856e+002 +2.138007856e+002 +2.976407856e+002 +2.976407856e+002 -1.8827e+000 +3.7058e-001 -4.2118e+000 +6.8207e-001 -2.3968e+000 -4.2644e-001 -4.2100e-001 -2.0934e+000 -5.1199e-001 -5.1747e-001 +3.0483e-001 -5.2041e-001 -4.7646e+000 +2.9864e+000 +9.1925e-001 +3.5984e+000 +4.2468e-001 +1.0621e-001 -3.2057e+000 -3.9201e+000
2115 +1.484246307e+002 +1.484246307e+002 +2.322646307e+002 +2.322646307e+002 -2.5513e+000 -3.2650e-001 -3.1184e+000 -8.7888e-002 -2.8597e+000 +8.5724e-001 -3.2934e+000 -1.3266e+000 -2.6662e+000 -1.0096e+000 +6.7689e-001 +1.6637e+000 -2.3698e+000 +2.0581e+000 +1.4378e+000 +2.6203e+000 +1.2645e-001 +2.2173e+000 -2.1660e+000 -3.9633e+000
4470 +9.379349229e+001 +9.379349229e+001 +1.776334923e+002 +1.776334923e+002 -2.5976e+000 +6.4795e-001 -3.1448e+000 -4.6697e-002 -2.3478e+000 +8.8708e-001 -3.0151e+000 -1.2449e+000 -2.1770e+000 -1.0670e+000 +7.8449e-001 +1.5744e+000 -2.5092e+000 +1.9999e+000 +1.4185e+000 +2.0757e+000 +2.3600e-001 +1.3961e+000 -4.5024e+000 -3.7030e+000
7105 +6.196791154e+001 +6.196791154e+001 +1.458079115e+002 +1.458079115e+002 -2.8017e+000 +1.9350e+000 -3.1527e+000 -1.5227e-001 -2.8652e+000 +8.7390e-001 -2.4549e-001 -1.3838e+000 -2.1395e+000 -1.0761e+000 +7.6672e-001 +1.4807e+000 -2.3775e+000 +2.0781e+000 +1.4599e+000 +2.5676e+000 -6.5142e-002 +1.4506e+000 -4.1624e+000 -3.2468e+000
9333 +3.781489128e+001 +3.781489128e+001 +1.216548913e+002 +1.216548913e+002 -2.6917e+000 +1.8281e+000 -3.1442e+000 -1.5502e-001 -2.8478e+000 +9.1771e-001 -3.1954e-001 -1.3685e+000 -2.1369e+000 -1.0637e+000 +7.1931e-001 +1.4746e+000 -2.4309e+000 +1.6107e+000 +1.4542e+000 +2.5525e+000 -4.7627e-002 +1.4306e+000 -4.0921e+000 -3.2792e+000
10639 +2.492590729e+001 +2.492590729e+001 +1.087659073e+002 +1.087659073e+002 -1.7198e+000 +1.7327e+000 -3.0831e+000 -1.5555e-002 -2.8962e+000 +1.0092e+000 -2.0917e-001 -1.3317e+000 -2.1095e+000 -1.0459e+000 +7.3339e-001 +1.4920e+000 -2.9287e+000 +2.0240e+000 +1.4522e+000 +2.5420e+000 -4.5396e-002 +1.4449e+000 -4.1171e+000 -3.2879e+000
14166 +1.584061284e+001 +1.584061284e+001 +9.968061284e+001 +9.968061284e+001 -1.6608e+000 +1.7265e+000 -3.0400e+000 -4.0140e-002 -2.3243e+000 +9.3505e-001 -9.4797e-001 -1.3511e+000 -2.0760e+000 -1.0425e+000 +6.9239e-001 +1.5148e+000 -2.9254e+000 +2.0406e+000 +1.4728e+000 +2.5538e+000 -4.8405e-002 +1.4632e+000 -4.1017e+000 -3.2848e+000
% function evaluation | noise-free fitness - Fopt (1.536000000000e+001) | best noise-free fitness - Fopt | measured fitness | best measured fitness | x1 | x2...
1 +3.299458189e+003 +3.299458189e+003 +3.314818189e+003 +3.314818189e+003 -3.8033e+000 -1.6922e+000 -4.6071e+000 +4.4056e+000 -4.5203e+000 +1.8261e+000 +1.0741e+000 -4.9281e+000 +2.3549e+000 +1.9811e+000 +4.8073e+000 -2.6978e-001 +4.5588e-001 +4.7203e+000 -1.7295e+000 +1.3821e+000 -1.5382e+000 +2.9053e+000 +2.1280e+000 -4.7383e+000
4 +1.427936519e+003 +1.427936519e+003 +1.443296519e+003 +1.443296519e+003 -2.2472e+000 -1.8398e+000 -4.9939e+000 -2.0386e+000 +8.2201e-001 -9.1461e-001 -1.1718e+000 -3.3670e+000 -1.8819e+000 -3.8471e-001 -6.6876e-001 -5.2714e-001 +2.1962e+000 +3.8081e+000 +1.2419e-001 +2.2225e+000 -4.7805e+000 +7.0892e-002 -4.7308e+000 -9.2680e-001
11 +8.930193507e+002 +8.930193507e+002 +9.083793507e+002 +9.083793507e+002 -2.1150e+000 +4.7058e+000 -3.2920e+000 -9.1987e-001 -2.7537e+000 +3.6037e+000 -3.2920e+000 -4.4026e+000 -1.4576e+000 -1.5882e+000 -2.8149e+000 -1.8116e+000 -3.1406e+000 -1.6041e+000 -3.9810e+000 -1.7822e+000 +4.0163e+000 +2.0676e+000 -1.7845e+000 -4.9295e+000
21 +5.932953694e+002 +5.932953694e+002 +6.086553694e+002 +6.086553694e+002 +3.6026e+000 +2.5046e+000 -7.3461e-001 -1.5710e+000 -1.0476e+000 -5.0725e-001 +4.8860e-001 +2.0699e+000 +9.7083e-001 -1.1524e+000 +1.0842e+000 +9.5942e-001 -1.4131e+000 +4.0719e-001 +4.3481e+000 -1.9087e+000 +4.6231e+000 +2.7452e+000 -1.3034e+000 -3.4521e+000
390 +3.904313729e+002 +3.904313729e+002 +4.057913729e+002 +4.057913729e+002 +6.9754e-001 +6.5009e-001 +7.4537e-001 -1.0977e+000 -4.3003e+000 -4.5888e-001 -3.2416e+000 -3.1581e-001 +9.9182e-001 -4.2756e+000 -1.1118e+000 -3.3263e+000 -2.0425e+000 -1.7985e+000 +4.7098e+000 -8.5870e-001 +1.2539e+000 +3.1218e+000 -1.2915e+000 -3.7582e+000
740 +2.382840133e+002 +2.382840133e+002 +2.536440133e+002 +2.536440133e+002 +3.7042e+000 -3.0631e+000 -3.4590e+000 -7.8739e-001 -2.6031e+000 -2.4871e+000 -3.5365e+000 -1.1374e-001 -1.9180e+000 -3.6172e+000 -2.8661e+000 -2.8197e+000 -9.1977e-001 -2.8697e-001 +3.7603e+000 -4.0350e+000 +2.1308e+000 +3.9672e+000 -3.9323e+000 -2.7817e+000
1838 +1.560335832e+002 +1.560335832e+002 +1.713935832e+002 +1.713935832e+002 +3.7040e+000 -8.7441e-001 -3.8574e+000 -2.4577e+000 -2.1441e+000 -1.9889e+000 -1.3932e+000 -3.1729e+000 -1.0854e-003 -2.9852e+000 -3.2336e+000 -3.2181e+000 -4.4892e-001 -5.7824e-001 +4.6660e+000 -2.0571e+000 +2.4081e+000 +3.4767e+000 -3.3101e+000 -1.9692e+000
3065 +9.872717707e+001 +9.872717707e+001 +1.140871771e+002 +1.140871771e+002 +1.0413e+000 +7.1212e-001 -1.3394e+000 -2.6423e+000 -2.1108e+000 -2.3718e+000 -3.1786e+000 -1.3066e+000 -2.3205e+000 -2.2847e+000 -3.3690e+000 -1.8895e+000 -7.7098e-001 -4.3671e-001 +3.7714e+000 -3.2401e+000 +2.1611e+000 +3.8820e+000 -2.8353e+000 -2.2706e+000
4063 +6.195789371e+001 +6.195789371e+001 +7.731789371e+001 +7.731789371e+001 +8.0958e-001 +6.4964e-001 -1.3881e+000 -2.6252e+000 -1.4115e+000 -2.3646e+000 -3.3077e+000 -1.3193e+000 -2.4599e+000 -1.6740e+000 -3.3468e+000 -2.2635e+000 -7.9711e-001 -9.1956e-001 +3.7367e+000 -2.5450e+000 +2.4122e+000 +3.8346e+000 -2.7965e+000 -2.3063e+000
5079 +3.757142994e+001 +3.757142994e+001 +5.293142994e+001 +5.293142994e+001 +7.7904e-001 +6.9864e-001 -1.1916e+000 -2.6167e+000 -1.3516e+000 -2.3578e+000 -3.2972e+000 -1.3644e+000 -2.3860e+000 -1.7747e+000 -3.2887e+000 -2.2037e+000 -8.1457e-001 -9.0093e-001 +3.7353e+000 -2.4650e+000 +2.3648e+000 +3.8291e+000 -2.7869e+000 -2.2893e+000
6829 +2.437592765e+001 +2.437592765e+001 +3.973592765e+001 +3.973592765e+001 +7.7134e-001 +6.8137e-001 -2.1167e+000 -2.5780e+000 -1.2482e+000 -2.3723e+000 -3.3698e+000 -1.4523e+000 -2.3514e+000 -2.2764e+000 -3.3061e+000 -2.2294e+000 -7.9523e-001 -8.9712e-001 +3.7396e+000 -2.0408e+000 +2.3949e+000 +3.8145e+000 -2.7758e+000 -2.2998e+000
8505 +1.483098350e+001 +1.483098350e+001 +3.019098350e+001 +3.019098350e+001 +7.8932e-001 +6.9000e-001 -2.1274e+000 -2.5358e+000 -2.7890e+000 -2.3710e+000 -3.3490e+000 -1.4256e+000 -2.3643e+000 -2.2616e+000 -3.2896e+000 -2.2636e+000 -8.2227e-001 -8.9667e-001 +3.7356e+000 -2.0684e+000 +2.3925e+000 +3.8059e+000 -2.8108e+000 -2.2776e+000
