% function evaluation | noise-free fitness - Fopt (1.026100000000e+002) | best noise-free fitness - Fopt | measured fitness | best measured fitness | x1 | x2...
1 +1.334600845e+006 +1.334600845e+006 +1.334703455e+006 +1.334703455e+006 +7.6049e+000 +6.1354e+000 +9.5242e+000 +9.3484e+000 +1.4270e+001
6 +9.731038547e+005 +9.731038547e+005 +9.732064647e+005 +9.732064647e+005 +8.5750e+000 +1.1797e+001 +9.6887e+000 +5.6990e+000 +8.9726e+000
9 +6.175403401e+005 +6.175403401e+005 +6.176429501e+005 +6.176429501e+005 +6.3369e+000 +1.1564e+001 +5.0331e+000 +9.1008e+000 +5.0610e+000
35 +3.689639225e+005 +3.689639225e+005 +3.690665325e+005 +3.690665325e+005 +6.4860e+000 +7.1275e+000 +6.6432e+000 +8.4727e+000 +8.9177e+000
36 +1.491095098e+005 +1.491095098e+005 +1.492121198e+005 +1.492121198e+005 +6.3985e+000 +6.8129e+000 +6.3433e+000 +5.6029e+000 +7.7307e+000
381 +2.842124093e+004 +2.842124093e+004 +2.852385093e+004 +2.852385093e+004 +4.9075e+000 +3.4174e+000 +5.9535e+000 +5.2361e+000 +6.3601e+000
457 +8.492848795e+003 +8.492848795e+003 +8.595458795e+003 +8.595458795e+003 +4.9075e+000 +3.4174e+000 +5.3771e+000 +5.2361e+000 +5.7898e+000
762 +5.885012793e+003 +5.885012793e+003 +5.987622793e+003 +5.987622793e+003 +5.3543e+000 +5.5059e+000 +5.1764e+000 +3.1743e+000 +5.3860e+000
771 +3.376541164e+003 +3.376541164e+003 +3.479151164e+003 +3.479151164e+003 +3.8724e+000 +4.0334e+000 +5.4188e+000 +3.0816e+000 +5.3758e+000
871 +8.688064686e+001 +8.688064686e+001 +1.894906469e+002 +1.894906469e+002 +1.6957e+000 +1.5945e+000 +3.3890e+000 +1.1585e+000 +1.7450e+000
1196 +4.625963783e+001 +4.625963783e+001 +1.488696378e+002 +1.488696378e+002 +1.6171e+000 +1.1407e+000 +2.6802e+000 +8.5364e-001 +1.8423e+000
1819 +3.291929439e+001 +3.291929439e+001 +1.355292944e+002 +1.355292944e+002 -2.6883e-001 +9.2443e-001 +2.8542e+000 +5.9794e-001 +9.2991e-001
% function evaluation | noise-free fitness - Fopt (9.330000000000e+001) | best noise-free fitness - Fopt | measured fitness | best measured fitness | x1 | x2...
1 +9.384613406e+005 +9.384613406e+005 +9.385546406e+005 +9.385546406e+005 +6.4884e+000 +1.0265e+001 +1.2989e+001 +5.0574e+000 +5.1220e+000
33 +5.748340670e+005 +5.748340670e+005 +5.749273670e+005 +5.749273670e+005 +6.0977e+000 +1.0783e+001 +7.5202e+000 +5.4750e+000 +9.0257e+000
240 +3.839943596e+005 +3.839943596e+005 +3.840876596e+005 +3.840876596e+005 +4.4285e+000 +7.8695e+000 +5.2196e+000 +7.1625e+000 +1.0039e+001
261 +1.192217120e+005 +1.192217120e+005 +1.193150120e+005 +1.193150120e+005 +6.3867e+000 +5.7098e+000 +2.6794e+000 +8.0768e+000 +2.6046e+000
510 +6.110101954e+004 +6.110101954e+004 +6.119431954e+004 +6.119431954e+004 +4.9723e+000 +5.5397e+000 +5.1685e+000 +7.3993e+000 +4.6861e+000
591 +3.419081236e+004 +3.419081236e+004 +3.428411236e+004 +3.428411236e+004 +4.2038e+000 +1.4004e-001 +3.1104e+000 +6.8341e+000 +5.1748e+000
620 +2.398437500e+004 +2.398437500e+004 +2.407767500e+004 +2.407767500e+004 +4.2372e+000 +6.4879e+000 +5.3972e+000 +4.8713e+000 +3.3567e+000
625 +1.290017438e+004 +1.290017438e+004 +1.299347438e+004 +1.299347438e+004 +5.2153e+000 -1.3857e+000 +6.1023e+000 -1.5135e-001 +4.6900e+000
660 +9.080768750e+003 +9.080768750e+003 +9.174068750e+003 +9.174068750e+003 +5.7180e+000 +5.6043e+000 +3.9261e+000 +4.9461e+000 +4.0017e+000
709 +3.032567121e+003 +3.032567121e+003 +3.125867121e+003 +3.125867121e+003 +5.5308e+000 +5.0513e+000 +2.0271e+000 +4.3977e+000 +3.8395e+000
779 +2.406121003e+003 +2.406121003e+003 +2.499421003e+003 +2.499421003e+003 +5.4416e+000 +5.1417e+000 +4.2632e+000 +4.5666e+000 +4.3323e+000
835 +2.099253457e+002 +2.099253457e+002 +3.032253457e+002 +3.032253457e+002 +4.5321e+000 +1.2004e+000 +7.1228e-001 +5.0633e+000 +3.8064e+000
958 +1.429533408e+002 +1.429533408e+002 +2.362533408e+002 +2.362533408e+002 +4.2473e+000 +3.2524e+000 +1.0993e+000 +3.6012e+000 +3.1641e+000
1119 +8.062988523e+001 +8.062988523e+001 +1.739298852e+002 +1.739298852e+002 +3.1180e+000 +2.1370e+000 -1.8440e+000 +2.5076e+000 +3.0327e+000
1400 +6.243930299e+001 +6.243930299e+001 +1.557393030e+002 +1.557393030e+002 +1.9801e+000 +2.5929e+000 -2.1921e+000 +2.6115e+000 +2.8464e+000
1774 +3.167402070e+001 +3.167402070e+001 +1.249740207e+002 +1.249740207e+002 +6.3373e-001 +2.3608e+000 -1.1564e+000 +1.5605e+000 +1.8552e+000
% function evaluation | noise-free fitness - Fopt (1.364000000000e+001) | best noise-free fitness - Fopt | measured fitness | best measured fitness | x1 | x2...
1 +2.570888488e+006 +2.570888488e+006 +2.570902128e+006 +2.570902128e+006 +7.8105e+000 +1.2775e+001 +1.3664e+001 +1.1284e+001 +1.3604e+001
3 +1.016260656e+006 +1.016260656e+006 +1.016274296e+006 +1.016274296e+006 +7.2347e+000 +1.1430e+001 +1.1843e+001 +6.7360e+000 +7.3103e+000
6 +6.658931724e+005 +6.658931724e+005 +6.659068124e+005 +6.659068124e+005 +8.8009e+000 +8.1598e+000 +7.3934e+000 +8.0836e+000 +1.0180e+001
22 +5.562216509e+005 +5.562216509e+005 +5.562352909e+005 +5.562352909e+005 +1.0036e+001 +9.2782e+000 +8.2154e+000 +5.6967e+000 +6.0257e+000
133 +3.673806506e+005 +3.673806506e+005 +3.673942906e+005 +3.673942906e+005 +8.8009e+000 +8.1598e+000 +7.3934e+000 +7.2241e+000 +6.2488e+000
226 +2.231806992e+005 +2.231806992e+005 +2.231943392e+005 +2.231943392e+005 +5.6312e+000 +8.4532e+000 +5.0854e+000 +8.1381e+000 +5.2904e+000
303 +6.902891467e+004 +6.902891467e+004 +6.904255467e+004 +6.904255467e+004 +4.4091e+000 +6.3449e+000 +6.3779e+000 +6.6584e+000 +5.6301e+000
441 +5.689418109e+004 +5.689418109e+004 +5.690782109e+004 +5.690782109e+004 +4.9192e+000 +7.3688e+000 +5.1025e+000 +2.3750e+000 +5.1655e+000
472 +2.063206269e+004 +2.063206269e+004 +2.064570269e+004 +2.064570269e+004 +4.4248e+000 +6.4150e+000 +1.9541e+000 -1.5837e+000 +5.1838e+000
513 +1.086851466e+004 +1.086851466e+004 +1.088215466e+004 +1.088215466e+004 +5.7707e+000 +2.6738e+000 +5.6787e+000 +4.7476e+000 +2.1018e+000
668 +5.625726230e+002 +5.625726230e+002 +5.762126230e+002 +5.762126230e+002 +4.9192e+000 -7.0650e-001 +4.4082e+000 +4.8319e+000 +5.1655e+000
707 +2.536280430e+002 +2.536280430e+002 +2.672680430e+002 +2.672680430e+002 +3.6676e+000 +4.7755e+000 +3.8006e+000 +4.5327e+000 +1.3098e+000
856 +1.964706946e+002 +1.964706946e+002 +2.101106946e+002 +2.101106946e+002 +4.2058e+000 +3.2465e+000 +3.8728e+000 +1.5830e+000 +3.1888e+000
939 +1.131378711e+002 +1.131378711e+002 +1.267778711e+002 +1.267778711e+002 +2.5706e+000 +3.4690e+000 +4.1800e+000 -1.4219e+000 -1.0564e+000
951 +9.756144595e+001 +9.756144595e+001 +1.112014460e+002 +1.112014460e+002 +1.0791e+000 +2.1885e+000 +3.7566e+000 +1.6255e+000 -3.0134e-001
1122 +5.387795655e+001 +5.387795655e+001 +6.751795655e+001 +6.751795655e+001 +2.1000e+000 +2.8618e+000 -4.3565e-001 +3.2061e-001 +1.7349e+000
1413 +3.464617403e+001 +3.464617403e+001 +4.828617403e+001 +4.828617403e+001 +1.3279e+000 +1.3404e+000 +7.0825e-001 -4.6421e-001 +9.7182e-001
1492 +2.170786950e+001 +2.170786950e+001 +3.534786950e+001 +3.534786950e+001 +1.6337e+000 +1.9290e+000 +8.8143e-001 -1.3948e+000 +8.0166e-001
1897 +1.060538285e+001 +1.060538285e+001 +2.424538285e+001 +2.424538285e+001 +1.1717e+000 +8.7607e-001 +8.1552e-001 -1.2902e+000 +9.8406e-001
% function evaluation | noise-free fitness - Fopt (1.948000000000e+002) | best noise-free fitness - Fopt | measured fitness | best measured fitness | x1 | x2...
1 +1.671323157e+006 +1.671323157e+006 +1.671517957e+006 +1.671517957e+006 +9.0486e+000 +1.1983e+001 +8.2558e+000 +1.0620e+001 +1.2726e+001
3 +9.732772878e+005 +9.732772878e+005 +9.734720878e+005 +9.734720878e+005 +7.5468e+000 +5.7315e+000 +8.5178e+000 +1.3541e+001 +7.2145e+000
30 +4.851744379e+005 +4.851744379e+005 +4.853692379e+005 +4.853692379e+005 +5.6877e+000 +9.4919e+000 +6.0250e+000 +5.0241e+000 +1.0173e+001
71 +3.833454932e+005 +3.833454932e+005 +3.835402932e+005 +3.835402932e+005 +8.1152e+000 +5.0406e+000 +7.6467e+000 +8.1177e+000 +8.4415e+000
85 +1.730093200e+005 +1.730093200e+005 +1.732041200e+005 +1.732041200e+005 +5.4090e+000 +8.4327e+000 +5.2427e+000 +7.2080e+000 +5.6107e+000
178 +9.374864404e+004 +9.374864404e+004 +9.394344404e+004 +9.394344404e+004 +5.6750e+000 +3.1808e+000 +2.7899e+000 +3.1947e+000 +7.9811e+000
252 +3.670589792e+004 +3.670589792e+004 +3.690069792e+004 +3.690069792e+004 +1.8475e+000 +6.5034e+000 +1.7595e-001 +6.1775e+000 +2.3273e+000
328 +1.642055311e+004 +1.642055311e+004 +1.661535311e+004 +1.661535311e+004 +1.8475e+000 +5.3700e+000 +1.7595e-001 +6.2187e+000 +2.3273e+000
465 +1.250964762e+002 +1.250964762e+002 +3.198964762e+002 +3.198964762e+002 +3.0980e+000 +3.9163e+000 +1.1506e+000 +4.1394e+000 -1.9592e-001
540 +9.627330957e+001 +9.627330957e+001 +2.910733096e+002 +2.910733096e+002 +3.0980e+000 +2.8448e+000 +1.1506e+000 +3.2359e+000 +1.6530e-001
829 +5.340327466e+001 +5.340327466e+001 +2.482032747e+002 +2.482032747e+002 -9.9476e-002 -1.5814e-001 -1.9661e+000 +3.2359e+000 +1.6530e-001
1146 +3.484078593e+001 +3.484078593e+001 +2.296407859e+002 +2.296407859e+002 +2.0564e+000 +1.8142e+000 +8.1000e-001 +6.0166e-001 -1.4975e+000
1776 +1.995497205e+001 +1.995497205e+001 +2.147549720e+002 +2.147549720e+002 +1.4999e+000 +4.3975e-001 +1.8403e+000 -1.8751e+000 -1.0171e+000
% function evaluation | noise-free fitness - Fopt (-1.335900000000e+002) | best noise-free fitness - Fopt | measured fitness | best measured fitness | x1 | x2...
1 +1.296788293e+006 +1.296788293e+006 +1.296654703e+006 +1.296654703e+006 +1.1949e+001 +9.5795e+000 +8.7741e+000 +1.0415e+001 +9.0907e+000
5 +6.460003332e+005 +6.460003332e+005 +6.458667432e+005 +6.458667432e+005 +7.7043e+000 +5.5917e+000 +1.1500e+001 +8.3314e+000 +6.8707e+000
22 +5.781240128e+005 +5.781240128e+005 +5.779904228e+005 +5.779904228e+005 +9.5285e+000 +7.4428e+000 +5.9894e+000 +7.3296e+000 +9.9848e+000
46 +3.670308803e+005 +3.670308803e+005 +3.668972903e+005 +3.668972903e+005 +5.8455e+000 +9.7310e+000 +7.3048e+000 +6.9668e+000 +7.0871e+000
264 +1.111034804e+005 +1.111034804e+005 +1.109698904e+005 +1.109698904e+005 +4.2325e+000 +6.6601e+000 +8.4466e-001 +4.4412e+000 +7.8832e+000
374 +4.917632827e+004 +4.917632827e+004 +4.904273827e+004 +4.904273827e+004 +5.0618e+000 +7.2092e+000 +4.2586e+000 +4.4155e-002 +4.2372e+000
476 +1.081427536e+004 +1.081427536e+004 +1.068068536e+004 +1.068068536e+004 +5.6229e+000 +4.0485e+000 +2.4845e+000 +2.2919e+000 +5.8120e+000
560 +5.641623648e+003 +5.641623648e+003 +5.508033648e+003 +5.508033648e+003 +1.3012e-001 +3.4919e+000 +1.6631e+000 +3.3006e+000 +5.7344e+000
596 +2.583444552e+002 +2.583444552e+002 +1.247544552e+002 +1.247544552e+002 +4.3543e+000 +3.9692e+000 +4.2586e+000 +4.4155e-002 +4.2372e+000
655 +2.118350438e+002 +2.118350438e+002 +7.824504376e+001 +7.824504376e+001 +2.2616e+000 +4.3531e+000 -5.4479e-001 +1.7403e+000 +5.0169e+000
735 +1.293518562e+002 +1.293518562e+002 -4.238143768e+000 -4.238143768e+000 +1.1663e+000 +3.2202e+000 -7.9419e-001 +8.8799e-001 +4.3223e+000
885 +9.040635368e+001 +9.040635368e+001 -4.318364632e+001 -4.318364632e+001 +3.7268e-001 +2.4984e+000 -3.8985e-001 -2.2731e+000 +2.6078e+000
1119 +4.623427478e+001 +4.623427478e+001 -8.735572522e+001 -8.735572522e+001 -1.4435e+000 +1.4798e+000 -2.6628e+000 -1.8435e+000 +1.3803e+000
1538 +3.949737915e+001 +3.949737915e+001 -9.409262085e+001 -9.409262085e+001 -2.1128e+000 +9.2815e-001 -1.8027e+000 -3.7297e+000 +1.0129e+000
% function evaluation | noise-free fitness - Fopt (-8.468100000000e+002) | best noise-free fitness - Fopt | measured fitness | best measured fitness | x1 | x2...
1 +9.472625481e+005 +9.472625481e+005 +9.464157381e+005 +9.464157381e+005 +6.6909e+000 +1.3915e+001 +8.4736e+000 +5.1351e+000 +5.4792e+000
23 +1.372156038e+005 +1.372156038e+005 +1.363687938e+005 +1.363687938e+005 +5.1730e+000 +5.9755e+000 +8.2284e+000 +5.1477e+000 +6.5024e+000
275 +7.028001487e+004 +7.028001487e+004 +6.943320487e+004 +6.943320487e+004 +7.0180e+000 +3.0496e+000 +5.9629e+000 +6.4129e+000 +4.2385e+000
329 +6.117693049e+004 +6.117693049e+004 +6.033012049e+004 +6.033012049e+004 +5.3781e+000 +4.5144e+000 +7.3357e+000 +5.2203e+000 +5.6619e+000
342 +3.150298370e+004 +3.150298370e+004 +3.065617370e+004 +3.065617370e+004 +6.0748e+000 +1.6272e+000 +5.6312e+000 +6.2535e+000 +4.8425e+000
378 +2.338243671e+004 +2.338243671e+004 +2.253562671e+004 +2.253562671e+004 +5.1730e+000 +4.9874e+000 +4.1708e+000 +5.1477e+000 +6.5024e+000
384 +1.195582362e+004 +1.195582362e+004 +1.110901362e+004 +1.110901362e+004 +1.7475e+000 +2.9525e+000 +3.9072e+000 +1.2822e+000 +6.0874e+000
421 +7.842506856e+002 +7.842506856e+002 -6.255931444e+001 -6.255931444e+001 +3.9212e+000 +4.0326e+000 +5.2411e+000 +1.9144e+000 +4.7573e+000
493 +1.373768868e+002 +1.373768868e+002 -7.094331132e+002 -7.094331132e+002 +4.1168e-001 +4.0326e+000 +4.6150e+000 +1.1794e+000 +4.0500e+000
843 +8.018335227e+001 +8.018335227e+001 -7.666266477e+002 -7.666266477e+002 +1.1165e+000 -1.1003e+000 +3.0135e+000 +1.5381e+000 +2.6843e+000
1043 +5.337835095e+001 +5.337835095e+001 -7.934316491e+002 -7.934316491e+002 +2.4215e-001 -4.3393e-001 +3.0323e+000 +4.9382e-001 +2.4349e+000
1152 +3.394393012e+001 +3.394393012e+001 -8.128660699e+002 -8.128660699e+002 -1.9156e+000 -1.1586e+000 +2.7938e+000 +1.6147e+000 +2.3984e+000
1542 +2.319612001e+001 +2.319612001e+001 -8.236138800e+002 -8.236138800e+002 -1.7030e+000 -2.7736e-001 +3.2850e+000 +1.9610e+000 +2.5442e+000
1724 +1.332576040e+001 +1.332576040e+001 -8.334842396e+002 -8.334842396e+002 -1.3649e+000 -1.5580e+000 +2.2964e+000 +1.4184e+000 +1.7553e+000
% function evaluation | noise-free fitness - Fopt (1.363000000000e+001) | best noise-free fitness - Fopt | measured fitness | best measured fitness | x1 | x2...
1 +1.908056045e+006 +1.908056045e+006 +1.908069675e+006 +1.908069675e+006 +1.1619e+001 +1.3745e+001 +5.1791e+000 +6.4045e+000 +1.3270e+001
3 +6.601166979e+005 +6.601166979e+005 +6.601303279e+005 +6.601303279e+005 +8.2384e+000 +7.1382e+000 +9.1965e+000 +1.0084e+001 +7.7202e+000
25 +4.586016252e+005 +4.586016252e+005 +4.586152552e+005 +4.586152552e+005 +5.9292e+000 +9.6799e+000 +9.1323e+000 +6.4675e+000 +6.9466e+000
27 +3.678779215e+005 +3.678779215e+005 +3.678915515e+005 +3.678915515e+005 +6.4091e+000 +9.1962e+000 +8.8655e+000 +6.0839e+000 +6.0036e+000
137 +1.427318208e+005 +1.427318208e+005 +1.427454508e+005 +1.427454508e+005 +6.2335e+000 +7.1913e+000 +5.8434e+000 +7.6800e+000 +3.5362e+000
285 +1.920834608e+003 +1.920834608e+003 +1.934464608e+003 +1.934464608e+003 +5.4069e+000 -4.2200e+000 +1.8462e+000 +3.5843e+000 +4.6833e+000
505 +1.305115825e+002 +1.305115825e+002 +1.441415825e+002 +1.441415825e+002 +4.7887e+000 +1.1750e+000 +2.7308e+000 +3.7848e+000 +1.9758e-001
733 +7.443506925e+001 +7.443506925e+001 +8.806506925e+001 +8.806506925e+001 +1.1812e+000 +1.1750e+000 +9.0052e-001 +2.2421e+000 +1.9758e-001
805 +5.848553218e+001 +5.848553218e+001 +7.211553218e+001 +7.211553218e+001 +7.6501e-001 +2.5001e-001 +1.6831e+000 +2.6605e+000 -5.3536e-001
967 +3.735619018e+001 +3.735619018e+001 +5.098619018e+001 +5.098619018e+001 +1.1798e+000 +9.0040e-002 +1.7529e+000 +2.2456e+000 -1.1998e+000
1080 +1.541806247e+001 +1.541806247e+001 +2.904806247e+001 +2.904806247e+001 +1.1412e+000 +3.6165e-001 +1.6999e+000 +1.5786e+000 -1.6603e+000
% function evaluation | noise-free fitness - Fopt (-3.718000000000e+001) | best noise-free fitness - Fopt | measured fitness | best measured fitness | x1 | x2...
1 +1.532247829e+006 +1.532247829e+006 +1.532210649e+006 +1.532210649e+006 +7.7597e+000 +1.3829e+001 +8.3148e+000 +1.2520e+001 +5.1886e+000
12 +9.127695631e+005 +9.127695631e+005 +9.127323831e+005 +9.127323831e+005 +7.8162e+000 +1.4035e+001 +6.2323e+000 +5.3241e+000 +5.1461e+000
68 +6.087294649e+005 +6.087294649e+005 +6.086922849e+005 +6.086922849e+005 +7.8162e+000 +7.5876e+000 +6.2323e+000 +1.1684e+001 +4.1677e+000
122 +3.166960432e+005 +3.166960432e+005 +3.166588632e+005 +3.166588632e+005 +7.5250e+000 +5.1030e+000 +8.2580e+000 +8.8248e+000 +2.5269e+000
163 +2.250884921e+005 +2.250884921e+005 +2.250513121e+005 +2.250513121e+005 +6.8862e+000 +5.8107e+000 +6.3125e+000 +9.0668e+000 +1.4638e+000
398 +5.972557115e+004 +5.972557115e+004 +5.968839115e+004 +5.968839115e+004 +6.8862e+000 +5.8107e+000 +6.3125e+000 +5.0734e+000 +1.4638e+000
594 +1.422105884e+004 +1.422105884e+004 +1.418387884e+004 +1.418387884e+004 +6.1858e+000 +3.6503e+000 +1.1956e+000 +4.6209e+000 -9.6872e-001
660 +1.852290483e+003 +1.852290483e+003 +1.815110483e+003 +1.815110483e+003 +5.0093e+000 +3.9053e+000 +5.4098e+000 +3.8371e+000 +2.6363e+000
677 +1.356342407e+002 +1.356342407e+002 +9.845424070e+001 +9.845424070e+001 +6.8329e-001 +1.8078e+000 +4.2827e+000 +3.8214e+000 +1.9004e+000
773 +7.470437714e+001 +7.470437714e+001 +3.752437714e+001 +3.752437714e+001 +2.6673e+000 +9.4575e-001 +1.2521e+000 +2.6958e+000 -4.1625e-001
847 +4.305472489e+001 +4.305472489e+001 +5.874724887e+000 +5.874724887e+000 +2.6673e+000 -1.5316e-001 +1.2034e+000 +1.3244e+000 -4.1625e-001
1060 +3.485045355e+001 +3.485045355e+001 -2.329546447e+000 -2.329546447e+000 +3.6066e+000 +4.1212e-001 +1.1199e+000 +2.7315e+000 -8.2024e-001
1368 +2.077686674e+001 +2.077686674e+001 -1.640313326e+001 -1.640313326e+001 +2.5192e+000 -1.3077e+000 +1.3167e+000 +6.1832e-001 -1.6420e+000
% function evaluation | noise-free fitness - Fopt (2.275200000000e+002) | best noise-free fitness - Fopt | measured fitness | best measured fitness | x1 | x2...
1 +1.547116806e+006 +1.547116806e+006 +1.547344326e+006 +1.547344326e+006 +8.6747e+000 +8.5623e+000 +1.4919e+001 +7.9998e+000 +9.5873e+000
13 +9.071113690e+005 +9.071113690e+005 +9.073388890e+005 +9.073388890e+005 +7.0283e+000 +1.0645e+001 +8.2672e+000 +1.1190e+001 +7.3837e+000
39 +3.537056948e+005 +3.537056948e+005 +3.539332148e+005 +3.539332148e+005 +6.5721e+000 +9.8878e+000 +7.7332e+000 +5.8735e+000 +5.8553e+000
272 +2.177558709e+005 +2.177558709e+005 +2.179833909e+005 +2.179833909e+005 +2.1664e+000 +5.9092e+000 +7.1745e+000 +8.1234e+000 +7.5359e+000
311 +1.440575491e+005 +1.440575491e+005 +1.442850691e+005 +1.442850691e+005 +3.0668e+000 +8.1304e+000 +6.4632e+000 +6.3656e+000 +5.7548e+000
360 +6.808919696e+004 +6.808919696e+004 +6.831671696e+004 +6.831671696e+004 +6.0224e+000 +6.3516e+000 +6.8597e+000 +2.9667e+000 +5.6697e+000
367 +2.317127155e+004 +2.317127155e+004 +2.339879155e+004 +2.339879155e+004 +5.8285e+000 +3.8507e+000 +6.0617e+000 +4.5270e+000 +5.6932e+000
492 +5.675631916e+003 +5.675631916e+003 +5.903151916e+003 +5.903151916e+003 -5.2241e-001 -3.9711e+000 +3.8480e+000 +4.7244e+000 +5.7379e+000
540 +1.388969231e+003 +1.388969231e+003 +1.616489231e+003 +1.616489231e+003 +2.4338e+000 -1.1879e+000 +4.3583e+000 +5.3428e+000 +5.0260e+000
667 +1.034028906e+002 +1.034028906e+002 +3.309228906e+002 +3.309228906e+002 +4.6815e+000 +4.2860e+000 +3.0842e+000 +4.0929e+000 +2.4083e+000
818 +5.791100094e+001 +5.791100094e+001 +2.854310009e+002 +2.854310009e+002 +4.2838e+000 +4.1300e+000 +2.5572e+000 +4.5505e+000 +1.1300e+000
1147 +3.869098850e+001 +3.869098850e+001 +2.662109885e+002 +2.662109885e+002 +2.2052e+000 +3.3128e+000 +1.5873e-001 +3.4527e+000 -7.7126e-001
1385 +2.478515531e+001 +2.478515531e+001 +2.523051553e+002 +2.523051553e+002 +6.9271e-001 +2.9828e-001 +1.7238e+000 +2.4320e+000 -7.1518e-001
% function evaluation | noise-free fitness - Fopt (6.370000000000e+000) | best noise-free fitness - Fopt | measured fitness | best measured fitness | x1 | x2...
1 +1.122262766e+006 +1.122262766e+006 +1.122269136e+006 +1.122269136e+006 +6.2704e+000 +1.1260e+001 +1.1401e+001 +9.5597e+000 +8.0939e+000
12 +6.394557608e+005 +6.394557608e+005 +6.394621308e+005 +6.394621308e+005 +5.8393e+000 +1.0148e+001 +8.9681e+000 +8.6474e+000 +7.7594e+000
43 +4.154657061e+005 +4.154657061e+005 +4.154720761e+005 +4.154720761e+005 +5.6173e+000 +8.6527e+000 +7.6040e+000 +9.1780e+000 +6.8764e+000
150 +1.135521718e+005 +1.135521718e+005 +1.135585418e+005 +1.135585418e+005 +5.1126e+000 +5.6406e+000 +5.6301e+000 +8.1282e+000 +5.8364e+000
492 +5.464024670e+004 +5.464024670e+004 +5.464661670e+004 +5.464661670e+004 +4.5140e+000 +6.6306e+000 +6.2383e+000 +6.1093e+000 +4.7575e+000
693 +3.153554626e+004 +3.153554626e+004 +3.154191626e+004 +3.154191626e+004 +4.8942e+000 +3.7128e+000 +6.7266e+000 +5.3241e+000 +5.1716e+000
786 +2.450681454e+004 +2.450681454e+004 +2.451318454e+004 +2.451318454e+004 +4.4879e+000 +5.4169e+000 +6.4796e+000 +3.9258e+000 +5.2198e+000
788 +4.982603733e+003 +4.982603733e+003 +4.988973733e+003 +4.988973733e+003 +3.4090e+000 +5.2127e+000 +5.5819e+000 +5.2826e+000 +4.3974e+000
846 +1.632992504e+003 +1.632992504e+003 +1.639362504e+003 +1.639362504e+003 +4.8942e+000 +3.7128e+000 +1.9030e+000 +5.3241e+000 +5.1716e+000
847 +2.085630241e+002 +2.085630241e+002 +2.149330241e+002 +2.149330241e+002 +5.0689e+000 +2.6136e+000 +2.3511e+000 +2.5727e+000 +1.5012e+000
959 +1.464050359e+002 +1.464050359e+002 +1.527750359e+002 +1.527750359e+002 +4.1722e+000 +3.2029e+000 +3.8312e+000 +4.2834e-001 +1.0204e+000
1059 +9.670719310e+001 +9.670719310e+001 +1.030771931e+002 +1.030771931e+002 +3.9383e+000 +1.0563e+000 +1.8434e+000 +1.8628e+000 +6.7488e-001
1426 +3.271452802e+001 +3.271452802e+001 +3.908452802e+001 +3.908452802e+001 +1.9094e+000 +1.4515e+000 +3.6890e-001 -1.7799e+000 -2.4187e+000
% function evaluation | noise-free fitness - Fopt (-1.082600000000e+002) | best noise-free fitness - Fopt | measured fitness | best measured fitness | x1 | x2...
1 +1.738536984e+006 +1.738536984e+006 +1.738428724e+006 +1.738428724e+006 +5.2869e+000 +1.4751e+001 +6.7219e+000 +1.3085e+001 +8.2019e+000
5 +9.750754546e+005 +9.750754546e+005 +9.749671946e+005 +9.749671946e+005 +9.9333e+000 +5.5191e+000 +7.9232e+000 +1.2308e+001 +8.2969e+000
17 +6.246373766e+005 +6.246373766e+005 +6.245291166e+005 +6.245291166e+005 +1.0712e+001 +6.0000e+000 +7.1389e+000 +6.3536e+000 +9.7291e+000
45 +3.441863053e+005 +3.441863053e+005 +3.440780453e+005 +3.440780453e+005 +1.0529e+001 +6.6577e+000 +5.9981e+000 +5.1591e+000 +5.1398e+000
145 +2.068600443e+005 +2.068600443e+005 +2.067517843e+005 +2.067517843e+005 +3.1826e+000 +8.3045e+000 +7.0149e+000 +4.3636e+000 +7.3790e+000
267 +1.563992565e+005 +1.563992565e+005 +1.562909965e+005 +1.562909965e+005 +4.2041e+000 +5.8803e+000 +7.2514e+000 +7.7833e+000 +6.4146e+000
281 +7.504598743e+004 +7.504598743e+004 +7.493772743e+004 +7.493772743e+004 +6.9479e+000 +6.9167e+000 +4.1579e+000 +3.1323e+000 +2.7415e+000
326 +6.289219326e+004 +6.289219326e+004 +6.278393326e+004 +6.278393326e+004 +7.5004e+000 +4.1717e+000 +5.0376e+000 +4.6704e+000 +2.4248e+000
541 +1.999782113e+004 +1.999782113e+004 +1.988956113e+004 +1.988956113e+004 -1.2955e-001 +4.4869e+000 +4.4162e+000 +4.1645e+000 +6.4051e+000
589 +1.640746147e+002 +1.640746147e+002 +5.581461473e+001 +5.581461473e+001 +4.8881e+000 -1.4257e+000 +3.5685e-001 +2.6383e+000 +4.1889e+000
631 +1.434420588e+002 +1.434420588e+002 +3.518205882e+001 +3.518205882e+001 +4.5739e+000 +1.7736e+000 -7.0204e-001 +3.2473e+000 +3.2757e+000
777 +8.752130279e+001 +8.752130279e+001 -2.073869721e+001 -2.073869721e+001 +1.7005e+000 -9.0632e-001 +7.9798e-001 +3.9076e+000 +3.5332e+000
1085 +4.136791465e+001 +4.136791465e+001 -6.689208535e+001 -6.689208535e+001 -1.2119e-001 -2.0343e-001 -2.4888e-001 +1.9549e+000 +3.8329e+000
1291 +3.686127173e+001 +3.686127173e+001 -7.139872827e+001 -7.139872827e+001 -2.1381e-001 -1.9595e+000 -1.3822e+000 +2.4569e+000 +3.0679e+000
% function evaluation | noise-free fitness - Fopt (-1.000000000000e+003) | best noise-free fitness - Fopt | measured fitness | best measured fitness | x1 | x2...
1 +9.105992622e+005 +9.105992622e+005 +9.095992622e+005 +9.095992622e+005 +1.1318e+001 +5.9661e+000 +8.2839e+000 +1.1270e+001 +5.1628e+000
8 +6.012470276e+005 +6.012470276e+005 +6.002470276e+005 +6.002470276e+005 +6.5372e+000 +6.2222e+000 +1.0222e+001 +1.0323e+001 +5.7681e+000
12 +3.478928860e+005 +3.478928860e+005 +3.468928860e+005 +3.468928860e+005 +7.2720e+000 +8.3473e+000 +5.9224e+000 +6.5551e+000 +8.8846e+000
189 +1.215676110e+005 +1.215676110e+005 +1.205676110e+005 +1.205676110e+005 +5.1724e+000 +5.6102e+000 +7.2029e+000 +7.6184e+000 +4.2282e+000
209 +8.501724973e+004 +8.501724973e+004 +8.401724973e+004 +8.401724973e+004 +2.2538e+000 +6.2691e+000 +6.2685e+000 +6.8367e+000 +6.3669e+000
271 +6.272848958e+004 +6.272848958e+004 +6.172848958e+004 +6.172848958e+004 +6.2252e+000 +6.5918e+000 -2.0617e+000 +4.6170e+000 +6.4844e+000
443 +3.628575073e+004 +3.628575073e+004 +3.528575073e+004 +3.528575073e+004 +5.6872e+000 +4.3738e+000 +1.3465e+000 +3.4254e+000 +6.7689e+000
447 +1.515634570e+004 +1.515634570e+004 +1.415634570e+004 +1.415634570e+004 +3.7771e+000 +6.1647e+000 +3.6457e+000 +4.1663e+000 +5.3592e+000
470 +1.470161358e+003 +1.470161358e+003 +4.701613580e+002 +4.701613580e+002 +4.8238e+000 +4.8887e+000 +1.0524e+000 +5.3462e+000 +4.4343e+000
614 +2.359285128e+002 +2.359285128e+002 -7.640714872e+002 -7.640714872e+002 +4.2014e+000 +1.7472e+000 +2.4856e+000 +2.9634e+000 +5.0570e+000
944 +1.549686448e+002 +1.549686448e+002 -8.450313552e+002 -8.450313552e+002 +3.2863e+000 +4.1169e+000 +6.6646e-001 +3.4496e+000 +3.2855e+000
1194 +9.016201412e+001 +9.016201412e+001 -9.098379859e+002 -9.098379859e+002 +7.3081e-001 +2.9276e+000 -2.9168e+000 +1.4893e+000 +1.9572e+000
1345 +5.792309686e+001 +5.792309686e+001 -9.420769031e+002 -9.420769031e+002 +2.1101e-001 +1.8220e+000 -3.5634e+000 +1.2866e+000 +1.2749e+000
1443 +2.974277566e+001 +2.974277566e+001 -9.702572243e+002 -9.702572243e+002 +3.7429e-001 +3.4686e-001 -2.1369e+000 +3.1702e+000 +2.1830e+000
% function evaluation | noise-free fitness - Fopt (-8.434000000000e+001) | best noise-free fitness - Fopt | measured fitness | best measured fitness | x1 | x2...
1 +1.416196449e+006 +1.416196449e+006 +1.416112109e+006 +1.416112109e+006 +1.0306e+001 +1.3424e+001 +9.3664e+000 +8.5533e+000 +8.2752e+000
6 +2.711681094e+005 +2.711681094e+005 +2.710837694e+005 +2.710837694e+005 +5.6235e+000 +5.8352e+000 +6.6518e+000 +7.4983e+000 +9.1259e+000
32 +2.337271166e+005 +2.337271166e+005 +2.336427766e+005 +2.336427766e+005 +8.2386e+000 +6.0083e+000 +6.6764e+000 +7.9961e+000 +5.1962e+000
172 +4.720459618e+004 +4.720459618e+004 +4.712025618e+004 +4.712025618e+004 +4.2715e+000 +6.0083e+000 +6.6764e+000 +5.9114e+000 +5.1962e+000
315 +3.603899408e+004 +3.603899408e+004 +3.595465408e+004 +3.595465408e+004 +4.2715e+000 +6.0083e+000 +6.3011e+000 +5.9114e+000 +5.1962e+000
496 +1.687500082e+004 +1.687500082e+004 +1.679066082e+004 +1.679066082e+004 +3.5719e+000 -3.5530e+000 +4.9129e+000 +6.2908e+000 +4.8318e+000
539 +8.927490611e+003 +8.927490611e+003 +8.843150611e+003 +8.843150611e+003 +4.2715e+000 +3.9390e-002 +5.2061e+000 +5.9114e+000 +4.9152e+000
609 +1.408884549e+002 +1.408884549e+002 +5.654845489e+001 +5.654845489e+001 +4.5987e+000 +4.7573e+000 +3.3264e+000 +3.6979e+000 +2.9743e+000
752 +7.666504453e+001 +7.666504453e+001 -7.674955473e+000 -7.674955473e+000 +1.8813e+000 +1.9812e+000 +3.5713e+000 +1.4699e+000 +3.9697e+000
1058 +5.281065557e+001 +5.281065557e+001 -3.152934443e+001 -3.152934443e+001 +1.1504e+000 +1.6214e+000 +4.0940e+000 +3.4966e-001 +1.4015e+000
1172 +3.261410938e+001 +3.261410938e+001 -5.172589062e+001 -5.172589062e+001 +8.2784e-001 +2.7382e+000 +2.4567e+000 +9.0580e-001 +1.8330e+000
% function evaluation | noise-free fitness - Fopt (7.213000000000e+001) | best noise-free fitness - Fopt | measured fitness | best measured fitness | x1 | x2...
1 +1.393558732e+006 +1.393558732e+006 +1.393630862e+006 +1.393630862e+006 +6.7354e+000 +8.7025e+000 +9.1747e+000 +1.0523e+001 +1.3637e+001
13 +9.900015643e+005 +9.900015643e+005 +9.900736943e+005 +9.900736943e+005 +1.0444e+001 +8.5224e+000 +7.6414e+000 +1.1887e+001 +6.5657e+000
22 +4.661129145e+005 +4.661129145e+005 +4.661850445e+005 +4.661850445e+005 +1.0559e+001 +5.8549e+000 +7.2031e+000 +7.7910e+000 +6.5052e+000
110 +3.966241702e+005 +3.966241702e+005 +3.966963002e+005 +3.966963002e+005 +7.0222e+000 +2.1196e+000 +8.9858e+000 +4.4446e+000 +9.4305e+000
213 +1.594680605e+005 +1.594680605e+005 +1.595401905e+005 +1.595401905e+005 +7.1650e+000 +2.0929e+000 +6.4230e+000 +4.4529e+000 +8.0314e+000
263 +5.128663617e+004 +5.128663617e+004 +5.135876617e+004 +5.135876617e+004 +5.2012e+000 +6.4541e+000 +5.2549e+000 +4.2578e+000 +6.6946e+000
560 +4.242817969e+003 +4.242817969e+003 +4.314947969e+003 +4.314947969e+003 +4.5353e+000 +4.1155e+000 +1.2495e+000 +5.6314e+000 +2.8155e+000
739 +5.262721394e+002 +5.262721394e+002 +5.984021394e+002 +5.984021394e+002 +4.5136e+000 +4.1685e+000 +4.3106e+000 +4.6989e+000 +5.1572e+000
800 +2.602865297e+002 +2.602865297e+002 +3.324165297e+002 +3.324165297e+002 +3.1498e+000 +3.1746e+000 +2.1686e+000 +4.3811e+000 +4.9403e+000
857 +2.361702105e+002 +2.361702105e+002 +3.083002105e+002 +3.083002105e+002 +3.7226e+000 +4.1155e+000 +1.2495e+000 +4.5186e+000 +2.8155e+000
1041 +1.513988268e+002 +1.513988268e+002 +2.235288268e+002 +2.235288268e+002 +4.4844e+000 +8.8204e-001 +3.4832e-001 +3.4601e+000 +3.6701e+000
1081 +9.895884815e+001 +9.895884815e+001 +1.710888482e+002 +1.710888482e+002 +8.0139e-001 +1.5670e+000 -1.4235e-001 +3.4321e+000 +2.8766e+000
1163 +6.207589708e+001 +6.207589708e+001 +1.342058971e+002 +1.342058971e+002 +2.1616e+000 -4.0889e-001 -1.3296e+000 +1.5959e+000 +3.5644e+000
1449 +3.730367294e+001 +3.730367294e+001 +1.094336729e+002 +1.094336729e+002 +1.2160e+000 -6.4573e-001 -9.7673e-001 +1.3675e+000 +2.6506e+000
1466 +2.160309549e+001 +2.160309549e+001 +9.373309549e+001 +9.373309549e+001 +1.3033e+000 -5.9955e-002 -8.6424e-001 +1.4665e+000 +2.2406e+000
1803 +1.456796492e+001 +1.456796492e+001 +8.669796492e+001 +8.669796492e+001 +1.4855e+000 -5.7030e-001 -1.1226e+000 +1.3221e+000 +1.7137e+000
% function evaluation | noise-free fitness - Fopt (-1.338000000000e+002) | best noise-free fitness - Fopt | measured fitness | best measured fitness | x1 | x2...
1 +6.872998393e+005 +6.872998393e+005 +6.871660393e+005 +6.871660393e+005 +8.3394e+000 +7.5094e+000 +1.0640e+001 +9.2679e+000 +6.0875e+000
44 +5.650871223e+005 +5.650871223e+005 +5.649533223e+005 +5.649533223e+005 +7.5043e+000 +9.8189e+000 +8.7935e+000 +7.8315e+000 +7.1300e+000
79 +3.296410178e+005 +3.296410178e+005 +3.295072178e+005 +3.295072178e+005 +6.1747e+000 +7.9348e+000 +5.6116e+000 +7.8530e+000 +8.7944e+000
108 +1.349114149e+005 +1.349114149e+005 +1.347776149e+005 +1.347776149e+005 +4.4850e+000 +7.0502e+000 +6.2929e+000 +7.7516e+000 +5.0173e+000
214 +1.352769122e+004 +1.352769122e+004 +1.339389122e+004 +1.339389122e+004 +4.4108e+000 +4.1481e+000 +5.5414e+000 +5.9781e+000 +5.2603e+000
386 +6.315539366e+002 +6.315539366e+002 +4.977539366e+002 +4.977539366e+002 +4.8225e+000 +9.7893e-001 +5.2030e+000 +2.2604e+000 +4.1449e+000
412 +2.627835778e+002 +2.627835778e+002 +1.289835778e+002 +1.289835778e+002 +4.6624e+000 -3.3473e-001 +4.4209e+000 +4.4438e+000 +4.3152e+000
486 +2.358968635e+002 +2.358968635e+002 +1.020968635e+002 +1.020968635e+002 +3.2818e+000 -2.9987e+000 +4.6448e+000 +3.3249e+000 +4.1128e+000
692 +1.455208718e+002 +1.455208718e+002 +1.172087182e+001 +1.172087182e+001 +3.6935e+000 +8.9865e-001 +2.4575e-001 +1.8989e+000 +4.5642e+000
862 +9.826203680e+001 +9.826203680e+001 -3.553796320e+001 -3.553796320e+001 +1.0181e+000 +6.5517e-001 +4.2794e+000 +5.1787e-002 +1.4579e+000
925 +4.747261612e+001 +4.747261612e+001 -8.632738388e+001 -8.632738388e+001 +1.4024e+000 -5.6753e-002 +4.6617e-001 +4.6228e-001 +1.2847e+000
1244 +3.214682640e+001 +3.214682640e+001 -1.016531736e+002 -1.016531736e+002 +1.0895e+000 -5.5561e-001 +7.1327e-001 +7.0099e-001 +7.1089e-001
1736 +2.358312730e+001 +2.358312730e+001 -1.102168727e+002 -1.102168727e+002 +1.0039e+000 -9.1799e-001 +1.9393e-001 +7.3860e-001 +9.6850e-001
1864 +1.454672944e+001 +1.454672944e+001 -1.192532706e+002 -1.192532706e+002 +1.4985e+000 -2.1574e+000 -1.3517e+000 +6.0078e-001 +8.1508e-001
