% function evaluation | noise-free fitness - Fopt (1.026100000000e+002) | best noise-free fitness - Fopt | measured fitness | best measured fitness | x1 | x2...
1 +7.005162411e+002 +7.005162411e+002 +8.031262411e+002 +8.031262411e+002 -1.0619e+000 -4.6961e+000 -3.5928e+000 +3.1602e+000 +2.0015e+000 -1.8357e+000 +8.3162e-001 +2.2891e+000 -2.1444e+000 +2.4451e+000 -2.6049e+000 +2.8810e+000 +2.8254e+000 +2.3882e+000 -9.9496e-001 -9.4510e-001 -3.2280e-001 -1.4788e+000 +3.7933e+000 -4.6570e+000
43 +4.785441676e+002 +4.785441676e+002 +5.811541676e+002 +5.811541676e+002 +4.1443e+000 -9.4995e-001 -3.6658e+000 +1.7590e+000 -3.1020e-001 -2.6851e+000 -1.2246e+000 -3.2464e+000 -1.5157e+000 +1.3378e+000 +3.7079e+000 -3.9333e+000 +7.8953e-001 +1.7286e-001 -4.2261e+000 -2.8838e+000 +7.3712e-001 -5.3475e-001 +2.8384e+000 -3.5169e+000
148 +3.468292234e+002 +3.468292234e+002 +4.494392234e+002 +4.494392234e+002 +3.7124e+000 -2.4822e-001 -2.5470e+000 +2.0331e+000 -1.7094e+000 -4.8325e-001 +6.4081e-001 -2.4143e+000 -1.9732e+000 +7.5441e-001 +1.0250e+000 -2.9090e+000 -9.3403e-001 +2.0676e-001 -3.7247e+000 -1.7691e+000 -1.3136e+000 -1.1048e+000 +4.2966e+000 -7.4463e-001
1327 +2.449839131e+002 +2.449839131e+002 +3.475939131e+002 +3.475939131e+002 +2.4141e+000 +1.2183e+000 +7.8744e-001 +6.6393e-001 +1.6057e-001 -5.4215e-001 +7.5100e-001 -1.0026e+000 -1.8051e+000 +2.0585e+000 -1.4774e+000 -2.6556e+000 -2.0433e+000 +1.1289e+000 -3.4234e+000 -1.8744e+000 -2.1106e+000 -1.2751e+000 +2.6886e+000 +1.1485e+000
6544 +1.289926236e+002 +1.289926236e+002 +2.316026236e+002 +2.316026236e+002 +1.6257e+000 +9.1936e-001 -6.4586e-001 +8.9080e-002 -1.2416e-001 -1.6014e+000 -1.8566e-001 -8.4259e-001 -1.5329e+000 +1.1045e+000 -1.5473e+000 -1.9897e+000 -1.3691e+000 +1.1798e+000 -2.0033e+000 -8.2946e-001 -2.0668e+000 -6.8957e-001 +6.0943e-001 +1.2808e+000
8923 +9.948873827e+001 +9.948873827e+001 +2.020987383e+002 +2.020987383e+002 +1.6471e+000 +9.3286e-001 -6.4937e-001 +1.1656e-001 -1.4531e-001 -1.6022e+000 -1.9259e-001 -8.5348e-001 -1.5283e+000 +1.1153e+000 -1.5537e+000 -1.9828e+000 -1.3564e+000 +1.1714e+000 -2.0193e+000 -8.2821e-001 -2.0556e+000 -6.8703e-001 +6.2816e-001 +1.2780e+000
15367 +6.299505481e+001 +6.299505481e+001 +1.656050548e+002 +1.656050548e+002 +1.6277e+000 +9.2159e-001 -6.4559e-001 +1.2102e-001 -1.7335e-001 -1.6488e+000 -1.9021e-001 -8.5123e-001 -1.5253e+000 +1.0769e+000 -1.5481e+000 -1.9898e+000 -1.3572e+000 +1.1898e+000 -2.0046e+000 -8.3944e-001 -2.0565e+000 -6.8601e-001 +6.4221e-001 +1.3040e+000
% function evaluation | noise-free fitness - Fopt (9.330000000000e+001) | best noise-free fitness - Fopt | measured fitness | best measured fitness | x1 | x2...
1 +9.580542909e+002 +9.580542909e+002 +1.051354291e+003 +1.051354291e+003 -4.5835e+000 +1.6953e+000 -4.1445e+000 +4.3564e+000 -3.0645e+000 +3.3490e+000 -4.0373e-001 +3.3019e+000 +4.1114e+000 -7.4482e-001 +3.4955e+000 +3.3425e+000 -5.4246e-001 -1.2810e+000 -1.8472e+000 +4.0419e+000 +2.8001e+000 -4.6042e+000 -3.0638e+000 -4.8119e+000
8 +6.306432613e+002 +6.306432613e+002 +7.239432613e+002 +7.239432613e+002 -2.1033e+000 -2.4968e+000 -1.7194e+000 +8.9857e-001 -4.9088e+000 +3.1521e+000 -4.7918e+000 +2.6534e+000 -2.9652e+000 +1.7795e+000 -4.6344e+000 -7.5430e-001 -2.1054e+000 +2.3405e+000 +9.6765e-001 -1.7890e+000 -6.7577e-001 +2.9816e+000 +1.9503e+000 -1.1142e+000
378 +3.847207732e+002 +3.847207732e+002 +4.780207732e+002 +4.780207732e+002 +1.6661e+000 +2.8317e-001 -1.9620e+000 -3.6476e+000 -6.5431e-001 -8.0482e-001 -4.3954e+000 -8.8753e-001 +1.7818e+000 -2.7744e+000 -1.0216e+000 +2.3877e+000 +2.1627e+000 -1.5418e+000 -1.2331e+000 -1.0996e+000 -2.4118e+000 +1.8876e+000 -5.3324e-001 -3.8499e+000
1390 +2.257864296e+002 +2.257864296e+002 +3.190864296e+002 +3.190864296e+002 +1.3798e+000 -3.0933e+000 -2.0168e+000 -3.8710e+000 -2.8427e+000 +8.4530e-001 -3.6616e+000 +7.0960e-001 -1.3915e+000 -1.9517e+000 +1.8359e+000 +8.8553e-001 +4.3647e-001 +1.7532e+000 -4.7716e-001 -1.8532e+000 -3.4560e+000 +1.2521e-002 -1.2682e+000 -1.5275e+000
6130 +1.577108817e+002 +1.577108817e+002 +2.510108817e+002 +2.510108817e+002 +2.6425e+000 -1.9411e+000 -1.6091e+000 -2.4971e+000 -3.2447e+000 -3.1960e-001 -2.0112e+000 -3.2610e-001 -2.0341e+000 -1.4996e+000 +1.0814e+000 +7.2926e-001 +9.7813e-001 +1.3320e+000 -1.2404e+000 -1.3056e+000 -2.4228e+000 +3.5336e-001 -2.2178e+000 -5.5807e-001
17554 +9.993717109e+001 +9.993717109e+001 +1.932371711e+002 +1.932371711e+002 +2.6206e+000 -1.9338e+000 -1.5780e+000 -2.5376e+000 -3.2268e+000 -3.0840e-001 -2.0197e+000 -2.7671e-001 -2.0921e+000 -1.4923e+000 +1.0779e+000 +7.2012e-001 +9.3862e-001 +1.3310e+000 -1.2332e+000 -1.3016e+000 -2.4400e+000 +3.3216e-001 -2.2437e+000 -5.6004e-001
% function evaluation | noise-free fitness - Fopt (1.364000000000e+001) | best noise-free fitness - Fopt | measured fitness | best measured fitness | x1 | x2...
1 +1.024384044e+003 +1.024384044e+003 +1.038024044e+003 +1.038024044e+003 +3.5585e+000 +1.6101e+000 -2.4557e+000 +3.3192e+000 -4.4504e+000 +3.5576e+000 -1.1761e+000 -3.3826e+000 +3.9762e+000 +4.0126e+000 -7.6579e-001 -4.8178e+000 +3.7187e+000 -4.5734e+000 +1.5268e+000 +2.3783e+000 +2.5723e+000 +8.4977e-001 +4.2854e+000 +1.7533e+000
3 +7.463345305e+002 +7.463345305e+002 +7.599745305e+002 +7.599745305e+002 +4.4620e+000 -3.9770e+000 -3.3357e-001 +1.2804e+000 +3.9719e+000 -1.8670e+000 +3.6796e+000 +2.7495e+000 +7.3600e-001 -1.2921e+000 +1.5891e+000 +3.1368e+000 +2.6081e+000 -4.1287e+000 -1.2075e+000 -3.8452e+000 +2.7684e+000 -1.2324e+000 +4.6368e+000 +1.4810e+000
13 +6.294467021e+002 +6.294467021e+002 +6.430867021e+002 +6.430867021e+002 +1.3370e+000 +3.6734e+000 -9.0307e-001 +1.4085e+000 -2.2733e+000 -3.8853e+000 -3.0938e+000 -1.9364e+000 -2.2144e+000 +2.2778e+000 -4.9204e-001 -4.4243e+000 +1.3497e+000 +1.6096e+000 +4.4391e+000 -2.6914e+000 -2.2931e+000 -2.4334e+000 -2.9107e+000 +2.1305e+000
415 +2.970728993e+002 +2.970728993e+002 +3.107128993e+002 +3.107128993e+002 -1.2792e+000 -1.3292e+000 -5.8156e-001 -1.0218e+000 +3.3159e-001 +2.5171e+000 +3.4204e-001 -1.9239e-001 +1.8811e+000 +2.4269e+000 +1.6439e+000 -4.5298e-001 -1.4753e+000 -5.6714e-001 +6.8872e-001 +1.9039e+000 +1.5143e+000 +1.0418e+000 +1.4638e+000 -1.6817e+000
688 +2.453473787e+002 +2.453473787e+002 +2.589873787e+002 +2.589873787e+002 -4.1096e-001 -1.5822e+000 -7.2146e-001 -4.9295e-002 -6.1821e-001 +3.5588e+000 +9.3081e-002 +5.2859e-001 +2.1416e+000 +2.7061e+000 +1.3520e+000 -9.8102e-001 -1.9171e+000 +3.5318e-002 +6.3710e-001 +2.0709e+000 +1.1964e+000 +1.3660e+000 +1.0925e+000 -1.6294e+000
2318 +1.578865116e+002 +1.578865116e+002 +1.715265116e+002 +1.715265116e+002 +2.7493e-002 -1.9409e+000 -9.0190e-001 -1.3658e+000 -4.8683e-001 +1.2253e+000 +1.3584e+000 +1.3708e+000 +8.6100e-001 +7.9149e-001 +1.5229e+000 -1.3102e+000 -2.8995e+000 +1.8423e+000 -6.6648e-001 +1.9707e+000 +3.7353e-001 +5.5887e-001 -7.1853e-001 -6.8089e-001
8366 +9.936936061e+001 +9.936936061e+001 +1.130093606e+002 +1.130093606e+002 +2.9546e-001 -1.3440e+000 -7.7468e-001 -5.2711e-001 -4.4496e-001 +3.0581e+000 +2.6453e-001 +1.3343e+000 +1.6008e+000 +1.2190e+000 +1.9671e+000 -8.0829e-001 -2.0271e+000 +1.5186e+000 -4.6618e-001 +1.6873e+000 +1.5169e+000 +8.2944e-001 -4.2116e-001 -1.3532e+000
13052 +6.296701324e+001 +6.296701324e+001 +7.660701324e+001 +7.660701324e+001 +2.9203e-001 -1.3348e+000 -7.4476e-001 -4.6391e-001 -4.2821e-001 +3.1209e+000 +3.2641e-001 +1.3465e+000 +1.5779e+000 +1.2735e+000 +2.0171e+000 -8.0659e-001 -2.0706e+000 +1.4799e+000 -4.4074e-001 +1.6624e+000 +1.4893e+000 +8.0822e-001 -4.1051e-001 -1.3525e+000
% function evaluation | noise-free fitness - Fopt (1.948000000000e+002) | best noise-free fitness - Fopt | measured fitness | best measured fitness | x1 | x2...
1 +8.054398970e+002 +8.054398970e+002 +1.000239897e+003 +1.000239897e+003 -4.4785e+000 -2.4865e-002 -1.7262e+000 +2.9033e+000 +1.5520e+000 -6.7957e-001 -6.8753e-001 +2.4962e+000 -1.2467e+000 -8.9800e-001 +1.5053e+000 -2.3165e+000 -3.2628e+000 +5.4685e-001 +9.2700e-001 -3.4635e+000 -4.0389e+000 -1.5003e+000 -3.4343e+000 -2.4986e+000
22 +5.613934644e+002 +5.613934644e+002 +7.561934644e+002 +7.561934644e+002 -2.6341e-001 +4.5584e+000 +4.1227e-001 +1.0211e+000 -1.2324e+000 -4.8709e-001 -1.9497e-001 -2.0747e+000 -2.7830e+000 -3.1933e+000 +3.2861e+000 +4.3388e+000 -1.7708e+000 +4.0339e-001 -2.3652e+000 +2.9768e+000 +3.2483e+000 -3.8367e-001 +4.0582e+000 -2.8075e+000
426 +3.902653345e+002 +3.902653345e+002 +5.850653345e+002 +5.850653345e+002 +2.8721e-001 -1.8348e+000 +9.9760e-001 -3.1341e+000 +4.2808e-002 +4.5895e-001 +2.7188e+000 -5.9732e-001 -6.9066e-001 -2.1683e+000 -1.4035e+000 +3.0031e+000 -2.0459e+000 -1.0889e+000 -1.6291e+000 +2.4661e+000 -3.6397e+000 +4.7402e-001 -8.7187e-001 +4.1271e+000
1040 +2.371911152e+002 +2.371911152e+002 +4.319911152e+002 +4.319911152e+002 +2.4862e+000 +3.2211e+000 +2.5205e+000 -1.8819e+000 +1.3225e+000 -1.1638e+000 +3.1169e+000 -9.1977e-001 +5.3006e-002 -7.7732e-001 -7.4192e-001 +8.2973e-001 +8.1385e-001 -1.1780e+000 -1.7285e+000 +1.3073e+000 -2.7115e+000 -1.7098e+000 +4.9302e-001 +1.9462e+000
4523 +1.544821827e+002 +1.544821827e+002 +3.492821827e+002 +3.492821827e+002 -2.9801e-002 +2.0153e+000 +1.5477e+000 -1.9444e+000 +1.1493e+000 -1.2002e+000 +2.4131e+000 +7.1330e-001 -5.8448e-001 -3.1050e+000 -1.1898e+000 +1.2998e+000 +1.6365e+000 -1.7266e+000 -2.3373e+000 +8.8530e-001 -1.1639e+000 -2.2029e+000 +1.5205e+000 +7.8303e-001
13143 +9.993605039e+001 +9.993605039e+001 +2.947360504e+002 +2.947360504e+002 -4.8606e-001 +2.6129e+000 +1.4759e+000 -1.4105e+000 +8.3309e-001 -1.9533e+000 +2.2907e+000 +1.3082e+000 -8.6887e-001 -3.8885e+000 -1.4411e+000 +1.2508e+000 +1.7976e+000 -1.7826e+000 -1.7550e+000 +9.7660e-001 -7.5140e-001 -6.9850e-001 +1.0078e+000 +6.4599e-001
25265 +6.307326330e+001 +6.307326330e+001 +2.578732633e+002 +2.578732633e+002 -4.4181e-001 +2.6266e+000 +1.4518e+000 -1.4045e+000 +8.6122e-001 -1.9495e+000 +2.2608e+000 +1.2920e+000 -8.4738e-001 -3.8781e+000 -1.4425e+000 +1.2591e+000 +1.8276e+000 -1.7720e+000 -1.7301e+000 +9.7619e-001 -7.9133e-001 -6.7421e-001 +1.0195e+000 +6.3983e-001
% function evaluation | noise-free fitness - Fopt (-1.335900000000e+002) | best noise-free fitness - Fopt | measured fitness | best measured fitness | x1 | x2...
1 +1.052959161e+003 +1.052959161e+003 +9.193691609e+002 +9.193691609e+002 -3.4106e+000 -3.7380e+000 -3.7717e+000 +3.6798e+000 -1.7923e+000 +3.8368e+000 +1.7811e+000 -2.4559e+000 -1.2244e+000 -4.8015e+000 +4.9630e+000 -3.5787e+000 -4.0293e+000 -1.6881e+000 -6.4214e-001 -5.6870e-001 +9.6864e-001 +4.0986e+000 +4.2546e+000 -4.6833e+000
3 +7.998929860e+002 +7.998929860e+002 +6.663029860e+002 +6.663029860e+002 -3.9672e+000 -3.4421e+000 +2.8531e+000 +3.3368e+000 +4.2935e+000 +3.0751e+000 -3.7841e+000 +4.7524e+000 -3.8722e+000 -1.5374e+000 -4.1657e-001 -3.7863e+000 -2.1419e+000 -5.6791e-001 +2.7310e+000 -3.9891e+000 -5.9822e-001 +2.3383e+000 -1.0215e+000 +3.5484e+000
7 +5.962698908e+002 +5.962698908e+002 +4.626798908e+002 +4.626798908e+002 +1.3391e+000 +4.4127e-001 +4.0119e+000 -4.1062e+000 +3.1830e+000 -2.3472e+000 -1.9501e+000 -9.2243e-001 +4.7103e+000 -2.0919e-001 -9.0517e-001 -8.0765e-001 +2.6986e+000 +1.2133e+000 +3.0973e+000 +4.2664e+000 -4.7014e+000 +2.4288e-002 -1.1936e+000 +3.2736e-001
249 +3.696904298e+002 +3.696904298e+002 +2.361004298e+002 +2.361004298e+002 +3.4781e+000 +3.5915e+000 -1.5110e+000 -7.5429e-001 -1.5442e+000 +1.4654e+000 +4.4356e-001 -2.3479e+000 +5.4622e-002 +2.3229e+000 +2.0067e+000 +5.7228e-001 +1.4671e+000 +4.5566e-001 -9.2730e-002 -1.2952e+000 +1.7237e+000 +2.8866e-001 +1.2278e+000 +8.4544e-001
944 +1.976167861e+002 +1.976167861e+002 +6.402678607e+001 +6.402678607e+001 +2.3117e+000 +9.3077e-001 -8.7180e-001 -2.3937e+000 -2.9849e-001 +1.2648e+000 +1.5912e+000 +3.6675e-001 +2.1681e+000 +1.0079e+000 -5.6030e-001 +1.5826e+000 +2.0450e-001 -8.3778e-001 +8.8734e-001 +1.8082e-001 -1.4771e-001 +1.9103e+000 +5.6233e-001 +2.6226e+000
2669 +1.575535769e+002 +1.575535769e+002 +2.396357694e+001 +2.396357694e+001 +1.4360e+000 +1.5052e+000 -1.3737e+000 +3.7027e-001 -2.7963e+000 +1.4253e+000 +1.8768e+000 -6.3331e-002 +1.1675e+000 +2.1426e+000 -4.0309e-001 +1.8385e+000 +1.0206e-001 -1.1718e+000 -2.4927e-001 -7.8674e-001 +8.4455e-001 +9.9171e-001 +1.7615e+000 +2.4772e+000
10453 +9.875743446e+001 +9.875743446e+001 -3.483256554e+001 -3.483256554e+001 +2.9599e+000 +1.8050e+000 -7.2504e-001 -1.0942e+000 -1.5027e+000 +9.8238e-001 +2.7412e+000 -4.2438e-001 +1.0826e+000 +1.3265e+000 -1.1965e+000 +1.9720e+000 -1.1170e-001 -6.2980e-001 +9.3440e-001 -1.1701e+000 +1.1541e+000 +1.1306e+000 +1.2607e+000 +1.5848e+000
16788 +6.307888046e+001 +6.307888046e+001 -7.051111954e+001 -7.051111954e+001 +2.9415e+000 +1.8570e+000 -7.6714e-001 -1.0841e+000 -1.4855e+000 +9.9042e-001 +2.7545e+000 -4.2353e-001 +1.0926e+000 +1.2666e+000 -1.2153e+000 +1.9835e+000 -1.1783e-001 -6.4047e-001 +9.4902e-001 -1.1722e+000 +1.1268e+000 +1.1201e+000 +1.2296e+000 +1.5645e+000
23249 +3.975457460e+001 +3.975457460e+001 -9.383542540e+001 -9.383542540e+001 +2.9179e+000 +1.8314e+000 -8.0658e-001 -1.0711e+000 -1.4745e+000 +9.9376e-001 +2.7417e+000 -4.2999e-001 +1.0716e+000 +1.2451e+000 -1.2296e+000 +1.9794e+000 -1.3118e-001 -6.2454e-001 +9.3818e-001 -1.1494e+000 +1.0976e+000 +1.1106e+000 +1.2291e+000 +1.5342e+000
% function evaluation | noise-free fitness - Fopt (-8.468100000000e+002) | best noise-free fitness - Fopt | measured fitness | best measured fitness | x1 | x2...
1 +7.717946146e+002 +7.717946146e+002 -7.501538541e+001 -7.501538541e+001 -3.8820e+000 -3.8827e+000 -4.9040e+000 -4.7285e+000 +3.7229e-002 +1.0726e+000 +3.5547e-001 +2.3742e+000 +6.2142e-001 -2.4688e-001 +3.4394e-001 -3.9981e+000 +2.5009e+000 -3.2487e+000 -3.4737e+000 +3.5702e+000 -1.0899e-001 +2.8858e+000 -6.1794e-001 -3.6301e+000
9 +5.976644697e+002 +5.976644697e+002 -2.491455303e+002 -2.491455303e+002 -1.7430e+000 +2.8972e+000 +3.7437e-001 -1.8806e+000 +1.1144e+000 -7.1698e-001 +3.7022e+000 +3.6017e+000 +2.6013e+000 +2.5630e+000 -4.2481e+000 -4.8514e+000 -3.1490e+000 -2.1048e+000 +2.5027e-001 -3.9044e+000 -2.4795e+000 -1.5360e-001 -9.2090e-001 -3.5836e-001
148 +3.966020803e+002 +3.966020803e+002 -4.502079197e+002 -4.502079197e+002 +8.4015e-001 -4.5241e-001 -2.6859e+000 -1.8493e+000 +2.3431e+000 +1.2498e+000 +3.2839e-001 +2.0504e+000 -9.8726e-001 -1.2986e+000 -1.0955e+000 -1.5923e+000 -2.0013e+000 +3.9390e-001 -1.8264e+000 +3.1385e+000 -1.8970e+000 +4.6607e+000 -3.1545e+000 +9.0491e-001
216 +2.488758966e+002 +2.488758966e+002 -5.979341034e+002 -5.979341034e+002 +1.3510e+000 -2.7308e+000 -5.0328e-001 -1.4336e+000 +9.7115e-001 +1.3981e+000 +1.4841e+000 -3.2553e-001 +2.1571e+000 +3.5341e-001 -1.1031e+000 +1.4305e-001 -2.8643e+000 +5.1322e-001 -6.9530e-001 -4.7145e-002 -1.4056e+000 +3.8580e+000 -7.4081e-001 +1.4509e+000
7279 +1.420408945e+002 +1.420408945e+002 -7.047691055e+002 -7.047691055e+002 +2.1980e+000 -1.0721e+000 +9.9569e-001 -5.2756e-001 +1.9922e+000 +1.7051e+000 +2.8714e+000 -8.4167e-001 +2.3995e+000 +1.7898e-002 -1.2051e+000 -1.1275e+000 -1.5177e+000 -1.5648e+000 -6.5598e-001 +1.1148e+000 -1.1569e+000 +1.4321e+000 -1.4833e+000 +1.4009e+000
11638 +9.782506181e+001 +9.782506181e+001 -7.489849382e+002 -7.489849382e+002 +2.1683e+000 -1.1033e+000 +9.7169e-001 -5.7008e-001 +1.9252e+000 +1.7677e+000 +2.8331e+000 -8.3483e-001 +2.3888e+000 +2.8399e-002 -1.2031e+000 -1.0771e+000 -1.4918e+000 -1.4919e+000 -6.8101e-001 +1.1019e+000 -1.1400e+000 +1.3887e+000 -1.4649e+000 +1.3906e+000
19713 +6.304372148e+001 +6.304372148e+001 -7.837662785e+002 -7.837662785e+002 +2.1821e+000 -1.0957e+000 +1.0072e+000 -5.4963e-001 +1.9203e+000 +1.8295e+000 +2.8748e+000 -8.3285e-001 +2.3884e+000 +6.6170e-003 -1.1917e+000 -1.1050e+000 -1.4874e+000 -1.4972e+000 -6.8626e-001 +1.1006e+000 -1.0942e+000 +1.3798e+000 -1.4374e+000 +1.3761e+000
% function evaluation | noise-free fitness - Fopt (1.363000000000e+001) | best noise-free fitness - Fopt | measured fitness | best measured fitness | x1 | x2...
1 +6.441055055e+002 +6.441055055e+002 +6.577355055e+002 +6.577355055e+002 +1.1252e+000 +2.1286e+000 -1.5082e+000 +4.1685e+000 +2.4623e+000 +2.4481e+000 -2.9003e+000 -2.0613e+000 +1.4753e+000 +1.8113e+000 -1.9417e-001 -3.4388e+000 -4.4002e+000 -2.0657e+000 +1.8931e+000 -6.0527e-001 +2.7473e-001 -3.3164e+000 +9.8998e-001 -1.7352e+000
7 +5.888246282e+002 +5.888246282e+002 +6.024546282e+002 +6.024546282e+002 +3.5178e+000 +1.1633e+000 +3.0018e+000 -1.6257e+000 +2.1833e+000 -1.3922e-001 +2.0391e+000 +4.9841e+000 +1.2107e+000 -3.3680e+000 +3.8551e-001 +1.1796e+000 +3.4264e+000 +9.2351e-001 +1.5669e+000 -1.9753e+000 -1.3577e-001 +3.1709e+000 +4.9597e+000 -3.8523e-001
321 +3.920278775e+002 +3.920278775e+002 +4.056578775e+002 +4.056578775e+002 +1.8435e+000 +1.8770e+000 +1.9541e+000 -4.1778e+000 +7.6590e-001 +1.8292e+000 +5.4869e-001 +4.9088e+000 +8.8771e-001 -6.4576e-001 +2.3658e-001 -1.1211e+000 +1.5555e+000 -1.9401e+000 +2.7604e+000 +1.7015e+000 -2.4487e+000 +6.6329e-001 +2.8212e+000 -4.2707e-001
1711 +2.409991976e+002 +2.409991976e+002 +2.546291976e+002 +2.546291976e+002 +1.3959e+000 +7.9115e-001 +2.6731e+000 -9.2192e-001 -2.5988e-001 -1.5729e+000 +1.9734e+000 +3.7410e+000 -4.1942e-001 +3.3109e-001 -2.7208e-002 -1.2706e+000 +2.6628e+000 -1.7517e+000 -3.7732e-001 +1.1272e+000 -8.6607e-002 +1.6161e+000 +1.6843e+000 +8.5084e-001
5384 +1.503762739e+002 +1.503762739e+002 +1.640062739e+002 +1.640062739e+002 +1.1750e+000 +9.6712e-001 +1.7309e+000 -1.0956e+000 -1.8969e+000 -1.7850e+000 +2.3750e+000 +1.6217e+000 -2.2360e+000 +1.2860e-001 +1.5846e+000 +4.3262e-002 +4.1470e-001 -2.2536e+000 +1.5642e-001 +1.4926e-001 -1.1476e+000 +1.2022e+000 +2.3873e+000 -3.3062e-001
14628 +9.997109542e+001 +9.997109542e+001 +1.136010954e+002 +1.136010954e+002 +1.8233e+000 +1.7524e+000 +2.3621e+000 -9.7095e-001 -2.1401e+000 -9.4886e-001 +2.5061e+000 +2.0286e+000 -1.5150e+000 +9.9919e-001 +4.6072e-001 +3.4623e-001 +2.7130e+000 -2.1679e+000 -1.1652e-001 +6.5800e-001 -1.1025e+000 +5.2425e-001 +2.5184e+000 +7.1123e-001
% function evaluation | noise-free fitness - Fopt (-3.718000000000e+001) | best noise-free fitness - Fopt | measured fitness | best measured fitness | x1 | x2...
1 +8.846490072e+002 +8.846490072e+002 +8.474690072e+002 +8.474690072e+002 -1.0709e+000 +4.7493e+000 -3.9846e+000 +4.2222e-002 +4.8246e+000 -3.8249e+000 -1.8965e+000 -2.5165e+000 -3.1167e+000 -4.8981e-001 +1.1734e+000 -2.5893e+000 +8.8957e-001 -2.9852e+000 +2.3191e+000 +4.6770e+000 -1.3328e+000 +3.3943e+000 -3.2967e+000 -2.7652e+000
9 +6.190074404e+002 +6.190074404e+002 +5.818274404e+002 +5.818274404e+002 -3.4857e+000 -4.0940e+000 +4.0473e+000 +4.4805e+000 -1.6473e+000 -2.0092e+000 +3.8907e+000 -1.0668e+000 -4.7863e+000 -2.9032e-001 +1.6817e+000 +2.0547e+000 +2.3874e+000 -1.1551e+000 -2.6280e+000 -2.3247e+000 -1.8992e+000 -2.1046e+000 +3.6437e+000 -3.1155e+000
372 +2.853458160e+002 +2.853458160e+002 +2.481658160e+002 +2.481658160e+002 -4.0589e+000 +9.7788e-001 -1.5127e+000 +7.3299e-001 +1.6021e+000 +6.4692e-001 +8.8328e-001 +8.2391e-001 +2.0332e+000 -1.7018e+000 +2.5958e+000 +1.4451e+000 +1.2649e+000 -2.6467e-001 +2.1987e+000 +2.4421e+000 +2.7317e+000 +1.3704e+000 -3.8794e-001 +2.4486e+000
1258 +2.413263215e+002 +2.413263215e+002 +2.041463215e+002 +2.041463215e+002 -3.3904e+000 +9.7788e-001 -1.5127e+000 +7.3299e-001 +6.4535e-001 +6.4692e-001 +8.8328e-001 +8.2391e-001 +1.7316e+000 -1.7018e+000 +1.9360e+000 +1.4451e+000 +1.2649e+000 -3.5404e-001 +1.4209e+000 +2.4421e+000 +2.7317e+000 +1.7957e+000 -1.3549e+000 +1.3848e+000
2865 +1.549154423e+002 +1.549154423e+002 +1.177354423e+002 +1.177354423e+002 -1.0688e+000 +1.5709e+000 -1.4600e+000 -2.2179e-001 +3.2178e-001 +1.4458e+000 +1.0781e+000 +1.3904e-001 +1.4366e+000 -1.2687e+000 +1.5220e+000 +1.0702e+000 +7.2220e-001 +2.0639e-001 +4.2015e-001 +2.2004e+000 +1.5859e+000 +7.6422e-001 -1.0257e+000 +1.2992e+000
10124 +9.877843123e+001 +9.877843123e+001 +6.159843123e+001 +6.159843123e+001 -1.9459e+000 +1.6551e+000 -1.1712e+000 -5.4490e-001 -1.6139e-001 +3.7324e-001 +1.5253e+000 -1.1004e-001 +1.0584e+000 -1.1841e+000 +1.1603e+000 +1.0957e+000 -5.5404e-001 +2.8309e-001 -2.4004e-001 +2.6486e+000 +1.4355e+000 +6.1266e-001 -1.0863e+000 +1.3184e+000
17166 +6.298737398e+001 +6.298737398e+001 +2.580737398e+001 +2.580737398e+001 -1.9496e+000 +1.6494e+000 -1.1942e+000 -5.7351e-001 -1.7495e-001 +3.8461e-001 +1.5131e+000 -9.2044e-002 +1.0885e+000 -1.1731e+000 +1.1361e+000 +1.0850e+000 -5.6436e-001 +3.2832e-001 -2.0601e-001 +2.6332e+000 +1.4151e+000 +5.9018e-001 -1.0918e+000 +1.2834e+000
% function evaluation | noise-free fitness - Fopt (2.275200000000e+002) | best noise-free fitness - Fopt | measured fitness | best measured fitness | x1 | x2...
1 +7.619277056e+002 +7.619277056e+002 +9.894477056e+002 +9.894477056e+002 -2.3004e+000 +1.2765e-001 +3.4597e+000 +3.1788e+000 +2.4865e+000 -2.9897e+000 -3.4613e+000 +1.9887e+000 +2.9529e+000 -3.2935e+000 -1.9354e+000 +8.8853e-001 +2.4085e+000 +3.3717e+000 -4.8507e+000 +1.9313e+000 +1.5009e+000 -1.6218e+000 -4.7662e+000 -3.5700e+000
13 +5.501183534e+002 +5.501183534e+002 +7.776383534e+002 +7.776383534e+002 -1.9370e-001 -2.1295e+000 +3.1692e+000 -8.1394e-002 +1.9591e+000 -2.8114e+000 -3.9058e+000 +3.9264e+000 -7.3130e-001 -4.7319e+000 -3.1852e+000 -3.3112e+000 -1.8223e+000 +1.8605e+000 -1.1902e+000 +7.7916e-001 -8.1971e-001 -2.6982e+000 +2.0898e+000 -1.8087e+000
148 +3.826106008e+002 +3.826106008e+002 +6.101306008e+002 +6.101306008e+002 -1.1834e-001 -2.4173e+000 +4.0683e-001 -2.6923e+000 +1.7280e+000 +2.4549e+000 -9.0565e-001 +2.6988e+000 -8.9799e-001 -1.7740e-002 -5.6599e-001 -5.9855e-001 +1.0967e+000 -1.2911e+000 +8.4905e-002 +2.4287e-001 -4.2708e-002 +3.0698e-001 +2.2952e+000 -1.1921e+000
1031 +2.465870255e+002 +2.465870255e+002 +4.741070255e+002 +4.741070255e+002 +3.6810e-002 -4.7082e+000 +1.6183e+000 +1.3615e+000 +1.4220e+000 -6.7447e-001 +3.1793e-001 +2.2441e+000 +9.6152e-001 +1.6536e+000 +1.3640e-005 -2.6036e-001 -1.7487e+000 -4.9967e-001 -5.8362e-002 +7.2907e-001 -7.6840e-002 -2.0531e+000 +1.4881e+000 -2.6693e+000
2955 +1.550200359e+002 +1.550200359e+002 +3.825400359e+002 +3.825400359e+002 -1.1074e+000 -2.1859e+000 +2.2507e+000 +1.0218e+000 +6.3259e-001 -1.6262e+000 +1.7418e+000 +1.9491e+000 +1.0606e+000 +9.2856e-001 -6.9857e-001 -1.4476e+000 -5.3277e-001 -1.7153e+000 +1.1899e+000 +3.1705e-001 -1.2685e+000 -1.8477e+000 +1.6257e+000 -1.5836e+000
7779 +9.983775747e+001 +9.983775747e+001 +3.273577575e+002 +3.273577575e+002 -1.3448e+000 -2.1409e+000 +2.1257e+000 +1.1290e+000 +5.0520e-001 -1.6447e+000 +1.8905e+000 +1.8341e+000 +1.3344e+000 +9.9773e-001 -7.9585e-001 -1.6857e+000 -3.9324e-001 -1.9888e+000 +1.2449e+000 +3.7825e-001 -9.5729e-001 -1.6214e+000 +1.3257e+000 -1.5502e+000
11576 +6.307480292e+001 +6.307480292e+001 +2.905948029e+002 +2.905948029e+002 -1.3708e+000 -2.1636e+000 +2.1238e+000 +1.1182e+000 +5.1173e-001 -1.6704e+000 +1.9066e+000 +1.8391e+000 +1.2708e+000 +9.8316e-001 -8.4468e-001 -1.6959e+000 -4.0123e-001 -1.9770e+000 +1.2631e+000 +3.4750e-001 -9.9577e-001 -1.6346e+000 +1.3038e+000 -1.5446e+000
18840 +3.980166001e+001 +3.980166001e+001 +2.673216600e+002 +2.673216600e+002 -1.3384e+000 -2.1697e+000 +2.1660e+000 +1.1154e+000 +4.7362e-001 -1.7489e+000 +1.8852e+000 +1.8345e+000 +1.2392e+000 +9.8156e-001 -8.2655e-001 -1.7214e+000 -4.3674e-001 -2.0236e+000 +1.3373e+000 +3.3897e-001 -1.0015e+000 -1.6416e+000 +1.3164e+000 -1.5479e+000
% function evaluation | noise-free fitness - Fopt (6.370000000000e+000) | best noise-free fitness - Fopt | measured fitness | best measured fitness | x1 | x2...
1 +7.544078464e+002 +7.544078464e+002 +7.607778464e+002 +7.607778464e+002 -3.6421e-001 +2.6594e+000 +1.4551e+000 -2.4434e+000 +9.5765e-001 -4.2517e+000 -4.6810e+000 +7.0306e-001 +3.3275e+000 +2.1517e+000 -3.1181e+000 -1.7182e+000 +3.3903e+000 +3.4640e+000 +2.5249e+000 -4.2310e+000 +1.4183e+000 +4.4258e+000 -3.2229e+000 +1.1752e+000
5 +5.779398363e+002 +5.779398363e+002 +5.843098363e+002 +5.843098363e+002 +2.5715e+000 +1.7807e+000 -5.0350e-001 +4.9900e+000 +1.4658e+000 +3.6272e+000 -3.9923e+000 +1.5056e+000 +2.0159e+000 +2.6089e+000 +3.5826e+000 -1.7057e+000 +9.2836e-001 +2.4006e+000 +5.4509e-001 -2.2452e+000 +1.1552e-001 -1.7039e+000 +4.2284e+000 +9.6430e-002
396 +3.932790616e+002 +3.932790616e+002 +3.996490616e+002 +3.996490616e+002 +1.6109e+000 +3.1758e+000 +2.6212e+000 -2.4978e-001 -1.6028e-001 +2.0371e+000 -3.6623e+000 +2.8881e+000 +4.1571e+000 +5.5697e-001 +6.3984e-002 -8.0306e-001 +2.2473e-001 +1.7028e+000 -7.8998e-001 +1.5678e+000 -1.7243e+000 +6.5528e-001 +1.5734e+000 +2.1273e+000
1209 +2.423400909e+002 +2.423400909e+002 +2.487100909e+002 +2.487100909e+002 +2.9626e+000 +3.2573e+000 +1.5181e+000 +1.8803e+000 -1.9552e+000 +4.1570e-001 -2.0707e+000 +2.4178e+000 +2.4644e+000 +1.2628e-001 +5.4046e-001 -3.1178e+000 +1.7503e+000 +1.4683e+000 -1.4308e+000 +2.1529e+000 +4.1968e-001 +1.9928e+000 +1.9659e+000 -4.4943e-002
10708 +1.581053866e+002 +1.581053866e+002 +1.644753866e+002 +1.644753866e+002 +9.3655e-001 +5.4280e-001 -1.9233e-001 -2.0789e+000 -1.7255e+000 +1.2184e+000 -1.1305e+000 +1.1770e+000 +1.8049e+000 -5.9566e-001 +1.3304e+000 -1.0677e+000 +1.0071e+000 +7.0531e-001 -1.6431e+000 +5.4173e-001 +4.1049e-001 +2.4433e+000 +1.0302e+000 -1.2315e-001
15864 +9.975732033e+001 +9.975732033e+001 +1.061273203e+002 +1.061273203e+002 +9.8105e-001 +5.5299e-001 -1.9609e-001 -2.1079e+000 -1.7453e+000 +1.1916e+000 -1.1366e+000 +1.1868e+000 +1.7895e+000 -5.6382e-001 +1.3377e+000 -1.0917e+000 +9.9432e-001 +6.9005e-001 -1.6399e+000 +5.7315e-001 +4.4246e-001 +2.4057e+000 +1.0074e+000 -1.1742e-001
21494 +6.294747551e+001 +6.294747551e+001 +6.931747551e+001 +6.931747551e+001 +1.0114e+000 +5.2231e-001 -2.2690e-001 -2.0998e+000 -1.7398e+000 +1.1823e+000 -1.1359e+000 +1.1615e+000 +1.8437e+000 -5.7500e-001 +1.2655e+000 -1.0834e+000 +1.0017e+000 +6.7032e-001 -1.6124e+000 +5.6109e-001 +3.9874e-001 +2.3835e+000 +9.6950e-001 -1.2849e-001
% function evaluation | noise-free fitness - Fopt (-1.082600000000e+002) | best noise-free fitness - Fopt | measured fitness | best measured fitness | x1 | x2...
1 +7.183926597e+002 +7.183926597e+002 +6.101326597e+002 +6.101326597e+002 +1.6340e+000 -3.0819e+000 -3.4308e+000 +2.1310e+000 -3.9739e+000 +2.5579e+000 +2.7723e+000 -2.5722e+000 -4.4394e+000 +1.9361e+000 +1.3566e+000 -3.0662e+000 +1.7861e+000 -5.8819e-001 -4.0966e-001 +2.4818e+000 +1.2738e+000 -3.3003e+000 -1.7364e+000 -1.2046e+000
11 +6.116036281e+002 +6.116036281e+002 +5.033436281e+002 +5.033436281e+002 -1.8956e+000 -2.8451e+000 +1.3016e+000 +2.6993e+000 -1.3506e+000 +1.1520e+000 +3.3841e-001 +2.7479e+000 +2.6599e+000 +3.1666e+000 -4.2656e-001 -4.0489e+000 -2.1597e+000 -2.4638e+000 -3.5919e+000 -4.0325e+000 +3.2445e-001 -3.7954e-002 -3.6015e+000 -2.3074e-001
221 +3.828389586e+002 +3.828389586e+002 +2.745789586e+002 +2.745789586e+002 +6.5626e-001 -3.2488e+000 +1.7400e+000 +6.4349e-001 -1.0323e+000 +1.0976e+000 +1.3752e+000 -1.6004e+000 +2.0285e-001 +4.0647e-002 +8.7885e-001 +2.5983e+000 -1.1119e+000 +1.7042e+000 -1.4205e+000 -3.7410e+000 +8.2824e-001 -1.7480e+000 -4.4993e-001 +2.8877e+000
1184 +2.502008320e+002 +2.502008320e+002 +1.419408320e+002 +1.419408320e+002 +4.3292e-001 -3.2145e+000 -1.6203e+000 +2.0786e+000 +7.0784e-001 +3.5529e+000 +6.1162e-001 -7.5328e-001 -5.2104e-001 -3.6756e-001 -5.5773e-001 +1.2405e+000 -8.8390e-001 -8.1433e-001 -1.5161e+000 -1.6459e+000 -1.5734e-001 -1.9978e+000 -5.6310e-001 +1.7790e+000
4327 +1.580724504e+002 +1.580724504e+002 +4.981245037e+001 +4.981245037e+001 +3.2404e-001 -1.5555e+000 -6.3978e-001 +1.1515e+000 +1.9850e+000 +1.0001e+000 -6.8244e-001 -8.5923e-002 -3.7471e-001 -1.0617e+000 -3.7112e-001 +1.7148e+000 -8.7465e-001 -7.0284e-001 -2.5289e+000 -1.1179e+000 +7.5354e-001 -8.0542e-001 -1.6792e+000 +2.2502e-001
9406 +9.969854650e+001 +9.969854650e+001 -8.561453501e+000 -8.561453501e+000 +9.2019e-001 -3.8040e-001 -1.3097e+000 +1.9059e+000 +1.8491e+000 +1.7265e+000 -7.3665e-001 -8.7689e-001 +9.4258e-001 +9.8182e-001 -2.6865e+000 +2.1325e+000 -5.3693e-001 -1.3110e+000 -1.7155e+000 -1.7372e+000 +1.7664e+000 -1.0928e+000 -1.1323e+000 +1.3973e+000
15620 +6.246469613e+001 +6.246469613e+001 -4.579530387e+001 -4.579530387e+001 +9.2524e-001 -3.9697e-001 -1.2622e+000 +1.9051e+000 +1.8875e+000 +1.7157e+000 -7.5979e-001 -8.9544e-001 +9.9460e-001 +9.2039e-001 -2.6585e+000 +2.1367e+000 -5.6219e-001 -1.3580e+000 -1.7066e+000 -1.7357e+000 +1.7780e+000 -1.0824e+000 -1.1250e+000 +1.4064e+000
18118 +3.963200225e+001 +3.963200225e+001 -6.862799775e+001 -6.862799775e+001 +9.4053e-001 -4.3579e-001 -1.2216e+000 +1.9086e+000 +1.9030e+000 +1.7175e+000 -8.0658e-001 -8.9692e-001 +1.0081e+000 +8.4518e-001 -2.6783e+000 +2.1730e+000 -5.3658e-001 -1.3545e+000 -1.6986e+000 -1.7284e+000 +1.7433e+000 -1.0861e+000 -1.1390e+000 +1.4182e+000
% function evaluation | noise-free fitness - Fopt (-1.000000000000e+003) | best noise-free fitness - Fopt | measured fitness | best measured fitness | x1 | x2...
1 +6.214220940e+002 +6.214220940e+002 -3.785779060e+002 -3.785779060e+002 -2.6888e+000 +4.2080e+000 +2.9488e+000 -2.8843e+000 -1.6271e+000 -8.8502e-001 -1.3297e+000 +2.7759e+000 -8.8081e-001 -8.2564e-001 -3.1133e+000 -2.6245e+000 +3.2327e+000 +2.4887e+000 -4.6320e+000 -3.2615e+000 +4.9332e+000 +2.2335e+000 +6.4703e-002 -3.3399e+000
452 +3.916887689e+002 +3.916887689e+002 -6.083112311e+002 -6.083112311e+002 +3.3034e+000 +3.8636e+000 +5.6840e-001 -6.0160e-001 -4.1792e-001 +1.0063e+000 -4.1838e-001 +2.8531e+000 +1.1107e+000 -4.7553e+000 +6.3006e-001 +2.3891e+000 -4.5844e-001 -1.5358e+000 +6.6826e-001 -2.1510e+000 +3.4618e+000 +1.1539e-001 -2.2589e+000 -1.5975e+000
1171 +2.419003514e+002 +2.419003514e+002 -7.580996486e+002 -7.580996486e+002 +1.0416e+000 +2.0969e+000 +1.5116e-001 -1.7677e+000 -4.0151e-001 +2.4381e-002 -3.6301e-001 +1.0608e+000 +2.1668e+000 +1.1742e+000 +9.2292e-001 +2.8781e+000 -7.1222e-001 -1.9963e+000 -1.6181e-001 -4.4869e-001 +8.8773e-001 +2.0911e+000 -2.1995e+000 -5.6385e-001
7236 +1.528828060e+002 +1.528828060e+002 -8.471171940e+002 -8.471171940e+002 +1.2225e+000 +9.3203e-001 +9.7265e-001 -1.8229e+000 -1.0966e+000 +8.3600e-001 +4.7373e-001 +1.1430e+000 +2.3762e+000 +1.4053e+000 +7.6030e-001 +5.3501e-001 +2.0799e+000 -2.9376e+000 -1.9767e+000 -2.1849e+000 -2.6901e-001 +1.1982e+000 -1.7122e+000 -1.3688e+000
15400 +9.931977295e+001 +9.931977295e+001 -9.006802270e+002 -9.006802270e+002 +1.1951e+000 +8.9288e-001 +9.9270e-001 -1.8562e+000 -1.1068e+000 +8.4789e-001 +4.1012e-001 +1.1092e+000 +2.3747e+000 +1.3940e+000 +7.1361e-001 +4.7750e-001 +2.1356e+000 -2.9452e+000 -2.0005e+000 -2.2278e+000 -2.9073e-001 +1.1730e+000 -1.7160e+000 -1.3940e+000
21231 +6.308384533e+001 +6.308384533e+001 -9.369161547e+002 -9.369161547e+002 +1.1870e+000 +8.8701e-001 +9.6537e-001 -1.8784e+000 -1.1046e+000 +8.4742e-001 +4.1486e-001 +1.0449e+000 +2.3516e+000 +1.4151e+000 +7.2268e-001 +4.3152e-001 +2.1278e+000 -2.9402e+000 -1.9822e+000 -2.2367e+000 -3.2593e-001 +1.2160e+000 -1.7287e+000 -1.3635e+000
% function evaluation | noise-free fitness - Fopt (-8.434000000000e+001) | best noise-free fitness - Fopt | measured fitness | best measured fitness | x1 | x2...
1 +6.850577393e+002 +6.850577393e+002 +6.007177393e+002 +6.007177393e+002 -3.1142e+000 +2.4484e+000 -3.8113e+000 +7.4605e-001 +3.9252e+000 -6.7358e-001 -1.2219e+000 -4.0958e+000 -4.2937e+000 -1.2494e+000 -4.7991e+000 +3.1252e-001 -2.6860e+000 -4.8682e+000 +6.2146e-001 +8.3611e-001 -3.2688e+000 +4.5826e+000 +1.0909e+000 -7.2147e-001
4 +4.977095546e+002 +4.977095546e+002 +4.133695546e+002 +4.133695546e+002 +1.7207e+000 -1.1051e+000 +9.7804e-001 -2.0534e+000 -2.3611e+000 -1.6132e+000 -4.7867e-001 -2.2093e+000 -4.5082e+000 -4.6288e+000 +2.0789e-001 +2.5838e+000 -4.5559e+000 -2.9860e+000 +3.2548e-003 -1.5905e+000 -3.1211e+000 +4.4930e+000 +8.9449e-001 +2.6237e+000
56 +3.447159771e+002 +3.447159771e+002 +2.603759771e+002 +2.603759771e+002 +2.4309e+000 -2.3488e+000 +1.6562e+000 +6.5594e-002 +1.6827e+000 +2.1269e-001 -7.8426e-001 -8.0690e-001 -2.3639e+000 -1.6109e+000 +4.8240e-001 +1.8252e+000 -2.1733e+000 -1.5833e+000 +7.6524e-001 +2.6292e+000 -1.0011e+000 +3.2768e+000 +1.9420e+000 -2.4143e+000
903 +2.350755278e+002 +2.350755278e+002 +1.507355278e+002 +1.507355278e+002 +2.1671e+000 -1.4711e+000 -1.8558e-001 -3.3500e+000 +2.6224e+000 -2.1324e+000 +4.8847e-001 -2.4942e+000 -4.7879e-001 -1.7711e-001 -1.8008e-002 +3.0505e+000 -1.4933e+000 +1.2406e-001 +1.5892e+000 +2.2990e+000 -1.1981e+000 +1.7511e+000 +1.3239e+000 +1.0175e+000
5943 +1.536684301e+002 +1.536684301e+002 +6.932843012e+001 +6.932843012e+001 +1.0011e+000 -3.3990e-001 -1.8371e+000 -2.6329e+000 +1.8372e+000 -2.5014e+000 +6.8616e-001 -2.2445e+000 +4.0493e-001 -9.5736e-001 -2.0479e+000 +1.8979e+000 -1.6141e+000 -8.8170e-001 +9.4190e-001 +1.4601e+000 -4.2075e-001 +1.5176e+000 +1.0174e+000 +1.3064e+000
11507 +9.984811140e+001 +9.984811140e+001 +1.550811140e+001 +1.550811140e+001 +9.4134e-001 -3.0478e-001 -1.8657e+000 -2.6524e+000 +1.8264e+000 -2.4792e+000 +7.1622e-001 -2.2368e+000 +4.1011e-001 -1.0046e+000 -2.0175e+000 +1.8762e+000 -1.5775e+000 -8.8850e-001 +9.4932e-001 +1.4810e+000 -4.2013e-001 +1.5568e+000 +1.0421e+000 +1.3136e+000
18894 +6.300994266e+001 +6.300994266e+001 -2.133005734e+001 -2.133005734e+001 +9.0738e-001 -2.4018e-001 -1.9077e+000 -2.7198e+000 +1.8193e+000 -2.4803e+000 +7.4114e-001 -2.2259e+000 +3.9314e-001 -1.0178e+000 -2.0178e+000 +1.8332e+000 -1.5797e+000 -9.5711e-001 +9.5806e-001 +1.5190e+000 -4.0052e-001 +1.5820e+000 +1.0609e+000 +1.3492e+000
% function evaluation | noise-free fitness - Fopt (7.213000000000e+001) | best noise-free fitness - Fopt | measured fitness | best measured fitness | x1 | x2...
1 +7.447307844e+002 +7.447307844e+002 +8.168607844e+002 +8.168607844e+002 -2.3730e+000 +3.9325e-001 -3.1729e+000 +4.0465e+000 +1.6347e+000 +1.0021e+000 -1.8101e+000 +2.2273e+000 -1.9213e+000 -4.6649e+000 +4.4398e+000 -1.3457e+000 +2.3774e+000 +3.8854e+000 +2.1200e+000 -4.7496e+000 +3.8899e+000 +1.1966e+000 +1.4973e+000 -2.9402e+000
7 +5.376948850e+002 +5.376948850e+002 +6.098248850e+002 +6.098248850e+002 +2.1108e+000 -6.3807e-001 -6.0938e-001 +1.8111e+000 -5.0537e-001 -2.3856e-001 -4.2541e+000 -1.8759e+000 +4.9000e-001 +3.2807e+000 -2.5636e+000 -3.8025e+000 -2.1761e-001 -1.3379e+000 -9.1148e-001 +2.1829e+000 -2.9752e+000 -1.0333e+000 -2.8709e+000 -4.6308e+000
263 +3.862540726e+002 +3.862540726e+002 +4.583840726e+002 +4.583840726e+002 -2.8965e+000 -3.0832e+000 -2.9090e-001 +1.1464e+000 +1.4734e+000 +9.2989e-001 +7.7774e-001 +2.7867e+000 +6.3271e-001 +1.7979e+000 +5.7493e-001 -6.8981e-001 +8.0892e-001 +1.8444e+000 -4.4451e+000 -2.2439e+000 +3.2787e+000 -3.8757e+000 -1.0451e-001 +4.0205e-002
1234 +2.323671344e+002 +2.323671344e+002 +3.044971344e+002 +3.044971344e+002 -2.1254e+000 -3.0434e+000 +1.7606e+000 -7.0551e-002 +1.3762e+000 +1.2856e+000 +2.4714e-001 +1.6790e+000 +6.3532e-001 -1.5162e+000 +1.3021e+000 +5.8595e-001 -4.7112e-002 -2.5707e+000 +6.6894e-002 -1.2738e+000 +1.8568e+000 -9.7823e-001 -1.0800e-001 +1.4462e+000
5638 +1.397624679e+002 +1.397624679e+002 +2.118924679e+002 +2.118924679e+002 -1.0077e+000 -1.1812e+000 +1.4319e+000 -1.0993e+000 +1.5298e+000 +1.9016e+000 -4.9301e-001 +2.0448e+000 +1.2711e+000 -2.7203e+000 +1.8357e+000 -3.1041e-001 +1.1250e+000 -1.4931e+000 -1.7299e+000 -6.6859e-001 +2.2386e+000 -1.2217e+000 +8.2284e-001 +8.1846e-001
9389 +9.995514271e+001 +9.995514271e+001 +1.720851427e+002 +1.720851427e+002 -1.0285e+000 -1.2039e+000 +1.4411e+000 -1.0751e+000 +1.5098e+000 +1.8844e+000 -4.9884e-001 +2.0466e+000 +1.2777e+000 -2.7255e+000 +1.8179e+000 -3.2301e-001 +1.1235e+000 -1.4871e+000 -1.7263e+000 -6.8522e-001 +2.2114e+000 -1.2402e+000 +8.1310e-001 +8.5509e-001
18386 +6.308781665e+001 +6.308781665e+001 +1.352178166e+002 +1.352178166e+002 -1.0504e+000 -1.1887e+000 +1.4525e+000 -1.0641e+000 +1.4855e+000 +1.8941e+000 -5.0370e-001 +2.0303e+000 +1.2842e+000 -2.7441e+000 +1.8280e+000 -3.0066e-001 +1.1473e+000 -1.4576e+000 -1.7486e+000 -6.5363e-001 +2.2380e+000 -1.1998e+000 +8.2467e-001 +8.5524e-001
% function evaluation | noise-free fitness - Fopt (-1.338000000000e+002) | best noise-free fitness - Fopt | measured fitness | best measured fitness | x1 | x2...
1 +1.007182933e+003 +1.007182933e+003 +8.733829335e+002 +8.733829335e+002 +3.6263e+000 +4.5155e+000 -3.3079e-001 -4.6011e+000 -1.9755e+000 +2.6819e-001 -3.8563e+000 +4.8828e+000 +2.7234e+000 -2.8651e+000 -3.7426e+000 -9.2550e-001 +1.0580e+000 -4.7257e+000 -4.7460e+000 +7.6805e-001 +2.8183e+000 -2.9155e+000 -3.8437e+000 -3.1711e+000
3 +7.195501139e+002 +7.195501139e+002 +5.857501139e+002 +5.857501139e+002 +4.5858e+000 -5.0490e-001 +4.4802e+000 +2.7369e+000 +2.0904e+000 +4.5989e-001 -8.5618e-001 -2.5345e+000 -3.1411e+000 +1.2746e+000 -3.8466e+000 -3.6002e+000 +1.6818e+000 +4.5268e+000 +2.1651e-001 +1.4879e+000 -1.4085e+000 +3.1406e-001 -4.8445e-001 -3.5392e+000
5 +4.714370822e+002 +4.714370822e+002 +3.376370822e+002 +3.376370822e+002 -3.4855e+000 +2.9700e+000 -1.0112e+000 -1.7246e+000 -2.5586e+000 -4.4189e+000 +2.4509e+000 -1.1109e-001 +4.6240e+000 +3.1817e+000 +1.0933e+000 +1.2400e+000 -3.4918e+000 -9.7140e-001 +1.3342e-001 +4.7106e-001 -2.3259e+000 -2.0975e-001 +2.2058e+000 +2.3680e+000
177 +3.804766965e+002 +3.804766965e+002 +2.466766965e+002 +2.466766965e+002 -2.0162e+000 +2.0376e-001 +8.4687e-001 +2.0102e-001 -2.1445e+000 -4.0602e+000 -9.9114e-001 +1.5256e+000 +3.0052e+000 +4.2234e+000 -1.0295e-001 -1.0297e+000 -1.7391e+000 -6.7590e-001 +1.7385e+000 +2.3884e+000 -1.9239e-003 -2.5511e+000 -3.4269e-001 +4.1250e+000
1272 +2.073543325e+002 +2.073543325e+002 +7.355433252e+001 +7.355433252e+001 -2.0710e+000 +9.1394e-001 +1.1070e+000 +2.0444e+000 -1.5177e+000 -2.6525e+000 +1.0691e+000 +3.2522e+000 +1.9199e+000 +8.2100e-001 +1.8572e+000 -6.3600e-001 -2.0176e+000 +1.7062e-001 +1.3604e+000 +1.4877e+000 +2.9884e+000 -1.2229e+000 +1.1160e+000 +1.6291e+000
4131 +1.434275240e+002 +1.434275240e+002 +9.627523991e+000 +9.627523991e+000 -1.9167e+000 +6.5525e-001 -1.5679e+000 +1.2924e+000 -9.3337e-001 -1.9266e+000 +6.9342e-001 +1.8159e+000 +1.4733e+000 +1.7513e+000 +1.8933e+000 -1.7191e+000 -1.8868e+000 +1.3734e+000 +2.2447e+000 +9.3061e-001 +1.5859e+000 -9.4535e-001 +9.0671e-001 +1.7930e+000
10762 +9.861510828e+001 +9.861510828e+001 -3.518489172e+001 -3.518489172e+001 -1.8450e+000 +5.7063e-001 -1.5998e+000 +2.3333e+000 -8.0274e-001 -1.8183e+000 +6.4615e-001 +1.1885e+000 +1.5377e+000 +2.2168e+000 +2.0396e+000 -1.4476e+000 -1.9805e+000 +1.4289e+000 +2.5789e+000 +1.4375e+000 +1.9371e+000 -7.2092e-001 +9.5113e-001 +1.6668e+000
16431 +6.296524765e+001 +6.296524765e+001 -7.083475235e+001 -7.083475235e+001 -1.8720e+000 +5.6966e-001 -1.6324e+000 +2.3219e+000 -8.1099e-001 -1.7735e+000 +6.5791e-001 +1.2108e+000 +1.5858e+000 +2.1821e+000 +2.0413e+000 -1.4457e+000 -1.9731e+000 +1.4123e+000 +2.5297e+000 +1.4019e+000 +2.0324e+000 -7.1540e-001 +9.3803e-001 +1.6855e+000
