% function evaluation | noise-free fitness - Fopt (7.627000000000e+001) | best noise-free fitness - Fopt | measured fitness | best measured fitness | x1 | x2...
1 +1.251050022e+008 +1.251050022e+008 +1.251050785e+008 +1.251050785e+008 +8.8565e+000 +8.0931e+000 +6.5083e+000 +6.3744e+000 +1.3861e+001 +8.8341e+000 +1.1122e+001 +1.2193e+001 +1.2335e+001 +9.9086e+000 +1.0644e+001 +5.7999e+000 +1.2651e+001 +1.4653e+001 +6.5933e+000 +7.4784e+000 +6.5476e+000 +6.5755e+000 +1.0820e+001 +1.4319e+001
3 +7.565095464e+007 +7.565095464e+007 +7.565103091e+007 +7.565103091e+007 +7.0955e+000 +1.3745e+001 +9.0209e+000 +5.7697e+000 +1.4171e+001 +7.9953e+000 +9.7125e+000 +1.3306e+001 +1.2801e+001 +5.1023e+000 +9.1131e+000 +1.2168e+001 +9.2328e+000 +1.4870e+001 +9.6080e+000 +1.1456e+001 +1.0225e+001 +5.6010e+000 +1.2240e+001 +5.2115e+000
4 +1.043538495e+007 +1.043538495e+007 +1.043546122e+007 +1.043546122e+007 +6.5653e+000 +6.4169e+000 +1.4210e+001 +9.6350e+000 +5.7039e+000 +1.2758e+001 +1.2469e+001 +1.4064e+001 +1.2267e+001 +1.0155e+001 +6.4760e+000 +9.5518e+000 +7.2904e+000 +7.2898e+000 +5.7409e+000 +7.8961e+000 +6.0885e+000 +9.0556e+000 +1.2380e+001 +7.3817e+000
5 +8.615262942e+006 +8.615262942e+006 +8.615339212e+006 +8.615339212e+006 +5.9242e+000 +9.1002e+000 +1.2268e+001 +1.3556e+001 +7.6920e+000 +7.8042e+000 +9.8612e+000 +1.2269e+001 +1.3231e+001 +1.4189e+001 +5.6893e+000 +1.1347e+001 +1.0116e+001 +6.6951e+000 +1.1169e+001 +5.4717e+000 +1.2907e+001 +1.1588e+001 +6.1552e+000 +9.5424e+000
11 +5.189372666e+005 +5.189372666e+005 +5.190135366e+005 +5.190135366e+005 +8.0727e+000 +6.4314e+000 +1.1896e+001 +1.3047e+001 +5.8084e+000 +9.1770e+000 +1.0152e+001 +9.2770e+000 +5.1475e+000 +8.8388e+000 +6.0299e+000 +6.5246e+000 +5.2281e+000 +9.2071e+000 +1.3485e+001 +1.0330e+001 +1.0576e+001 +9.1665e+000 +9.8535e+000 +1.3768e+001
14 +1.880245216e+005 +1.880245216e+005 +1.881007916e+005 +1.881007916e+005 +1.2919e+001 +8.7110e+000 +1.4812e+001 +1.1797e+001 +9.7197e+000 +1.3410e+001 +8.5903e+000 +8.1940e+000 +7.4746e+000 +7.8912e+000 +1.1831e+001 +6.1286e+000 +8.4996e+000 +5.4099e+000 +1.1944e+001 +1.0314e+001 +5.8649e+000 +1.2444e+001 +7.6874e+000 +1.2839e+001
61 +5.834249077e+003 +5.834249077e+003 +5.910519077e+003 +5.910519077e+003 +1.0988e+001 +1.0962e+001 +1.0973e+001 +1.4389e+001 +9.6836e+000 +6.9744e+000 +1.3507e+001 +5.0814e+000 +5.4247e+000 +9.4846e+000 +1.0603e+001 +3.6026e+000 +1.2494e+001 +5.6272e+000 +9.1422e+000 +1.1826e+001 +6.8425e+000 +1.2641e+001 +1.1605e+001 +1.0566e+001
203 +2.764291677e+003 +2.764291677e+003 +2.840561677e+003 +2.840561677e+003 +1.2177e+001 +1.2020e+001 +1.0742e+001 +1.1653e+001 +1.1314e+001 +1.4139e+001 +1.4657e+001 +1.3483e+001 +4.7747e-001 +6.5115e+000 +6.7985e+000 +7.9408e+000 +5.2805e+000 +6.7309e+000 +8.6024e+000 +5.5560e+000 +1.0839e+001 +1.5828e+001 +1.1572e+001 +6.9314e+000
1435 +2.319970614e+003 +2.319970614e+003 +2.396240614e+003 +2.396240614e+003 +8.9497e+000 +9.6004e+000 +8.5636e+000 +9.0949e+000 +8.3584e+000 +1.2452e+001 +1.3407e+001 +1.2316e+001 -1.1327e+000 +4.0038e+000 +5.5059e+000 +8.2078e+000 +2.2035e+000 +5.9780e+000 +7.3960e+000 +3.3010e+000 +8.5928e+000 +1.4832e+001 +1.0411e+001 +3.8534e+000
1679 +1.420443192e+003 +1.420443192e+003 +1.496713192e+003 +1.496713192e+003 +5.8681e+000 +8.1992e+000 +7.5383e+000 +7.0180e+000 +9.3006e+000 +1.0629e+001 +1.0818e+001 +9.2175e+000 +9.8147e-001 +3.0659e+000 +4.2183e+000 +7.9253e+000 +1.0406e+000 +4.6848e+000 +6.3791e+000 +3.6036e+000 +6.1497e+000 +1.2284e+001 +9.3962e+000 +2.2717e+000
1808 +9.948306069e+002 +9.948306069e+002 +1.071100607e+003 +1.071100607e+003 +4.0270e+000 +6.2634e+000 +5.1046e+000 +6.1835e+000 +6.2642e+000 +7.7707e+000 +6.7332e+000 +1.2478e+001 -3.3650e+000 +8.0455e-001 +3.8521e+000 +7.0176e+000 -1.5353e+000 +5.1923e+000 +2.0994e+000 -1.2059e+000 +5.5892e+000 +1.2084e+001 +8.4206e+000 +4.3703e-001
2110 +6.092208863e+002 +6.092208863e+002 +6.854908863e+002 +6.854908863e+002 +1.6193e-001 +3.3377e+000 +2.0898e+000 +1.8104e+000 +4.0278e+000 +4.9454e+000 +2.6390e+000 +8.5677e+000 -1.8369e+000 -2.7269e+000 +1.4558e+000 +5.8266e+000 -4.0147e+000 +3.7693e+000 +1.8320e+000 -2.0059e+000 +1.0612e+000 +9.2308e+000 +6.3025e+000 -3.1728e+000
2258 +3.951550935e+002 +3.951550935e+002 +4.714250935e+002 +4.714250935e+002 -7.0597e-001 +3.4923e+000 +2.0345e+000 +1.0959e+000 +2.9601e+000 +3.8358e+000 +9.4628e-001 +8.3677e+000 -2.3899e+000 -1.6580e+000 +1.2951e+000 +5.7190e+000 -4.3570e+000 +3.2118e+000 +8.2328e-001 -2.3581e+000 +1.7333e+000 +6.0790e+000 +6.0914e+000 -2.2606e+000
2558 +2.434780971e+002 +2.434780971e+002 +3.197480971e+002 +3.197480971e+002 -4.3410e+000 -9.2274e-002 +8.7030e-001 -1.2127e+000 +1.1394e+000 +5.1581e-001 -3.3088e+000 +6.5824e+000 -4.4129e-001 -3.4169e+000 +8.2179e-001 +3.6515e+000 -5.0380e+000 +1.9435e+000 -2.2802e+000 -4.2446e+000 -1.0320e+000 +2.7374e+000 +5.1943e+000 -5.5469e+000
7582 +1.584645564e+002 +1.584645564e+002 +2.347345564e+002 +2.347345564e+002 -3.6617e+000 -4.1273e-001 +1.7056e+000 -5.2449e-001 -4.0653e-001 +5.2992e-001 -4.1367e+000 +7.2557e+000 -1.5440e+000 -5.9832e-001 +1.3474e-001 +1.6031e+000 -3.1405e+000 +2.1884e+000 -3.5546e+000 -5.6619e+000 +1.6832e+000 -2.9064e+000 +5.7264e+000 -3.8369e+000
% function evaluation | noise-free fitness - Fopt (-2.255000000000e+001) | best noise-free fitness - Fopt | measured fitness | best measured fitness | x1 | x2...
1 +7.063389437e+007 +7.063389437e+007 +7.063387182e+007 +7.063387182e+007 +1.1818e+001 +9.0811e+000 +1.4041e+001 +6.0298e+000 +5.8837e+000 +8.3140e+000 +1.2668e+001 +7.6386e+000 +1.4570e+001 +1.4372e+001 +5.9270e+000 +8.7664e+000 +5.0891e+000 +7.1721e+000 +1.3207e+001 +1.0997e+001 +1.3568e+001 +1.0561e+001 +6.6830e+000 +1.1978e+001
66 +5.830011351e+007 +5.830011351e+007 +5.830009096e+007 +5.830009096e+007 +7.0704e+000 +1.3053e+001 +1.0739e+001 +5.4822e+000 +1.2106e+001 +4.5546e+000 +1.1962e+001 +1.3891e+001 +1.1669e+001 +6.2197e+000 +3.3241e+000 +5.7983e+000 +8.8045e+000 +5.3031e+000 +1.2052e+001 +1.4812e+001 +1.0299e+001 +9.3701e+000 +7.9213e+000 +1.4766e+001
237 +3.111277981e+007 +3.111277981e+007 +3.111275726e+007 +3.111275726e+007 +4.9112e+000 +1.0865e+001 +5.3128e+000 +3.1738e+000 +5.8489e+000 +6.2282e+000 +7.5733e+000 +1.1431e+001 +7.4073e+000 +1.3594e+001 +2.5877e+000 +7.0547e+000 -1.2251e+000 +9.2142e+000 +1.4532e+001 +9.8772e+000 +7.2035e+000 +1.1977e+001 +5.0783e+000 +6.7214e+000
372 +1.390968768e+007 +1.390968768e+007 +1.390966513e+007 +1.390966513e+007 +9.1437e+000 +1.6324e+001 +1.0739e+001 +5.4822e+000 +1.2106e+001 +3.4234e+000 +4.1906e+000 +1.3891e+001 +1.1669e+001 +1.4152e+001 +3.3241e+000 +6.6671e+000 +8.8045e+000 +5.3031e+000 +1.2052e+001 +1.2345e+001 +1.0299e+001 +9.3701e+000 +4.8370e+000 +7.6677e+000
415 +4.639394984e+006 +4.639394984e+006 +4.639372434e+006 +4.639372434e+006 +7.8783e+000 +8.0800e+000 +1.1565e+001 +7.5592e+000 +1.3069e+000 +4.5046e+000 +6.2300e+000 +1.3277e+001 +9.6187e+000 +1.2972e+001 +8.6432e+000 +1.2064e+001 +1.5307e+001 +2.9871e+000 +9.5379e+000 +9.3331e+000 +1.3007e+001 +1.7389e+001 +8.3666e+000 +7.8727e+000
470 +3.926132518e+006 +3.926132518e+006 +3.926109968e+006 +3.926109968e+006 +4.8372e+000 +1.1382e+001 +1.4227e+001 -6.2816e-001 +7.4176e+000 +8.7863e+000 +8.9298e+000 +1.2172e+001 +2.6863e+000 +1.2118e+001 +6.0587e+000 +8.2729e+000 +1.1789e+000 +4.3899e+000 +1.2777e+001 +9.7679e+000 +7.7383e+000 +2.2108e+001 +6.3075e+000 +1.1529e+001
532 +6.516631867e+005 +6.516631867e+005 +6.516406367e+005 +6.516406367e+005 +6.0402e+000 +1.5294e+001 +1.4009e+001 +6.4226e+000 +9.0081e+000 -3.3019e-002 +9.8480e+000 +1.3530e+001 +7.8680e+000 +1.3341e+001 +2.8460e+000 +9.9209e+000 +1.4255e+001 +7.7843e+000 +1.4386e+001 +1.6690e+001 +1.4352e+001 +1.7484e+001 -2.3054e+000 +1.3049e+001
548 +6.723410078e+004 +6.723410078e+004 +6.721155078e+004 +6.721155078e+004 +4.8372e+000 +1.1382e+001 +1.4227e+001 -6.2816e-001 +6.2342e+000 +7.9919e+000 +1.3526e+001 +1.0383e+001 +6.3394e+000 +1.2118e+001 +6.0587e+000 +8.7965e+000 +2.1987e+001 +4.3899e+000 +7.5437e+000 +9.1770e+000 +7.7383e+000 +2.2108e+001 +3.0354e+000 +1.1529e+001
587 +4.368519709e+004 +4.368519709e+004 +4.366264709e+004 +4.366264709e+004 +5.4594e+000 +1.5168e+001 +1.6069e+001 +1.3741e+001 +1.2106e+001 +3.4234e+000 +8.1160e+000 +1.3891e+001 +7.0228e+000 +1.3457e+001 +2.2830e+000 +6.6671e+000 +2.0053e+001 +2.4910e+000 +1.2052e+001 +1.8151e+001 +1.3567e+001 +2.0256e+001 -4.4956e+000 +7.6677e+000
618 +2.480691327e+003 +2.480691327e+003 +2.458141327e+003 +2.458141327e+003 +8.0039e-001 +1.5008e+001 +1.8768e+001 +1.4615e+000 +1.0457e+001 +1.1441e+001 +5.3483e+000 +1.2539e+001 +7.9729e+000 +9.6541e+000 +6.4656e+000 +9.7221e+000 +2.0509e+001 +6.8926e+000 +4.6635e+000 +1.0932e+001 +9.4636e+000 +1.9696e+001 +2.2880e+000 +1.0007e+001
2442 +1.500803868e+003 +1.500803868e+003 +1.478253868e+003 +1.478253868e+003 -1.3658e+000 +1.4344e+001 +1.6053e+001 -2.2374e+000 +1.0849e+001 +1.3229e+001 +2.5452e-001 +1.1293e+001 +4.2657e+000 +5.8566e+000 +5.4779e+000 +5.4541e+000 +1.0322e+001 +5.2932e+000 +1.8527e+000 +6.8159e+000 +5.8984e+000 +1.6302e+001 +3.7912e+000 +8.6845e+000
3371 +9.982978067e+002 +9.982978067e+002 +9.757478067e+002 +9.757478067e+002 -1.2779e+000 +1.3330e+001 +1.1352e+001 -4.1062e+000 +1.1346e+001 +1.2118e+001 -2.4309e+000 +1.0712e+001 +1.8523e+000 +3.3477e+000 +4.0182e+000 +1.8008e+000 -9.4825e-001 +2.0949e+000 +1.2236e+000 +3.2243e+000 +3.1480e+000 +9.1777e+000 +4.4892e+000 +7.8249e+000
6201 +6.295314079e+002 +6.295314079e+002 +6.069814079e+002 +6.069814079e+002 +2.1581e-001 +1.2072e+001 +5.4772e+000 -4.4775e+000 +7.9340e+000 +1.0669e+001 +2.8390e+000 +9.3721e+000 +2.7146e+000 +9.2956e-001 +1.5979e+000 -1.5849e-001 -4.4276e+000 -1.8524e+000 -1.0761e+000 -1.1011e+000 +1.2987e+000 -2.1961e+000 +5.6489e+000 +9.2084e+000
% function evaluation | noise-free fitness - Fopt (1.366000000000e+001) | best noise-free fitness - Fopt | measured fitness | best measured fitness | x1 | x2...
1 +3.312027996e+007 +3.312027996e+007 +3.312029362e+007 +3.312029362e+007 +1.3523e+001 +7.8882e+000 +5.8376e+000 +9.9281e+000 +1.2519e+001 +1.1183e+001 +8.0454e+000 +7.0536e+000 +1.4160e+001 +8.3298e+000 +8.4500e+000 +5.0667e+000 +9.2563e+000 +7.5543e+000 +5.6019e+000 +1.2580e+001 +1.0619e+001 +1.3441e+001 +5.9373e+000 +1.3806e+001
3 +7.441955370e+006 +7.441955370e+006 +7.441969030e+006 +7.441969030e+006 +1.0379e+001 +1.4633e+001 +1.2164e+001 +7.8876e+000 +1.2090e+001 +1.1902e+001 +5.5579e+000 +8.7805e+000 +1.1373e+001 +8.5095e+000 +1.4151e+001 +1.3465e+001 +1.2362e+001 +1.3674e+001 +1.3947e+001 +1.4821e+001 +1.4412e+001 +9.8396e+000 +6.0959e+000 +9.7874e+000
9 +2.577604389e+006 +2.577604389e+006 +2.577618049e+006 +2.577618049e+006 +1.3779e+001 +1.2808e+001 +5.5332e+000 +6.6928e+000 +7.9780e+000 +5.0630e+000 +9.8232e+000 +5.2734e+000 +1.0282e+001 +1.0037e+001 +8.8111e+000 +6.9850e+000 +1.1388e+001 +9.3594e+000 +9.8762e+000 +9.5149e+000 +9.7220e+000 +5.6665e+000 +1.3825e+001 +7.0035e+000
48 +5.984561101e+005 +5.984561101e+005 +5.984697701e+005 +5.984697701e+005 +8.4610e+000 +8.5733e+000 +9.3169e+000 +6.6162e+000 +1.4490e+001 +6.8313e+000 +7.8358e+000 +7.4001e+000 +8.9525e+000 +1.4195e+001 +6.4099e+000 +6.5198e+000 +1.3852e+001 +1.4177e+001 +1.2936e+001 +8.7551e+000 +8.2797e+000 +1.4905e+001 +8.2930e+000 +9.3253e+000
67 +3.710252947e+005 +3.710252947e+005 +3.710389547e+005 +3.710389547e+005 +9.5187e+000 +1.1866e+001 +9.5266e+000 +1.3874e+001 +1.2898e+001 +1.0819e+001 +1.2109e+001 +1.0704e+001 +7.8243e+000 +1.0911e+001 +1.1963e+001 +5.5772e+000 +7.0352e+000 +1.5901e+001 +1.3935e+001 +9.7220e+000 +8.2165e+000 +9.0762e+000 +6.2868e+000 +1.1267e+001
178 +2.203897128e+005 +2.203897128e+005 +2.204033728e+005 +2.204033728e+005 +8.5161e+000 +1.5895e+001 +1.5674e+001 +1.2806e+001 +1.6364e+001 +1.5231e+001 +1.2506e+001 +1.3824e+001 +1.3971e+001 +1.6671e+001 +1.7043e+001 +5.3877e+000 +5.8176e+000 +1.6382e+001 +1.4221e+001 +8.4684e+000 +9.0273e+000 +3.4589e+000 +1.0480e+001 +1.3452e+001
192 +1.021542208e+004 +1.021542208e+004 +1.022908208e+004 +1.022908208e+004 +8.8682e+000 +1.2894e+001 +9.1799e+000 +1.0321e+001 +1.3769e+001 +9.9477e+000 +1.6164e+001 +1.1287e+001 +1.1049e+001 +1.1658e+001 +1.6007e+001 +1.2429e+001 +2.6729e+000 +1.2162e+001 +1.1046e+001 +4.7324e+000 +7.6628e+000 +1.7118e+001 +1.0260e+001 +1.1393e+001
199 +2.778873192e+003 +2.778873192e+003 +2.792533192e+003 +2.792533192e+003 +8.2931e+000 +1.1483e+001 -2.4732e+000 +1.0203e+001 +1.4192e+001 +5.2512e+000 +9.3846e+000 +3.6192e+000 +9.0529e+000 +5.2526e+000 +7.4739e+000 +1.2883e+001 +5.2210e+000 +1.0611e+001 +7.1751e+000 +1.4912e+001 +1.0123e+001 +1.1649e+001 +5.2927e+000 +8.9351e+000
1079 +1.894788392e+003 +1.894788392e+003 +1.908448392e+003 +1.908448392e+003 +5.4436e+000 +1.2595e+001 -3.3086e+000 +9.4871e+000 +1.5419e+001 +3.8994e+000 +9.3317e+000 -1.5000e+000 +8.5658e+000 +2.4271e+000 +4.8269e+000 +1.2895e+001 +3.7097e+000 +8.2661e+000 +3.0158e+000 +1.4694e+001 +1.0068e+001 +9.8226e+000 +3.8375e+000 +8.1619e+000
1261 +1.275074629e+003 +1.275074629e+003 +1.288734629e+003 +1.288734629e+003 +3.0734e+000 +1.1043e+001 -6.0080e+000 +5.9169e+000 +1.4158e+001 +1.5014e+000 +9.7194e+000 -5.6303e+000 +9.0550e+000 -9.8455e-001 +1.9361e+000 +1.2789e+001 +1.8615e+000 +6.1395e+000 -4.9062e-001 +1.4034e+001 +9.4722e+000 +6.8292e+000 +2.4940e+000 +7.8328e+000
1370 +9.655070168e+002 +9.655070168e+002 +9.791670168e+002 +9.791670168e+002 +1.9251e+000 +1.0318e+001 -1.0390e+000 +8.6733e+000 +1.1854e+001 +1.2444e+000 +5.8146e+000 -3.7055e+000 +9.0199e+000 -1.9327e+000 +1.5514e+000 +9.2773e+000 +1.7616e+000 +6.5028e+000 +3.9885e-001 +7.8739e+000 +7.0262e+000 +5.5186e+000 +1.1864e+000 +7.0650e+000
1505 +6.163180787e+002 +6.163180787e+002 +6.299780787e+002 +6.299780787e+002 -2.1205e-001 +8.5306e+000 -2.4248e+000 +5.9963e+000 +1.0400e+001 -6.5893e-001 +6.5755e+000 -7.1630e+000 +8.1723e+000 -5.1597e+000 -1.6057e+000 +7.9429e+000 +2.5559e-001 +5.0087e+000 -3.2651e+000 +5.6222e+000 +5.4621e+000 +3.5384e+000 -3.9194e-001 +5.0955e+000
1936 +3.971246665e+002 +3.971246665e+002 +4.107846665e+002 +4.107846665e+002 -2.7774e+000 +6.3095e+000 -3.1738e+000 +3.4527e+000 +7.0731e+000 -3.1293e+000 +4.1555e+000 -8.8780e+000 +7.3383e+000 -8.9811e+000 -2.4454e+000 +5.3396e+000 -3.2532e+000 +2.1379e+000 -5.9839e+000 +4.6767e+000 +2.8595e+000 +1.0623e+000 -1.5227e+000 +3.1328e+000
2506 +2.470944745e+002 +2.470944745e+002 +2.607544745e+002 +2.607544745e+002 -2.2227e+000 +3.8111e+000 -8.9033e-001 +2.3027e+000 +3.6326e+000 -3.7215e+000 +3.5647e+000 -6.4035e+000 +7.8030e+000 -7.5722e+000 -2.4182e+000 +1.0082e+000 -2.8035e+000 +1.5109e+000 -4.5030e+000 +4.1949e+000 +2.7171e+000 +2.4233e-001 -4.9479e-001 +1.7546e+000
4557 +1.580495082e+002 +1.580495082e+002 +1.717095082e+002 +1.717095082e+002 -2.6681e+000 +2.1386e+000 +2.0474e+000 +1.0320e+000 -4.1931e-001 -3.0000e+000 +1.0992e+000 -2.8743e+000 +7.5495e+000 -5.5529e+000 +8.8620e-002 -1.9750e+000 -2.9113e+000 +3.5599e-001 -1.7829e+000 +1.8525e+000 +1.3418e+000 -1.2402e+000 +5.8860e-001 +1.5060e+000
% function evaluation | noise-free fitness - Fopt (9.378400000000e+002) | best noise-free fitness - Fopt | measured fitness | best measured fitness | x1 | x2...
1 +4.569547431e+007 +4.569547431e+007 +4.569641215e+007 +4.569641215e+007 +6.4214e+000 +1.2607e+001 +9.4132e+000 +1.3236e+001 +1.3734e+001 +6.3294e+000 +5.6720e+000 +1.1273e+001 +1.3007e+001 +9.7005e+000 +1.3552e+001 +1.2516e+001 +1.4040e+001 +1.2425e+001 +1.4071e+001 +1.2415e+001 +1.2737e+001 +6.3234e+000 +5.7688e+000 +7.0214e+000
3 +8.915362088e+006 +8.915362088e+006 +8.916299928e+006 +8.916299928e+006 +1.2136e+001 +1.1702e+001 +1.4027e+001 +1.4121e+001 +1.4281e+001 +7.8935e+000 +1.1415e+001 +1.0234e+001 +1.0433e+001 +1.4280e+001 +8.0211e+000 +1.1999e+001 +1.3367e+001 +5.4716e+000 +1.2075e+001 +1.0217e+001 +6.5299e+000 +1.0113e+001 +1.3131e+001 +7.2135e+000
4 +2.330357418e+005 +2.330357418e+005 +2.339735818e+005 +2.339735818e+005 +1.1923e+001 +6.5412e+000 +8.5053e+000 +1.3672e+001 +1.1209e+001 +1.0176e+001 +5.4222e+000 +1.1925e+001 +1.1566e+001 +1.3306e+001 +8.2392e+000 +8.4647e+000 +8.9765e+000 +6.4822e+000 +1.3815e+001 +1.1876e+001 +8.3475e+000 +6.7341e+000 +1.2047e+001 +1.0359e+001
5 +6.803994920e+004 +6.803994920e+004 +6.897778920e+004 +6.897778920e+004 +8.5165e+000 +7.0292e+000 +5.5695e+000 +1.1714e+001 +6.4940e+000 +8.6354e+000 +1.2111e+001 +1.0562e+001 +1.3275e+001 +1.2594e+001 +8.3566e+000 +1.1959e+001 +8.6879e+000 +1.1472e+001 +5.9685e+000 +1.3335e+001 +5.3481e+000 +1.2851e+001 +1.4226e+001 +8.3900e+000
16 +3.079735169e+003 +3.079735169e+003 +4.017575169e+003 +4.017575169e+003 +1.4672e+001 +7.8621e+000 +1.2382e+001 +1.0273e+001 +9.9722e+000 +6.8200e+000 +1.0791e+001 +7.7338e+000 +8.2505e+000 +5.8856e+000 +7.1099e+000 +1.1214e+001 +1.1714e+001 +5.9476e+000 +8.4389e+000 +1.0081e+001 +5.4148e+000 +1.4866e+001 +8.4474e+000 +1.1070e+001
930 +2.211252809e+003 +2.211252809e+003 +3.149092809e+003 +3.149092809e+003 +1.1849e+001 +5.0853e+000 +1.8855e+001 +1.3490e+001 +1.5404e+001 +6.5376e+000 +8.4475e+000 +1.2252e+001 +8.4416e+000 +1.2367e+001 -3.2442e-002 +1.3578e+001 +1.3048e+001 -5.0349e+000 +3.9061e+000 +4.6394e+000 +9.9792e-001 +7.7633e+000 +1.0344e+001 +8.0995e+000
1720 +1.551916958e+003 +1.551916958e+003 +2.489756958e+003 +2.489756958e+003 +5.5126e+000 +6.9589e-001 +1.7135e+001 +1.3141e+001 +1.1403e+001 +1.3394e+000 +3.4765e+000 +6.7496e+000 +3.2591e+000 +7.2619e+000 -6.1178e+000 +1.0575e+001 +9.5507e+000 -1.2461e+001 -2.6965e-001 -1.6630e+000 -3.8772e+000 +3.2423e+000 +8.7144e+000 +2.9398e+000
2281 +9.252157023e+002 +9.252157023e+002 +1.863055702e+003 +1.863055702e+003 +1.2414e+000 -4.7486e-001 +1.1098e+001 +1.1374e+001 +6.0621e+000 +2.6314e-002 +3.3115e-001 +2.6970e+000 +4.5486e-001 +2.0429e+000 -7.2725e+000 +8.1427e+000 +7.9630e+000 -1.2766e+001 -1.3027e+000 -3.4064e+000 -3.4100e+000 +5.3452e-001 +6.8970e+000 -7.6435e-001
2748 +6.167129542e+002 +6.167129542e+002 +1.554552954e+003 +1.554552954e+003 -1.6577e+000 -2.8884e-001 +6.9765e+000 +9.4564e+000 +1.2430e+000 +2.6053e-001 -8.3745e-001 -4.9342e-002 -3.1350e-001 -7.1293e-001 -5.7280e+000 +6.4226e+000 +6.6991e+000 -1.0485e+001 -6.3621e-001 -3.7936e+000 -2.2364e+000 +4.3156e-001 +5.7633e+000 -2.3873e+000
4965 +3.970800764e+002 +3.970800764e+002 +1.334920076e+003 +1.334920076e+003 -1.7341e+000 +2.8096e+000 +1.6045e+000 +7.7941e+000 -3.1387e+000 +3.5275e+000 -6.5258e-001 +6.2595e-002 +1.2949e-001 -1.5999e+000 -1.2134e+000 +6.2207e+000 +4.5634e+000 -4.5528e+000 +1.6660e+000 +1.0123e+000 +2.7805e+000 +3.0783e+000 +3.9588e+000 -2.2787e+000
% function evaluation | noise-free fitness - Fopt (-7.872000000000e+001) | best noise-free fitness - Fopt | measured fitness | best measured fitness | x1 | x2...
1 +7.230341076e+007 +7.230341076e+007 +7.230333204e+007 +7.230333204e+007 +8.4068e+000 +7.8860e+000 +9.3631e+000 +1.1844e+001 +8.4151e+000 +1.2141e+001 +8.9910e+000 +5.7412e+000 +5.0383e+000 +1.2326e+001 +1.2876e+001 +1.1464e+001 +1.0030e+001 +6.0238e+000 +1.4744e+001 +9.1078e+000 +1.2280e+001 +1.2418e+001 +7.9835e+000 +6.5603e+000
3 +1.051118197e+007 +1.051118197e+007 +1.051110325e+007 +1.051110325e+007 +1.4792e+001 +6.2575e+000 +6.0803e+000 +1.0754e+001 +9.5492e+000 +8.1750e+000 +1.2135e+001 +5.1638e+000 +6.7575e+000 +7.9737e+000 +5.4992e+000 +1.1823e+001 +1.3468e+001 +6.4877e+000 +1.3067e+001 +6.4839e+000 +7.2591e+000 +8.1094e+000 +1.3275e+001 +8.0591e+000
114 +8.586092734e+006 +8.586092734e+006 +8.586014014e+006 +8.586014014e+006 +1.4201e+001 +1.0997e+001 +5.0079e+000 +1.2346e+001 +1.5123e+001 +1.2613e+001 +8.2328e+000 +9.0117e+000 +6.7017e+000 +1.0584e+001 +5.6880e+000 +1.3680e+001 +1.3097e+001 +5.3231e+000 +9.9465e+000 +9.2801e+000 +5.0161e+000 +8.9783e+000 +1.4869e+001 +1.1960e+001
306 +4.972681197e+006 +4.972681197e+006 +4.972602477e+006 +4.972602477e+006 +1.9744e+001 +1.0788e+001 +1.3185e+001 +6.7028e+000 +1.1787e+001 -4.4502e+000 +1.4371e+001 +1.1031e+001 +6.0940e+000 +9.7372e+000 +3.1054e+000 +1.1095e+001 +1.0475e+001 +1.0572e+001 +1.5341e+001 +1.7665e-001 +1.0832e+001 +1.2881e+001 +2.1594e+001 +3.2764e+000
354 +3.827802922e+005 +3.827802922e+005 +3.827015722e+005 +3.827015722e+005 +1.4792e+001 +6.2575e+000 +6.0803e+000 +1.0754e+001 +1.6309e+001 +1.7776e+001 +1.5338e+001 -2.7737e+000 +2.3534e-001 +1.0330e+001 +7.2409e+000 +1.1823e+001 +1.3468e+001 +2.6346e+000 +1.3067e+001 +6.4839e+000 +7.2591e+000 +8.1094e+000 +7.9476e+000 +8.0591e+000
417 +1.296360032e+005 +1.296360032e+005 +1.295572832e+005 +1.295572832e+005 +1.3007e+001 +2.0883e+001 +6.9230e+000 +1.4156e+001 +9.5682e+000 +1.1857e+001 +1.5232e+001 +1.2267e+001 +1.0519e+001 +1.0530e+001 -4.8159e-001 +1.1449e+001 +9.8605e+000 +5.5578e+000 +3.4381e+000 +2.8200e+000 +8.1777e+000 +1.1321e+001 +1.8222e+001 +8.3594e+000
449 +6.957331400e+004 +6.957331400e+004 +6.949459400e+004 +6.949459400e+004 +1.0888e+001 +2.5974e+001 +7.9027e+000 +9.2086e+000 +1.1201e+001 +1.0534e+001 +1.0741e+001 +5.3964e+000 +8.8006e+000 +5.9659e+000 +2.7592e-001 +1.1474e+001 +1.4647e+001 +1.1896e+001 +1.7705e+001 +2.4546e+000 +4.7704e+000 +1.1125e+001 +9.8114e+000 +5.6186e+000
458 +7.941387394e+003 +7.941387394e+003 +7.862667394e+003 +7.862667394e+003 +2.1571e+001 +2.3075e+001 +6.7985e+000 +2.5710e+001 +1.1955e+001 +7.8651e+000 +1.7789e+001 +1.2604e+001 +1.3036e+001 +2.3285e+001 +1.0566e+001 +1.4076e+001 +1.8702e+001 +1.2537e+001 +6.2891e+000 +6.5909e+000 +8.6348e+000 +9.6440e+000 +7.8871e+000 +1.6538e+001
518 +5.487856458e+003 +5.487856458e+003 +5.409136458e+003 +5.409136458e+003 +1.8298e+001 +8.8426e+000 +8.3621e+000 +1.2298e+001 +1.7023e+001 +1.5955e+001 +1.6056e+001 +4.0465e+000 +4.1702e+000 +1.6161e+001 +5.9448e+000 +1.2926e+001 +1.7466e+001 +6.8387e+000 +1.2638e+001 +7.2265e+000 +8.4396e+000 +1.3555e+001 +1.2524e+001 +1.5469e+001
578 +3.016125580e+003 +3.016125580e+003 +2.937405580e+003 +2.937405580e+003 +1.5514e+001 -2.7945e-001 +5.4138e+000 +1.0825e+001 +1.4252e+001 +1.1577e+001 +1.8479e+001 +3.7091e+000 +2.9671e+000 +1.9114e+001 +1.0267e+001 +1.2788e+001 +1.7822e+001 +5.8272e+000 +1.3224e+001 +6.9186e+000 +5.1536e+000 +1.4359e+001 +3.7178e+000 +1.4106e+001
1366 +2.497733429e+003 +2.497733429e+003 +2.419013429e+003 +2.419013429e+003 +7.7033e+000 +7.6884e+000 +7.8164e+000 +1.6445e+001 +1.5782e+001 +1.0855e+001 +7.4267e+000 +1.5422e+000 +7.2011e+000 +1.5223e+001 +7.3224e+000 +5.3604e+000 +1.6445e+001 +3.0348e+000 +9.5619e+000 +8.7544e+000 +8.8605e+000 +1.4299e+001 +1.5181e+001 +8.6941e+000
2108 +1.551079878e+003 +1.551079878e+003 +1.472359878e+003 +1.472359878e+003 -2.1873e+000 -2.2637e+000 +7.3070e+000 +1.5062e+001 +8.8317e+000 +2.9613e+000 -1.6632e+000 -3.8845e+000 +7.3940e+000 +8.3124e+000 +8.3306e+000 -1.3110e+000 +1.7169e+001 -1.3080e+000 +6.3105e+000 +4.9883e+000 +2.0946e+000 +1.3451e+001 +8.7853e+000 +8.9771e+000
3403 +9.999525093e+002 +9.999525093e+002 +9.212325093e+002 +9.212325093e+002 -2.1625e+000 +2.3877e+000 +6.4738e+000 +1.0194e+001 -7.9339e-001 -1.3337e+000 -1.2313e+000 -1.0181e+000 +6.5574e+000 +4.4949e+000 +7.5441e+000 +3.5406e-001 +1.6575e+001 -1.2358e+000 +2.5911e+000 +1.9590e+000 -1.6856e+000 +8.7360e+000 +1.6827e-001 +1.0562e+001
% function evaluation | noise-free fitness - Fopt (6.997000000000e+001) | best noise-free fitness - Fopt | measured fitness | best measured fitness | x1 | x2...
1 +2.154612236e+008 +2.154612236e+008 +2.154612935e+008 +2.154612935e+008 +6.4554e+000 +1.4774e+001 +9.3513e+000 +1.1119e+001 +7.3525e+000 +8.4012e+000 +1.0223e+001 +7.0145e+000 +1.1907e+001 +8.0018e+000 +5.1105e+000 +9.9673e+000 +6.3027e+000 +5.7630e+000 +1.4465e+001 +1.2383e+001 +1.4482e+001 +1.4303e+001 +1.3804e+001 +6.0758e+000
9 +1.051684649e+008 +1.051684649e+008 +1.051685349e+008 +1.051685349e+008 +1.4688e+001 +7.8237e+000 +1.1029e+001 +1.4614e+001 +1.2174e+001 +7.4604e+000 +1.2270e+001 +1.1089e+001 +7.4102e+000 +1.2123e+001 +8.3803e+000 +5.3380e+000 +6.2454e+000 +9.6198e+000 +8.1047e+000 +1.1760e+001 +8.2048e+000 +1.1377e+001 +8.5893e+000 +8.5262e+000
12 +7.593640839e+007 +7.593640839e+007 +7.593647836e+007 +7.593647836e+007 +1.1499e+001 +1.0390e+001 +6.2134e+000 +1.2782e+001 +1.3942e+001 +1.1111e+001 +5.3290e+000 +5.2081e+000 +6.6112e+000 +5.5403e+000 +5.8905e+000 +1.0928e+001 +1.3591e+001 +1.1616e+001 +1.1330e+001 +1.4466e+001 +8.3159e+000 +1.0003e+001 +1.1174e+001 +5.0374e+000
17 +4.915470193e+007 +4.915470193e+007 +4.915477190e+007 +4.915477190e+007 +8.1467e+000 +1.3284e+001 +9.2110e+000 +1.0596e+001 +8.3063e+000 +1.2646e+001 +1.1985e+001 +1.3777e+001 +1.2358e+001 +6.8097e+000 +1.4532e+001 +5.1971e+000 +8.1870e+000 +1.2486e+001 +8.4267e+000 +8.7318e+000 +8.2822e+000 +5.1094e+000 +8.9360e+000 +1.0445e+001
173 +2.061822317e+007 +2.061822317e+007 +2.061829314e+007 +2.061829314e+007 +7.4708e+000 +1.1522e+001 +4.2821e+000 +9.9091e+000 +5.8229e+000 +1.4922e+001 +1.0413e+001 +1.3910e+001 +6.1096e+000 +7.9338e+000 +1.3633e+001 +5.2557e+000 +1.2282e+001 +1.4568e+001 +1.2104e+001 +5.9710e+000 +8.2825e+000 +9.7342e+000 +9.9128e+000 +7.0269e+000
319 +1.165117081e+007 +1.165117081e+007 +1.165124078e+007 +1.165124078e+007 +1.3642e+001 +1.5516e+001 +5.4213e+000 +5.2174e+000 +9.2297e+000 +1.7108e+001 +1.2765e+001 +8.6448e+000 +9.6498e+000 +4.2468e+000 +3.3398e+000 +6.2747e+000 +9.6355e+000 +1.3023e+001 +1.1409e+001 +8.3718e+000 +1.6525e+001 -1.9128e+000 +1.1640e+001 +6.8790e+000
326 +8.364568436e+006 +8.364568436e+006 +8.364638406e+006 +8.364638406e+006 +1.4737e+001 +1.8741e+001 +8.0751e+000 +1.0485e+001 +1.0644e+001 +1.4922e+001 +1.0413e+001 +1.3910e+001 +1.5274e+001 +7.9338e+000 +1.4306e+001 +5.2557e+000 +1.2282e+001 +1.8759e+001 +1.2104e+001 +1.1263e+001 +8.2825e+000 +9.7342e+000 +9.9128e+000 +7.0269e+000
356 +4.172245592e+006 +4.172245592e+006 +4.172315562e+006 +4.172315562e+006 +9.2460e+000 +1.2536e+001 +7.5178e+000 +8.8479e+000 +1.4349e+001 +1.4212e+001 +1.3657e+001 +9.1406e+000 +5.1374e+000 +5.1805e+000 +7.6875e+000 +3.0253e+000 +8.9805e+000 +1.0930e+001 +3.0168e+000 +6.7640e+000 +9.9272e+000 -1.0332e+001 +1.1501e+001 +5.8770e+000
357 +1.577115951e+006 +1.577115951e+006 +1.577185921e+006 +1.577185921e+006 +1.2046e+001 +1.8190e+001 +7.2032e+000 +1.3262e+001 +1.1054e+001 +2.7641e+000 +5.4680e+000 +1.1940e+001 +1.4966e+001 +8.7022e-001 +5.0874e+000 +4.7789e+000 +7.0474e+000 +1.3847e+001 +5.3602e+000 +1.4838e+001 +8.5610e+000 +6.9211e+000 +5.6681e+000 +3.0346e+000
396 +3.284112923e+005 +3.284112923e+005 +3.284812623e+005 +3.284812623e+005 +1.2739e+001 +1.6702e+001 +5.2768e+000 +1.0331e+001 +3.1799e+000 +1.5052e+001 +8.5115e+000 +7.9892e+000 +9.0170e-001 +4.2735e+000 +8.4689e+000 +4.6001e-001 +8.4547e+000 +3.5247e+000 +7.7263e+000 +5.0662e+000 +1.0174e+001 +7.9828e+000 +8.7221e+000 +2.6947e+000
482 +1.411960540e+005 +1.411960540e+005 +1.412660240e+005 +1.412660240e+005 +1.4260e+001 +2.0431e+001 +5.7822e+000 +8.3131e+000 +1.5302e+001 +8.4023e+000 +1.3023e+001 +1.2737e+001 +1.8494e+001 +3.9680e+000 +7.4004e+000 +2.4876e+000 +3.2144e+000 +1.4595e+001 +1.1614e+001 +1.3871e+001 +8.4898e+000 +5.6178e+000 +1.0808e+001 +6.4651e+000
527 +2.380276617e+004 +2.380276617e+004 +2.387273617e+004 +2.387273617e+004 +1.9437e+000 +1.1244e+001 +6.7718e+000 +7.4258e+000 +2.1492e+001 +7.1965e+000 +1.6276e+001 +1.1350e+001 +5.9460e+000 +6.3380e-001 +9.4426e+000 +6.1843e+000 +9.2872e+000 +2.8588e+001 +7.7037e+000 +1.2128e+001 +9.5707e+000 -5.8035e+000 +1.2442e+001 +6.9620e+000
601 +6.607359051e+003 +6.607359051e+003 +6.677329051e+003 +6.677329051e+003 +1.9437e+000 +1.1244e+001 +9.7268e+000 +7.0282e+000 +2.1492e+001 +7.1965e+000 +1.6276e+001 +8.2805e+000 +1.0248e+001 +6.3380e-001 +9.4426e+000 +7.1360e+000 +1.6023e+001 +2.8588e+001 -4.9278e+000 +2.1663e+000 +1.4884e+001 -5.8035e+000 +1.2442e+001 +6.1472e+000
705 +4.980768550e+003 +4.980768550e+003 +5.050738550e+003 +5.050738550e+003 +6.0391e+000 +1.6360e+001 +1.0423e+001 +9.1110e+000 +2.0500e+001 +1.3865e+001 +1.3773e+001 +1.3890e+001 +6.7229e+000 +1.9339e+000 +9.3034e+000 +5.0193e+000 +1.5143e+001 +2.7327e+001 +6.9245e+000 +4.3291e+000 +1.3262e+001 +3.0167e+000 +1.2869e+001 +7.8485e+000
752 +3.215570942e+003 +3.215570942e+003 +3.285540942e+003 +3.285540942e+003 +7.9488e+000 +1.7377e+001 +8.7315e+000 +8.8945e+000 +1.9798e+001 +1.0935e+001 +1.5143e+001 +1.2027e+001 +1.0444e+001 +3.4885e+000 +9.3087e+000 +5.2405e+000 +1.2601e+001 +2.5015e+001 +5.7109e+000 +5.8934e+000 +1.3305e+001 +1.3683e+000 +1.3071e+001 +6.7916e+000
2075 +2.510218383e+003 +2.510218383e+003 +2.580188383e+003 +2.580188383e+003 +1.8509e+001 +1.5293e+001 -3.3202e+000 +8.0737e+000 +1.3456e+001 +1.1798e+001 +9.9009e+000 +5.3246e+000 +8.5574e+000 +3.8159e+000 +5.3443e+000 +1.0142e+001 +5.5238e+000 +2.1743e+001 +1.4777e+001 -2.2710e+000 +4.4954e+000 +1.0027e+001 +6.4568e+000 +3.5439e+000
2824 +1.582863421e+003 +1.582863421e+003 +1.652833421e+003 +1.652833421e+003 +2.0000e+001 +9.5915e+000 -1.1943e+001 +8.2387e+000 +5.6006e+000 +7.2091e+000 +3.2866e+000 -3.8357e+000 +1.3279e+001 +4.2901e+000 +2.7698e+000 +1.0238e+001 +6.3369e+000 +1.3048e+001 +1.4861e+001 -6.5929e+000 -2.2804e+000 +8.9651e-002 +3.6356e+000 +6.3503e-001
% function evaluation | noise-free fitness - Fopt (9.791400000000e+002) | best noise-free fitness - Fopt | measured fitness | best measured fitness | x1 | x2...
1 +2.636066499e+008 +2.636066499e+008 +2.636076291e+008 +2.636076291e+008 +5.4272e+000 +9.0892e+000 +6.2489e+000 +1.2284e+001 +1.1814e+001 +6.3504e+000 +5.7656e+000 +9.4664e+000 +7.1639e+000 +8.0692e+000 +1.2299e+001 +1.4225e+001 +7.1632e+000 +1.4863e+001 +1.4929e+001 +8.7166e+000 +1.2736e+001 +1.3048e+001 +6.4401e+000 +1.2114e+001
17 +2.053012833e+008 +2.053012833e+008 +2.053022624e+008 +2.053022624e+008 +1.1509e+001 +7.8407e+000 +7.1549e+000 +8.0615e+000 +1.4078e+001 +9.6102e+000 +7.1999e+000 +1.1052e+001 +7.7138e+000 +9.9887e+000 +1.2740e+001 +5.3933e+000 +1.2391e+001 +7.5341e+000 +1.2739e+001 +9.1719e+000 +6.2341e+000 +9.5874e+000 +9.2125e+000 +6.0008e+000
28 +1.437554600e+008 +1.437554600e+008 +1.437564391e+008 +1.437564391e+008 +5.8827e+000 +5.4516e+000 +1.1384e+001 +9.5670e+000 +8.7862e+000 +6.2318e+000 +5.9691e+000 +5.4484e+000 +1.0517e+001 +9.7688e+000 +1.2607e+001 +1.3895e+001 +1.4430e+001 +5.6220e+000 +1.0645e+001 +1.0947e+001 +1.3378e+001 +1.4931e+001 +7.1913e+000 +6.4207e+000
62 +8.349630027e+007 +8.349630027e+007 +8.349727941e+007 +8.349727941e+007 +1.2181e+001 +9.3695e+000 +1.2474e+001 -1.8447e-001 +1.2774e+001 +9.6770e+000 +6.7980e+000 +8.7734e+000 +9.3745e+000 +7.1875e+000 +1.2873e+001 +6.9712e+000 +1.3811e+001 +1.8041e+001 +6.6845e+000 +8.4219e+000 +1.4844e+001 +1.4604e+001 +9.3804e+000 +8.1509e+000
227 +5.378593372e+007 +5.378593372e+007 +5.378691286e+007 +5.378691286e+007 +1.0749e+001 +1.4256e+001 +1.4721e+001 +5.6307e+000 +1.6888e+001 +3.6537e+000 +6.5454e+000 +1.0772e+001 +5.6711e+000 +1.0198e+001 +1.3295e+001 +7.3418e+000 +9.0685e+000 +1.1024e+001 +5.6961e+000 +1.3795e+001 +1.1498e+001 +7.9893e+000 +9.5103e+000 +5.3292e+000
230 +3.630597257e+007 +3.630597257e+007 +3.630695171e+007 +3.630695171e+007 +8.3416e+000 +1.4787e+001 +7.1549e+000 +8.0615e+000 +1.6396e+001 +8.2051e+000 +1.7670e+001 +9.8787e+000 -3.6490e+000 +9.9887e+000 +1.2740e+001 +8.7526e+000 +1.2391e+001 +1.0938e+000 +2.7599e+000 +1.1636e+001 +5.0200e-001 +7.9522e+000 +1.1797e+001 +6.3529e+000
246 +1.059576674e+007 +1.059576674e+007 +1.059674588e+007 +1.059674588e+007 +5.8827e+000 +1.8589e+001 +7.0003e+000 +4.8720e+000 +1.2745e+001 +8.3679e+000 +5.9691e+000 +1.2123e+001 -5.4306e+000 +5.3474e+000 +1.6969e+001 +1.2170e+001 +1.1583e+001 +5.6220e+000 +6.1386e-001 +8.9162e+000 +1.3378e+001 +1.0026e+001 +6.2387e+000 +6.4207e+000
324 +9.966600179e+006 +9.966600179e+006 +9.967579319e+006 +9.967579319e+006 +8.6071e+000 +1.0817e+001 +1.4396e+001 -3.3164e-001 +1.5621e+001 +2.4818e+000 +9.5365e+000 +7.2528e+000 +8.5254e+000 +9.7483e+000 +6.8108e+000 +6.1045e+000 +1.6812e+001 +6.0133e+000 +1.8157e-001 +1.0871e+001 +1.0184e+001 +1.2531e+001 +1.1715e+001 +1.6779e+001
369 +1.426635198e+005 +1.426635198e+005 +1.436426598e+005 +1.436426598e+005 +1.0749e+001 +1.0099e+001 +1.4721e+001 +5.6307e+000 +3.5116e+001 +8.5749e+000 +6.5454e+000 +1.3587e+001 +7.6785e+000 +1.0198e+001 +1.9747e+001 +7.3418e+000 +9.0685e+000 +1.1024e+001 -3.1936e+000 +7.3389e+000 +4.3668e+000 +7.9893e+000 +9.5103e+000 +5.3292e+000
386 +1.226827402e+004 +1.226827402e+004 +1.324741402e+004 +1.324741402e+004 +5.8827e+000 +1.1626e+001 +7.0003e+000 +3.4505e+000 +1.2745e+001 +8.3679e+000 +3.6234e+000 +1.2123e+001 -5.4306e+000 +6.0881e+000 +1.6969e+001 +8.2394e+000 +1.6030e+001 +7.4101e+000 +6.1386e-001 +1.1041e+001 +7.0058e+000 +7.5896e+000 +6.2387e+000 +1.5632e+001
579 +6.603138949e+003 +6.603138949e+003 +7.582278949e+003 +7.582278949e+003 +4.7919e+000 +7.2678e+000 +9.4324e+000 +6.7832e+000 +2.3483e+001 +6.6673e+000 +7.6438e+000 +1.6059e+001 -8.7940e-001 +1.2452e+001 +1.8538e+001 +8.0913e+000 +1.4007e+001 +1.0236e+001 +3.0061e+000 +1.2754e+001 +6.5618e+000 +6.4844e+000 +1.0179e+001 +1.3371e+001
627 +5.725117067e+003 +5.725117067e+003 +6.704257067e+003 +6.704257067e+003 +7.4784e+000 +8.5582e+000 +7.5920e+000 -1.0151e+001 +2.7268e+001 +9.7690e+000 +1.4643e+001 +7.0870e+000 +6.7877e+000 +1.3471e+001 +9.7041e+000 +4.2816e+000 +1.7345e+001 +1.3232e+001 +9.5562e+000 +8.4099e+000 +9.6322e+000 +1.1320e+001 +1.1479e+001 +7.3997e+000
950 +3.257612606e+003 +3.257612606e+003 +4.236752606e+003 +4.236752606e+003 +7.0476e+000 +1.1028e+001 +7.2607e+000 -2.2992e+000 +2.9579e+001 +1.0764e+001 +1.4285e+001 +1.2819e+001 +6.5600e-001 +1.3321e+001 +1.6047e+001 +8.3281e+000 +1.7748e+001 +1.4152e+001 +9.7586e+000 +1.0931e+001 +8.6047e+000 +1.1776e+001 +1.1089e+001 +1.1323e+001
1131 +2.424295865e+003 +2.424295865e+003 +3.403435865e+003 +3.403435865e+003 +7.5367e+000 +1.1200e+001 +1.0841e+001 +8.3306e+000 +1.0577e+001 +4.2546e+000 +3.7895e+000 +7.1724e+000 -1.0948e+001 +8.8139e+000 +2.4485e+001 +9.0945e+000 +5.8692e+000 +6.1753e+000 +9.6012e+000 +1.2539e+001 +4.2869e+000 +1.2233e+001 +1.1917e+001 +1.2847e+001
1612 +1.510847130e+003 +1.510847130e+003 +2.489987130e+003 +2.489987130e+003 +6.4309e+000 +1.0712e+001 +1.0155e+001 +2.2462e+000 +1.5677e+001 +7.3125e+000 +3.3040e+000 +6.2608e+000 -8.3560e+000 +9.7206e+000 +1.3788e+001 +2.5827e+000 +7.4039e+000 +8.5553e+000 +9.6697e+000 +1.0331e+001 +3.0875e+000 +1.0245e+001 +1.1984e+001 +7.4310e+000
2183 +9.798620494e+002 +9.798620494e+002 +1.959002049e+003 +1.959002049e+003 +3.6941e+000 +1.0646e+001 +7.0998e+000 +3.1522e+000 +5.9614e+000 +5.4485e+000 -2.0097e+000 +2.8202e+000 -1.5713e+001 +6.1518e+000 +8.7164e+000 +9.7553e-002 +1.9325e+000 +2.1276e+000 +1.0441e+001 +8.1524e+000 -1.3964e+000 +8.3424e+000 +1.0025e+001 -2.5404e-001
3485 +6.306730790e+002 +6.306730790e+002 +1.609813079e+003 +1.609813079e+003 +2.7161e+000 +9.2783e+000 +5.1119e+000 -2.6860e-001 +6.8082e+000 +6.0632e+000 -1.1500e+000 -1.7155e-002 -1.3323e+001 +4.9500e+000 +1.1240e+000 -4.5577e+000 -1.0838e+000 -6.1286e-001 +7.0491e+000 +4.7458e+000 -4.6705e+000 +4.1148e+000 +8.3338e+000 -5.9137e+000
% function evaluation | noise-free fitness - Fopt (-8.900000000000e-001) | best noise-free fitness - Fopt | measured fitness | best measured fitness | x1 | x2...
1 +1.263248273e+006 +1.263248273e+006 +1.263247383e+006 +1.263247383e+006 +8.9929e+000 +8.8556e+000 +7.5170e+000 +1.4216e+001 +5.4114e+000 +9.1000e+000 +8.9299e+000 +7.0231e+000 +7.8581e+000 +1.4064e+001 +7.0930e+000 +8.4490e+000 +1.1248e+001 +1.2335e+001 +8.3871e+000 +1.1717e+001 +1.2043e+001 +8.1763e+000 +1.1977e+001 +1.2177e+001
4 +8.880729426e+004 +8.880729426e+004 +8.880640426e+004 +8.880640426e+004 +5.9392e+000 +1.0651e+001 +1.2154e+001 +9.1280e+000 +1.0933e+001 +8.4399e+000 +1.3065e+001 +8.3057e+000 +1.1671e+001 +1.0491e+001 +5.3918e+000 +8.1611e+000 +7.5796e+000 +6.4957e+000 +8.3788e+000 +6.5663e+000 +9.2585e+000 +6.3580e+000 +8.4082e+000 +1.1343e+001
6 +3.706606794e+004 +3.706606794e+004 +3.706517794e+004 +3.706517794e+004 +5.2183e+000 +7.7718e+000 +9.9328e+000 +8.2051e+000 +1.4339e+001 +1.3443e+001 +1.2859e+001 +1.0388e+001 +1.1353e+001 +1.2006e+001 +7.5431e+000 +1.0505e+001 +1.2970e+001 +1.3919e+001 +1.4164e+001 +8.3302e+000 +1.3692e+001 +9.4545e+000 +8.7224e+000 +1.4079e+001
14 +7.532620180e+003 +7.532620180e+003 +7.531730180e+003 +7.531730180e+003 +1.1917e+001 +1.2617e+001 +6.7473e+000 +5.4496e+000 +5.0648e+000 +1.3539e+001 +1.4867e+001 +1.4055e+001 +8.8970e+000 +6.6668e+000 +1.0412e+001 +1.0633e+001 +9.2083e+000 +6.2817e+000 +9.2765e+000 +1.4898e+001 +9.7095e+000 +7.5175e+000 +6.3012e+000 +8.8598e+000
86 +2.672226468e+003 +2.672226468e+003 +2.671336468e+003 +2.671336468e+003 +1.0345e+001 +5.9016e+000 +1.4368e+001 +4.3269e+000 +1.4296e+001 +6.4721e+000 +5.6611e+000 +1.0052e+001 +5.8509e+000 +1.6277e+001 +9.5311e+000 +4.7435e+000 +1.4198e+001 +1.1506e+001 +1.0134e+001 +1.3566e+001 +1.2236e+001 +1.5456e+001 +9.4036e+000 +1.4620e+001
557 +2.211716612e+003 +2.211716612e+003 +2.210826612e+003 +2.210826612e+003 +8.7723e+000 +6.5731e+000 +2.6547e+000 +1.5504e+001 +5.6143e+000 +1.0601e+001 +1.3041e+001 +1.6295e+001 +6.2165e+000 -2.8303e+000 +1.4237e+001 +1.3911e+001 +1.5977e+001 +9.6662e+000 +5.0626e+000 +1.2307e+001 +8.3846e+000 +1.3642e+000 +1.1203e+001 +1.0259e+001
1364 +1.470415249e+003 +1.470415249e+003 +1.469525249e+003 +1.469525249e+003 +1.6104e+000 -4.9517e-001 -7.1438e+000 +1.1305e+001 -3.4242e+000 +7.0936e+000 +7.5629e+000 +1.1689e+001 -2.6327e+000 -1.6587e+001 +1.1844e+001 +9.3146e+000 +1.0144e+001 +4.2355e+000 -5.2288e+000 +7.0618e+000 +1.4824e+000 -7.5138e+000 +8.1409e+000 +2.1143e+000
2324 +9.998531605e+002 +9.998531605e+002 +9.989631605e+002 +9.989631605e+002 -3.4885e-001 -1.0079e+000 -2.7302e+000 +6.0318e+000 -2.5527e+000 +5.3785e+000 +4.1651e+000 +9.6516e+000 -2.9939e+000 -1.0823e+001 +1.1595e+001 +5.0167e+000 +5.9877e+000 +5.4359e+000 -7.4024e+000 +6.4148e+000 +1.9643e+000 -8.9348e-001 +8.5736e+000 -1.0575e+000
3179 +6.206491832e+002 +6.206491832e+002 +6.197591832e+002 +6.197591832e+002 -5.0604e-001 -6.9070e-001 +3.2695e+000 +1.1451e+000 +1.8224e-001 +3.9943e+000 +1.2255e+000 +8.3399e+000 -1.5692e+000 -3.1951e-001 +1.1632e+001 +4.3314e-001 +3.8924e+000 +7.7540e+000 -7.7595e+000 +7.3365e+000 +3.5970e+000 +6.2274e+000 +8.5724e+000 -6.3770e-001
% function evaluation | noise-free fitness - Fopt (-2.206000000000e+001) | best noise-free fitness - Fopt | measured fitness | best measured fitness | x1 | x2...
1 +3.867774664e+008 +3.867774664e+008 +3.867774443e+008 +3.867774443e+008 +5.6021e+000 +1.3221e+001 +1.1553e+001 +1.1228e+001 +1.4935e+001 +1.1139e+001 +8.3266e+000 +1.4265e+001 +6.1712e+000 +1.3508e+001 +7.4405e+000 +1.1586e+001 +7.2496e+000 +1.3901e+001 +1.2922e+001 +5.2563e+000 +7.3150e+000 +6.0795e+000 +1.2723e+001 +7.7184e+000
9 +2.392872783e+008 +2.392872783e+008 +2.392872562e+008 +2.392872562e+008 +9.3530e+000 +7.9523e+000 +5.6411e+000 +8.1185e+000 +6.9469e+000 +6.8866e+000 +1.3497e+001 +1.4856e+001 +1.4424e+001 +9.7469e+000 +8.4802e+000 +9.2205e+000 +1.3265e+001 +1.1066e+001 +1.0491e+001 +5.8605e+000 +9.7619e+000 +6.9383e+000 +1.3894e+001 +8.1213e+000
124 +6.166399799e+007 +6.166399799e+007 +6.166397593e+007 +6.166397593e+007 +3.0646e+000 +1.9195e+001 +7.7909e+000 +8.4953e+000 +8.2391e+000 +5.5299e+000 +7.4485e+000 +1.3014e+001 +1.2350e+001 +5.0778e+000 +9.3382e+000 +7.6038e+000 +1.6853e+001 +1.0174e+001 +9.1003e+000 +7.8014e+000 +5.0748e+000 +1.3832e+001 +1.3565e+001 +1.7368e+001
198 +3.009052494e+007 +3.009052494e+007 +3.009050288e+007 +3.009050288e+007 +1.0997e+001 +1.1291e+001 +4.3495e+000 +5.7383e+000 -6.1496e-001 +4.4958e+000 +1.2064e+001 +1.1210e+001 +1.1355e+001 +8.8159e+000 +5.1636e+000 +5.2312e+000 +1.5270e+001 +8.8866e+000 +5.2278e+000 +4.7594e+000 +6.8361e+000 +1.5227e+001 +7.6946e+000 +1.3646e+001
282 +1.642197097e+007 +1.642197097e+007 +1.642194891e+007 +1.642194891e+007 +7.1112e+000 +1.0480e+001 +4.0469e+000 +1.3061e+001 -3.1240e+000 +1.5001e+000 +1.5901e+001 +1.4091e+001 +1.3431e+001 +8.0321e+000 +4.6090e+000 +7.9279e+000 +1.4377e+001 +8.0445e+000 +7.7671e+000 +1.9025e+000 +9.3233e+000 +1.9420e+001 +8.5112e+000 +1.4682e+001
381 +1.462152612e+007 +1.462152612e+007 +1.462150406e+007 +1.462150406e+007 +7.2025e+000 +5.2109e+000 +4.3252e+000 +8.5310e+000 +7.8501e+000 +1.1483e+000 -3.1364e+000 +1.2743e+001 +1.0398e+001 +1.1162e+001 +2.8801e+000 +1.0604e+001 +8.9983e+000 +2.0696e+001 +1.7568e+001 +1.2973e+001 +4.1354e+000 +1.1038e+001 +1.0608e+001 +9.4524e+000
414 +5.692103771e+006 +5.692103771e+006 +5.692081711e+006 +5.692081711e+006 +8.2387e+000 +2.4902e+001 +5.9347e+000 +1.2406e+001 +2.0892e+000 +5.1786e+000 +1.3712e+001 +1.6835e+001 +1.7084e+001 +1.0788e+001 +7.4466e+000 +1.1614e+001 +1.7101e+001 +1.3866e+001 +1.0897e+001 +1.4382e+000 +4.1476e+000 +2.7817e+001 +1.5504e+001 +2.0067e+001
418 +1.900611937e+006 +1.900611937e+006 +1.900589877e+006 +1.900589877e+006 +1.2242e+001 +1.8384e+001 +7.4171e+000 -1.6586e-001 +1.4568e+000 +6.9703e+000 +5.4127e+000 +9.0669e+000 +1.5725e+001 +7.8248e+000 +1.0461e+001 +2.1912e+000 +1.4490e+001 +6.9271e+000 +7.9571e+000 +6.3270e+000 -1.8079e+000 +2.5551e+001 +1.1264e+001 +1.6805e+001
462 +6.380765569e+003 +6.380765569e+003 +6.358705569e+003 +6.358705569e+003 +7.2395e+000 +1.8897e+001 +2.8582e+000 +1.0258e+001 +1.0269e+001 +7.1693e+000 +1.1499e+001 +1.3313e+001 +1.6698e+001 +1.5761e+001 +9.0370e-001 +6.0579e+000 +2.0184e+001 +1.2736e+001 +1.3117e+001 +5.4419e+000 -1.8056e+000 +2.2496e+001 +6.5313e+000 +1.6819e+001
591 +4.779693978e+003 +4.779693978e+003 +4.757633978e+003 +4.757633978e+003 +7.5275e+000 +5.4799e+000 +1.0493e+001 +6.2119e+000 +9.8054e+000 +6.2503e+000 +3.7479e+000 +2.2393e+001 +3.1830e-001 +6.4276e+000 +1.0580e+001 +8.7290e+000 +1.9766e+001 +3.8482e+000 +2.7454e+001 +3.4537e+000 -6.5953e+000 +1.4295e+001 +1.0630e+001 +2.3830e+000
844 +3.521283165e+003 +3.521283165e+003 +3.499223165e+003 +3.499223165e+003 +7.6709e+000 +9.2262e+000 +1.1521e+001 +1.1889e+001 +5.7443e+000 +5.2788e+000 +7.8781e+000 +2.4366e+001 +4.6295e+000 +2.5263e+000 +1.0151e+001 +8.1994e+000 +1.7705e+001 +1.8193e+000 +2.7648e+001 +1.7307e+000 -4.6894e-001 +2.3300e+001 +8.9801e+000 +9.5019e+000
2219 +2.444303189e+003 +2.444303189e+003 +2.422243189e+003 +2.422243189e+003 +1.0024e+001 +9.6220e+000 +5.3412e+000 +1.0348e+001 +2.3546e+000 +5.6493e+000 +6.9700e+000 +1.8258e+001 +5.9872e+000 +1.1643e+001 +4.9351e+000 +7.6075e+000 +2.0896e+001 +9.9020e+000 +1.3124e+001 +5.4874e+000 -4.1379e-001 +1.4809e+001 +7.0238e+000 +1.5124e+001
2660 +1.549257715e+003 +1.549257715e+003 +1.527197715e+003 +1.527197715e+003 +8.5653e+000 +1.1182e+001 +8.5421e-001 +4.3593e+000 -4.4251e+000 +4.2850e+000 +6.9622e+000 +3.8584e+000 +4.0419e+000 +1.0009e+001 +3.0890e+000 +8.0649e+000 +1.9282e+001 +8.6457e+000 +1.2767e+001 +3.0727e+000 +2.7662e+000 +1.6486e+001 +7.7666e+000 +9.7733e+000
4034 +9.986972542e+002 +9.986972542e+002 +9.766372542e+002 +9.766372542e+002 +6.9557e+000 +8.5313e+000 -3.6878e+000 -1.4766e+000 -9.6459e+000 +2.5757e+000 +5.8548e+000 -8.4378e+000 +1.1464e+000 +1.0052e+001 +3.6906e-001 +6.8756e+000 +1.7710e+001 +6.9496e+000 +1.0023e+001 +2.5529e+000 +4.6689e-001 +7.6453e+000 +7.4508e+000 +4.9704e+000
% function evaluation | noise-free fitness - Fopt (1.632800000000e+002) | best noise-free fitness - Fopt | measured fitness | best measured fitness | x1 | x2...
1 +4.058452930e+007 +4.058452930e+007 +4.058469258e+007 +4.058469258e+007 +7.1147e+000 +9.4199e+000 +1.2786e+001 +1.1840e+001 +6.3780e+000 +6.4556e+000 +8.5126e+000 +1.4622e+001 +6.0250e+000 +6.5417e+000 +5.9688e+000 +1.2908e+001 +1.1275e+001 +1.1726e+001 +7.9618e+000 +1.1308e+001 +1.1106e+001 +6.6570e+000 +6.4279e+000 +7.8315e+000
3 +5.224692578e+003 +5.224692578e+003 +5.387972578e+003 +5.387972578e+003 +7.2929e+000 +8.8679e+000 +8.1253e+000 +6.2629e+000 +6.8356e+000 +9.5536e+000 +5.1157e+000 +6.4617e+000 +6.3298e+000 +1.3369e+001 +9.9428e+000 +8.1043e+000 +1.3081e+001 +7.1599e+000 +1.2724e+001 +5.3618e+000 +7.9298e+000 +9.0381e+000 +1.1285e+001 +1.0077e+001
667 +3.972662167e+003 +3.972662167e+003 +4.135942167e+003 +4.135942167e+003 +7.4598e+000 +1.3869e+001 +1.4405e+001 +6.0971e+000 +9.6879e+000 +1.1475e+001 +9.8800e+000 +1.3134e+001 +1.3877e+001 +1.0028e+001 +1.2378e+001 +1.4129e+001 +1.1428e+001 +1.3906e+001 +1.3747e+001 +9.3703e+000 +8.4153e+000 +1.3906e+001 +1.2293e+001 +8.1972e+000
1171 +2.456881084e+003 +2.456881084e+003 +2.620161084e+003 +2.620161084e+003 -3.1600e+000 +1.5464e+001 +1.5938e+001 +2.3008e-001 +4.0318e+000 +8.0170e+000 +6.2501e+000 +8.4738e+000 +1.7107e+001 +9.3971e-001 +1.0298e+001 +1.2792e+001 +9.7941e-001 +1.5989e+001 +7.2441e+000 +6.5248e+000 +7.5420e-001 +9.9285e+000 +5.4147e+000 +1.6482e+000
1218 +1.472065569e+003 +1.472065569e+003 +1.635345569e+003 +1.635345569e+003 +4.8445e-001 +1.3683e+001 +1.3962e+001 -7.1972e-001 +3.4409e+000 +5.5990e+000 +6.1558e+000 +7.4117e+000 +1.3641e+001 -1.3426e+000 +6.9943e+000 +1.2355e+001 +8.2366e-001 +1.2246e+001 +6.1519e+000 +4.7677e+000 -1.5810e-001 +9.2247e+000 +5.5450e+000 +1.8448e+000
1314 +9.237124152e+002 +9.237124152e+002 +1.086992415e+003 +1.086992415e+003 -1.9724e+000 +1.2853e+001 +1.2910e+001 -3.1655e+000 +1.3502e+000 +2.9637e+000 +4.5795e+000 +4.7794e+000 +1.2456e+001 -5.7705e+000 +4.2941e+000 +1.1180e+001 -2.6738e+000 +1.0832e+001 +3.2340e+000 +2.9925e+000 -3.3341e+000 +7.2361e+000 +2.8467e+000 -9.7555e-001
1514 +5.872697554e+002 +5.872697554e+002 +7.505497554e+002 +7.505497554e+002 -6.3885e+000 +9.3603e+000 +8.5948e+000 -6.3818e+000 -2.7117e+000 -1.2297e+000 +7.8613e-001 -6.0035e-001 +9.6635e+000 -8.4256e+000 -3.9908e-001 +7.1641e+000 -8.2602e+000 +5.4980e+000 -7.9454e-001 -1.6731e+000 -5.7363e+000 +1.8320e+000 -1.2444e+000 -3.2085e+000
2535 +3.892245532e+002 +3.892245532e+002 +5.525045532e+002 +5.525045532e+002 -6.7403e+000 +7.6473e+000 +5.8323e+000 -6.6363e+000 -4.7059e+000 -4.0539e+000 -9.3403e-001 -3.5378e+000 +7.6468e+000 -7.2143e+000 -3.1945e+000 +4.0095e+000 -9.8442e+000 +4.5564e-002 -1.7009e+000 -4.9983e+000 -6.5699e+000 -5.0130e-001 -1.5666e+000 -3.5836e+000
3105 +2.504562832e+002 +2.504562832e+002 +4.137362832e+002 +4.137362832e+002 -5.0521e+000 +7.7529e+000 +5.7424e+000 -4.6737e+000 -3.7237e+000 -2.6543e+000 -5.2634e-001 -2.0515e+000 +7.9449e+000 -3.1114e+000 -1.9700e+000 +3.6495e+000 -7.6929e+000 -4.2362e-001 +6.5724e-001 -3.7701e+000 -4.4587e+000 +2.4036e-001 +3.3714e-001 -1.2432e+000
% function evaluation | noise-free fitness - Fopt (3.349000000000e+001) | best noise-free fitness - Fopt | measured fitness | best measured fitness | x1 | x2...
1 +3.157272453e+008 +3.157272453e+008 +3.157272788e+008 +3.157272788e+008 +1.4022e+001 +6.4128e+000 +6.5698e+000 +6.2384e+000 +9.0281e+000 +6.1591e+000 +6.4639e+000 +1.0658e+001 +6.6516e+000 +6.7748e+000 +1.0922e+001 +1.2479e+001 +1.2123e+001 +1.1981e+001 +1.1966e+001 +9.4283e+000 +7.6334e+000 +1.2243e+001 +1.3148e+001 +1.0655e+001
126 +2.125986535e+008 +2.125986535e+008 +2.125986870e+008 +2.125986870e+008 +1.2411e+001 +1.1610e+001 +7.9155e+000 +1.4864e+001 +5.4277e+000 +8.4661e+000 +5.0300e+000 +6.8181e+000 +8.9994e+000 +1.2197e+001 +7.0332e+000 +7.0594e+000 +1.2832e+001 +5.8043e+000 +7.6494e+000 +3.7706e+000 +7.0636e+000 -8.2563e-002 +9.3767e+000 +3.9306e+000
249 +1.545398554e+008 +1.545398554e+008 +1.545398889e+008 +1.545398889e+008 +1.3549e+001 +1.7690e+001 +4.0766e+000 +1.0000e+001 +9.0352e+000 +6.4040e+000 +7.1827e+000 +9.2131e+000 +5.5936e+000 +8.5084e+000 +1.9319e+001 +1.3978e+001 +1.3200e+001 +7.9474e+000 +1.3578e+001 +5.8339e+000 +1.1074e+001 +5.5388e+000 +5.3541e+000 +2.0743e+000
302 +9.787106376e+007 +9.787106376e+007 +9.787109725e+007 +9.787109725e+007 +1.7790e+001 +4.4464e+000 +8.1758e+000 +1.6282e+001 +7.3269e+000 +6.0561e+000 +4.4970e+000 +5.3027e+000 +3.3717e+000 +8.6970e+000 +1.2796e+001 +1.1600e+001 +1.0001e+001 +1.1647e+001 +1.4441e+001 +1.0203e+001 +7.7191e+000 +3.6835e+000 +2.0856e+000 +2.1137e+000
491 +5.696407424e+007 +5.696407424e+007 +5.696410773e+007 +5.696410773e+007 +1.6459e+001 +2.6346e+000 +5.5793e+000 +1.5208e+001 +1.2778e+001 +4.3826e+000 +4.2387e+000 +5.5052e+000 +5.2331e+000 +1.1270e+001 +1.1024e+001 +1.5179e+001 +1.1722e+001 +6.5887e+000 +2.2570e+001 +7.6535e+000 +1.9154e+001 +1.0958e+001 +1.0186e+001 +1.2275e+000
492 +3.866012535e+007 +3.866012535e+007 +3.866015884e+007 +3.866015884e+007 +1.7814e+000 +4.6088e+000 +8.4532e+000 +1.1378e+001 +1.8824e+000 +5.8542e+000 +5.3962e+000 +8.2740e+000 +1.7487e+001 +9.5727e+000 +7.8411e+000 +6.8176e+000 +1.0049e+001 +2.3183e+000 +1.4678e+001 +5.4234e+000 +7.6026e+000 +1.1272e+001 -2.9259e-001 +1.9755e-001
496 +2.035046860e+007 +2.035046860e+007 +2.035050209e+007 +2.035050209e+007 -3.5655e-001 +1.0422e+001 +6.1137e+000 +6.0080e+000 +3.3143e+000 +1.0534e+001 +1.0212e+001 +6.9137e+000 +1.4955e+001 +1.1114e+001 +1.2795e+001 +7.9658e+000 +6.8218e+000 +5.5076e+000 +1.2854e+001 +1.0048e+001 +1.2116e+001 +7.5863e+000 -1.8084e+001 -9.5663e+000
524 +2.054114415e+006 +2.054114415e+006 +2.054147905e+006 +2.054147905e+006 +1.6568e+001 +4.6281e+000 +4.1579e+000 +1.3340e+001 +1.2555e+001 +3.9961e+000 +2.1717e+000 +1.1403e+001 +1.0300e+001 +1.3415e+001 +8.9077e+000 +1.2396e+001 +1.1698e+001 +3.2764e+000 +2.8043e+001 +8.2435e+000 +1.7455e+001 +1.3151e+001 +1.3466e+001 -1.1127e+001
597 +2.038743849e+005 +2.038743849e+005 +2.039078749e+005 +2.039078749e+005 +2.4247e+000 +1.1933e-004 +8.3905e+000 +1.0368e+001 +7.9093e+000 +3.9961e+000 +2.1717e+000 +1.4340e+001 +1.0300e+001 +1.3415e+001 +8.9077e+000 +1.2396e+001 +1.5119e+001 +3.2764e+000 +1.0264e+001 +8.2435e+000 +1.7455e+001 +1.3151e+001 -6.1212e+000 -1.1127e+001
723 +8.314577412e+004 +8.314577412e+004 +8.317926412e+004 +8.317926412e+004 +1.4013e+001 +3.3162e+000 +9.6783e+000 +1.2984e+001 +1.8097e+000 +5.0094e+000 +3.8260e+000 +8.3048e+000 +1.3613e+001 +1.7197e+001 +1.0929e+001 +1.7013e+001 +3.4587e+000 +6.0040e+000 +2.5095e+001 +7.3200e+000 +1.8108e+001 +2.1648e+001 -2.9497e-001 -6.1698e+000
783 +4.976348944e+004 +4.976348944e+004 +4.979697944e+004 +4.979697944e+004 +1.9099e+001 +9.0914e+000 +8.4532e+000 +1.5614e+001 +1.8824e+000 +4.4444e+000 +5.5253e+000 +5.8188e+000 +1.2415e+001 +2.0391e+001 +1.5170e+001 +1.4931e+001 +6.2545e+000 +1.1208e+001 +2.5935e+001 +4.5856e+000 +1.8840e+001 +8.6395e+000 +1.8766e+001 -2.1340e+001
834 +1.889290655e+004 +1.889290655e+004 +1.892639655e+004 +1.892639655e+004 +1.3287e+001 +1.4152e+001 +1.4853e+001 +4.5888e+000 +6.4104e+000 +8.6045e+000 +4.5151e+000 +1.6026e+001 +1.4605e+001 +1.7494e+001 +1.2339e+001 +1.7149e+001 +4.4048e+000 -2.9401e+000 +2.6395e+001 +9.9559e+000 +2.1501e+001 +1.4948e+001 +4.0094e+000 -1.2229e+001
946 +7.466888893e+003 +7.466888893e+003 +7.500378893e+003 +7.500378893e+003 +1.0932e+001 +6.7288e+000 +1.4642e+001 +4.8035e+000 +5.1690e+000 +7.5289e+000 +6.9923e+000 +1.5999e+001 +1.6951e+001 +1.6208e+001 +1.4326e+001 +1.8564e+001 +9.7271e+000 +4.4387e-001 +1.6604e+001 +1.2339e+001 +2.2024e+001 +1.8108e+001 -1.1786e+001 -1.1569e+001
1120 +4.828181658e+003 +4.828181658e+003 +4.861671658e+003 +4.861671658e+003 +1.8497e+001 +1.3438e+001 +1.5743e+001 +1.2578e+001 +8.8443e+000 +6.6558e+000 +6.3803e-001 +9.4566e+000 +1.4855e+001 +1.8701e+001 +1.6543e+001 +2.1227e+001 +1.2750e+001 +5.6994e-001 +2.6943e+001 +8.8922e+000 +2.0540e+001 +1.6321e+001 +6.0725e+000 -8.3860e+000
1242 +3.891921406e+003 +3.891921406e+003 +3.925411406e+003 +3.925411406e+003 +1.4431e+001 +1.6230e+000 +1.1503e+001 +6.1038e+000 +7.7215e+000 +4.4274e+000 +7.0232e+000 +1.8078e+001 +1.6175e+001 +2.0536e+001 +1.3068e+001 +2.2077e+001 +6.7098e+000 +1.7662e+000 +1.6920e+001 +7.3053e+000 +1.4137e+001 +1.7836e+001 -1.0935e+001 -9.2046e+000
3228 +2.484499255e+003 +2.484499255e+003 +2.517989255e+003 +2.517989255e+003 +7.6370e+000 -4.3371e+000 +1.4517e+001 +1.1811e+001 +1.5865e+001 -8.9540e-001 +6.3251e+000 +1.4557e+001 +1.5383e+001 +1.3653e+001 +1.1550e+001 +1.7310e+001 +1.5297e+001 -4.1770e-001 +7.5025e+000 +4.7924e+000 +5.7497e+000 +6.0697e+000 -1.0725e+001 -1.4183e+001
% function evaluation | noise-free fitness - Fopt (-3.700000000000e+000) | best noise-free fitness - Fopt | measured fitness | best measured fitness | x1 | x2...
1 +5.010963367e+005 +5.010963367e+005 +5.010926367e+005 +5.010926367e+005 +5.1519e+000 +9.3074e+000 +7.5864e+000 +7.8007e+000 +8.7591e+000 +9.5045e+000 +1.1621e+001 +9.2127e+000 +5.3824e+000 +1.3358e+001 +1.4573e+001 +1.4182e+001 +9.5926e+000 +7.6893e+000 +1.0460e+001 +1.1680e+001 +7.3502e+000 +6.4518e+000 +1.2940e+001 +5.6546e+000
12 +8.852817047e+004 +8.852817047e+004 +8.852447047e+004 +8.852447047e+004 +1.4714e+001 +9.8318e+000 +1.4443e+001 +1.2324e+001 +1.3488e+001 +1.3487e+001 +5.9510e+000 +9.8319e+000 +1.1670e+001 +1.4343e+001 +1.0343e+001 +8.7551e+000 +1.2878e+001 +6.9059e+000 +7.0398e+000 +8.1801e+000 +9.3726e+000 +9.3022e+000 +7.4680e+000 +6.2548e+000
44 +1.802938392e+004 +1.802938392e+004 +1.802568392e+004 +1.802568392e+004 +1.4620e+001 +1.0454e+001 +1.4486e+001 +5.8878e+000 +6.6276e+000 +1.4637e+001 +1.2663e+001 +9.8198e+000 +9.8443e+000 +5.8206e+000 +5.9450e+000 +9.8278e+000 +5.6119e+000 +1.3045e+001 +1.3452e+001 +1.2891e+001 +8.7888e+000 +7.1199e+000 +1.0114e+001 +1.0973e+001
53 +5.824356513e+003 +5.824356513e+003 +5.820656513e+003 +5.820656513e+003 +1.0069e+001 +1.5043e+001 +1.2083e+001 +1.1806e+001 +1.5925e+001 +1.8955e+001 +1.5354e+001 +1.7218e+001 +1.2170e+001 +2.1126e+001 +1.7519e+001 +2.2127e+001 +1.3408e+001 +1.6086e+001 +1.7398e+001 +1.5924e+001 +1.2890e+001 +1.0918e+001 +1.6432e+001 +1.0763e+001
995 +3.875873941e+003 +3.875873941e+003 +3.872173941e+003 +3.872173941e+003 +8.5049e+000 +1.4227e+001 +9.3258e+000 +1.8166e+001 +8.7594e+000 +1.4898e+001 +1.3298e+001 +1.5031e+001 +1.3707e+001 +1.3749e+001 +1.7639e+001 +1.4628e+001 +1.5323e+001 +9.8760e+000 +1.5645e+001 +1.6066e+001 +1.2572e+001 +9.3625e+000 +1.2914e+001 +5.4422e+000
1312 +2.481859564e+003 +2.481859564e+003 +2.478159564e+003 +2.478159564e+003 +4.4658e+000 +1.0097e+001 +5.1140e+000 +1.5494e+001 +3.9493e+000 +1.1441e+001 +1.0157e+001 +1.2024e+001 +1.2668e+001 +9.6905e+000 +1.4976e+001 +1.1179e+001 +1.3398e+001 +5.6481e+000 +1.2155e+001 +1.4561e+001 +9.2634e+000 +4.6925e+000 +9.0209e+000 +1.0307e+000
1547 +1.416257805e+003 +1.416257805e+003 +1.412557805e+003 +1.412557805e+003 +1.6494e+000 +6.6208e+000 -8.2088e-001 +1.8371e+001 -3.3850e+000 +4.9683e+000 +6.1682e+000 +8.5825e+000 +1.0893e+001 +2.8859e-001 +1.2080e+001 +2.5047e+000 +1.4095e+001 -8.6738e-001 +9.2955e+000 +1.3638e+001 +6.1272e+000 +1.4088e+000 +5.6049e+000 -4.6285e+000
2719 +9.746981240e+002 +9.746981240e+002 +9.709981240e+002 +9.709981240e+002 -2.1648e+000 +2.1284e+000 -5.6931e+000 +1.6275e+001 -1.2365e+001 -3.8787e+000 -8.1308e-001 +2.8104e+000 +4.5096e+000 -1.1035e+001 +8.0062e+000 -6.1428e+000 +8.9087e+000 -8.0363e+000 +2.5989e+000 +8.6390e+000 -1.0439e+000 -3.7329e+000 -1.1895e+000 -1.0437e+001
3860 +6.271423841e+002 +6.271423841e+002 +6.234423841e+002 +6.234423841e+002 -1.2868e+000 +3.5334e+000 -3.5077e+000 +1.2094e+001 -1.0883e+001 -2.9796e+000 -1.1899e+000 +2.5161e+000 +2.2756e+000 -8.6004e+000 +5.6301e+000 -1.8334e+000 +7.4224e+000 -3.9130e+000 +1.4842e+000 +9.0745e+000 -1.9239e+000 -3.6091e+000 -6.6412e-002 -8.9509e+000
7174 +3.977689815e+002 +3.977689815e+002 +3.940689815e+002 +3.940689815e+002 +5.0901e-001 +5.5212e+000 +7.9873e-001 +4.0382e+000 -6.5420e+000 -2.7745e-001 -9.1183e-001 +3.4246e+000 +3.0677e-001 -4.1939e+000 +1.3462e+000 +4.8502e+000 +7.0885e+000 +2.7165e+000 +1.7745e+000 +1.1167e+001 -3.1228e+000 -3.0580e+000 +1.3571e+000 -7.1576e+000
% function evaluation | noise-free fitness - Fopt (-9.967700000000e+002) | best noise-free fitness - Fopt | measured fitness | best measured fitness | x1 | x2...
1 +5.193149288e+008 +5.193149288e+008 +5.193139321e+008 +5.193139321e+008 +9.1070e+000 +1.3539e+001 +1.1449e+001 +1.1573e+001 +1.3165e+001 +1.2178e+001 +9.2062e+000 +7.7211e+000 +1.4592e+001 +1.0020e+001 +7.8765e+000 +5.6299e+000 +1.3551e+001 +6.5593e+000 +1.2141e+001 +5.7152e+000 +7.9920e+000 +1.4767e+001 +6.1121e+000 +6.0484e+000
3 +3.870480324e+008 +3.870480324e+008 +3.870470356e+008 +3.870470356e+008 +1.0264e+001 +1.3532e+001 +1.2823e+001 +1.1348e+001 +1.0082e+001 +9.6219e+000 +1.3771e+001 +1.0814e+001 +8.4764e+000 +9.7752e+000 +1.1296e+001 +9.2160e+000 +1.0225e+001 +6.1059e+000 +6.5362e+000 +8.8242e+000 +1.2458e+001 +6.3620e+000 +1.3288e+001 +5.9925e+000
85 +2.485829563e+008 +2.485829563e+008 +2.485819595e+008 +2.485819595e+008 +5.3153e+000 +1.1901e+001 +1.4523e+001 +8.8296e+000 +9.5635e+000 +1.3822e+001 +6.9556e+000 +1.6875e+001 +3.6904e+000 +1.0815e+001 +1.0989e+001 +1.0267e+001 +1.0485e+001 +5.6693e+000 +3.2373e+000 +1.4757e+001 +1.2043e+001 +9.1407e+000 +7.1380e+000 +5.9516e+000
226 +7.614218218e+007 +7.614218218e+007 +7.614118541e+007 +7.614118541e+007 +9.6762e+000 +5.3459e+000 +2.2941e+001 +1.0315e+001 +1.4347e+001 +8.6597e+000 +1.2238e+001 +1.4259e+001 +6.5647e+000 +8.6582e+000 +7.2616e+000 +5.5667e+000 +5.2807e+000 +6.5877e+000 +4.6602e+000 +4.6316e+000 +2.8513e+000 +4.0207e+000 +8.8484e+000 +8.4324e+000
338 +1.851135652e+007 +1.851135652e+007 +1.851035975e+007 +1.851035975e+007 +1.8573e+000 -7.2808e-001 +1.0986e+001 +8.6316e+000 +1.2029e+001 +1.4823e+001 +6.1146e+000 +1.2318e+001 +2.0293e+000 +1.2272e+001 +1.1454e+001 +1.5654e+001 +7.1741e+000 +1.1768e+001 +9.4017e+000 -3.9630e+000 +1.0385e+001 +5.4642e+000 -3.8344e-001 +8.2044e+000
410 +4.414688392e+006 +4.414688392e+006 +4.413691622e+006 +4.413691622e+006 +7.4313e+000 +7.4729e+000 +2.3350e+001 +9.7326e+000 +2.1264e+001 +1.4823e+001 +6.1146e+000 +1.2318e+001 -1.1322e+000 +1.8768e+001 +8.4863e+000 +9.0827e+000 +7.1741e+000 +1.4687e+000 +9.4017e+000 -3.9630e+000 +1.0385e+001 +9.3343e+000 -3.8344e-001 +8.2044e+000
486 +3.343711382e+006 +3.343711382e+006 +3.342714612e+006 +3.342714612e+006 +7.4313e+000 +7.4729e+000 +2.3350e+001 +1.2898e+001 +5.3960e+000 +1.4823e+001 +6.1146e+000 +1.8744e+001 -1.1322e+000 +1.3040e+001 +1.3521e+001 +9.0827e+000 +4.3833e+000 +8.2300e+000 +1.3078e+001 -3.9630e+000 +7.6136e+000 +9.3343e+000 -3.8344e-001 +8.2044e+000
581 +6.886269538e+005 +6.886269538e+005 +6.876301838e+005 +6.876301838e+005 +9.0548e+000 +5.6111e+000 +2.1636e+001 +1.2081e+001 +1.9137e+001 +1.7431e+000 +5.6635e+000 +1.2286e+001 +1.0373e+000 +1.4226e+001 +1.0923e+001 +1.4710e+001 -1.3216e-002 +1.0013e+001 -4.6914e+000 +1.0791e+000 +1.2564e+001 +7.8693e+000 +5.3937e+000 +1.2201e+001
634 +4.996197552e+005 +4.996197552e+005 +4.986229852e+005 +4.986229852e+005 +4.8067e+000 +3.7707e+000 +3.0323e+001 +7.7056e+000 +2.9769e+000 +1.0827e+001 +4.2913e+000 +1.2906e+001 +3.7817e+000 +3.4364e+000 +1.9613e+000 +1.1391e+001 +5.6342e+000 +5.2063e+000 +2.0303e+001 +5.5476e+000 +5.4070e+000 +2.3585e+000 -1.3118e+001 +1.2182e+001
648 +3.775506687e+005 +3.775506687e+005 +3.765538987e+005 +3.765538987e+005 +5.2995e+000 +6.1910e+000 +1.2876e+001 +3.4575e+000 +1.5239e+001 -3.9861e+000 +1.7000e+001 +1.8003e+001 -1.1960e+001 +1.2711e+001 +9.7489e+000 +1.2269e+001 +4.2567e+000 +8.0400e+000 -1.8699e+000 +8.8542e+000 +1.3610e+001 +8.4996e-002 +7.4806e+000 +1.3894e+001
658 +9.479956774e+004 +9.479956774e+004 +9.380279774e+004 +9.380279774e+004 +8.2749e-001 +9.5060e-001 +2.5849e+001 +1.6294e+001 +1.5657e+001 +1.1387e+001 +1.0298e+001 +1.3573e+001 +3.3753e+000 +7.0691e+000 +4.8021e+000 +8.1885e+000 +4.9414e+000 +6.9705e+000 -3.6104e+000 +3.1893e+000 +1.7045e+001 +8.5069e+000 +2.7957e+000 +1.1406e+001
725 +3.798280811e+004 +3.798280811e+004 +3.698603811e+004 +3.698603811e+004 +9.0790e+000 +8.2675e+000 +2.6123e+001 +1.0936e+001 +1.4043e+001 +5.4485e+000 +1.3725e+001 +2.0864e+001 -8.7627e+000 +1.0496e+001 +1.3224e+001 +1.0134e+001 +5.0735e+000 +1.0395e+001 +2.3253e+000 +4.5826e+000 +1.1630e+001 +4.8581e+000 +6.2535e+000 +1.0595e+001
735 +3.712654364e+003 +3.712654364e+003 +2.715884364e+003 +2.715884364e+003 +2.6931e+000 +3.9037e+000 +2.9242e+001 +1.5070e+001 +2.1320e+001 +9.2607e+000 +1.1847e+001 +1.4522e+001 +1.2766e+000 +8.3762e+000 +6.3826e+000 +8.4235e+000 +3.7318e+000 +9.0892e+000 -4.1311e+000 +1.8519e+000 +1.9229e+001 +9.5065e+000 +2.8394e+000 +1.4200e+001
2377 +2.444617229e+003 +2.444617229e+003 +1.447847229e+003 +1.447847229e+003 +3.7383e+000 +5.9123e+000 +2.0071e+001 +1.5318e+001 +1.9154e+000 +1.1567e+001 +1.2161e+001 +9.7617e+000 +1.9375e+000 +5.4344e-001 +1.4176e+001 +1.4798e+001 +6.5112e+000 +4.3347e+000 +1.4997e+001 -2.9472e+000 +1.7109e+001 +1.2843e+000 -1.1362e+001 +1.1583e+001
% function evaluation | noise-free fitness - Fopt (4.500000000000e+001) | best noise-free fitness - Fopt | measured fitness | best measured fitness | x1 | x2...
1 +9.737923408e+006 +9.737923408e+006 +9.737968408e+006 +9.737968408e+006 +5.2472e+000 +1.4136e+001 +5.6168e+000 +6.8149e+000 +7.0216e+000 +6.4469e+000 +8.2063e+000 +7.1631e+000 +9.4045e+000 +8.6912e+000 +5.7173e+000 +7.8441e+000 +6.0545e+000 +1.1368e+001 +7.6178e+000 +8.1481e+000 +9.7692e+000 +5.5815e+000 +1.2384e+001 +1.1065e+001
6 +4.744783240e+003 +4.744783240e+003 +4.789783240e+003 +4.789783240e+003 +6.8019e+000 +1.2698e+001 +1.1834e+001 +1.4016e+001 +1.0199e+001 +6.5786e+000 +7.0615e+000 +1.1357e+001 +1.3311e+001 +5.5524e+000 +9.8142e+000 +7.6498e+000 +7.9000e+000 +6.6766e+000 +6.4348e+000 +1.0274e+001 +1.3164e+001 +9.9712e+000 +5.3474e+000 +1.4064e+001
32 +2.508511137e+003 +2.508511137e+003 +2.553511137e+003 +2.553511137e+003 +7.2367e+000 +1.2993e+001 +8.1262e+000 +5.9105e+000 +1.4114e+001 +1.2093e+001 +5.7920e+000 +1.3884e+001 +1.1835e+001 +1.1536e+001 +6.0491e+000 +5.6244e+000 +1.0283e+001 +8.6160e+000 +1.3362e+001 +7.2515e+000 +8.1235e+000 +6.1287e+000 +7.8360e+000 +1.2731e+001
434 +1.558259105e+003 +1.558259105e+003 +1.603259105e+003 +1.603259105e+003 +8.9403e+000 +1.1433e+001 +7.3286e+000 +1.0056e+001 +5.6755e+000 +9.5609e+000 +4.2880e+000 +3.5817e+000 +7.4181e+000 +6.2856e+000 +8.2245e-001 +1.0518e+001 +5.3943e+000 +5.9267e+000 +7.5535e+000 +1.3082e+001 +4.0003e+000 +8.2068e+000 +3.9950e+000 +2.0216e+001
1295 +8.638952969e+002 +8.638952969e+002 +9.088952969e+002 +9.088952969e+002 +3.6391e+000 +7.7370e+000 +1.7353e+000 +7.0085e+000 -8.2888e-002 +5.7319e+000 -7.8205e-001 -7.0777e+000 +5.5501e+000 -1.7043e+000 -7.2014e+000 +8.4549e+000 +1.3885e+000 +5.5299e-001 +1.8622e+000 +1.2330e+001 -1.3023e+000 +5.4706e+000 -2.4828e+000 +1.9032e+001
1681 +6.259684021e+002 +6.259684021e+002 +6.709684021e+002 +6.709684021e+002 +4.8080e+000 +9.4810e+000 +1.1361e+000 +6.0356e+000 -1.6667e+000 +6.7572e+000 -1.2158e+000 -6.9214e+000 +2.5827e+000 -4.7891e-001 -4.7774e+000 +6.1999e+000 +2.2248e+000 +1.2022e-001 +2.0609e+000 +9.5455e+000 -3.3476e+000 +5.8465e+000 -8.7379e-001 +1.7885e+001
2265 +3.852905250e+002 +3.852905250e+002 +4.302905250e+002 +4.302905250e+002 +5.0040e-001 +7.2539e+000 -8.6074e-001 +3.6786e+000 -2.5346e+000 +3.9049e+000 -3.2067e+000 -1.0015e+001 +1.5366e+000 -2.4841e+000 -5.8300e+000 +4.8927e+000 +1.6318e+000 -1.8100e-001 -9.6738e-001 +6.9047e+000 -4.8694e+000 +5.9605e+000 -1.8117e+000 +1.1909e+001
2769 +2.468508822e+002 +2.468508822e+002 +2.918508822e+002 +2.918508822e+002 +6.2635e-002 +7.3123e+000 -1.7885e+000 +2.3662e+000 -1.2851e+000 +4.1285e+000 -2.0017e+000 -6.4696e+000 +9.6735e-002 -1.8585e-001 -3.3514e+000 +3.2504e+000 +4.4969e+000 -1.4362e+000 -2.3239e-001 +3.1501e+000 -5.2714e+000 +4.9127e+000 +1.4607e+000 +8.2861e+000
4776 +1.582706098e+002 +1.582706098e+002 +2.032706098e+002 +2.032706098e+002 +6.1095e-002 +6.0373e+000 +2.0153e-001 +2.0099e+000 -9.4014e-001 +3.2011e+000 -5.6811e-001 -2.8498e+000 +1.5515e+000 +9.7135e-001 +3.1497e-002 +3.8760e+000 +4.0303e+000 -1.4387e+000 +2.5824e-002 +5.4925e-001 -3.7103e+000 +4.8947e+000 +2.9483e+000 +3.7541e+000
% function evaluation | noise-free fitness - Fopt (2.131000000000e+002) | best noise-free fitness - Fopt | measured fitness | best measured fitness | x1 | x2...
1 +7.195442477e+008 +7.195442477e+008 +7.195444608e+008 +7.195444608e+008 +5.5594e+000 +1.2337e+001 +8.0799e+000 +1.2500e+001 +7.9662e+000 +5.5268e+000 +8.8875e+000 +7.6633e+000 +1.0282e+001 +6.6118e+000 +6.5753e+000 +7.4000e+000 +5.4159e+000 +1.4267e+001 +1.1590e+001 +1.3602e+001 +1.3437e+001 +1.1426e+001 +5.9180e+000 +9.1991e+000
4 +5.055236536e+008 +5.055236536e+008 +5.055238667e+008 +5.055238667e+008 +6.7826e+000 +1.1024e+001 +1.3759e+001 +5.7179e+000 +7.0396e+000 +6.2810e+000 +7.7808e+000 +1.3570e+001 +8.1333e+000 +5.2962e+000 +5.9281e+000 +7.4873e+000 +5.9106e+000 +9.3946e+000 +1.0312e+001 +9.0931e+000 +1.0172e+001 +8.5499e+000 +9.1229e+000 +7.8575e+000
108 +3.976813710e+008 +3.976813710e+008 +3.976815841e+008 +3.976815841e+008 +8.2037e+000 +1.2498e+001 +5.7351e+000 +4.1937e-001 +1.3112e+001 +1.0240e+001 +8.8091e+000 +1.6300e+001 +1.4960e+001 +5.1187e+000 +1.0512e+001 +1.0579e+001 +1.2605e+001 +1.2907e+001 +4.5788e+000 +5.9558e+000 +1.1181e+001 +5.7773e+000 +9.2694e+000 +1.2592e+001
258 +2.342293331e+008 +2.342293331e+008 +2.342295462e+008 +2.342295462e+008 +1.0451e+001 +2.2489e+000 +1.4192e+001 +5.2593e+000 +7.8378e+000 +5.1876e+000 +1.0615e+001 +1.2670e+000 +1.4737e+001 +9.2814e+000 +2.0222e+000 +6.5813e+000 +9.3833e+000 +5.3422e+000 +3.8380e+000 +5.8956e+000 +7.8935e+000 +5.2320e+000 +1.0487e+001 +1.0613e+001
389 +1.194116322e+008 +1.194116322e+008 +1.194118453e+008 +1.194118453e+008 +1.6885e+001 +3.8315e+000 +1.8780e+001 -7.3398e+000 +8.0011e+000 +7.0562e+000 +1.3116e+001 +1.1742e+001 +1.0231e+001 +2.0627e+000 +5.1382e+000 +1.0561e+001 +1.2727e+001 +1.9444e+001 +5.3404e+000 +8.5739e+000 +1.3782e+001 +5.7517e+000 +7.8281e+000 +1.1208e+001
413 +4.123083335e+007 +4.123083335e+007 +4.123104645e+007 +4.123104645e+007 +1.6292e+001 +4.5137e-001 +1.8988e+001 -5.4733e+000 +5.7588e+000 +6.8587e+000 +1.3622e+001 +4.1266e+000 +1.0091e+001 -3.4780e+000 +7.4914e+000 +8.1930e+000 +7.2214e+000 +8.2514e+000 +1.8882e-001 +5.6555e+000 +1.5412e+001 +1.4198e+001 +2.9387e+000 +1.0291e+001
512 +1.977731112e+007 +1.977731112e+007 +1.977752422e+007 +1.977752422e+007 +7.8076e+000 -8.4284e-001 +8.1279e+000 +2.8137e+000 +7.7019e+000 +8.6957e-002 +1.0129e+001 +3.3995e+000 +3.8036e+000 +4.7307e+000 -1.0745e+001 +1.0875e+001 +1.3973e+001 +9.1520e+000 +1.1937e+000 +5.4708e+000 -9.1867e-001 +1.7043e+001 +6.2761e+000 +2.6400e+000
573 +1.655316975e+006 +1.655316975e+006 +1.655530075e+006 +1.655530075e+006 +2.1359e+001 -5.0263e+000 +1.4954e+001 -1.7324e+000 +1.1396e+001 +1.0209e+000 +1.0445e+001 +4.2297e-001 +1.7442e+001 +9.7551e+000 +1.7075e+000 +1.4109e+001 +1.4666e+000 +1.6696e+001 -5.2567e+000 +9.9479e+000 +6.9852e+000 +2.9976e+000 +1.9533e+001 +6.7454e+000
654 +6.171004221e+005 +6.171004221e+005 +6.173135221e+005 +6.173135221e+005 +2.3008e+001 +3.2888e+000 +1.2723e+001 -3.0537e+000 +9.7049e+000 +5.1076e+000 +8.1332e+000 +3.1317e-002 +8.0278e+000 -1.1580e+001 +4.1960e+000 +7.6076e+000 +1.1630e+001 +2.4526e+001 +2.3347e+000 +3.7030e+000 +1.3471e+001 +7.6001e+000 +1.2904e+001 +1.3259e+001
763 +1.498648037e+005 +1.498648037e+005 +1.500779037e+005 +1.500779037e+005 +1.7125e+001 +1.8293e+000 +1.3709e+001 -5.3742e+000 +1.1144e+001 +1.2970e+001 +1.4119e+001 +1.2556e+000 +8.0731e+000 -1.4184e+001 -2.8057e+000 +1.7076e+001 +7.4089e+000 +2.1134e+001 -2.6406e+000 +1.0805e+001 +3.8841e+000 +7.9079e+000 +1.9171e+001 +3.4490e+000
808 +3.840962741e+004 +3.840962741e+004 +3.862272741e+004 +3.862272741e+004 +1.2341e+001 -2.1781e+000 +2.0950e+001 -1.1125e+001 +3.4940e+000 +1.0653e+001 +1.5528e+001 +2.0148e+000 +7.5415e+000 +4.7047e+000 -1.0421e+001 +1.0209e+001 +3.8571e+000 +7.8515e+000 +1.3466e+000 +1.0402e+001 -9.9577e-001 +6.7711e+000 +8.6312e+000 +1.1102e+001
847 +3.411327971e+003 +3.411327971e+003 +3.624427971e+003 +3.624427971e+003 +1.6727e+001 -3.8333e+000 +2.1354e+001 -1.1097e+001 +3.1543e+000 +7.6205e+000 +1.0279e+001 +3.3654e+000 +1.4206e+001 +9.8747e+000 +6.2139e+000 +1.4911e+001 +5.3151e+000 +1.6948e+001 -9.2587e+000 +9.1390e+000 +1.0720e+001 +1.7051e+001 +1.3203e+001 +1.5974e+000
1350 +2.469820869e+003 +2.469820869e+003 +2.682920869e+003 +2.682920869e+003 +2.1425e+001 -3.0466e-001 +1.1464e+001 -5.6050e+000 +8.0225e+000 +4.7369e+000 +1.8576e+001 +1.0569e+000 -2.9230e+000 +1.2383e+001 +1.2679e+000 +1.6301e+001 +8.6016e+000 +1.6782e+001 -7.5534e+000 +6.9580e+000 +3.9791e+000 +5.2152e+000 +1.8195e+001 +7.6988e+000
