% function evaluation | noise-free fitness - Fopt (2.997000000000e+001) | best noise-free fitness - Fopt | measured fitness | best measured fitness | x1 | x2...
1 +2.894407815e+003 +2.894407815e+003 +2.924377815e+003 +2.924377815e+003 -4.7608e+000 +1.7967e+000 +3.1293e+000 -8.6522e-001 +4.8937e+000 -1.5149e-001 -2.3532e+000 +4.2638e+000 +3.7872e+000 -2.4382e+000
7 +2.028729444e+003 +2.028729444e+003 +2.058699444e+003 +2.058699444e+003 +1.1098e+000 +1.5502e+000 +1.2390e+000 -4.8752e+000 -4.6328e+000 +3.0814e+000 -3.1141e+000 -2.6692e+000 +1.2632e+000 +8.1002e-001
12 +1.445562729e+003 +1.445562729e+003 +1.475532729e+003 +1.475532729e+003 +4.2567e-002 -4.2685e+000 +1.1472e+000 -3.9656e+000 +4.1449e-001 +4.3207e-001 -1.5184e+000 -4.2583e+000 -3.8874e+000 -2.8800e+000
232 +9.445335307e+002 +9.445335307e+002 +9.745035307e+002 +9.745035307e+002 +1.7440e+000 -2.1969e+000 -3.8975e+000 -2.5398e+000 +5.6052e+000 +2.3756e+000 -4.7852e+000 -5.9338e+000 +3.0300e+000 -1.4501e-001
861 +5.877716708e+002 +5.877716708e+002 +6.177416708e+002 +6.177416708e+002 +1.2090e+000 -5.1781e-001 -2.7460e+000 -1.7197e+000 +3.2161e+000 +2.7705e+000 -5.5858e+000 -2.4675e+000 +2.0059e+000 +1.3296e+000
1309 +3.521904630e+002 +3.521904630e+002 +3.821604630e+002 +3.821604630e+002 +1.7898e+000 -8.8202e-001 -3.5737e+000 -3.7308e+000 +3.3254e+000 +2.9731e+000 -4.1014e+000 -2.9873e+000 +6.7138e-001 -1.5750e+000
1858 +2.218114643e+002 +2.218114643e+002 +2.517814643e+002 +2.517814643e+002 +1.6654e+000 -1.8590e+000 -3.4219e+000 -1.1706e+000 +3.4185e+000 +3.3647e+000 -3.2991e+000 -2.9154e+000 +5.6658e-001 -1.5825e+000
% function evaluation | noise-free fitness - Fopt (-5.171000000000e+001) | best noise-free fitness - Fopt | measured fitness | best measured fitness | x1 | x2...
1 +2.520144032e+003 +2.520144032e+003 +2.468434032e+003 +2.468434032e+003 -4.9591e+000 +7.2737e-001 -3.0118e+000 -2.0708e+000 +4.5639e-001 -4.1163e+000 +3.6822e+000 +6.9437e-001 -4.1526e+000 -2.7710e+000
3 +1.934311293e+003 +1.934311293e+003 +1.882601293e+003 +1.882601293e+003 +1.7506e+000 +1.5805e+000 -3.2965e+000 +4.2635e+000 +1.7411e+000 -4.6967e-001 -3.7592e+000 +2.1943e+000 +4.4955e+000 +3.2963e-001
43 +1.496813599e+003 +1.496813599e+003 +1.445103599e+003 +1.445103599e+003 +2.6721e+000 -8.4709e-001 -3.7965e+000 +4.0524e+000 +1.8423e+000 -4.7296e+000 -2.3063e+000 -2.6952e+000 -3.2757e+000 +3.3981e+000
72 +9.145209060e+002 +9.145209060e+002 +8.628109060e+002 +8.628109060e+002 +2.6767e+000 +2.8305e+000 -5.6708e+000 +9.1856e-001 +9.5032e-001 -2.1253e+000 -4.5350e+000 +1.0628e+000 -3.9697e+000 +2.3647e+000
320 +5.476785886e+002 +5.476785886e+002 +4.959685886e+002 +4.959685886e+002 +1.0286e+000 +2.5208e+000 -4.2926e+000 -5.0071e+000 +1.5022e+000 +1.0449e+000 -2.9823e+000 +2.2771e+000 -5.0489e+000 -6.4673e-002
1007 +3.904917707e+002 +3.904917707e+002 +3.387817707e+002 +3.387817707e+002 +1.2671e+000 +1.8089e+000 -4.8438e+000 -2.7329e+000 +1.2216e+000 -7.0835e-001 -4.0954e+000 +2.1802e+000 -3.1221e+000 +1.0625e+000
1959 +2.184890000e+002 +2.184890000e+002 +1.667790000e+002 +1.667790000e+002 +2.5303e+000 +1.5964e+000 -4.4279e+000 -2.6142e+000 +1.0642e+000 +6.4907e-001 -2.4205e+000 +1.8608e+000 -2.7653e+000 +1.9506e-002
% function evaluation | noise-free fitness - Fopt (-2.799500000000e+002) | best noise-free fitness - Fopt | measured fitness | best measured fitness | x1 | x2...
1 +1.504589772e+003 +1.504589772e+003 +1.224639772e+003 +1.224639772e+003 +6.9281e-002 -2.6497e-001 +7.1159e-001 +9.8801e-001 -4.2049e+000 +1.4423e+000 +2.4192e+000 +4.0922e-001 +1.9903e+000 -7.8222e-001
22 +9.268754699e+002 +9.268754699e+002 +6.469254699e+002 +6.469254699e+002 +3.4681e-001 -2.5529e+000 +1.3806e+000 -1.9969e+000 -4.5617e+000 -3.9271e+000 -4.3119e-001 +2.0620e+000 -1.2458e+000 -1.0996e-001
497 +5.773757945e+002 +5.773757945e+002 +2.974257945e+002 +2.974257945e+002 -3.5707e+000 -2.4954e+000 -3.4270e-001 -1.4991e+000 -4.7999e+000 -2.0579e+000 -6.6732e-001 +1.6950e+000 -6.1945e-001 -3.4206e+000
1374 +3.216935488e+002 +3.216935488e+002 +4.174354879e+001 +4.174354879e+001 -3.1677e+000 -3.9288e+000 +2.9185e+000 -1.3410e+000 -4.3782e+000 -3.2930e+000 -6.9935e-001 +6.0888e-001 +2.1706e+000 -3.8232e+000
1482 +1.945651363e+002 +1.945651363e+002 -8.538486366e+001 -8.538486366e+001 -2.8724e+000 -3.3352e+000 +3.2671e+000 -1.0821e+000 -3.8678e+000 -3.4005e+000 -9.6748e-001 +4.8028e-001 +6.2478e-001 -2.7702e+000
% function evaluation | noise-free fitness - Fopt (9.319900000000e+002) | best noise-free fitness - Fopt | measured fitness | best measured fitness | x1 | x2...
1 +2.200700446e+003 +2.200700446e+003 +3.132690446e+003 +3.132690446e+003 -3.6700e+000 -4.7962e+000 +4.6476e+000 +6.5589e-001 -1.6751e+000 -1.2701e+000 +1.6437e+000 +4.5683e+000 +1.7311e-001 +3.0558e+000
5 +1.527546308e+003 +1.527546308e+003 +2.459536308e+003 +2.459536308e+003 +1.7460e+000 -1.8048e+000 +2.1945e+000 -3.6769e+000 +1.5452e+000 -1.7825e+000 +2.7803e+000 -4.8846e+000 +4.6578e+000 -2.3419e-001
237 +9.802415967e+002 +9.802415967e+002 +1.912231597e+003 +1.912231597e+003 +1.4931e+000 +9.0915e-001 +4.6811e+000 -2.8164e-001 -6.7454e-001 -5.2982e-001 +2.1805e+000 -5.9795e-001 -3.2917e+000 +3.0227e+000
378 +5.949040716e+002 +5.949040716e+002 +1.526894072e+003 +1.526894072e+003 +2.3313e-001 +4.5048e-001 +1.4456e+000 -8.1411e-001 +1.6498e+000 -3.4375e+000 +3.3579e+000 -4.0742e+000 -3.2337e+000 +1.0749e+000
1402 +2.832979860e+002 +2.832979860e+002 +1.215287986e+003 +1.215287986e+003 +2.4092e-001 +1.7098e+000 +2.7716e+000 -8.9920e-001 +7.3801e-001 -1.6255e+000 +2.2862e+000 -4.7224e+000 -2.2228e+000 +1.9108e+000
2036 +2.117687862e+002 +2.117687862e+002 +1.143758786e+003 +1.143758786e+003 +6.5719e-001 +5.3158e-001 +2.8117e+000 -7.5236e-001 +1.0981e+000 -2.3271e+000 +3.0098e+000 -4.1705e+000 -2.4907e+000 +2.6019e+000
% function evaluation | noise-free fitness - Fopt (1.133100000000e+002) | best noise-free fitness - Fopt | measured fitness | best measured fitness | x1 | x2...
1 +1.806080450e+003 +1.806080450e+003 +1.919390450e+003 +1.919390450e+003 -3.0960e-001 +1.1078e+000 -1.0278e+000 +2.2282e+000 +1.7264e+000 -4.3142e+000 -4.7864e+000 -2.1988e+000 -1.2798e+000 -2.7176e+000
3 +1.389909230e+003 +1.389909230e+003 +1.503219230e+003 +1.503219230e+003 +1.7038e-001 -8.9809e-001 -3.8829e-001 -6.4402e-001 +7.9864e-001 -4.3082e+000 +4.5462e+000 -2.8907e+000 +2.9173e+000 +1.4338e+000
26 +7.828708368e+002 +7.828708368e+002 +8.961808368e+002 +8.961808368e+002 +4.9327e+000 +3.7195e+000 +3.1045e+000 -2.8399e+000 -3.0341e+000 +2.4253e+000 -1.8550e+000 -3.7573e+000 +1.8357e+000 -1.4956e+000
697 +6.100446080e+002 +6.100446080e+002 +7.233546080e+002 +7.233546080e+002 +2.6321e+000 +2.9192e+000 +1.7800e+000 +5.5958e-001 +1.7060e+000 -3.0867e+000 -2.9249e+000 -2.6010e+000 +4.1626e+000 -1.7883e+000
1243 +3.964870282e+002 +3.964870282e+002 +5.097970282e+002 +5.097970282e+002 +3.4321e+000 +3.0053e+000 +1.0854e+000 +1.6520e-001 +1.5147e+000 -1.6234e+000 -1.9614e+000 -1.8011e+000 +3.0219e+000 +7.6803e-002
1575 +1.963910696e+002 +1.963910696e+002 +3.097010696e+002 +3.097010696e+002 +2.1453e+000 +3.9386e+000 +1.8307e+000 -3.5398e-001 -5.6070e-002 -1.7468e-001 -5.9660e-001 -1.8376e+000 +2.6160e+000 -1.6643e+000
% function evaluation | noise-free fitness - Fopt (-9.519000000000e+001) | best noise-free fitness - Fopt | measured fitness | best measured fitness | x1 | x2...
1 +2.170668835e+003 +2.170668835e+003 +2.075478835e+003 +2.075478835e+003 -1.2248e+000 -4.5017e+000 -2.4356e+000 +4.3591e+000 -3.3418e+000 -3.1907e+000 -4.8496e+000 +1.4670e-001 +3.1897e+000 +4.7333e-001
12 +1.348456250e+003 +1.348456250e+003 +1.253266250e+003 +1.253266250e+003 +5.4008e-001 -1.6173e+000 +6.8186e-001 -4.1259e+000 -3.0832e+000 +2.8991e-001 -3.5961e+000 -1.4042e+000 -3.3952e+000 -4.8055e+000
388 +9.023265936e+002 +9.023265936e+002 +8.071365936e+002 +8.071365936e+002 -3.5932e-003 -5.4036e+000 -4.4909e-001 -3.9610e+000 -7.6217e+000 +3.3592e-001 -3.3577e+000 -1.4419e+000 -2.7738e+000 +6.6828e-001
714 +6.163129603e+002 +6.163129603e+002 +5.211229603e+002 +5.211229603e+002 +8.5080e-001 -1.8545e+000 -3.2357e-001 -5.0154e+000 -4.1804e+000 -1.6420e+000 -6.9420e+000 -4.0434e+000 -3.3993e+000 -1.5128e-002
1272 +3.525277582e+002 +3.525277582e+002 +2.573377582e+002 +2.573377582e+002 +1.7713e+000 -1.1574e+000 -1.1844e+000 -4.5769e+000 -3.9392e+000 -2.1883e+000 -5.2644e+000 -1.5889e+000 -1.9897e+000 -8.4397e-001
1966 +2.323364840e+002 +2.323364840e+002 +1.371464840e+002 +1.371464840e+002 +9.3796e-001 -6.0081e-001 -1.8543e+000 -3.1256e+000 -4.0442e+000 -1.6640e+000 -2.1304e+000 -4.1656e+000 -1.1852e+000 -1.3715e+000
% function evaluation | noise-free fitness - Fopt (-7.663000000000e+001) | best noise-free fitness - Fopt | measured fitness | best measured fitness | x1 | x2...
1 +2.489143179e+003 +2.489143179e+003 +2.412513179e+003 +2.412513179e+003 +3.0089e+000 +5.7685e-001 +2.6700e+000 -4.1218e+000 +4.4294e+000 +1.5887e+000 +3.4466e+000 -1.9279e+000 +4.3248e+000 +1.3541e+000
10 +1.404335704e+003 +1.404335704e+003 +1.327705704e+003 +1.327705704e+003 -2.6318e+000 -2.6174e+000 -4.1001e-001 +2.3889e-001 +4.2455e+000 +1.5590e+000 +2.5562e+000 +2.6237e+000 +3.6129e-001 +2.2855e+000
331 +9.111499900e+002 +9.111499900e+002 +8.345199900e+002 +8.345199900e+002 -6.2923e-001 -1.4519e+000 +4.9149e+000 -4.1897e-001 +1.3752e+000 +3.8726e+000 -1.6056e+000 +6.1803e-001 +1.3548e+000 +7.1024e-002
609 +5.424981115e+002 +5.424981115e+002 +4.658681115e+002 +4.658681115e+002 -7.7646e-001 -5.1506e+000 +8.1466e-001 -6.4545e+000 +1.4335e-001 +2.2978e+000 -2.7860e+000 +3.4342e-001 -2.6965e+000 -4.1636e-001
1224 +2.701545937e+002 +2.701545937e+002 +1.935245937e+002 +1.935245937e+002 -1.9695e+000 -2.5260e+000 +3.6520e+000 -3.0810e+000 +1.9568e+000 +4.1230e+000 -1.2760e+000 +1.1658e+000 -1.9292e-001 +3.5239e+000
1687 +1.833301245e+002 +1.833301245e+002 +1.067001245e+002 +1.067001245e+002 -1.1921e+000 -3.1298e+000 +3.4956e+000 -3.1506e+000 +1.4870e+000 +2.7853e+000 -2.8579e+000 +9.7118e-001 -6.4296e-001 +1.6256e+000
% function evaluation | noise-free fitness - Fopt (1.152600000000e+002) | best noise-free fitness - Fopt | measured fitness | best measured fitness | x1 | x2...
1 +1.892226387e+003 +1.892226387e+003 +2.007486387e+003 +2.007486387e+003 -2.6641e+000 +2.5339e-001 +3.4887e+000 -1.0664e+000 +2.7885e+000 +4.8609e+000 -1.6333e+000 -4.0579e+000 -2.4684e+000 -3.7603e+000
10 +1.170191043e+003 +1.170191043e+003 +1.285451043e+003 +1.285451043e+003 +4.7444e+000 -4.2022e+000 -1.0126e+000 +2.4354e+000 -1.1316e+000 -2.9690e-001 -3.6474e+000 +1.7464e+000 -2.9597e+000 +2.0836e+000
422 +9.199920158e+002 +9.199920158e+002 +1.035252016e+003 +1.035252016e+003 +7.3020e-001 -2.0409e+000 +3.7413e+000 +2.4824e+000 +4.6459e+000 +2.0286e+000 -3.4834e+000 +1.4409e+000 -3.1914e+000 +1.5979e+000
602 +6.015882400e+002 +6.015882400e+002 +7.168482400e+002 +7.168482400e+002 +7.4143e-001 -2.4451e+000 +1.2071e+000 +3.7071e+000 +3.7746e+000 +1.8839e+000 -5.7427e+000 +2.7538e-001 -2.6565e+000 +3.6284e+000
636 +2.352419049e+002 +2.352419049e+002 +3.505019049e+002 +3.505019049e+002 +4.6609e-001 -4.5739e+000 -1.6212e+000 +3.7411e+000 +2.6329e+000 +1.8093e+000 -1.7026e+000 -8.1613e-001 -2.2794e+000 +3.6700e+000
% function evaluation | noise-free fitness - Fopt (-1.000000000000e-001) | best noise-free fitness - Fopt | measured fitness | best measured fitness | x1 | x2...
1 +2.475336083e+003 +2.475336083e+003 +2.475236083e+003 +2.475236083e+003 -4.6614e+000 +4.6078e+000 +1.0719e+000 -2.5296e+000 -4.4950e-001 +1.2184e+000 -3.9215e+000 +2.4418e+000 -3.7316e+000 +4.3454e+000
9 +1.383765658e+003 +1.383765658e+003 +1.383665658e+003 +1.383665658e+003 +1.4567e+000 -2.9152e+000 +4.3669e+000 -5.7159e-001 -2.9350e+000 -1.5277e-001 +6.2131e-001 +1.6628e+000 -2.6720e+000 +3.2672e+000
187 +8.213528504e+002 +8.213528504e+002 +8.212528504e+002 +8.212528504e+002 +3.7043e+000 -7.2436e-001 +1.4405e+000 +3.0406e+000 -1.4056e+000 -1.9573e+000 -4.0205e+000 +2.7394e+000 +3.3586e+000 +3.0034e+000
654 +5.614118611e+002 +5.614118611e+002 +5.613118611e+002 +5.613118611e+002 +5.4989e+000 -1.8354e+000 +2.4627e+000 -4.3220e-001 +6.0421e-002 -3.3397e+000 -1.5123e-001 +2.2000e+000 +1.8685e+000 +4.2518e+000
1033 +3.023048168e+002 +3.023048168e+002 +3.022048168e+002 +3.022048168e+002 +2.2907e+000 -1.9723e+000 +2.3803e+000 -2.7501e-003 +3.6559e-001 -3.2754e+000 -2.0567e+000 +2.8740e+000 +2.4962e+000 +3.6325e+000
1844 +2.410307799e+002 +2.410307799e+002 +2.409307799e+002 +2.409307799e+002 +4.2851e+000 -2.2343e+000 +2.1046e+000 -5.6838e-001 +1.7328e-001 -2.1839e+000 -2.5058e+000 +3.8052e+000 +3.1407e+000 +3.4106e+000
% function evaluation | noise-free fitness - Fopt (-1.502400000000e+002) | best noise-free fitness - Fopt | measured fitness | best measured fitness | x1 | x2...
1 +2.423726837e+003 +2.423726837e+003 +2.273486837e+003 +2.273486837e+003 +3.3166e+000 -6.1853e-002 -3.5768e+000 -3.3373e+000 +1.4186e+000 +3.5942e+000 +3.4541e+000 -3.7297e+000 +4.0200e+000 +1.5326e+000
5 +1.285176230e+003 +1.285176230e+003 +1.134936230e+003 +1.134936230e+003 +1.7006e+000 -4.9624e+000 -3.2007e+000 -3.9252e+000 -3.4102e+000 -1.2796e+000 -9.3310e-001 +1.1822e+000 -8.8397e-001 +3.1104e+000
175 +9.848338457e+002 +9.848338457e+002 +8.345938457e+002 +8.345938457e+002 +4.6395e-002 -4.8089e+000 -2.5771e+000 +3.2296e-001 +2.8157e+000 -4.1049e+000 -9.3520e-001 +4.1275e+000 -3.0779e+000 -3.3821e-001
678 +6.045513059e+002 +6.045513059e+002 +4.543113059e+002 +4.543113059e+002 +5.8464e-001 -3.9373e+000 -7.9758e-001 +2.6480e+000 -7.2811e-001 -1.4388e-001 +1.1812e+000 +1.7892e+000 -3.5554e+000 +1.2542e+000
1371 +3.923435324e+002 +3.923435324e+002 +2.421035324e+002 +2.421035324e+002 +2.0206e-001 -3.3278e+000 -9.3174e-001 +2.4071e+000 -2.2003e+000 -1.3495e+000 +1.1902e+000 +3.0884e+000 -3.5474e+000 -1.3086e-001
1689 +2.465609350e+002 +2.465609350e+002 +9.632093499e+001 +9.632093499e+001 +2.2118e+000 -3.7631e+000 -2.9510e+000 +3.9101e-001 -2.6278e+000 -2.0905e+000 +1.5148e+000 +3.4534e+000 -2.5188e+000 +9.7655e-001
% function evaluation | noise-free fitness - Fopt (7.470000000000e+001) | best noise-free fitness - Fopt | measured fitness | best measured fitness | x1 | x2...
1 +2.501279787e+003 +2.501279787e+003 +2.575979787e+003 +2.575979787e+003 -1.9723e-001 +4.7551e+000 +2.9314e+000 -4.4671e+000 +4.4756e+000 -4.9798e+000 +2.4745e+000 -2.1807e+000 +3.5848e+000 -4.6997e+000
14 +6.957671257e+002 +6.957671257e+002 +7.704671257e+002 +7.704671257e+002 +3.8859e+000 +3.0979e+000 +1.8866e+000 -3.4610e+000 -2.1736e+000 -2.7378e+000 -3.3074e+000 +3.3595e+000 -8.6084e-001 -2.0904e+000
284 +5.509522311e+002 +5.509522311e+002 +6.256522311e+002 +6.256522311e+002 +4.2505e+000 +3.7131e+000 +4.5037e+000 -2.3448e+000 -1.4367e+000 -4.4929e+000 -3.0113e+000 -8.1037e-002 -3.0936e+000 -1.2067e+000
1151 +3.370047469e+002 +3.370047469e+002 +4.117047469e+002 +4.117047469e+002 +2.9895e+000 +2.8709e+000 +2.5336e+000 -1.0890e+000 -1.0743e+000 -2.9956e+000 -3.7542e+000 -1.1794e+000 -2.3342e+000 -2.0812e+000
1661 +2.175914544e+002 +2.175914544e+002 +2.922914544e+002 +2.922914544e+002 +3.5602e+000 +2.7204e+000 +1.8615e+000 -3.2382e-001 +9.4641e-002 -1.8980e+000 -4.6615e+000 +5.5988e-001 -2.4759e+000 -2.8996e+000
% function evaluation | noise-free fitness - Fopt (-8.478000000000e+001) | best noise-free fitness - Fopt | measured fitness | best measured fitness | x1 | x2...
1 +2.549301334e+003 +2.549301334e+003 +2.464521334e+003 +2.464521334e+003 -2.8159e+000 +4.4597e+000 -2.5337e+000 +2.8593e-001 +3.2615e+000 +3.3720e+000 +4.5777e+000 +4.6745e+000 -2.6894e+000 -3.0534e+000
3 +2.332631305e+003 +2.332631305e+003 +2.247851305e+003 +2.247851305e+003 -1.6407e+000 -3.6977e+000 +2.7509e+000 +4.6120e+000 -1.8661e+000 +1.6825e+000 -1.7237e+000 +3.6944e+000 +4.2529e+000 +3.0068e+000
5 +1.522588725e+003 +1.522588725e+003 +1.437808725e+003 +1.437808725e+003 +1.5684e+000 -1.4604e+000 -8.5416e-001 -1.3346e+000 +2.0992e-002 +4.5167e+000 -2.9520e+000 -7.6907e-001 +4.0534e-001 +2.7718e-001
245 +8.262813918e+002 +8.262813918e+002 +7.415013918e+002 +7.415013918e+002 +3.5576e+000 -5.8536e-001 +2.0863e+000 +3.3488e+000 +3.0585e+000 +1.5434e+000 -9.3581e-001 -1.4778e+000 +1.9487e+000 -8.5402e-002
645 +5.784056616e+002 +5.784056616e+002 +4.936256616e+002 +4.936256616e+002 +5.1724e+000 -5.8536e-001 +4.9996e-001 -2.4148e+000 +3.0585e+000 -1.4004e+000 -9.3581e-001 -1.1906e+000 +3.6854e+000 +1.0331e+000
1112 +3.637100126e+002 +3.637100126e+002 +2.789300126e+002 +2.789300126e+002 +3.7114e+000 +2.0364e+000 +1.2359e+000 -1.6614e+000 +1.1270e+000 -2.1083e+000 -1.1702e+000 -1.2808e+000 +2.4794e+000 -1.4659e-001
1742 +2.406607318e+002 +2.406607318e+002 +1.558807318e+002 +1.558807318e+002 +4.4467e+000 +1.8726e+000 +1.0998e+000 -7.6052e-001 +1.5272e+000 -1.9086e+000 -1.7886e+000 -2.1716e+000 +2.8728e+000 +5.4167e-001
% function evaluation | noise-free fitness - Fopt (1.620500000000e+002) | best noise-free fitness - Fopt | measured fitness | best measured fitness | x1 | x2...
1 +1.667112462e+003 +1.667112462e+003 +1.829162462e+003 +1.829162462e+003 +5.3162e-001 -8.6051e-001 -1.9985e+000 +2.2442e+000 +2.8140e+000 -1.3064e+000 +3.2386e+000 +7.6079e-001 +1.2466e+000 -4.7574e+000
9 +1.126418627e+003 +1.126418627e+003 +1.288468627e+003 +1.288468627e+003 -1.4241e+000 -1.0812e+000 +3.2469e-001 +3.6614e+000 +3.6653e+000 -2.5376e+000 +3.1900e+000 -2.5644e+000 -2.0267e+000 -1.3459e+000
367 +9.848020937e+002 +9.848020937e+002 +1.146852094e+003 +1.146852094e+003 +3.1842e+000 -3.2269e+000 -1.3718e+000 +3.3032e+000 -1.8090e-001 -3.0655e+000 +3.6373e+000 +1.8073e+000 -1.4253e+000 +1.3165e+000
867 +5.516647547e+002 +5.516647547e+002 +7.137147547e+002 +7.137147547e+002 +3.1842e+000 -4.9593e+000 +3.2742e+000 +3.3032e+000 +3.8288e+000 -2.7430e+000 -1.3196e-001 +8.3615e-001 -1.4253e+000 +1.3165e+000
1060 +3.397737730e+002 +3.397737730e+002 +5.018237730e+002 +5.018237730e+002 +2.5174e+000 -2.8319e+000 +3.3576e+000 +4.0230e+000 +4.4267e+000 -2.5262e+000 +2.7537e+000 -8.7267e-001 -1.5538e+000 +6.2022e-001
1985 +2.301681096e+002 +2.301681096e+002 +3.922181096e+002 +3.922181096e+002 +3.1337e+000 -2.8060e+000 +2.7844e+000 +3.2894e+000 +4.0574e+000 -4.3025e+000 +1.6849e+000 -5.6304e-001 -1.9199e+000 +4.0673e-001
% function evaluation | noise-free fitness - Fopt (-3.549000000000e+001) | best noise-free fitness - Fopt | measured fitness | best measured fitness | x1 | x2...
1 +2.147029004e+003 +2.147029004e+003 +2.111539004e+003 +2.111539004e+003 +2.5769e+000 -2.9824e+000 +1.3703e+000 -1.4713e+000 +2.3969e+000 +2.2711e+000 -2.1905e+000 -2.6809e+000 +5.6223e-001 -4.4857e-001
24 +1.426177700e+003 +1.426177700e+003 +1.390687700e+003 +1.390687700e+003 +9.6234e-001 -4.7934e+000 -5.2313e-001 -1.6617e+000 +1.3071e+000 +4.5640e+000 +2.8592e+000 -4.4693e+000 +4.0002e+000 +2.9693e+000
227 +8.078675819e+002 +8.078675819e+002 +7.723775819e+002 +7.723775819e+002 -2.5103e+000 -3.5359e+000 -9.9722e-001 +2.8625e+000 +4.3815e+000 -2.2949e+000 +4.5649e+000 -3.3383e+000 +3.9531e+000 +2.4926e+000
627 +5.750270279e+002 +5.750270279e+002 +5.395370279e+002 +5.395370279e+002 -1.1796e+000 -3.4351e+000 +1.7821e+000 +2.8625e+000 +4.9804e+000 +5.2827e-001 +2.4533e+000 -3.3383e+000 +3.9531e+000 +2.4926e+000
1285 +3.829359781e+002 +3.829359781e+002 +3.474459781e+002 +3.474459781e+002 -3.2172e+000 -1.4070e+000 +1.0395e+000 +1.4738e+000 +3.5312e+000 +2.7272e+000 +4.6037e+000 -4.1802e+000 +4.5937e+000 +4.1413e+000
1566 +2.402562520e+002 +2.402562520e+002 +2.047662520e+002 +2.047662520e+002 -1.8376e+000 -3.4323e+000 -1.8360e+000 +2.7356e+000 +2.4215e+000 +2.1384e+000 +2.7267e+000 -4.3735e+000 +4.3586e+000 +2.3139e+000
% function evaluation | noise-free fitness - Fopt (1.762000000000e+002) | best noise-free fitness - Fopt | measured fitness | best measured fitness | x1 | x2...
1 +2.628335017e+003 +2.628335017e+003 +2.804535017e+003 +2.804535017e+003 -1.0368e+000 +4.4838e+000 -2.5200e+000 -2.3575e+000 +4.1200e+000 -2.3761e+000 +2.8666e+000 -1.8471e+000 +2.7207e+000 -4.8728e+000
3 +2.169812831e+003 +2.169812831e+003 +2.346012831e+003 +2.346012831e+003 +3.7855e+000 -2.6680e+000 -7.0869e-001 +1.8832e+000 -2.1836e-001 -4.4786e+000 +3.3456e+000 +8.7748e-001 -4.0360e+000 +4.5036e+000
9 +1.417104182e+003 +1.417104182e+003 +1.593304182e+003 +1.593304182e+003 -1.4557e+000 -3.5086e+000 +2.5363e+000 -3.5909e+000 +2.2948e+000 +1.7541e-002 +3.7133e+000 -4.9175e-001 -2.8777e+000 +5.5675e-001
223 +9.923499275e+002 +9.923499275e+002 +1.168549927e+003 +1.168549927e+003 -4.9694e-001 -7.3593e-001 +5.4639e+000 -4.8429e-001 -6.2662e-001 -4.2400e+000 +3.0481e+000 +5.1984e+000 -4.2086e+000 -3.9533e+000
466 +5.680047007e+002 +5.680047007e+002 +7.442047007e+002 +7.442047007e+002 -2.6086e+000 +1.3552e+000 +2.3964e+000 -2.7885e+000 +3.1699e+000 -2.6486e+000 -1.0822e+000 +4.5859e+000 -3.3487e+000 -1.0227e+000
1167 +3.607065102e+002 +3.607065102e+002 +5.369065102e+002 +5.369065102e+002 -2.9782e+000 +1.2686e+000 +2.4940e+000 -3.9395e+000 -1.0387e+000 -1.2962e+000 -2.2503e+000 +2.5808e+000 -3.0900e+000 -3.2952e+000
1815 +1.993285761e+002 +1.993285761e+002 +3.755285761e+002 +3.755285761e+002 -3.6609e+000 +1.6847e+000 +3.5109e+000 -3.9370e+000 +2.2279e-001 -9.9597e-001 -1.6877e+000 +3.0038e+000 -4.4586e+000 -3.9274e+000
