% function evaluation | noise-free fitness - Fopt (6.870000000000e+000) | best noise-free fitness - Fopt | measured fitness | best measured fitness | x1 | x2...
1 +1.091974063e+002 +1.091974063e+002 +1.160674063e+002 +1.160674063e+002 +8.1138e+000 +1.1809e+001 +1.0463e+001
7 +9.192802462e+001 +9.192802462e+001 +9.879802462e+001 +9.879802462e+001 +1.1946e+001 +6.7346e+000 +7.6017e+000
44 +2.963613355e+001 +2.963613355e+001 +3.650613355e+001 +3.650613355e+001 +5.9282e+000 +7.4980e+000 +6.8086e+000
112 +2.084393175e+001 +2.084393175e+001 +2.771393175e+001 +2.771393175e+001 +1.5999e+000 +7.4980e+000 +6.8086e+000
375 +8.279930858e+000 +8.279930858e+000 +1.514993086e+001 +1.514993086e+001 +5.2536e+000 +6.3501e+000 +6.9554e+000
412 +4.609881064e+000 +4.609881064e+000 +1.147988106e+001 +1.147988106e+001 +6.1203e+000 +5.5514e+000 +1.9674e+000
% function evaluation | noise-free fitness - Fopt (1.000000000000e-002) | best noise-free fitness - Fopt | measured fitness | best measured fitness | x1 | x2...
1 +1.080560436e+002 +1.080560436e+002 +1.080660436e+002 +1.080660436e+002 +1.1009e+001 +6.2411e+000 +9.0858e+000
4 +9.419246681e+001 +9.419246681e+001 +9.420246681e+001 +9.420246681e+001 +9.2829e+000 +1.2048e+001 +5.1417e+000
20 +5.656897416e+001 +5.656897416e+001 +5.657897416e+001 +5.657897416e+001 +8.9661e+000 +8.3954e+000 +9.6846e+000
26 +2.739609519e+001 +2.739609519e+001 +2.740609519e+001 +2.740609519e+001 +6.1009e+000 +5.3748e+000 +8.2380e+000
131 +7.740247931e+000 +7.740247931e+000 +7.750247931e+000 +7.750247931e+000 +6.8622e+000 +3.8862e+000 +5.1446e+000
1066 +4.153496279e+000 +4.153496279e+000 +4.163496279e+000 +4.163496279e+000 +3.9826e+000 +3.3839e+000 +4.9998e+000
% function evaluation | noise-free fitness - Fopt (-1.306100000000e+002) | best noise-free fitness - Fopt | measured fitness | best measured fitness | x1 | x2...
1 +1.180825180e+002 +1.180825180e+002 -1.252748202e+001 -1.252748202e+001 +1.4883e+001 +6.3040e+000 +6.4013e+000
3 +2.405491603e+001 +2.405491603e+001 -1.065550840e+002 -1.065550840e+002 +8.4866e+000 +6.4402e+000 +6.0897e+000
285 +1.329561986e+001 +1.329561986e+001 -1.173143801e+002 -1.173143801e+002 +1.4088e+000 +1.1068e+000 +7.1119e+000
335 +8.463979701e+000 +8.463979701e+000 -1.221460203e+002 -1.221460203e+002 +5.5367e+000 +5.5683e+000 +3.2562e+000
787 +4.641177978e+000 +4.641177978e+000 -1.259688220e+002 -1.259688220e+002 +4.3150e+000 +3.5534e+000 +3.2742e+000
1256 +3.494831159e+000 +3.494831159e+000 -1.271151688e+002 -1.271151688e+002 +3.1511e+000 +2.6867e+000 +6.1734e+000
% function evaluation | noise-free fitness - Fopt (-2.231200000000e+002) | best noise-free fitness - Fopt | measured fitness | best measured fitness | x1 | x2...
1 +1.508504852e+002 +1.508504852e+002 -7.226951476e+001 -7.226951476e+001 +5.6500e+000 +1.3667e+001 +1.1697e+001
3 +4.786226853e+001 +4.786226853e+001 -1.752577315e+002 -1.752577315e+002 +5.4356e+000 +8.2963e+000 +8.5935e+000
12 +1.914118194e+001 +1.914118194e+001 -2.039788181e+002 -2.039788181e+002 +7.1216e+000 +5.6368e+000 +5.4646e+000
17 +1.190833903e+001 +1.190833903e+001 -2.112116610e+002 -2.112116610e+002 +6.2593e+000 +5.0865e+000 +6.9140e+000
324 +5.523101217e+000 +5.523101217e+000 -2.175968988e+002 -2.175968988e+002 +4.9398e+000 +9.0453e-001 +8.8149e-001
914 +2.539943233e+000 +2.539943233e+000 -2.205800568e+002 -2.205800568e+002 +4.7733e+000 +3.1203e+000 +5.1765e+000
% function evaluation | noise-free fitness - Fopt (-4.443000000000e+001) | best noise-free fitness - Fopt | measured fitness | best measured fitness | x1 | x2...
1 +9.402159193e+001 +9.402159193e+001 +4.959159193e+001 +4.959159193e+001 +1.1244e+001 +7.1231e+000 +1.0567e+001
8 +5.625057561e+001 +5.625057561e+001 +1.182057561e+001 +1.182057561e+001 +7.7874e+000 +9.1424e+000 +9.6517e+000
65 +3.814362339e+001 +3.814362339e+001 -6.286376611e+000 -6.286376611e+000 +4.5646e+000 +7.3743e+000 +6.5445e+000
153 +2.105262091e+001 +2.105262091e+001 -2.337737909e+001 -2.337737909e+001 +6.1652e+000 +5.5034e+000 +5.7031e+000
278 +1.542412390e+001 +1.542412390e+001 -2.900587610e+001 -2.900587610e+001 +2.5775e+000 +7.2496e+000 +7.4189e+000
438 +9.536457753e+000 +9.536457753e+000 -3.489354225e+001 -3.489354225e+001 +6.1305e+000 +7.1165e+000 +2.0549e+000
524 +4.609679856e+000 +4.609679856e+000 -3.982032014e+001 -3.982032014e+001 +4.4490e+000 +5.5034e+000 +3.7017e+000
1253 +1.566953197e+000 +1.566953197e+000 -4.286304680e+001 -4.286304680e+001 +3.7778e+000 +5.4177e+000 +4.7328e+000
% function evaluation | noise-free fitness - Fopt (1.994000000000e+001) | best noise-free fitness - Fopt | measured fitness | best measured fitness | x1 | x2...
1 +8.733109953e+001 +8.733109953e+001 +1.072710995e+002 +1.072710995e+002 +7.4701e+000 +1.1741e+001 +6.1426e+000
5 +5.320400797e+001 +5.320400797e+001 +7.314400797e+001 +7.314400797e+001 +5.2763e+000 +5.4162e+000 +5.1470e+000
45 +2.613159657e+001 +2.613159657e+001 +4.607159657e+001 +4.607159657e+001 +8.4770e+000 +5.6875e+000 +5.8331e+000
156 +2.139426023e+001 +2.139426023e+001 +4.133426023e+001 +4.133426023e+001 +8.3367e+000 +6.0362e+000 +3.5006e+000
321 +1.453780746e+001 +1.453780746e+001 +3.447780746e+001 +3.447780746e+001 +7.8514e+000 +4.7763e+000 +5.5512e+000
537 +9.795740906e+000 +9.795740906e+000 +2.973574091e+001 +2.973574091e+001 -1.3737e+000 +6.6044e+000 +5.1106e+000
833 +4.433671074e+000 +4.433671074e+000 +2.437367107e+001 +2.437367107e+001 -1.1741e+000 +5.4738e+000 +4.0785e+000
% function evaluation | noise-free fitness - Fopt (2.047400000000e+002) | best noise-free fitness - Fopt | measured fitness | best measured fitness | x1 | x2...
1 +7.775747213e+001 +7.775747213e+001 +2.824974721e+002 +2.824974721e+002 +1.1122e+001 +7.1019e+000 +7.0746e+000
5 +5.920169435e+001 +5.920169435e+001 +2.639416943e+002 +2.639416943e+002 +1.1299e+001 +7.5732e+000 +6.9288e+000
24 +2.063232696e+001 +2.063232696e+001 +2.253723270e+002 +2.253723270e+002 +6.3947e+000 +8.8209e+000 +5.2838e+000
206 +1.224128504e+001 +1.224128504e+001 +2.169812850e+002 +2.169812850e+002 +5.5620e+000 +6.4009e+000 +2.2744e+000
450 +3.145766978e+000 +3.145766978e+000 +2.078857670e+002 +2.078857670e+002 +2.2457e+000 +2.8579e+000 +3.1007e+000
% function evaluation | noise-free fitness - Fopt (-3.887700000000e+002) | best noise-free fitness - Fopt | measured fitness | best measured fitness | x1 | x2...
1 +7.014935559e+001 +7.014935559e+001 -3.186206444e+002 -3.186206444e+002 +7.4504e+000 +6.6966e+000 +9.3928e+000
3 +4.500307458e+001 +4.500307458e+001 -3.437669254e+002 -3.437669254e+002 +6.0418e+000 +9.0336e+000 +5.6017e+000
17 +3.954141272e+001 +3.954141272e+001 -3.492285873e+002 -3.492285873e+002 +6.9503e+000 +7.1786e+000 +7.9899e+000
57 +2.396488896e+001 +2.396488896e+001 -3.648051110e+002 -3.648051110e+002 +3.8694e+000 +8.7776e+000 +5.6299e+000
230 +5.339424018e+000 +5.339424018e+000 -3.834305760e+002 -3.834305760e+002 +1.1682e+000 +5.3327e+000 +2.8275e+000
949 +3.519979557e+000 +3.519979557e+000 -3.852500204e+002 -3.852500204e+002 +5.2351e+000 +5.7460e+000 +2.9452e+000
1288 +1.555927232e+000 +1.555927232e+000 -3.872140728e+002 -3.872140728e+002 +3.2989e+000 +5.0858e+000 +2.1155e+000
% function evaluation | noise-free fitness - Fopt (-1.918000000000e+001) | best noise-free fitness - Fopt | measured fitness | best measured fitness | x1 | x2...
1 +1.214082508e+002 +1.214082508e+002 +1.022282508e+002 +1.022282508e+002 +6.0977e+000 +9.9748e+000 +1.2376e+001
8 +6.477040948e+001 +6.477040948e+001 +4.559040948e+001 +4.559040948e+001 +1.1830e+001 +7.8500e+000 +6.3074e+000
9 +6.168411794e+001 +6.168411794e+001 +4.250411794e+001 +4.250411794e+001 +8.3566e+000 +8.5207e+000 +8.9955e+000
22 +3.289670308e+001 +3.289670308e+001 +1.371670308e+001 +1.371670308e+001 +8.1220e+000 +6.4847e+000 +5.6998e+000
40 +2.116535832e+001 +2.116535832e+001 +1.985358315e+000 +1.985358315e+000 +5.8029e+000 +7.8129e+000 +6.9994e+000
223 +1.300138735e+001 +1.300138735e+001 -6.178612653e+000 -6.178612653e+000 +6.0937e+000 +6.6115e+000 +4.8407e+000
279 +7.793744059e+000 +7.793744059e+000 -1.138625594e+001 -1.138625594e+001 +5.8100e+000 +6.5841e+000 +5.8017e+000
1085 +4.753565011e+000 +4.753565011e+000 -1.442643499e+001 -1.442643499e+001 +5.3359e+000 +5.7687e+000 +4.8345e+000
1295 +3.645639528e+000 +3.645639528e+000 -1.553436047e+001 -1.553436047e+001 +6.0921e+000 +4.3863e+000 +4.6710e+000
% function evaluation | noise-free fitness - Fopt (-3.724500000000e+002) | best noise-free fitness - Fopt | measured fitness | best measured fitness | x1 | x2...
1 +1.773144958e+002 +1.773144958e+002 -1.951355042e+002 -1.951355042e+002 +1.0786e+001 +9.7373e+000 +1.4297e+001
4 +1.479289726e+002 +1.479289726e+002 -2.245210274e+002 -2.245210274e+002 +1.2123e+001 +6.3712e+000 +1.3216e+001
7 +7.519211924e+001 +7.519211924e+001 -2.972578808e+002 -2.972578808e+002 +5.5208e+000 +1.2458e+001 +5.8813e+000
16 +4.353037546e+001 +4.353037546e+001 -3.289196245e+002 -3.289196245e+002 +1.0024e+001 +8.1595e+000 +5.4501e+000
42 +2.102596427e+001 +2.102596427e+001 -3.514240357e+002 -3.514240357e+002 +6.9001e+000 +8.3196e+000 +5.2256e+000
152 +8.427196312e+000 +8.427196312e+000 -3.640228037e+002 -3.640228037e+002 +3.8669e+000 +7.1394e+000 +4.7106e+000
445 +5.329859590e+000 +5.329859590e+000 -3.671201404e+002 -3.671201404e+002 +6.5237e+000 +4.2187e+000 +3.2920e+000
% function evaluation | noise-free fitness - Fopt (8.450000000000e+000) | best noise-free fitness - Fopt | measured fitness | best measured fitness | x1 | x2...
1 +1.025447198e+002 +1.025447198e+002 +1.109947198e+002 +1.109947198e+002 +1.0572e+001 +9.9038e+000 +7.2134e+000
4 +2.998407410e+001 +2.998407410e+001 +3.843407410e+001 +3.843407410e+001 +5.5513e+000 +7.2049e+000 +8.2854e+000
38 +1.093031219e+001 +1.093031219e+001 +1.938031219e+001 +1.938031219e+001 +5.3696e+000 +6.8736e+000 +5.7608e+000
342 +5.457860660e+000 +5.457860660e+000 +1.390786066e+001 +1.390786066e+001 +4.1036e+000 +6.4647e+000 +6.2474e+000
979 +1.421174264e+000 +1.421174264e+000 +9.871174264e+000 +9.871174264e+000 -8.0818e-001 -7.8529e-001 +1.4838e+000
% function evaluation | noise-free fitness - Fopt (1.184000000000e+001) | best noise-free fitness - Fopt | measured fitness | best measured fitness | x1 | x2...
1 +9.342772483e+001 +9.342772483e+001 +1.052677248e+002 +1.052677248e+002 +1.0275e+001 +1.1829e+001 +6.0957e+000
15 +3.541656622e+001 +3.541656622e+001 +4.725656622e+001 +4.725656622e+001 +6.3751e+000 +8.2476e+000 +5.6059e+000
124 +1.486727695e+001 +1.486727695e+001 +2.670727695e+001 +2.670727695e+001 +5.1763e+000 +6.7929e+000 +3.4927e+000
402 +8.948136533e+000 +8.948136533e+000 +2.078813653e+001 +2.078813653e+001 +3.6985e+000 +5.6365e+000 +5.3535e+000
918 +5.649132063e+000 +5.649132063e+000 +1.748913206e+001 +1.748913206e+001 +7.1323e+000 +4.6165e+000 +4.7576e+000
1195 +3.509717055e+000 +3.509717055e+000 +1.534971705e+001 +1.534971705e+001 +6.1520e+000 +5.4709e+000 +2.8223e+000
% function evaluation | noise-free fitness - Fopt (1.581200000000e+002) | best noise-free fitness - Fopt | measured fitness | best measured fitness | x1 | x2...
1 +1.444641538e+002 +1.444641538e+002 +3.025841538e+002 +3.025841538e+002 +8.5730e+000 +1.3990e+001 +6.9582e+000
3 +7.690969442e+001 +7.690969442e+001 +2.350296944e+002 +2.350296944e+002 +6.9214e+000 +7.4100e+000 +1.0849e+001
21 +4.758314321e+001 +4.758314321e+001 +2.057031432e+002 +2.057031432e+002 +9.2257e+000 +5.2054e+000 +8.8418e+000
72 +2.976309917e+001 +2.976309917e+001 +1.878830992e+002 +1.878830992e+002 +7.3521e+000 +7.5427e+000 +2.8552e+000
76 +2.226392993e+001 +2.226392993e+001 +1.803839299e+002 +1.803839299e+002 +6.6937e+000 +3.6950e+000 +3.5381e+000
166 +8.598388388e+000 +8.598388388e+000 +1.667183884e+002 +1.667183884e+002 +3.9738e+000 +2.5052e+000 +7.5600e+000
479 +5.028888732e+000 +5.028888732e+000 +1.631488887e+002 +1.631488887e+002 +4.9162e+000 +4.3533e+000 +2.9490e+000
521 +2.427785227e+000 +2.427785227e+000 +1.605477852e+002 +1.605477852e+002 +5.8590e+000 +2.2435e+000 -2.0405e-001
% function evaluation | noise-free fitness - Fopt (-1.021200000000e+002) | best noise-free fitness - Fopt | measured fitness | best measured fitness | x1 | x2...
1 +1.396612118e+002 +1.396612118e+002 +3.754121176e+001 +3.754121176e+001 +1.0348e+001 +1.2346e+001 +1.1295e+001
4 +3.764404040e+001 +3.764404040e+001 -6.447595960e+001 -6.447595960e+001 +5.4231e+000 +9.1291e+000 +8.2671e+000
144 +2.252039010e+001 +2.252039010e+001 -7.959960990e+001 -7.959960990e+001 +6.3477e+000 +5.9163e+000 +8.7290e+000
195 +1.288406084e+001 +1.288406084e+001 -8.923593916e+001 -8.923593916e+001 +5.9511e+000 +6.1951e+000 +7.8969e+000
440 +6.358219781e+000 +6.358219781e+000 -9.576178022e+001 -9.576178022e+001 +3.3897e+000 +5.4556e+000 +4.9328e+000
961 +6.284110457e+000 +6.284110457e+000 -9.583588954e+001 -9.583588954e+001 +2.0247e+000 +4.6163e+000 +4.1432e+000
1189 +3.478999537e+000 +3.478999537e+000 -9.864100046e+001 -9.864100046e+001 +2.2691e+000 +5.4364e+000 +4.8833e+000
% function evaluation | noise-free fitness - Fopt (-8.798000000000e+001) | best noise-free fitness - Fopt | measured fitness | best measured fitness | x1 | x2...
1 +5.644622157e+001 +5.644622157e+001 -3.153377843e+001 -3.153377843e+001 +9.5343e+000 +6.1748e+000 +7.2375e+000
21 +3.788501255e+001 +3.788501255e+001 -5.009498745e+001 -5.009498745e+001 +7.7489e+000 +6.0467e+000 +6.8403e+000
130 +1.781583044e+001 +1.781583044e+001 -7.016416956e+001 -7.016416956e+001 +5.9439e+000 +6.1748e+000 +7.2375e+000
326 +1.080860126e+001 +1.080860126e+001 -7.717139874e+001 -7.717139874e+001 +5.5628e+000 +3.9551e+000 +3.7175e+000
344 +8.883157911e+000 +8.883157911e+000 -7.909684209e+001 -7.909684209e+001 +7.2080e-001 +5.3364e+000 +2.0477e+000
576 +5.204142100e+000 +5.204142100e+000 -8.277585790e+001 -8.277585790e+001 +6.0208e+000 +5.5258e+000 +6.5009e+000
648 +2.821961995e+000 +2.821961995e+000 -8.515803800e+001 -8.515803800e+001 +2.6334e+000 +2.7651e-002 +4.4761e+000
1119 +2.246672109e+000 +2.246672109e+000 -8.573332789e+001 -8.573332789e+001 +2.4331e+000 +2.2734e+000 +4.9593e+000
