% function evaluation | noise-free fitness - Fopt (-5.465000000000e+002) | best noise-free fitness - Fopt | measured fitness | best measured fitness | x1 | x2...
1 +1.362991067e+004 +1.362991067e+004 +1.308341067e+004 +1.308341067e+004 -2.8644e-001 +1.8061e+000 -1.1223e+000
4 +2.690003280e+003 +2.690003280e+003 +2.143503280e+003 +2.143503280e+003 -4.7963e+000 -1.1264e+000 +1.0779e+000
10 +1.837027763e+003 +1.837027763e+003 +1.290527763e+003 +1.290527763e+003 +4.1003e+000 +1.6568e+000 +3.1075e-001
40 +7.662445644e+001 +7.662445644e+001 -4.698755436e+002 -4.698755436e+002 -2.2985e+000 +1.1425e+000 +7.5261e-001
45 +4.105416877e+000 +4.105416877e+000 -5.423945831e+002 -5.423945831e+002 -8.1785e-001 +1.3651e+000 +1.6639e+000
156 +3.391869697e+000 +3.391869697e+000 -5.431081303e+002 -5.431081303e+002 -1.8433e+000 +1.1033e+000 +1.4741e+000
176 +1.757753475e+000 +1.757753475e+000 -5.447422465e+002 -5.447422465e+002 +4.8598e-001 +2.7507e+000 +8.2438e-001
676 +1.551109041e+000 +1.551109041e+000 -5.449488910e+002 -5.449488910e+002 -1.9484e+000 +2.1169e+000 +2.1890e+000
% function evaluation | noise-free fitness - Fopt (1.000000000000e+003) | best noise-free fitness - Fopt | measured fitness | best measured fitness | x1 | x2...
1 +1.215887506e+005 +1.215887506e+005 +1.225887506e+005 +1.225887506e+005 +1.5473e+000 +8.2708e-002 +4.3556e+000
3 +2.533072808e+002 +2.533072808e+002 +1.253307281e+003 +1.253307281e+003 -3.2901e+000 +8.2572e-001 -1.4360e+000
68 +4.568768027e+000 +4.568768027e+000 +1.004568768e+003 +1.004568768e+003 +4.4546e-001 +1.3878e+000 -8.6171e-001
136 +3.498611567e+000 +3.498611567e+000 +1.003498612e+003 +1.003498612e+003 +1.5617e+000 +7.8147e-001 -1.5569e+000
176 +1.419748287e+000 +1.419748287e+000 +1.001419748e+003 +1.001419748e+003 -1.9119e+000 +1.5832e+000 -2.2501e+000
638 +7.198483639e-001 +7.198483639e-001 +1.000719848e+003 +1.000719848e+003 -2.1177e+000 +2.0150e+000 -2.0810e+000
880 +3.622399067e-001 +3.622399067e-001 +1.000362240e+003 +1.000362240e+003 -1.9707e+000 +2.1696e+000 -2.0772e+000
% function evaluation | noise-free fitness - Fopt (2.083800000000e+002) | best noise-free fitness - Fopt | measured fitness | best measured fitness | x1 | x2...
1 +1.351089711e+005 +1.351089711e+005 +1.353173511e+005 +1.353173511e+005 +3.7808e+000 +8.4225e-001 -4.8324e+000
3 +6.029184575e+002 +6.029184575e+002 +8.112984575e+002 +8.112984575e+002 -3.4825e+000 +4.9038e-001 +2.8656e+000
7 +4.342024175e+000 +4.342024175e+000 +2.127220242e+002 +2.127220242e+002 +1.1506e+000 +1.6943e+000 +1.6433e+000
81 +2.698890997e+000 +2.698890997e+000 +2.110788910e+002 +2.110788910e+002 -6.5027e-001 +4.5487e-001 +1.3971e+000
119 +1.874619904e+000 +1.874619904e+000 +2.102546199e+002 +2.102546199e+002 -2.2794e+000 +1.9988e+000 +1.5687e+000
581 +4.579996363e-001 +4.579996363e-001 +2.088379996e+002 +2.088379996e+002 -1.9543e+000 +2.1389e+000 +2.1205e+000
% function evaluation | noise-free fitness - Fopt (-1.449600000000e+002) | best noise-free fitness - Fopt | measured fitness | best measured fitness | x1 | x2...
1 +8.048452662e+004 +8.048452662e+004 +8.033956662e+004 +8.033956662e+004 -4.7644e+000 -3.3943e+000 +3.9932e+000
3 +9.516128606e+003 +9.516128606e+003 +9.371168606e+003 +9.371168606e+003 -3.5473e+000 +1.0812e+000 -4.5270e+000
4 +3.870063943e+002 +3.870063943e+002 +2.420463943e+002 +2.420463943e+002 -1.5350e+000 +3.6170e-001 -3.1564e+000
8 +7.728806677e+000 +7.728806677e+000 -1.372311933e+002 -1.372311933e+002 -1.2101e+000 -2.5873e+000 -1.8178e+000
63 +4.234383933e+000 +4.234383933e+000 -1.407256161e+002 -1.407256161e+002 +1.1386e+000 -9.6262e-001 -2.5015e+000
119 +3.377829966e+000 +3.377829966e+000 -1.415821700e+002 -1.415821700e+002 +1.2259e+000 -3.5106e-001 -2.1489e+000
298 +2.475153359e+000 +2.475153359e+000 -1.424848466e+002 -1.424848466e+002 -2.3916e+000 -4.3442e-001 -2.5015e+000
518 +1.212443341e+000 +1.212443341e+000 -1.437475567e+002 -1.437475567e+002 +1.6087e+000 -2.9858e+000 -1.9432e+000
569 +7.158164986e-001 +7.158164986e-001 -1.442441835e+002 -1.442441835e+002 +1.4159e+000 -2.9995e+000 -1.8501e+000
% function evaluation | noise-free fitness - Fopt (-6.300000000000e+000) | best noise-free fitness - Fopt | measured fitness | best measured fitness | x1 | x2...
1 +3.973018754e+003 +3.973018754e+003 +3.966718754e+003 +3.966718754e+003 +6.3117e-001 +1.8865e+000 -3.2381e+000
5 +1.757023497e+003 +1.757023497e+003 +1.750723497e+003 +1.750723497e+003 +2.9731e+000 -3.1929e+000 -1.6713e-001
15 +3.354936486e+002 +3.354936486e+002 +3.291936486e+002 +3.291936486e+002 +5.2206e-001 -3.2361e+000 -9.6081e-001
18 +4.206365696e+000 +4.206365696e+000 -2.093634304e+000 -2.093634304e+000 +2.5158e-001 -2.4538e+000 -1.8063e+000
94 +2.695271919e+000 +2.695271919e+000 -3.604728081e+000 -3.604728081e+000 +1.9994e-001 -2.7064e+000 -2.0122e+000
152 +2.166224650e+000 +2.166224650e+000 -4.133775350e+000 -4.133775350e+000 +2.5158e-001 -2.4538e+000 -1.9772e+000
296 +1.167690879e+000 +1.167690879e+000 -5.132309121e+000 -5.132309121e+000 +2.1018e+000 -1.4743e+000 -1.1310e+000
% function evaluation | noise-free fitness - Fopt (-3.790000000000e+000) | best noise-free fitness - Fopt | measured fitness | best measured fitness | x1 | x2...
1 +5.167595997e+004 +5.167595997e+004 +5.167216997e+004 +5.167216997e+004 +3.7949e+000 -1.5345e+000 -1.7177e+000
3 +1.124993859e+004 +1.124993859e+004 +1.124614859e+004 +1.124614859e+004 -2.5834e+000 -3.5848e+000 +2.4621e+000
4 +3.195177525e+003 +3.195177525e+003 +3.191387525e+003 +3.191387525e+003 -4.9825e+000 -1.9615e+000 +2.0211e+000
7 +2.363100784e+000 +2.363100784e+000 -1.426899216e+000 -1.426899216e+000 +1.6215e+000 +4.4402e-001 +2.6017e+000
% function evaluation | noise-free fitness - Fopt (-5.675000000000e+001) | best noise-free fitness - Fopt | measured fitness | best measured fitness | x1 | x2...
1 +3.757903337e+004 +3.757903337e+004 +3.752228337e+004 +3.752228337e+004 +5.3852e-001 +2.1954e+000 -1.1043e+000
3 +1.425238738e+003 +1.425238738e+003 +1.368488738e+003 +1.368488738e+003 +4.3826e+000 +8.1927e-001 +2.7765e+000
17 +6.787796650e+002 +6.787796650e+002 +6.220296650e+002 +6.220296650e+002 -3.7975e+000 -3.1445e+000 +6.9490e-001
26 +5.530270756e+000 +5.530270756e+000 -5.121972924e+001 -5.121972924e+001 -1.9779e+000 -1.4347e+000 +1.8753e+000
157 +3.293609203e+000 +3.293609203e+000 -5.345639080e+001 -5.345639080e+001 +2.4121e+000 -3.6740e-001 +2.4964e+000
290 +1.543037426e+000 +1.543037426e+000 -5.520696257e+001 -5.520696257e+001 +2.1919e+000 -6.4401e-002 +2.2284e+000
% function evaluation | noise-free fitness - Fopt (-5.980000000000e+001) | best noise-free fitness - Fopt | measured fitness | best measured fitness | x1 | x2...
1 +5.827162597e+003 +5.827162597e+003 +5.767362597e+003 +5.767362597e+003 -2.7235e+000 -4.3910e+000 -1.0270e+000
11 +2.062116668e+002 +2.062116668e+002 +1.464116668e+002 +1.464116668e+002 +3.2088e+000 +4.5029e-001 +1.7228e+000
49 +5.648280151e+000 +5.648280151e+000 -5.415171985e+001 -5.415171985e+001 -5.5954e-001 -9.4489e-001 +1.0752e+000
144 +3.491699297e+000 +3.491699297e+000 -5.630830070e+001 -5.630830070e+001 +5.0427e-001 -4.2600e-001 +1.9209e+000
268 +2.444260300e+000 +2.444260300e+000 -5.735573970e+001 -5.735573970e+001 +1.1528e-001 -6.7255e-001 +2.4818e+000
440 +5.110601011e-001 +5.110601011e-001 -5.928893990e+001 -5.928893990e+001 +2.1591e+000 -9.2393e-002 +2.6052e+000
% function evaluation | noise-free fitness - Fopt (1.155700000000e+002) | best noise-free fitness - Fopt | measured fitness | best measured fitness | x1 | x2...
1 +1.348824684e+004 +1.348824684e+004 +1.360381684e+004 +1.360381684e+004 +4.1268e+000 +2.7842e+000 +3.7374e+000
3 +2.875480379e+001 +2.875480379e+001 +1.443248038e+002 +1.443248038e+002 +2.1814e+000 -1.3217e-001 +1.1253e+000
39 +3.761308457e+000 +3.761308457e+000 +1.193313085e+002 +1.193313085e+002 -9.8053e-002 +1.3684e-001 +2.5277e+000
419 +2.397377346e+000 +2.397377346e+000 +1.179673773e+002 +1.179673773e+002 +3.9949e-001 +2.5604e+000 +1.6949e+000
484 +1.570801009e+000 +1.570801009e+000 +1.171408010e+002 +1.171408010e+002 +1.0538e+000 +2.4753e+000 +1.9734e+000
661 +5.601562138e-001 +5.601562138e-001 +1.161301562e+002 +1.161301562e+002 +2.1403e+000 +2.1971e+000 +2.0931e+000
% function evaluation | noise-free fitness - Fopt (-3.912000000000e+001) | best noise-free fitness - Fopt | measured fitness | best measured fitness | x1 | x2...
1 +4.763760796e+003 +4.763760796e+003 +4.724640796e+003 +4.724640796e+003 -1.2942e+000 +3.3345e+000 +2.9154e+000
3 +8.954412317e+002 +8.954412317e+002 +8.563212317e+002 +8.563212317e+002 +3.3772e+000 +4.1042e+000 -1.5573e-001
14 +2.993596340e+000 +2.993596340e+000 -3.612640366e+001 -3.612640366e+001 -2.2513e+000 +4.2589e-001 +2.1280e+000
198 +1.734436921e+000 +1.734436921e+000 -3.738556308e+001 -3.738556308e+001 +1.6251e+000 +2.9658e+000 +1.5759e+000
732 +1.578622802e+000 +1.578622802e+000 -3.754137720e+001 -3.754137720e+001 +7.7619e-001 +2.8717e+000 +1.8858e+000
% function evaluation | noise-free fitness - Fopt (-8.801000000000e+001) | best noise-free fitness - Fopt | measured fitness | best measured fitness | x1 | x2...
1 +1.388455375e+005 +1.388455375e+005 +1.387575275e+005 +1.387575275e+005 -2.3755e-001 -4.6098e+000 +2.9682e+000
3 +2.082291490e+003 +2.082291490e+003 +1.994281490e+003 +1.994281490e+003 -1.8592e-002 +4.1299e+000 -9.1450e-001
9 +3.888130162e+000 +3.888130162e+000 -8.412186984e+001 -8.412186984e+001 -1.5751e-001 +2.5603e+000 -1.8156e+000
239 +2.311489929e+000 +2.311489929e+000 -8.569851007e+001 -8.569851007e+001 -8.9139e-001 +3.5362e-001 -1.4580e+000
394 +1.472676680e+000 +1.472676680e+000 -8.653732332e+001 -8.653732332e+001 -2.0312e+000 +4.9998e-001 -2.4956e+000
% function evaluation | noise-free fitness - Fopt (7.934000000000e+001) | best noise-free fitness - Fopt | measured fitness | best measured fitness | x1 | x2...
1 +6.247223212e+003 +6.247223212e+003 +6.326563212e+003 +6.326563212e+003 +2.4141e+000 -2.4003e+000 +6.7488e-001
15 +3.546509421e+003 +3.546509421e+003 +3.625849421e+003 +3.625849421e+003 -1.7282e+000 +2.0478e+000 -1.5584e+000
19 +1.617390495e+002 +1.617390495e+002 +2.410790495e+002 +2.410790495e+002 -3.1289e+000 -6.1464e-001 -2.4163e+000
35 +7.335846547e+001 +7.335846547e+001 +1.526984655e+002 +1.526984655e+002 -9.6134e-001 -2.5142e+000 -2.2586e+000
64 +5.848655132e+000 +5.848655132e+000 +8.518865513e+001 +8.518865513e+001 -1.7411e+000 -1.0980e+000 -1.0130e+000
72 +3.056133257e+000 +3.056133257e+000 +8.239613326e+001 +8.239613326e+001 -1.7331e+000 -1.0258e+000 -2.3823e+000
301 +2.103008420e+000 +2.103008420e+000 +8.144300842e+001 +8.144300842e+001 -2.0898e+000 -1.2944e+000 -2.2633e+000
871 +1.541790709e+000 +1.541790709e+000 +8.088179071e+001 +8.088179071e+001 -2.0399e+000 -2.1337e+000 -1.2986e+000
% function evaluation | noise-free fitness - Fopt (1.721800000000e+002) | best noise-free fitness - Fopt | measured fitness | best measured fitness | x1 | x2...
1 +5.324993958e+004 +5.324993958e+004 +5.342211958e+004 +5.342211958e+004 +3.4415e+000 -4.5191e+000 -6.7814e-001
3 +7.320920980e+002 +7.320920980e+002 +9.042720980e+002 +9.042720980e+002 -3.5071e+000 +1.0711e+000 +6.2557e-001
4 +3.726957763e+002 +3.726957763e+002 +5.448757763e+002 +5.448757763e+002 -5.0221e-001 -3.7020e-001 +1.3947e+000
34 +4.517214294e+000 +4.517214294e+000 +1.766972143e+002 +1.766972143e+002 -1.8185e+000 +1.0869e+000 +2.4918e+000
84 +2.934822514e+000 +2.934822514e+000 +1.751148225e+002 +1.751148225e+002 -1.3044e+000 +1.9524e+000 +1.7963e+000
232 +2.330640077e+000 +2.330640077e+000 +1.745106401e+002 +1.745106401e+002 +2.3040e+000 +2.2163e+000 +2.0202e+000
409 +1.142311844e+000 +1.142311844e+000 +1.733223118e+002 +1.733223118e+002 +8.6892e-001 +2.3990e+000 +2.0516e+000
1071 +5.824057564e-001 +5.824057564e-001 +1.727624058e+002 +1.727624058e+002 +2.0215e+000 +2.1442e+000 +2.0414e+000
% function evaluation | noise-free fitness - Fopt (-3.181900000000e+002) | best noise-free fitness - Fopt | measured fitness | best measured fitness | x1 | x2...
1 +2.576301633e+004 +2.576301633e+004 +2.544482633e+004 +2.544482633e+004 +3.7125e+000 -9.5945e-002 -1.3086e+000
4 +7.325953696e+002 +7.325953696e+002 +4.144053696e+002 +4.144053696e+002 -3.8508e+000 +8.0703e-001 +1.6936e+000
5 +3.437166297e+000 +3.437166297e+000 -3.147528337e+002 -3.147528337e+002 -1.9298e+000 -1.0032e+000 +1.3334e+000
62 +1.709440171e+000 +1.709440171e+000 -3.164805598e+002 -3.164805598e+002 -1.7937e+000 -2.1844e+000 +9.5362e-001
139 +1.228315453e+000 +1.228315453e+000 -3.169616845e+002 -3.169616845e+002 -2.1405e+000 -2.0049e+000 +6.7365e-001
628 +7.597934213e-001 +7.597934213e-001 -3.174302066e+002 -3.174302066e+002 -1.8919e+000 -2.1844e+000 +2.1006e+000
716 +3.804912263e-002 +3.804912263e-002 -3.181519509e+002 -3.181519509e+002 -2.0951e+000 -2.1331e+000 +2.1002e+000
% function evaluation | noise-free fitness - Fopt (-5.276000000000e+001) | best noise-free fitness - Fopt | measured fitness | best measured fitness | x1 | x2...
1 +2.411147142e+003 +2.411147142e+003 +2.358387142e+003 +2.358387142e+003 -1.6948e+000 -1.7606e+000 +1.5837e+000
9 +3.789072635e+000 +3.789072635e+000 -4.897092737e+001 -4.897092737e+001 +4.4861e-001 +2.2093e+000 +1.4199e+000
110 +2.286241766e+000 +2.286241766e+000 -5.047375823e+001 -5.047375823e+001 +1.6614e+000 +1.1048e+000 +2.0118e+000
300 +1.469801101e+000 +1.469801101e+000 -5.129019890e+001 -5.129019890e+001 +1.6188e+000 +2.4561e+000 +1.9908e+000
435 +8.060901282e-001 +8.060901282e-001 -5.195390987e+001 -5.195390987e+001 +1.6614e+000 +3.0782e+000 +1.8622e+000
