% function evaluation | noise-free fitness - Fopt (7.627000000000e+001) | best noise-free fitness - Fopt | measured fitness | best measured fitness | x1 | x2...
1 +2.717631442e+008 +2.717631442e+008 +2.717632205e+008 +2.717632205e+008 +5.9845e+000 +7.8581e+000 +5.8685e+000 +7.8040e+000 +1.3539e+001 +7.6692e+000 +1.2858e+001 +8.9929e+000 +1.0753e+001 +6.4367e+000
11 +2.162221264e+008 +2.162221264e+008 +2.162222027e+008 +2.162222027e+008 +8.2604e+000 +8.2581e+000 +8.2614e+000 +1.0470e+001 +6.2306e+000 +5.8600e+000 +1.0595e+001 +8.4584e+000 +8.3031e+000 +8.7813e+000
26 +1.477932636e+008 +1.477932636e+008 +1.477933398e+008 +1.477933398e+008 +6.4864e+000 +1.1609e+001 +8.2146e+000 +5.3268e+000 +5.3550e+000 +1.2017e+001 +8.2578e+000 +9.1204e+000 +1.0447e+001 +5.3469e+000
167 +7.763638349e+007 +7.763638349e+007 +7.763645976e+007 +7.763645976e+007 +1.1338e+001 +9.5284e+000 +5.5479e+000 +5.1892e+000 +2.5602e+000 +1.0014e+001 +1.3610e+001 +1.0475e+001 +1.2340e+001 +8.4465e+000
251 +6.222742113e+007 +6.222742113e+007 +6.222749740e+007 +6.222749740e+007 +1.2074e+001 +8.5442e+000 +5.9265e+000 -1.8577e-001 +4.8219e+000 +7.9643e+000 +1.3732e+001 +6.3647e+000 +8.3484e+000 +2.0851e+000
284 +2.884698565e+007 +2.884698565e+007 +2.884706192e+007 +2.884706192e+007 +1.4339e+001 +3.8076e+000 -3.2643e+000 +8.4564e+000 +2.6035e+000 +9.2607e+000 +1.4079e+001 +1.1508e+001 +1.3491e+001 +6.5834e+000
320 +1.513586727e+007 +1.513586727e+007 +1.513594354e+007 +1.513594354e+007 +1.1932e+001 +1.7324e+001 +4.8596e+000 +5.4210e+000 +1.8782e+000 +6.2677e+000 +1.1080e+001 +4.0528e+000 +1.1142e+001 +2.6707e+000
392 +8.319968272e+006 +8.319968272e+006 +8.320044542e+006 +8.320044542e+006 +1.7854e+001 +1.7324e+001 +2.3770e+000 +5.4210e+000 +1.8782e+000 +1.2033e+001 +1.1080e+001 +4.0528e+000 +9.6275e+000 -2.5573e-001
394 +2.338408204e+006 +2.338408204e+006 +2.338484474e+006 +2.338484474e+006 +6.0187e+000 +1.3908e+001 +5.9207e+000 +3.0076e+000 -2.8769e+000 +1.0221e+001 +1.4259e+001 +8.4785e+000 +5.4014e+000 -5.3445e-001
446 +4.953934090e+005 +4.953934090e+005 +4.954696790e+005 +4.954696790e+005 +1.3598e+001 +1.5946e+001 +4.1972e+000 +5.7041e+000 -1.3405e+000 +6.7527e+000 +1.4999e+001 +9.8153e+000 +1.1820e+001 -4.0481e+000
586 +3.691433057e+005 +3.691433057e+005 +3.692195757e+005 +3.692195757e+005 +9.3404e+000 +2.0102e+001 -2.8505e+000 +9.9389e+000 -5.0318e-001 +9.4859e+000 +1.4670e+001 +1.1194e+001 +2.0251e+001 +6.6965e+000
614 +1.049868328e+005 +1.049868328e+005 +1.050631028e+005 +1.050631028e+005 +1.1709e+001 +1.2834e+001 +6.2366e-001 +3.6035e+000 -6.4995e-001 +8.6987e+000 +1.5760e+001 +9.8636e+000 +1.4717e+001 -9.3147e-001
633 +2.853729883e+004 +2.853729883e+004 +2.861356883e+004 +2.861356883e+004 +1.4752e+001 +1.5931e+001 -1.8686e+000 +8.7466e+000 -6.1305e-001 +1.2586e+001 +1.4820e+001 +8.3566e+000 +6.7979e+000 -6.7745e-001
664 +4.611413794e+003 +4.611413794e+003 +4.687683794e+003 +4.687683794e+003 +1.4163e+001 +2.1662e+001 -1.8486e+000 +1.0606e+001 -1.0837e+000 +9.1770e+000 +1.4922e+001 +9.2919e+000 +1.7725e+001 +5.1755e+000
793 +2.374551259e+003 +2.374551259e+003 +2.450821259e+003 +2.450821259e+003 +1.4763e+001 +2.0872e+001 +4.1925e+000 +9.8841e+000 +6.3376e-001 +1.0372e+001 +2.2665e+001 +4.6873e+000 +1.6687e+001 -3.2750e+000
1392 +1.558070538e+003 +1.558070538e+003 +1.634340538e+003 +1.634340538e+003 +1.0046e+001 +1.5300e+001 +5.3729e+000 +1.0291e+001 -5.4953e-001 +5.9514e+000 +1.9137e+001 +4.2606e+000 +1.8230e+001 -3.7152e+000
2412 +9.998489666e+002 +9.998489666e+002 +1.076118967e+003 +1.076118967e+003 +1.0106e+000 +1.5092e+000 +1.2786e+001 +6.3200e+000 -2.0475e+000 +2.7361e-002 +1.2632e+001 -8.5205e+000 +1.9940e+001 -6.8877e+000
3485 +6.283551816e+002 +6.283551816e+002 +7.046251816e+002 +7.046251816e+002 +5.4860e+000 +4.4539e+000 +6.8848e+000 +5.7419e+000 -3.6218e+000 +1.0948e+000 +5.9258e+000 -3.4081e+000 +1.6247e+001 +1.2176e-002
% function evaluation | noise-free fitness - Fopt (-2.255000000000e+001) | best noise-free fitness - Fopt | measured fitness | best measured fitness | x1 | x2...
1 +4.557405564e+007 +4.557405564e+007 +4.557403309e+007 +4.557403309e+007 +1.0899e+001 +1.2021e+001 +6.0277e+000 +1.0232e+001 +1.2439e+001 +8.9381e+000 +1.3596e+001 +8.4808e+000 +7.0330e+000 +5.3610e+000
3 +1.532972800e+007 +1.532972800e+007 +1.532970545e+007 +1.532970545e+007 +7.6369e+000 +1.4247e+001 +1.0216e+001 +1.4083e+001 +1.1419e+001 +1.2699e+001 +6.9564e+000 +6.7738e+000 +8.9265e+000 +1.3311e+001
4 +5.780100726e+006 +5.780100726e+006 +5.780078176e+006 +5.780078176e+006 +1.0051e+001 +1.1061e+001 +1.0525e+001 +1.1523e+001 +1.1842e+001 +6.5914e+000 +7.9787e+000 +1.1973e+001 +5.0982e+000 +1.4174e+001
13 +3.355530806e+006 +3.355530806e+006 +3.355508256e+006 +3.355508256e+006 +1.3286e+001 +1.1680e+001 +7.9610e+000 +8.7738e+000 +1.2264e+001 +1.2364e+001 +9.3405e+000 +9.2004e+000 +6.9949e+000 +7.4217e+000
14 +1.410907822e+005 +1.410907822e+005 +1.410682322e+005 +1.410682322e+005 +1.4930e+001 +7.4741e+000 +1.2263e+001 +1.2025e+001 +5.6184e+000 +9.2723e+000 +1.0507e+001 +8.4233e+000 +1.4026e+001 +1.4779e+001
20 +1.227410909e+004 +1.227410909e+004 +1.225155909e+004 +1.225155909e+004 +1.3545e+001 +5.7264e+000 +8.4775e+000 +1.0913e+001 +9.5598e+000 +1.3609e+001 +1.0767e+001 +8.5068e+000 +1.0559e+001 +6.1411e+000
94 +1.656483682e+003 +1.656483682e+003 +1.633933682e+003 +1.633933682e+003 +6.6404e+000 +4.2963e+000 +9.7000e+000 +6.0143e+000 +9.2353e+000 +8.4894e+000 +5.2723e+000 +1.3637e+001 +1.0643e+001 +5.4199e+000
113 +1.244930981e+003 +1.244930981e+003 +1.222380981e+003 +1.222380981e+003 +9.0364e+000 +7.2784e+000 +8.8590e+000 +5.5715e+000 +9.6211e+000 +6.8683e+000 +7.1786e+000 +1.6269e+001 +9.1860e+000 +1.2835e+001
679 +7.355436879e+002 +7.355436879e+002 +7.129936879e+002 +7.129936879e+002 +5.2742e+000 +4.5958e+000 +5.6171e+000 +2.2534e+000 +7.8086e+000 +3.6621e+000 +5.4654e+000 +1.6162e+001 +6.3895e+000 +1.0862e+001
775 +5.024934738e+002 +5.024934738e+002 +4.799434738e+002 +4.799434738e+002 +1.8030e+000 +1.7271e+000 +2.4614e+000 -6.8503e-001 +5.4644e+000 +4.4669e-001 +3.9480e+000 +1.5278e+001 +3.8542e+000 +8.9284e+000
1533 +3.832988435e+002 +3.832988435e+002 +3.607488435e+002 +3.607488435e+002 -2.5190e+000 -1.5811e+000 -1.4069e+000 -3.7459e+000 +2.7308e+000 -5.4998e-001 +2.5556e+000 +1.1748e+001 +1.4475e+000 +5.8825e+000
1907 +2.424452434e+002 +2.424452434e+002 +2.198952434e+002 +2.198952434e+002 -2.0454e+000 -8.0498e-001 -1.6505e+000 -4.0203e+000 +2.7522e+000 +2.6761e-001 +2.1586e+000 +8.6758e+000 +1.9425e+000 +4.4165e+000
2126 +1.584321397e+002 +1.584321397e+002 +1.358821397e+002 +1.358821397e+002 -1.8035e+000 -3.4362e-001 -1.5004e+000 -4.2294e+000 +2.8779e+000 +1.5943e+000 +1.9865e+000 +6.3084e+000 +2.3702e+000 +2.9751e+000
2577 +9.822873831e+001 +9.822873831e+001 +7.567873831e+001 +7.567873831e+001 -3.0733e-002 +1.8743e+000 -3.6683e-001 -3.8722e+000 +3.5098e+000 +5.5494e+000 +2.1463e+000 +9.2834e-001 +4.2709e+000 +8.3361e-001
3920 +6.279809396e+001 +6.279809396e+001 +4.024809396e+001 +4.024809396e+001 -9.0410e-001 +1.5880e+000 +2.1349e-001 -5.5188e+000 +3.6426e+000 +4.4597e+000 +1.2741e+000 -2.4878e+000 +1.8268e+000 -4.7577e-001
% function evaluation | noise-free fitness - Fopt (1.366000000000e+001) | best noise-free fitness - Fopt | measured fitness | best measured fitness | x1 | x2...
1 +6.748120212e+006 +6.748120212e+006 +6.748133872e+006 +6.748133872e+006 +7.6759e+000 +5.9176e+000 +1.0499e+001 +7.4393e+000 +1.1054e+001 +6.5943e+000 +7.2835e+000 +1.2299e+001 +1.4181e+001 +1.3964e+001
3 +1.870691787e+006 +1.870691787e+006 +1.870705447e+006 +1.870705447e+006 +1.4306e+001 +6.3919e+000 +6.3488e+000 +1.1850e+001 +1.0451e+001 +1.1363e+001 +8.2107e+000 +1.4795e+001 +1.3740e+001 +8.5697e+000
22 +1.560511834e+005 +1.560511834e+005 +1.560648434e+005 +1.560648434e+005 +1.3645e+001 +6.3323e+000 +9.1066e+000 +9.0622e+000 +5.5083e+000 +1.1507e+001 +7.6144e+000 +1.1054e+001 +5.0862e+000 +9.0153e+000
23 +9.607421243e+004 +9.607421243e+004 +9.608787243e+004 +9.608787243e+004 +1.1946e+001 +6.2378e+000 +7.3172e+000 +9.7128e+000 +1.1069e+001 +1.3449e+001 +7.5715e+000 +7.7326e+000 +1.2672e+001 +7.8312e+000
42 +5.014950170e+004 +5.014950170e+004 +5.016316170e+004 +5.016316170e+004 +1.4074e+001 +9.8325e+000 +1.1551e+001 +7.7320e+000 +7.1881e+000 +1.4793e+001 +7.8909e+000 +5.1007e+000 +1.4714e+001 +1.0961e+001
109 +4.133518093e+003 +4.133518093e+003 +4.147178093e+003 +4.147178093e+003 +1.4074e+001 +9.8325e+000 +4.4553e+000 +7.7320e+000 +7.7474e+000 +1.4793e+001 +6.8090e+000 +5.1007e+000 +1.4714e+001 +4.8115e+000
272 +1.552915383e+003 +1.552915383e+003 +1.566575383e+003 +1.566575383e+003 +1.1463e+001 +1.2396e+001 +9.2160e+000 +1.2155e+001 +7.8304e+000 +1.3989e+001 +5.7481e+000 +9.4845e+000 +7.2620e+000 +5.5476e+000
1034 +9.172504446e+002 +9.172504446e+002 +9.309104446e+002 +9.309104446e+002 +1.4264e+001 +1.2834e+001 +1.6405e+001 +6.9031e+000 +1.7985e+000 +7.6878e+000 +6.6189e+000 +3.2953e+000 +1.2454e+001 +5.7462e+000
1485 +6.053912613e+002 +6.053912613e+002 +6.190512613e+002 +6.190512613e+002 +1.2763e+001 +1.1615e+001 +1.7577e+001 +3.1558e+000 -6.1996e+000 -8.0814e-001 +4.3946e+000 -1.6968e+000 +8.3292e+000 +3.7583e+000
2006 +3.417520650e+002 +3.417520650e+002 +3.554120650e+002 +3.554120650e+002 +1.0402e+001 +8.2397e+000 +1.5579e+001 +6.6253e-002 -4.1231e+000 -1.6831e+000 +4.0272e+000 -6.8650e+000 +4.9723e+000 +2.0498e+000
2294 +2.253464501e+002 +2.253464501e+002 +2.390064501e+002 +2.390064501e+002 +6.7605e+000 +7.1010e+000 +1.3222e+001 -1.9797e+000 -1.8520e+000 -1.8245e+000 +3.0384e+000 -8.7908e+000 +2.9159e+000 +4.2899e-001
2751 +1.570565733e+002 +1.570565733e+002 +1.707165733e+002 +1.707165733e+002 +3.8642e+000 +4.5856e+000 +1.0134e+001 -3.2239e+000 +1.6894e+000 -7.0184e-001 +2.6185e+000 -1.0767e+001 -3.7991e-002 -5.4859e-001
3894 +9.954390244e+001 +9.954390244e+001 +1.132039024e+002 +1.132039024e+002 +3.8627e+000 +2.3563e+000 +4.2882e+000 -4.4096e+000 +1.4366e+000 +2.2840e-001 +2.9476e+000 -9.6113e+000 -2.5053e+000 -2.0109e+000
% function evaluation | noise-free fitness - Fopt (9.378400000000e+002) | best noise-free fitness - Fopt | measured fitness | best measured fitness | x1 | x2...
1 +2.183743247e+007 +2.183743247e+007 +2.183837031e+007 +2.183837031e+007 +1.1413e+001 +9.9063e+000 +9.6776e+000 +9.1286e+000 +1.3462e+001 +7.8577e+000 +1.3175e+001 +6.7245e+000 +7.9950e+000 +1.4665e+001
3 +1.349289934e+005 +1.349289934e+005 +1.358668334e+005 +1.358668334e+005 +1.3475e+001 +8.1024e+000 +1.1160e+001 +8.0393e+000 +1.0744e+001 +1.2602e+001 +1.1556e+001 +6.5585e+000 +6.8750e+000 +6.0493e+000
13 +3.564822381e+004 +3.564822381e+004 +3.658606381e+004 +3.658606381e+004 +6.4160e+000 +9.3292e+000 +9.5281e+000 +1.3089e+001 +1.0750e+001 +7.7437e+000 +7.6635e+000 +9.5629e+000 +6.5286e+000 +6.3039e+000
30 +5.884494949e+003 +5.884494949e+003 +6.822334949e+003 +6.822334949e+003 +8.1230e+000 +8.4373e+000 +7.1895e+000 +6.9346e+000 +9.8982e+000 +1.3131e+001 +8.5084e+000 +1.4285e+001 +1.3338e+001 +7.3339e+000
150 +1.380435233e+003 +1.380435233e+003 +2.318275233e+003 +2.318275233e+003 +1.2139e+001 +1.5905e+001 +5.5414e+000 +8.8330e+000 +1.3648e+001 +1.3243e+001 +1.1896e+001 +2.0903e+001 +1.3333e+001 +1.2368e+001
938 +9.635163651e+002 +9.635163651e+002 +1.901356365e+003 +1.901356365e+003 +8.6205e+000 +1.4550e+001 -1.8066e+000 +2.4790e+000 +1.1708e+001 +8.2333e+000 +8.2607e+000 +1.9240e+001 +9.7066e+000 +1.1759e+001
1883 +6.273159077e+002 +6.273159077e+002 +1.565155908e+003 +1.565155908e+003 +1.6899e+000 +1.2349e+001 -1.4263e+001 -6.6422e+000 +6.3452e+000 +1.3416e+000 +5.0026e-001 +1.4192e+001 +3.0373e+000 +8.2593e+000
2696 +3.756799119e+002 +3.756799119e+002 +1.313519912e+003 +1.313519912e+003 +1.0491e+000 +8.2627e+000 -1.0717e+001 -4.2692e+000 +3.4320e+000 +6.9013e-001 +1.4109e+000 +7.8433e+000 +1.5087e+000 +6.5226e+000
3104 +2.493777090e+002 +2.493777090e+002 +1.187217709e+003 +1.187217709e+003 +2.0513e+000 +7.0993e+000 -7.5860e+000 -1.7850e+000 +3.0861e+000 +1.3769e+000 +2.6234e+000 +5.9946e+000 +1.7516e+000 +6.5762e+000
3456 +1.582635267e+002 +1.582635267e+002 +1.096103527e+003 +1.096103527e+003 +3.4142e+000 +5.7694e+000 -3.1441e+000 +1.4765e+000 +3.0346e+000 +2.5789e+000 +4.4227e+000 +4.4430e+000 +2.7054e+000 +6.8875e+000
% function evaluation | noise-free fitness - Fopt (-7.872000000000e+001) | best noise-free fitness - Fopt | measured fitness | best measured fitness | x1 | x2...
1 +7.493136709e+007 +7.493136709e+007 +7.493128837e+007 +7.493128837e+007 +1.2076e+001 +1.1800e+001 +8.4818e+000 +9.0380e+000 +5.1817e+000 +1.0241e+001 +1.3140e+001 +1.1298e+001 +5.7740e+000 +9.3454e+000
3 +6.787502722e+006 +6.787502722e+006 +6.787424002e+006 +6.787424002e+006 +7.6478e+000 +1.2675e+001 +8.6349e+000 +1.4928e+001 +7.4449e+000 +1.4136e+001 +5.2576e+000 +1.1869e+001 +1.4964e+001 +1.0650e+001
62 +9.535805911e+005 +9.535805911e+005 +9.535018711e+005 +9.535018711e+005 +1.1106e+001 +1.0072e+001 +7.5942e+000 +1.6535e+001 +7.6124e+000 +5.7004e+000 +2.7400e+000 +1.2869e+001 +1.4023e+001 +4.8517e+000
186 +3.013031181e+005 +3.013031181e+005 +3.012243981e+005 +3.012243981e+005 +1.0436e+001 +7.9201e+000 +1.8330e+001 +6.6042e+000 +9.4694e+000 +1.2338e+001 +5.0239e+000 +1.3980e+001 +1.1810e+001 +6.2081e+000
208 +1.666104680e+004 +1.666104680e+004 +1.658232680e+004 +1.658232680e+004 +7.9837e+000 +6.0092e+000 +1.5333e+001 +1.3163e+001 +6.2715e+000 +1.4071e+001 +7.4514e+000 +1.1435e+001 +1.3476e+001 +8.2100e+000
339 +1.031090552e+003 +1.031090552e+003 +9.523705517e+002 +9.523705517e+002 +5.9627e+000 +6.9420e+000 +8.6290e+000 +1.0996e+001 +9.6825e+000 +9.9572e+000 +1.1012e-001 +1.3769e+001 +1.2892e+001 +9.9646e+000
952 +9.504598800e+002 +9.504598800e+002 +8.717398800e+002 +8.717398800e+002 +9.0884e+000 +4.1581e+000 +5.7529e+000 +1.1241e+001 +5.1249e+000 +1.6506e+001 +7.6456e+000 +8.8316e+000 +1.0991e+001 +4.4892e+000
1361 +5.782551990e+002 +5.782551990e+002 +4.995351990e+002 +4.995351990e+002 +9.4854e+000 +3.0190e+000 +4.0067e+000 +9.7258e+000 +2.3820e+000 +1.3552e+001 +8.8208e+000 +6.1075e+000 +8.5863e+000 +7.3859e-001
1635 +3.964585505e+002 +3.964585505e+002 +3.177385505e+002 +3.177385505e+002 +8.6702e+000 +1.1680e+000 -1.2197e+000 +8.2444e+000 -1.3393e-001 +1.1008e+001 +8.9079e+000 +1.0218e+000 +7.0175e+000 -3.1570e+000
2013 +2.443439904e+002 +2.443439904e+002 +1.656239904e+002 +1.656239904e+002 +9.2481e+000 +3.7023e-002 -1.9837e+000 +6.7164e+000 -4.1324e+000 +4.7494e+000 +8.6075e+000 -1.7052e+000 +4.4281e+000 -5.6711e+000
2632 +1.526441751e+002 +1.526441751e+002 +7.392417512e+001 +7.392417512e+001 +7.6459e+000 -1.0637e+000 -2.9677e+000 +6.5419e+000 -4.9207e+000 -1.3362e+000 +6.9081e+000 -2.3575e+000 +3.5854e+000 -7.1140e+000
3338 +9.975259365e+001 +9.975259365e+001 +2.103259365e+001 +2.103259365e+001 +7.0103e+000 -3.7503e-001 -3.2714e-001 +7.2667e+000 -2.9389e+000 -3.1626e+000 +5.2165e+000 +2.4855e-001 +4.7586e+000 -5.1988e+000
4450 +6.071128789e+001 +6.071128789e+001 -1.800871211e+001 -1.800871211e+001 +5.9169e+000 +2.0041e-001 +6.6445e-001 +5.7092e+000 -1.5410e+000 -2.7604e+000 +4.1721e+000 +1.3382e+000 +5.4808e+000 -3.6063e+000
% function evaluation | noise-free fitness - Fopt (6.997000000000e+001) | best noise-free fitness - Fopt | measured fitness | best measured fitness | x1 | x2...
1 +4.877392971e+005 +4.877392971e+005 +4.878092671e+005 +4.878092671e+005 +1.1261e+001 +9.5810e+000 +1.0527e+001 +7.6393e+000 +5.8336e+000 +1.0678e+001 +7.8932e+000 +1.2960e+001 +6.9651e+000 +1.0322e+001
12 +2.943263181e+005 +2.943263181e+005 +2.943962881e+005 +2.943962881e+005 +6.3707e+000 +1.1866e+001 +8.2063e+000 +6.5821e+000 +5.9904e+000 +7.6161e+000 +9.7293e+000 +8.9584e+000 +8.5777e+000 +9.4433e+000
18 +2.491608320e+004 +2.491608320e+004 +2.498605320e+004 +2.498605320e+004 +1.0910e+001 +1.1307e+001 +9.9129e+000 +9.8798e+000 +1.3860e+001 +1.0722e+001 +1.2087e+001 +1.2243e+001 +1.3972e+001 +1.4680e+001
21 +5.708093240e+003 +5.708093240e+003 +5.778063240e+003 +5.778063240e+003 +7.8929e+000 +1.1491e+001 +7.4347e+000 +1.3728e+001 +8.8955e+000 +9.3408e+000 +7.3890e+000 +9.9804e+000 +1.3098e+001 +9.4870e+000
289 +2.809567824e+003 +2.809567824e+003 +2.879537824e+003 +2.879537824e+003 +1.6062e+001 +1.4727e+001 +1.4856e+001 +2.1707e+001 +1.7704e+001 +2.0529e+001 +1.8482e+001 +1.6866e+001 +2.1942e+001 +1.6582e+001
1155 +2.124770545e+003 +2.124770545e+003 +2.194740545e+003 +2.194740545e+003 +1.4013e+001 +1.2742e+001 +1.2677e+001 +1.6992e+001 +1.5957e+001 +1.6634e+001 +1.3728e+001 +1.6224e+001 +1.8748e+001 +1.5506e+001
1350 +1.488990875e+003 +1.488990875e+003 +1.558960875e+003 +1.558960875e+003 +1.1225e+001 +1.0086e+001 +9.4599e+000 +1.3408e+001 +1.3544e+001 +1.2508e+001 +8.1557e+000 +1.5230e+001 +1.5354e+001 +1.2999e+001
1555 +8.429926862e+002 +8.429926862e+002 +9.129626862e+002 +9.129626862e+002 +8.5965e+000 +7.9472e+000 +7.0372e+000 +8.9145e+000 +1.0200e+001 +8.9961e+000 +3.8752e+000 +1.3451e+001 +1.0942e+001 +1.0904e+001
1668 +4.228811731e+002 +4.228811731e+002 +4.928511731e+002 +4.928511731e+002 +7.3582e+000 +4.4757e+000 +3.7519e+000 +4.2640e+000 +8.1034e+000 +3.8377e+000 -9.1046e-001 +1.2302e+001 +6.9154e+000 +9.2002e+000
1767 +2.741642159e+002 +2.741642159e+002 +3.441342159e+002 +3.441342159e+002 +6.3394e+000 +3.2134e+000 +2.4069e+000 +2.2393e+000 +6.8733e+000 +1.8616e+000 -3.1543e+000 +1.1689e+001 +5.0426e+000 +8.2626e+000
1811 +2.354413018e+002 +2.354413018e+002 +3.054113018e+002 +3.054113018e+002 +5.2027e+000 +2.7494e+000 +1.8688e+000 +1.3706e+000 +5.8916e+000 +1.2154e+000 -4.7694e+000 +1.0783e+001 +4.3107e+000 +7.3857e+000
3426 +1.557105493e+002 +1.557105493e+002 +2.256805493e+002 +2.256805493e+002 +1.5518e+000 +1.3954e+000 +5.7275e-001 +1.9449e+000 +5.9219e+000 -3.3528e+000 -5.7851e+000 +8.0780e+000 +2.5629e+000 +6.2576e+000
% function evaluation | noise-free fitness - Fopt (9.791400000000e+002) | best noise-free fitness - Fopt | measured fitness | best measured fitness | x1 | x2...
1 +1.353974749e+008 +1.353974749e+008 +1.353984541e+008 +1.353984541e+008 +7.5789e+000 +6.0574e+000 +1.4908e+001 +1.0375e+001 +9.5625e+000 +1.3695e+001 +7.4537e+000 +1.0831e+001 +7.7878e+000 +6.4864e+000
75 +9.943306666e+007 +9.943306666e+007 +9.943404580e+007 +9.943404580e+007 +5.2680e+000 +9.0399e+000 +1.2221e+001 +5.1963e+000 +1.0392e+001 +6.2673e+000 +1.4553e+001 +1.5967e+001 +1.2232e+001 +1.0529e+001
163 +4.941358808e+007 +4.941358808e+007 +4.941456722e+007 +4.941456722e+007 +7.5150e+000 +4.9981e+000 +5.6455e+000 +4.3553e+000 +7.9974e+000 +1.7342e+001 +1.2220e+001 +8.5016e+000 +7.1422e+000 +4.8900e+000
185 +2.019600594e+007 +2.019600594e+007 +2.019698508e+007 +2.019698508e+007 +4.7923e+000 +5.7051e+000 +6.9668e+000 -6.8058e-001 +6.0107e+000 +9.6863e+000 +1.2090e+001 +5.8763e+000 +7.6044e+000 +5.5433e+000
233 +5.796899370e+006 +5.796899370e+006 +5.797878510e+006 +5.797878510e+006 +1.2932e+000 +9.6041e+000 +1.0541e+001 +4.3553e+000 +1.4162e+001 +1.7342e+001 +7.6892e+000 +1.1852e+001 +5.5121e-001 +4.8900e+000
327 +3.371514208e+006 +3.371514208e+006 +3.372493348e+006 +3.372493348e+006 +5.5706e+000 +9.4649e+000 +4.5222e+000 -5.3970e+000 +6.8720e+000 +1.8696e+000 +9.4866e+000 +1.5364e+001 +4.4409e+000 +7.5042e+000
339 +1.150207625e+006 +1.150207625e+006 +1.151186765e+006 +1.151186765e+006 +1.1971e+000 +2.8112e+000 +9.5743e+000 +6.2174e+000 +3.2695e+000 +1.0763e+001 +6.6003e+000 +1.4788e+001 +1.1831e+000 +3.4360e+000
428 +8.827511807e+005 +8.827511807e+005 +8.837303207e+005 +8.837303207e+005 +1.0001e+001 +5.8201e+000 +1.2586e+001 -4.7317e+000 +1.3935e+001 +1.7153e+001 +1.0389e+001 +1.3510e+001 +6.5106e+000 +4.0302e+000
430 +1.670741999e+003 +1.670741999e+003 +2.649881999e+003 +2.649881999e+003 +6.4289e+000 +9.9638e+000 +5.9917e+000 -1.7570e+000 +1.0428e+001 +1.3326e+001 +6.3954e+000 +1.5387e+001 +1.3830e+000 -1.6378e+000
448 +1.353897511e+003 +1.353897511e+003 +2.333037511e+003 +2.333037511e+003 +3.1545e-001 +2.7803e+000 +1.3812e+001 -2.4314e-002 -1.4568e+000 +1.1321e+001 +6.9647e+000 +6.7856e+000 -2.4716e+000 +1.6637e+001
673 +9.880844338e+002 +9.880844338e+002 +1.967224434e+003 +1.967224434e+003 +2.2462e+000 +9.3509e+000 +7.9658e+000 -2.3086e+000 +5.4375e+000 +9.9975e+000 +1.3531e+001 +1.6573e+001 +7.6579e+000 +3.2265e+000
1741 +6.275139273e+002 +6.275139273e+002 +1.606653927e+003 +1.606653927e+003 +4.3072e+000 +8.7453e+000 +8.1458e+000 -2.9708e+000 +4.8056e+000 +1.1811e+001 +1.0658e+001 +1.2582e+001 +4.9310e+000 +2.1049e+000
2809 +3.912085771e+002 +3.912085771e+002 +1.370348577e+003 +1.370348577e+003 +6.3326e+000 +8.0348e+000 +6.9336e+000 -4.8320e-001 +4.8314e+000 +1.1616e+001 +3.8454e+000 +6.2101e+000 -3.2605e+000 -3.6723e+000
4277 +2.499801596e+002 +2.499801596e+002 +1.229120160e+003 +1.229120160e+003 +4.7963e+000 +7.5713e+000 +7.5371e+000 -8.1792e-001 -5.9434e-001 +9.3246e+000 +4.8268e+000 +3.6263e+000 -3.5629e+000 -8.1304e-001
% function evaluation | noise-free fitness - Fopt (-8.900000000000e-001) | best noise-free fitness - Fopt | measured fitness | best measured fitness | x1 | x2...
1 +2.821056467e+008 +2.821056467e+008 +2.821056458e+008 +2.821056458e+008 +1.2424e+001 +8.5943e+000 +8.7377e+000 +1.2469e+001 +9.2163e+000 +7.3690e+000 +5.8316e+000 +1.0623e+001 +1.2355e+001 +1.4818e+001
5 +2.292214956e+008 +2.292214956e+008 +2.292214947e+008 +2.292214947e+008 +9.0637e+000 +1.0076e+001 +5.0800e+000 +1.0375e+001 +9.6305e+000 +9.8850e+000 +5.4220e+000 +1.3182e+001 +1.4835e+001 +8.8065e+000
56 +1.313834544e+008 +1.313834544e+008 +1.313834535e+008 +1.313834535e+008 +8.8808e+000 +8.2738e+000 +8.8550e+000 +1.0375e+001 +4.0546e+000 +3.8200e+000 +5.4220e+000 +1.3182e+001 +1.3556e+001 +8.8065e+000
122 +5.033869385e+007 +5.033869385e+007 +5.033869296e+007 +5.033869296e+007 +1.3905e+001 +6.9083e+000 +2.1808e+000 +1.3228e+001 +9.0974e+000 +8.5124e+000 +7.8175e+000 +1.4655e+001 +1.2439e+001 +2.3820e+000
252 +2.417671133e+007 +2.417671133e+007 +2.417671044e+007 +2.417671044e+007 +1.1197e+001 +8.2811e+000 +4.1663e+000 +4.6075e+000 +6.8117e+000 +8.1825e+000 +1.6054e-003 +2.6328e+000 +8.0006e+000 +1.8614e+000
346 +6.119785493e+006 +6.119785493e+006 +6.119784603e+006 +6.119784603e+006 +1.0034e+001 +9.5270e+000 +5.6974e+000 +1.3874e+001 +3.9683e+000 +5.4317e+000 +4.4202e+000 +1.0196e+001 +8.0283e+000 -1.1169e+000
382 +9.843918640e+005 +9.843918640e+005 +9.843909740e+005 +9.843909740e+005 +1.0689e+001 +5.7505e+000 +5.3464e-001 +2.3231e+001 +7.8314e+000 +4.1566e+000 +1.9743e+000 +1.0401e+001 +4.6985e+000 +3.6566e+000
513 +9.534613276e+004 +9.534613276e+004 +9.534524276e+004 +9.534524276e+004 +1.0243e+001 +8.4382e+000 +2.7205e-001 +8.3393e+000 +1.0091e+001 +1.4838e+000 +4.7793e+000 +1.3673e+001 +3.0398e+000 +1.0553e+000
579 +1.763194357e+004 +1.763194357e+004 +1.763105357e+004 +1.763105357e+004 +1.0681e+001 +6.7640e+000 +4.2648e+000 +1.2262e+001 +5.8735e+000 +2.6170e+000 -8.8561e-001 +1.4080e+001 +2.9362e+000 +5.8034e-001
608 +1.240967502e+004 +1.240967502e+004 +1.240878502e+004 +1.240878502e+004 +1.5063e+001 +7.5425e+000 +1.0002e+000 +1.1177e+001 +9.3116e+000 +5.5575e+000 -1.4708e+000 +1.0370e+001 +1.5118e+001 -3.2556e+000
626 +2.563034073e+003 +2.563034073e+003 +2.562144073e+003 +2.562144073e+003 +9.9074e+000 +7.9021e+000 +5.8172e+000 +1.6311e+001 +1.0984e+001 +3.2493e+000 +9.5689e-001 -5.4408e-001 +2.7070e+000 -8.4194e-001
774 +1.504798497e+003 +1.504798497e+003 +1.503908497e+003 +1.503908497e+003 +1.0766e+001 +1.1707e+001 +1.3087e+000 +1.2251e+001 +1.0668e+001 +6.1189e+000 +3.7762e+000 +9.9465e+000 +6.7422e+000 -3.6514e+000
930 +9.929646851e+002 +9.929646851e+002 +9.920746851e+002 +9.920746851e+002 +1.2251e+001 +8.4704e+000 +3.3982e+000 +1.8956e+001 +5.9128e+000 +4.4414e+000 +5.8019e+000 +7.7252e+000 +3.6391e+000 -1.0883e+000
1862 +6.023201786e+002 +6.023201786e+002 +6.014301786e+002 +6.014301786e+002 +1.2903e+001 +9.0533e+000 +3.2014e+000 +1.4329e+001 +5.4421e+000 +5.1169e+000 +3.2989e+000 +3.6904e+000 +4.7560e+000 -1.5266e+000
2019 +3.962286852e+002 +3.962286852e+002 +3.953386852e+002 +3.953386852e+002 +1.2098e+001 +9.6338e+000 +3.8979e+000 +1.1526e+001 +5.7501e+000 +4.6602e+000 +2.1289e+000 -3.6446e+000 +3.1167e+000 -1.0466e+000
2733 +2.441313900e+002 +2.441313900e+002 +2.432413900e+002 +2.432413900e+002 +1.1947e+001 +1.0919e+001 +4.8607e+000 +1.9632e+000 +5.1523e-001 +2.9189e+000 +1.5705e+000 -7.2883e+000 +3.4991e-001 -9.7614e-002
% function evaluation | noise-free fitness - Fopt (-2.206000000000e+001) | best noise-free fitness - Fopt | measured fitness | best measured fitness | x1 | x2...
1 +2.548558747e+007 +2.548558747e+007 +2.548556541e+007 +2.548556541e+007 +9.5892e+000 +1.2876e+001 +1.1676e+001 +5.9294e+000 +5.3878e+000 +1.1174e+001 +1.3588e+001 +1.4272e+001 +1.1700e+001 +8.5524e+000
5 +3.222427993e+005 +3.222427993e+005 +3.222207393e+005 +3.222207393e+005 +8.2819e+000 +7.2743e+000 +5.5770e+000 +7.8129e+000 +1.4255e+001 +9.4761e+000 +1.2446e+001 +7.8389e+000 +7.1790e+000 +9.0960e+000
38 +6.754894088e+004 +6.754894088e+004 +6.752688088e+004 +6.752688088e+004 +5.5477e+000 +1.0979e+001 +1.3554e+001 +1.4555e+001 +1.4174e+001 +5.7462e+000 +7.4922e+000 +6.9194e+000 +1.4223e+001 +1.3613e+001
75 +3.981055524e+004 +3.981055524e+004 +3.978849524e+004 +3.978849524e+004 +1.5965e+001 +1.4115e+001 +7.2883e+000 +1.5410e+001 +1.0962e+001 +8.4796e+000 +6.4184e+000 +1.2841e+001 +1.7767e+001 +1.2245e+001
77 +1.082090659e+003 +1.082090659e+003 +1.060030659e+003 +1.060030659e+003 +8.2982e+000 +1.1449e+001 +7.8728e+000 +6.3306e+000 +1.4025e+001 +5.7716e+000 +7.2427e+000 +9.2816e+000 +1.0769e+001 +3.5770e+000
867 +9.988765988e+002 +9.988765988e+002 +9.768165988e+002 +9.768165988e+002 +7.2716e+000 +8.3281e+000 +4.9779e+000 +4.3278e+000 +1.2829e+001 +3.1473e+000 +4.7852e+000 +5.8360e+000 +7.0859e+000 +1.7313e+000
943 +6.195200210e+002 +6.195200210e+002 +5.974600210e+002 +5.974600210e+002 +4.8007e+000 +8.2432e+000 +4.3279e+000 +3.1380e+000 +1.0168e+001 +2.7742e+000 +1.7885e+000 +5.4683e+000 +8.1230e+000 -1.4051e+000
1138 +3.743473583e+002 +3.743473583e+002 +3.522873583e+002 +3.522873583e+002 +3.1359e+000 +6.6625e+000 +2.5333e+000 +1.6263e+000 +8.1150e+000 +1.3532e+000 -7.6907e-001 +3.7444e+000 +6.8026e+000 -3.7822e+000
1211 +2.273444055e+002 +2.273444055e+002 +2.052844055e+002 +2.052844055e+002 +1.6068e+000 +3.5670e+000 -2.9709e+000 -2.0957e+000 +3.9016e+000 -1.1019e+000 -3.4604e+000 -5.4884e-001 +4.2212e+000 -7.9074e+000
1601 +1.523832082e+002 +1.523832082e+002 +1.303232082e+002 +1.303232082e+002 -1.3643e+000 +1.9349e+000 -2.2252e+000 -6.3829e+000 +4.0345e+000 -1.9577e+000 -5.6094e+000 -5.3371e-001 +4.8900e-001 -5.1790e+000
2127 +9.994101417e+001 +9.994101417e+001 +7.788101417e+001 +7.788101417e+001 -5.3235e-001 +1.0744e+000 -6.2462e-001 -4.9431e+000 +4.3316e+000 -8.3476e-001 -3.5606e+000 +8.1129e-001 +4.8211e-001 -1.7479e+000
2562 +6.157448007e+001 +6.157448007e+001 +3.951448007e+001 +3.951448007e+001 +6.1227e-001 -7.2881e-001 -5.2636e-001 -3.0441e+000 +3.8218e+000 -1.3925e+000 -1.8895e+000 +4.3695e-001 -5.9969e-002 -9.6434e-001
3204 +3.931823248e+001 +3.931823248e+001 +1.725823248e+001 +1.725823248e+001 +2.7224e-001 -2.1392e+000 -3.2686e-001 -2.4663e+000 +3.0454e+000 -1.8643e+000 -8.7709e-001 -3.8692e-002 -1.0987e+000 +1.3858e+000
% function evaluation | noise-free fitness - Fopt (1.632800000000e+002) | best noise-free fitness - Fopt | measured fitness | best measured fitness | x1 | x2...
1 +9.373255096e+007 +9.373255096e+007 +9.373271424e+007 +9.373271424e+007 +1.3710e+001 +7.0789e+000 +1.0720e+001 +7.3108e+000 +1.4606e+001 +7.0102e+000 +1.2735e+001 +1.3833e+001 +1.3794e+001 +1.3300e+001
5 +4.613005041e+007 +4.613005041e+007 +4.613021369e+007 +4.613021369e+007 +9.1276e+000 +7.7655e+000 +1.3232e+001 +1.4186e+001 +9.3356e+000 +7.3223e+000 +1.1259e+001 +1.0447e+001 +1.3547e+001 +8.8036e+000
9 +3.318602544e+007 +3.318602544e+007 +3.318618872e+007 +3.318618872e+007 +1.2577e+001 +6.4795e+000 +1.2826e+001 +1.1549e+001 +8.3043e+000 +1.4919e+001 +8.4991e+000 +8.6876e+000 +8.4698e+000 +5.6530e+000
10 +2.326338144e+007 +2.326338144e+007 +2.326354472e+007 +2.326354472e+007 +6.8332e+000 +6.1163e+000 +1.3714e+001 +7.6096e+000 +1.3634e+001 +7.6683e+000 +9.9679e+000 +1.2760e+001 +1.4959e+001 +7.2079e+000
28 +8.872147157e+006 +8.872147157e+006 +8.872310437e+006 +8.872310437e+006 +1.2810e+001 +6.3596e+000 +6.7634e+000 +1.4618e+001 +1.3285e+001 +7.5204e+000 +6.8498e+000 +9.3330e+000 +1.3809e+001 +9.7804e+000
32 +5.496058349e+006 +5.496058349e+006 +5.496221629e+006 +5.496221629e+006 +1.0749e+001 +6.7411e+000 +5.9447e+000 +1.4470e+001 +1.0323e+001 +1.0408e+001 +5.8505e+000 +8.5490e+000 +1.3923e+001 +7.5889e+000
92 +7.062630790e+005 +7.062630790e+005 +7.064263590e+005 +7.064263590e+005 +1.2324e+001 +1.0044e+001 +5.5364e+000 +1.2981e+001 +1.0925e+001 +1.2140e+001 +2.1347e+000 +1.1318e+001 +1.4664e+001 +8.2823e+000
155 +4.431557562e+005 +4.431557562e+005 +4.433190362e+005 +4.433190362e+005 +1.0478e+001 +9.9005e-001 -1.1447e+000 +1.0394e+001 +5.6031e+000 +2.0252e+000 +3.1068e+000 +6.4216e+000 +9.1786e+000 +6.5632e+000
178 +3.149911087e+005 +3.149911087e+005 +3.151543887e+005 +3.151543887e+005 +1.7539e+001 +7.4118e+000 +1.3064e+001 +1.2958e+001 +1.1230e+001 +1.1427e+001 +1.7262e+000 +1.3448e+001 +8.6583e+000 +7.7496e+000
186 +2.492834183e+005 +2.492834183e+005 +2.494466983e+005 +2.494466983e+005 +6.9363e+000 +1.4589e+001 +6.0962e+000 +5.3261e+000 +9.6046e+000 +7.8915e+000 -1.3728e+000 +9.1896e+000 +8.0159e+000 +2.8119e+000
236 +1.064692722e+005 +1.064692722e+005 +1.066325522e+005 +1.066325522e+005 +1.0367e+001 +7.9050e+000 +1.1731e+001 +1.3341e+001 +1.0977e+001 +1.0672e+001 +1.8060e+000 +6.6269e+000 +8.8058e+000 +7.0710e+000
246 +3.998686164e+004 +3.998686164e+004 +4.015014164e+004 +4.015014164e+004 +1.0749e+001 +6.7411e+000 +6.3280e+000 +1.4470e+001 +1.0405e+001 +4.5078e+000 +3.4094e+000 +2.7647e+000 +1.3923e+001 +7.5889e+000
325 +3.663551040e+003 +3.663551040e+003 +3.826831040e+003 +3.826831040e+003 +1.7539e+001 +7.4118e+000 +1.3064e+001 +8.4694e+000 +1.6331e+001 +1.1050e+001 +1.7262e+000 +1.3448e+001 +8.6583e+000 +5.7940e+000
690 +2.126674860e+003 +2.126674860e+003 +2.289954860e+003 +2.289954860e+003 +1.1015e+001 +7.8465e+000 +1.2504e+001 +1.2052e+001 +1.7908e+001 +1.5433e+001 +2.5661e+000 +1.0389e+001 +1.1930e+001 +7.5305e+000
900 +1.584058556e+003 +1.584058556e+003 +1.747338556e+003 +1.747338556e+003 +1.2392e+001 +1.0183e+001 +1.4367e+001 +1.4638e+001 +1.2571e+001 +1.8841e+001 +5.4425e-002 +1.0566e+001 +8.5770e+000 +6.5584e+000
1529 +9.452893416e+002 +9.452893416e+002 +1.108569342e+003 +1.108569342e+003 +3.1453e+000 +8.1274e+000 +1.0545e+001 +4.7147e+000 +1.7385e+001 +7.2221e+000 +2.8083e+000 +9.6633e+000 +1.0139e+001 +4.2291e+000
1803 +6.110859051e+002 +6.110859051e+002 +7.743659051e+002 +7.743659051e+002 -3.6816e+000 +7.9857e+000 +5.6128e+000 -5.1489e-002 +1.6788e+001 +4.0190e+000 +2.8469e+000 +5.8794e+000 +8.1386e+000 +8.4201e-001
3679 +3.980121334e+002 +3.980121334e+002 +5.612921334e+002 +5.612921334e+002 -1.1741e+001 +4.8924e+000 -1.2261e-002 +2.6561e+000 +8.5139e+000 +8.1998e+000 +1.8732e+000 +4.9353e+000 +1.2334e+000 -1.8160e+000
% function evaluation | noise-free fitness - Fopt (3.349000000000e+001) | best noise-free fitness - Fopt | measured fitness | best measured fitness | x1 | x2...
1 +4.383016775e+007 +4.383016775e+007 +4.383020124e+007 +4.383020124e+007 +5.7261e+000 +7.4917e+000 +1.0592e+001 +1.3791e+001 +7.4874e+000 +5.2543e+000 +1.4065e+001 +1.4068e+001 +1.4550e+001 +8.3080e+000
3 +5.428993010e+006 +5.428993010e+006 +5.429026500e+006 +5.429026500e+006 +1.3330e+001 +1.1656e+001 +6.6512e+000 +1.4186e+001 +1.3790e+001 +6.7962e+000 +1.0500e+001 +6.9687e+000 +1.1938e+001 +1.4372e+001
4 +9.635454315e+005 +9.635454315e+005 +9.635789215e+005 +9.635789215e+005 +8.6691e+000 +1.3977e+001 +1.3257e+001 +8.3623e+000 +1.1368e+001 +5.2937e+000 +1.2209e+001 +6.3840e+000 +1.1138e+001 +1.3190e+001
9 +3.761451716e+004 +3.761451716e+004 +3.764800716e+004 +3.764800716e+004 +1.2180e+001 +9.8661e+000 +1.3776e+001 +1.0879e+001 +8.0426e+000 +5.8228e+000 +5.1509e+000 +5.3572e+000 +1.2661e+001 +1.3235e+001
30 +1.177822490e+003 +1.177822490e+003 +1.211312490e+003 +1.211312490e+003 +7.6931e+000 +8.3418e+000 +1.2467e+001 +7.1421e+000 +7.5071e+000 +6.6929e+000 +6.5173e+000 +5.8591e+000 +7.5639e+000 +1.1076e+001
712 +7.238632368e+002 +7.238632368e+002 +7.573532368e+002 +7.573532368e+002 +3.7293e+000 +6.2451e+000 +1.1344e+001 +5.4630e+000 +4.3834e+000 +6.2612e+000 +4.2797e+000 +3.1696e+000 +5.8578e+000 +9.6043e+000
1162 +5.601036473e+002 +5.601036473e+002 +5.935936473e+002 +5.935936473e+002 +3.3486e+000 +3.4707e-001 +1.3209e+001 +6.0268e+000 +5.1031e+000 +7.3354e+000 +4.8528e+000 +1.2344e+000 +7.0568e+000 +4.7361e+000
1172 +3.283079839e+002 +3.283079839e+002 +3.617979839e+002 +3.617979839e+002 +2.7999e+000 -1.4547e+000 +1.0839e+001 +5.1711e+000 +1.9674e+000 +3.5299e+000 +2.3454e+000 +5.8928e-001 +3.9119e+000 +1.9368e+000
1314 +2.436871354e+002 +2.436871354e+002 +2.771771354e+002 +2.771771354e+002 +1.7334e+000 -1.9961e+000 +1.1636e+001 +5.5428e+000 +1.2444e-001 +3.9735e+000 -5.8412e-003 -6.9446e-002 +3.7595e+000 +4.1581e+000
1389 +1.398417704e+002 +1.398417704e+002 +1.733317704e+002 +1.733317704e+002 +2.4742e-001 -4.0131e+000 +9.7300e+000 +3.6438e+000 -5.0546e-001 +2.0177e+000 -1.5546e+000 -1.7644e+000 +2.8379e+000 -1.6544e+000
2046 +9.891500898e+001 +9.891500898e+001 +1.324050090e+002 +1.324050090e+002 -1.6679e+000 -8.1870e+000 +5.8452e+000 +3.1309e+000 -3.1034e+000 +1.3150e+000 -3.9534e+000 -3.7998e+000 -4.2119e-001 -5.7407e+000
2576 +5.984221534e+001 +5.984221534e+001 +9.333221534e+001 +9.333221534e+001 +5.9252e-002 -6.0418e+000 +4.9431e+000 +4.0771e+000 -7.1807e-001 +8.4262e-001 -1.3880e+000 -7.4275e-001 +1.0225e+000 -3.8451e+000
3162 +3.974289614e+001 +3.974289614e+001 +7.323289614e+001 +7.323289614e+001 +9.2400e-001 -5.1772e+000 +2.6720e+000 +3.7453e+000 -3.5412e-001 +1.3983e+000 -1.7198e+000 +5.1059e-001 -2.7720e-001 -3.0479e+000
3912 +2.510366170e+001 +2.510366170e+001 +5.859366170e+001 +5.859366170e+001 +1.4069e+000 -4.6752e+000 +1.9095e+000 +3.0168e+000 -7.9926e-001 +8.8953e-001 -2.4300e+000 +1.2904e+000 -1.5904e+000 -2.6209e+000
% function evaluation | noise-free fitness - Fopt (-3.700000000000e+000) | best noise-free fitness - Fopt | measured fitness | best measured fitness | x1 | x2...
1 +1.665053970e+008 +1.665053970e+008 +1.665053933e+008 +1.665053933e+008 +1.4756e+001 +8.9705e+000 +7.4826e+000 +1.3452e+001 +1.4475e+001 +8.5839e+000 +9.6022e+000 +5.7484e+000 +1.1430e+001 +1.4275e+001
6 +5.772406463e+007 +5.772406463e+007 +5.772406093e+007 +5.772406093e+007 +7.3694e+000 +1.3129e+001 +5.0907e+000 +8.2878e+000 +1.3537e+001 +6.9192e+000 +1.4367e+001 +5.9124e+000 +5.4190e+000 +7.2334e+000
25 +3.863598166e+007 +3.863598166e+007 +3.863597796e+007 +3.863597796e+007 +5.2233e+000 +8.5772e+000 +7.9752e+000 +6.9072e+000 +1.3065e+001 +7.1737e+000 +9.0777e+000 +5.9221e+000 +8.1598e+000 +1.0827e+001
162 +2.217064250e+007 +2.217064250e+007 +2.217063880e+007 +2.217063880e+007 +6.3640e+000 +7.4060e+000 +6.3190e+000 +1.3920e+001 +1.4663e+001 +7.6809e+000 +1.4550e+001 +7.0555e-001 +9.9467e+000 +3.9467e+000
254 +1.187386336e+007 +1.187386336e+007 +1.187385966e+007 +1.187385966e+007 +6.6683e+000 +1.2004e+001 +1.4574e+001 +5.1653e+000 +1.6587e+001 -1.1760e-001 +1.0088e+001 +2.4406e+000 +5.8272e+000 +7.1037e+000
296 +5.501434682e+006 +5.501434682e+006 +5.501430982e+006 +5.501430982e+006 +5.2233e+000 +6.1617e+000 +7.9752e+000 +1.3866e+001 +1.5376e+001 +5.9490e+000 +9.0777e+000 +3.4292e+000 +3.9786e+000 +1.0827e+001
301 +4.258869395e+003 +4.258869395e+003 +4.255169395e+003 +4.255169395e+003 +4.0285e+000 +7.4060e+000 -2.2601e-001 +1.2218e+001 +1.6748e+001 +7.6809e+000 +5.2898e+000 +8.1670e-001 +3.5182e+000 +5.5444e+000
668 +1.674800914e+003 +1.674800914e+003 +1.671100914e+003 +1.671100914e+003 +4.3072e+000 -8.8174e+000 +1.2630e+001 +1.8548e+001 +1.8740e+001 +1.3728e+001 -2.3391e+000 +1.1303e+000 +6.4025e+000 +9.5479e+000
670 +1.506158113e+003 +1.506158113e+003 +1.502458113e+003 +1.502458113e+003 +3.8895e+000 -1.2030e+001 +6.1706e+000 +1.9374e+001 +1.5712e+001 +1.3939e+001 +1.0562e+001 +4.7564e+000 +8.7867e+000 +1.1310e+001
1950 +9.917042220e+002 +9.917042220e+002 +9.880042220e+002 +9.880042220e+002 +2.0551e+000 -1.2109e+000 +6.8339e+000 +1.6400e+001 +1.4933e+001 +6.8148e+000 +1.2301e+001 +6.1654e+000 +7.7501e+000 +1.0654e+001
3764 +6.234460651e+002 +6.234460651e+002 +6.197460651e+002 +6.197460651e+002 +1.9107e+000 +5.9624e+000 +7.6645e+000 +5.4257e+000 +1.0815e+001 +1.6913e+000 +1.2513e+001 +1.6027e+000 +4.0172e+000 +6.5317e+000
% function evaluation | noise-free fitness - Fopt (-9.967700000000e+002) | best noise-free fitness - Fopt | measured fitness | best measured fitness | x1 | x2...
1 +3.228995557e+007 +3.228995557e+007 +3.228895880e+007 +3.228895880e+007 +8.9928e+000 +1.0997e+001 +7.9159e+000 +1.3092e+001 +1.4798e+001 +1.0466e+001 +9.7518e+000 +9.0606e+000 +1.1693e+001 +9.9197e+000
4 +7.023983148e+006 +7.023983148e+006 +7.022986378e+006 +7.022986378e+006 +1.3591e+001 +6.2082e+000 +8.7006e+000 +1.4553e+001 +1.3070e+001 +6.4607e+000 +6.1538e+000 +7.5088e+000 +1.1542e+001 +9.0474e+000
11 +2.288471672e+006 +2.288471672e+006 +2.287474902e+006 +2.287474902e+006 +5.9102e+000 +9.2621e+000 +1.4344e+001 +9.0053e+000 +5.3017e+000 +1.1870e+001 +1.1628e+001 +9.0656e+000 +1.2692e+001 +6.4762e+000
12 +5.318878514e+005 +5.318878514e+005 +5.308910814e+005 +5.308910814e+005 +9.4098e+000 +9.7805e+000 +1.0718e+001 +6.6464e+000 +6.3609e+000 +1.2870e+001 +8.3551e+000 +5.1207e+000 +1.2703e+001 +1.1759e+001
130 +5.263896298e+004 +5.263896298e+004 +5.164219298e+004 +5.164219298e+004 +9.2897e+000 +6.3531e+000 +1.2977e+001 +7.2671e+000 +5.1873e+000 +1.4470e+001 +1.4029e+001 +9.7207e+000 +1.5409e+001 +1.0326e+001
143 +1.100296994e+004 +1.100296994e+004 +1.000619994e+004 +1.000619994e+004 +1.2694e+001 +1.2917e+001 +2.1458e+001 +6.6464e+000 +1.3923e+001 +2.6180e+001 +8.3551e+000 +7.8039e+000 +1.5535e+001 +1.1759e+001
213 +1.660245613e+003 +1.660245613e+003 +6.634756129e+002 +6.634756129e+002 +1.1022e+001 +1.1037e+001 +1.0624e+001 +8.7155e+000 +5.0729e+000 +9.2132e+000 +4.0268e+000 +9.0827e+000 +2.0007e+001 +6.8931e+000
871 +1.528750482e+003 +1.528750482e+003 +5.319804819e+002 +5.319804819e+002 +1.3033e+001 +1.2134e+001 +1.1812e+001 +9.7925e+000 +4.7880e+000 +1.0527e+001 +4.4530e+000 +9.1747e+000 +2.1387e+001 +7.6658e+000
1166 +9.585196227e+002 +9.585196227e+002 -3.825037728e+001 -3.825037728e+001 +1.2384e+001 +7.0447e+000 +6.6105e+000 +7.8378e+000 -3.5480e+000 +4.5782e+000 -2.8358e+000 +7.1306e+000 +1.6571e+001 +5.9292e+000
1919 +5.656132880e+002 +5.656132880e+002 -4.311567120e+002 -4.311567120e+002 +1.0469e+001 +1.0700e+000 -1.0837e-001 +3.1405e+000 -1.1553e+001 -2.7385e+000 -8.6494e+000 +4.4598e+000 +9.3344e+000 +1.6946e+000
2608 +3.854067016e+002 +3.854067016e+002 -6.113632984e+002 -6.113632984e+002 +4.6938e+000 +2.4372e+000 -1.2725e+000 -2.3194e+000 -1.0179e+001 -6.0295e+000 -4.6973e+000 +2.3446e+000 +5.2570e+000 +2.3344e-001
2948 +2.470606829e+002 +2.470606829e+002 -7.497093171e+002 -7.497093171e+002 +2.6680e+000 +4.8093e+000 +4.1265e-001 -4.0483e+000 -6.8646e+000 -4.9651e+000 -1.0145e+000 +2.4416e+000 +5.3883e+000 +2.9729e-001
% function evaluation | noise-free fitness - Fopt (4.500000000000e+001) | best noise-free fitness - Fopt | measured fitness | best measured fitness | x1 | x2...
1 +3.216045658e+005 +3.216045658e+005 +3.216495658e+005 +3.216495658e+005 +7.8808e+000 +8.6170e+000 +6.1096e+000 +5.3246e+000 +7.6569e+000 +1.2237e+001 +1.2581e+001 +9.2900e+000 +6.5218e+000 +6.4653e+000
66 +1.674846119e+005 +1.674846119e+005 +1.675296119e+005 +1.675296119e+005 +7.9666e+000 +1.1656e+001 +1.3039e+001 +6.6184e+000 +1.3937e+001 +1.2931e+001 +8.2839e+000 +1.3452e+001 +1.2745e+001 +9.0285e+000
67 +6.877015860e+004 +6.877015860e+004 +6.881515860e+004 +6.881515860e+004 +8.0230e+000 +1.0588e+001 +1.4396e+001 +3.1172e+000 +1.6971e+001 +1.1445e+001 +1.3082e+001 +9.9374e+000 +1.2139e+001 +5.5895e+000
161 +2.370015701e+003 +2.370015701e+003 +2.415015701e+003 +2.415015701e+003 +1.0447e+001 +2.8882e+000 +1.5123e+001 +9.5360e+000 +1.0986e+001 +1.3991e+001 +9.9262e+000 +1.3425e+001 +1.2181e+001 +4.0911e+000
292 +1.235547739e+003 +1.235547739e+003 +1.280547739e+003 +1.280547739e+003 +7.9666e+000 +1.1656e+001 +6.3780e+000 +6.2795e+000 +7.2984e+000 +1.2931e+001 +1.2414e+001 +1.3452e+001 +6.2172e+000 +9.0285e+000
405 +8.270843097e+002 +8.270843097e+002 +8.720843097e+002 +8.720843097e+002 +5.2842e+000 +8.2004e+000 +1.1497e+001 +6.0109e+000 +9.7221e+000 +4.6273e+000 +1.2032e+001 +1.0837e+001 +2.6662e+000 +6.8269e+000
1240 +6.242478676e+002 +6.242478676e+002 +6.692478676e+002 +6.692478676e+002 +3.3596e+000 +6.3128e+000 +9.8806e+000 +3.8828e+000 +7.8357e+000 -2.3810e-001 +1.2291e+001 +8.3337e+000 +1.9248e+000 +5.2741e+000
2558 +3.823239203e+002 +3.823239203e+002 +4.273239203e+002 +4.273239203e+002 -2.2487e+000 +4.6985e+000 +7.2591e+000 +2.8599e+000 +6.8837e+000 -8.4667e+000 +7.8700e+000 +4.0741e+000 -1.4043e+000 +8.8406e-001
3192 +2.508426822e+002 +2.508426822e+002 +2.958426822e+002 +2.958426822e+002 -2.2970e+000 +6.2087e+000 +6.8183e+000 +4.5787e+000 +7.3186e+000 -4.3996e+000 +4.7099e+000 +3.8168e+000 +8.3422e-001 +4.5296e-001
4823 +1.581906646e+002 +1.581906646e+002 +2.031906646e+002 +2.031906646e+002 -2.4999e+000 +6.7856e+000 +6.2710e+000 +5.7787e+000 +7.8248e+000 -1.0602e+000 +8.5711e-002 +1.9115e+000 +3.5060e+000 -1.1019e+000
% function evaluation | noise-free fitness - Fopt (2.131000000000e+002) | best noise-free fitness - Fopt | measured fitness | best measured fitness | x1 | x2...
1 +3.520762410e+008 +3.520762410e+008 +3.520764541e+008 +3.520764541e+008 +1.3528e+001 +1.2755e+001 +5.6946e+000 +1.1037e+001 +6.6282e+000 +1.0429e+001 +1.4491e+001 +6.2751e+000 +1.1376e+001 +1.1672e+001
3 +1.797434183e+008 +1.797434183e+008 +1.797436314e+008 +1.797436314e+008 +5.7180e+000 +1.3114e+001 +8.0897e+000 +7.4483e+000 +6.9939e+000 +1.2591e+001 +1.0363e+001 +1.2469e+001 +1.0402e+001 +6.4067e+000
5 +1.229616857e+008 +1.229616857e+008 +1.229618988e+008 +1.229618988e+008 +6.1665e+000 +7.6568e+000 +1.4249e+001 +7.6205e+000 +7.1308e+000 +8.8654e+000 +7.8524e+000 +1.4582e+001 +5.4522e+000 +1.0059e+001
21 +7.991692371e+007 +7.991692371e+007 +7.991713681e+007 +7.991713681e+007 +5.9379e+000 +7.9416e+000 +1.1123e+001 +1.3386e+001 +1.2033e+001 +5.9342e+000 +1.2672e+001 +1.0943e+001 +1.3245e+001 +6.5828e+000
37 +4.619537741e+007 +4.619537741e+007 +4.619559051e+007 +4.619559051e+007 +5.0916e+000 +6.7615e+000 +6.9260e+000 +9.5108e+000 +9.7247e+000 +6.2881e+000 +8.1398e+000 +1.2072e+001 +6.8377e+000 +8.6633e+000
171 +2.569042700e+007 +2.569042700e+007 +2.569064010e+007 +2.569064010e+007 +4.9926e+000 +7.9220e+000 +8.6399e+000 +1.1925e+001 +9.6408e+000 +2.5658e+000 +2.1501e+000 +1.4759e+001 +7.9375e+000 +9.9292e+000
212 +2.214244097e+007 +2.214244097e+007 +2.214265407e+007 +2.214265407e+007 +3.5103e+000 +1.0981e+001 +2.2278e+000 +5.8237e+000 +1.7528e+001 +1.4288e+001 +2.9950e+000 +1.5314e+001 +1.3520e+001 +1.2426e+001
282 +1.416043235e+007 +1.416043235e+007 +1.416064545e+007 +1.416064545e+007 +4.2379e+000 +3.7902e+000 +1.1735e+001 +7.8191e+000 +1.4131e+001 -2.1159e-001 +5.1653e+000 +9.5796e+000 +5.5580e+000 +1.0988e+001
291 +6.244514167e+006 +6.244514167e+006 +6.244727267e+006 +6.244727267e+006 +4.3842e+000 +6.3967e+000 +2.2567e+000 +8.7799e+000 +2.0152e+001 +8.9147e+000 +4.4479e+000 +1.4932e+001 +1.0945e+001 +1.5460e+001
357 +2.612820156e+005 +2.612820156e+005 +2.614951156e+005 +2.614951156e+005 +3.2147e+000 -2.0513e+000 +7.3811e-001 +1.2884e+001 +1.5970e+001 +5.9342e+000 +1.2672e+001 +1.0943e+001 +1.5398e+001 +1.0555e+001
370 +1.287830824e+005 +1.287830824e+005 +1.289961824e+005 +1.289961824e+005 -9.1266e-001 +1.4523e+000 +1.0573e+001 +1.0676e+001 +1.3724e+001 +3.2269e+000 +1.3361e+001 +1.0818e+001 +1.0912e+001 +8.4721e+000
394 +1.519467265e+004 +1.519467265e+004 +1.540777265e+004 +1.540777265e+004 +3.9901e+000 +1.1057e+000 +2.8756e+000 +1.0378e+001 +1.3430e+001 +6.3915e+000 -6.6398e+000 +1.4471e+001 +8.2986e+000 +7.0611e+000
431 +1.815655034e+003 +1.815655034e+003 +2.028755034e+003 +2.028755034e+003 +5.3891e-001 +6.9805e+000 +3.9082e+000 +1.2516e+001 +1.8404e+001 +7.9042e+000 +9.7872e+000 +2.6314e+001 +7.4074e+000 +1.1387e+001
515 +1.034213805e+003 +1.034213805e+003 +1.247313805e+003 +1.247313805e+003 +5.9943e+000 +1.0889e+000 +3.1595e+000 +6.0607e+000 +1.7221e+001 +1.2585e+000 +2.1652e-002 +1.8218e+001 +1.5665e+001 +8.7024e+000
741 +8.708324510e+002 +8.708324510e+002 +1.083932451e+003 +1.083932451e+003 +4.2093e+000 +5.7400e+000 +2.2377e+000 +6.1292e+000 +1.4348e+001 -1.5988e+000 -1.6192e+000 +1.3984e+001 +1.1771e+001 +1.2298e+001
2271 +5.986848239e+002 +5.986848239e+002 +8.117848239e+002 +8.117848239e+002 +2.5350e+000 +7.8156e+000 +1.1479e+000 +5.5167e+000 +8.9309e+000 -3.5042e+000 -6.8594e+000 +4.8927e+000 +8.5971e+000 +1.1897e+001
2663 +3.883236459e+002 +3.883236459e+002 +6.014236459e+002 +6.014236459e+002 -6.0413e-001 +7.1168e+000 +4.8695e+000 +6.3758e+000 +7.2007e+000 -2.6261e+000 -3.1106e+000 -9.5931e-001 +5.4262e+000 +1.0602e+001
