% function evaluation | noise-free fitness - Fopt (7.948000000000e+001) | best noise-free fitness - Fopt | measured fitness | best measured fitness | x1 | x2...
1 +2.186379986e+001 +2.186379986e+001 +1.013437999e+002 +1.013437999e+002 +4.2185e+000 +1.3205e+000
3 +1.211616315e+001 +1.211616315e+001 +9.159616315e+001 +9.159616315e+001 -2.7340e+000 +6.3064e-001
11 +3.765128858e+000 +3.765128858e+000 +8.324512886e+001 +8.324512886e+001 +1.1530e+000 -2.8757e+000
33 +8.191507503e-001 +8.191507503e-001 +8.029915075e+001 +8.029915075e+001 +8.9059e-001 -1.7990e+000
81 +3.638687793e-001 +3.638687793e-001 +7.984386878e+001 +7.984386878e+001 -2.4997e-001 -8.2350e-001
157 +9.764801243e-002 +9.764801243e-002 +7.957764801e+001 +7.957764801e+001 +1.4811e-001 -8.6237e-001
235 +5.926900433e-002 +5.926900433e-002 +7.953926900e+001 +7.953926900e+001 +2.3153e-001 -1.3993e+000
306 +1.592519210e-003 +1.592519210e-003 +7.948159252e+001 +7.948159252e+001 +2.9200e-001 -1.1493e+000
506 +5.829577761e-004 +5.829577761e-004 +7.948058296e+001 +7.948058296e+001 +2.6095e-001 -1.1341e+000
% function evaluation | noise-free fitness - Fopt (3.944800000000e+002) | best noise-free fitness - Fopt | measured fitness | best measured fitness | x1 | x2...
1 +8.107390151e+001 +8.107390151e+001 +4.755539015e+002 +4.755539015e+002 +2.8695e+000 +3.0484e+000
3 +1.263626677e-001 +1.263626677e-001 +3.946063627e+002 +3.946063627e+002 -4.0802e+000 -2.5849e+000
268 +6.024681929e-003 +6.024681929e-003 +3.944860247e+002 +3.944860247e+002 -3.9704e+000 -2.9193e+000
642 +1.621088257e-003 +1.621088257e-003 +3.944816211e+002 +3.944816211e+002 -3.9386e+000 -2.8917e+000
% function evaluation | noise-free fitness - Fopt (-2.471100000000e+002) | best noise-free fitness - Fopt | measured fitness | best measured fitness | x1 | x2...
1 +3.588826610e+001 +3.588826610e+001 -2.112217339e+002 -2.112217339e+002 -5.8678e-001 -4.8538e+000
4 +1.064688291e+001 +1.064688291e+001 -2.364631171e+002 -2.364631171e+002 -5.6969e-001 +6.7471e-001
21 +7.522335629e+000 +7.522335629e+000 -2.395876644e+002 -2.395876644e+002 -4.7430e+000 -2.3717e+000
22 +1.168557885e+000 +1.168557885e+000 -2.459414421e+002 -2.459414421e+002 -3.7710e+000 +1.2839e+000
75 +7.498416922e-001 +7.498416922e-001 -2.463601583e+002 -2.463601583e+002 -4.0710e+000 -6.1871e-001
89 +1.341314002e-001 +1.341314002e-001 -2.469758686e+002 -2.469758686e+002 -3.5390e+000 +4.6171e-001
306 +8.051734916e-002 +8.051734916e-002 -2.470294827e+002 -2.470294827e+002 -3.5377e+000 +3.1515e-001
332 +6.163505559e-002 +6.163505559e-002 -2.470483649e+002 -2.470483649e+002 -3.7470e+000 +4.4609e-001
392 +3.678651334e-002 +3.678651334e-002 -2.470732135e+002 -2.470732135e+002 -3.9880e+000 +2.3205e-001
410 +2.934062694e-003 +2.934062694e-003 -2.471070659e+002 -2.471070659e+002 -3.7470e+000 +1.8600e-001
% function evaluation | noise-free fitness - Fopt (-1.520400000000e+002) | best noise-free fitness - Fopt | measured fitness | best measured fitness | x1 | x2...
1 +4.384328796e+001 +4.384328796e+001 -1.081967120e+002 -1.081967120e+002 +1.8875e+000 -4.8370e+000
3 +7.810240055e+000 +7.810240055e+000 -1.442297599e+002 -1.442297599e+002 -1.7460e+000 -9.4736e-001
6 +6.052247990e+000 +6.052247990e+000 -1.459877520e+002 -1.459877520e+002 -2.6937e+000 +1.0185e+000
13 +8.602015391e-001 +8.602015391e-001 -1.511797985e+002 -1.511797985e+002 -1.1033e+000 +1.0225e+000
70 +1.863275985e-001 +1.863275985e-001 -1.518536724e+002 -1.518536724e+002 -2.8399e-001 +1.8553e+000
90 +3.205287882e-002 +3.205287882e-002 -1.520079471e+002 -1.520079471e+002 -1.5251e-001 +1.2865e+000
379 +4.635591768e-003 +4.635591768e-003 -1.520353644e+002 -1.520353644e+002 -2.5388e-001 +1.3572e+000
390 +2.718328536e-003 +2.718328536e-003 -1.520372817e+002 -1.520372817e+002 -2.3670e-001 +1.4663e+000
456 +1.928355034e-003 +1.928355034e-003 -1.520380716e+002 -1.520380716e+002 -2.4734e-001 +1.3848e+000
618 +1.156512151e-003 +1.156512151e-003 -1.520388435e+002 -1.520388435e+002 -2.7328e-001 +1.3905e+000
628 +7.339260767e-004 +7.339260767e-004 -1.520392661e+002 -1.520392661e+002 -2.4588e-001 +1.4407e+000
670 +3.159666279e-004 +3.159666279e-004 -1.520396840e+002 -1.520396840e+002 -2.5295e-001 +1.4134e+000
% function evaluation | noise-free fitness - Fopt (-2.525000000000e+001) | best noise-free fitness - Fopt | measured fitness | best measured fitness | x1 | x2...
1 +1.708697401e+001 +1.708697401e+001 -8.163025990e+000 -8.163025990e+000 -5.1483e-001 +4.4440e-001
3 +1.180705334e+001 +1.180705334e+001 -1.344294666e+001 -1.344294666e+001 +4.0594e+000 +4.0424e+000
4 +7.468446650e+000 +7.468446650e+000 -1.778155335e+001 -1.778155335e+001 +1.6211e+000 +2.5047e+000
9 +6.030847306e+000 +6.030847306e+000 -1.921915269e+001 -1.921915269e+001 +1.4152e+000 +1.7280e+000
26 +1.745534069e+000 +1.745534069e+000 -2.350446593e+001 -2.350446593e+001 +4.0286e+000 -6.1937e-001
31 +5.922523652e-001 +5.922523652e-001 -2.465774763e+001 -2.465774763e+001 +3.0476e+000 +1.1557e+000
112 +2.133187649e-001 +2.133187649e-001 -2.503668124e+001 -2.503668124e+001 +3.7480e+000 +1.0773e+000
126 +8.149424913e-002 +8.149424913e-002 -2.516850575e+001 -2.516850575e+001 +3.3323e+000 +6.7915e-001
168 +1.443245713e-002 +1.443245713e-002 -2.523556754e+001 -2.523556754e+001 +3.5819e+000 +7.5085e-001
387 +2.479833494e-003 +2.479833494e-003 -2.524752017e+001 -2.524752017e+001 +3.5714e+000 +6.6035e-001
482 +1.739447227e-004 +1.739447227e-004 -2.524982606e+001 -2.524982606e+001 +3.6013e+000 +6.3333e-001
% function evaluation | noise-free fitness - Fopt (2.230000000000e+000) | best noise-free fitness - Fopt | measured fitness | best measured fitness | x1 | x2...
1 +3.236099857e+001 +3.236099857e+001 +3.459099857e+001 +3.459099857e+001 +1.4328e+000 +2.7617e+000
5 +2.192183685e+001 +2.192183685e+001 +2.415183685e+001 +2.415183685e+001 +6.3367e-001 +9.8132e-001
6 +6.479999788e+000 +6.479999788e+000 +8.709999788e+000 +8.709999788e+000 +2.4419e+000 -2.8158e-001
13 +1.721528938e+000 +1.721528938e+000 +3.951528938e+000 +3.951528938e+000 +2.7883e+000 -3.0218e+000
26 +6.456933319e-001 +6.456933319e-001 +2.875693332e+000 +2.875693332e+000 +3.1249e+000 -2.4820e+000
28 +5.922445368e-001 +5.922445368e-001 +2.822244537e+000 +2.822244537e+000 +4.3895e+000 -2.9637e+000
40 +1.361892321e-001 +1.361892321e-001 +2.366189232e+000 +2.366189232e+000 +3.5742e+000 -2.2222e+000
110 +2.270378974e-002 +2.270378974e-002 +2.252703790e+000 +2.252703790e+000 +3.7927e+000 -2.2721e+000
373 +1.364287599e-002 +1.364287599e-002 +2.243642876e+000 +2.243642876e+000 +3.8116e+000 -2.4025e+000
401 +5.089132637e-003 +5.089132637e-003 +2.235089133e+000 +2.235089133e+000 +3.8474e+000 -2.3478e+000
648 +1.555286810e-003 +1.555286810e-003 +2.231555287e+000 +2.231555287e+000 +3.8842e+000 -2.3355e+000
% function evaluation | noise-free fitness - Fopt (-1.308000000000e+001) | best noise-free fitness - Fopt | measured fitness | best measured fitness | x1 | x2...
1 +1.907154715e+000 +1.907154715e+000 -1.117284528e+001 -1.117284528e+001 +1.3786e+000 -1.1928e+000
14 +7.681198963e-002 +7.681198963e-002 -1.300318801e+001 -1.300318801e+001 +3.0182e-001 -2.1971e+000
258 +8.318793008e-003 +8.318793008e-003 -1.307168121e+001 -1.307168121e+001 +2.3679e-001 -2.0226e+000
440 +6.204642564e-003 +6.204642564e-003 -1.307379536e+001 -1.307379536e+001 +2.4652e-001 -1.8628e+000
461 +1.017925293e-003 +1.017925293e-003 -1.307898207e+001 -1.307898207e+001 +2.4363e-001 -1.9236e+000
664 +8.849680786e-004 +8.849680786e-004 -1.307911503e+001 -1.307911503e+001 +2.3182e-001 -1.9109e+000
% function evaluation | noise-free fitness - Fopt (2.671600000000e+002) | best noise-free fitness - Fopt | measured fitness | best measured fitness | x1 | x2...
1 +3.934450865e-001 +3.934450865e-001 +2.675534451e+002 +2.675534451e+002 -3.2257e+000 -3.0839e+000
131 +2.248479695e-001 +2.248479695e-001 +2.673848480e+002 +2.673848480e+002 -2.6651e+000 -4.0304e+000
206 +1.245585219e-001 +1.245585219e-001 +2.672845585e+002 +2.672845585e+002 -3.1921e+000 -3.4009e+000
311 +9.723379658e-002 +9.723379658e-002 +2.672572338e+002 +2.672572338e+002 -2.8780e+000 -3.9443e+000
319 +5.566380148e-002 +5.566380148e-002 +2.672156638e+002 +2.672156638e+002 -3.0290e+000 -3.4228e+000
350 +2.062184521e-002 +2.062184521e-002 +2.671806218e+002 +2.671806218e+002 -3.0067e+000 -3.7579e+000
368 +1.074299249e-002 +1.074299249e-002 +2.671707430e+002 +2.671707430e+002 -2.8638e+000 -3.5567e+000
528 +4.164424656e-003 +4.164424656e-003 +2.671641644e+002 +2.671641644e+002 -2.8770e+000 -3.6742e+000
577 +3.822968453e-003 +3.822968453e-003 +2.671638230e+002 +2.671638230e+002 -2.8803e+000 -3.5995e+000
621 +1.338687366e-003 +1.338687366e-003 +2.671613387e+002 +2.671613387e+002 -2.9517e+000 -3.6076e+000
% function evaluation | noise-free fitness - Fopt (3.710000000000e+000) | best noise-free fitness - Fopt | measured fitness | best measured fitness | x1 | x2...
1 +4.791780808e+001 +4.791780808e+001 +5.162780808e+001 +5.162780808e+001 -2.7913e+000 -4.6628e+000
4 +1.236326746e+001 +1.236326746e+001 +1.607326746e+001 +1.607326746e+001 +7.4064e-001 -4.5888e+000
19 +4.288063964e+000 +4.288063964e+000 +7.998063964e+000 +7.998063964e+000 +1.9090e+000 -3.1420e+000
21 +3.835743029e+000 +3.835743029e+000 +7.545743029e+000 +7.545743029e+000 +2.0200e+000 -3.2421e+000
22 +3.894848447e-001 +3.894848447e-001 +4.099484845e+000 +4.099484845e+000 +4.5304e+000 -3.5088e+000
59 +4.459793979e-002 +4.459793979e-002 +3.754597940e+000 +3.754597940e+000 +3.8685e+000 -3.3979e+000
275 +1.197456738e-002 +1.197456738e-002 +3.721974567e+000 +3.721974567e+000 +3.8690e+000 -3.2178e+000
376 +9.176734019e-003 +9.176734019e-003 +3.719176734e+000 +3.719176734e+000 +3.8993e+000 -3.1636e+000
417 +5.178233839e-003 +5.178233839e-003 +3.715178234e+000 +3.715178234e+000 +3.9382e+000 -3.1579e+000
490 +1.921400309e-003 +1.921400309e-003 +3.711921400e+000 +3.711921400e+000 +3.9420e+000 -3.1932e+000
554 +1.992720983e-004 +1.992720983e-004 +3.710199272e+000 +3.710199272e+000 +3.9925e+000 -3.2164e+000
% function evaluation | noise-free fitness - Fopt (9.478000000000e+001) | best noise-free fitness - Fopt | measured fitness | best measured fitness | x1 | x2...
1 +1.665686739e+000 +1.665686739e+000 +9.644568674e+001 +9.644568674e+001 +2.1794e+000 -3.4900e+000
36 +1.335109052e+000 +1.335109052e+000 +9.611510905e+001 +9.611510905e+001 +5.4842e-001 -2.0634e+000
97 +2.109185516e-001 +2.109185516e-001 +9.499091855e+001 +9.499091855e+001 +4.8863e-001 -3.2665e+000
127 +5.082370322e-002 +5.082370322e-002 +9.483082370e+001 +9.483082370e+001 +8.4637e-001 -3.3607e+000
441 +1.822899929e-002 +1.822899929e-002 +9.479822900e+001 +9.479822900e+001 +9.2829e-001 -3.2877e+000
447 +1.471842236e-002 +1.471842236e-002 +9.479471842e+001 +9.479471842e+001 +8.6778e-001 -3.0509e+000
548 +7.878114472e-003 +7.878114472e-003 +9.478787811e+001 +9.478787811e+001 +8.4871e-001 -3.1269e+000
623 +8.917988861e-004 +8.917988861e-004 +9.478089180e+001 +9.478089180e+001 +9.1875e-001 -3.1269e+000
% function evaluation | noise-free fitness - Fopt (2.339200000000e+002) | best noise-free fitness - Fopt | measured fitness | best measured fitness | x1 | x2...
1 +1.493970900e+001 +1.493970900e+001 +2.488597090e+002 +2.488597090e+002 +4.2608e-001 +9.9828e-001
4 +1.318981713e+000 +1.318981713e+000 +2.352389817e+002 +2.352389817e+002 -3.5654e+000 -5.0034e-001
6 +8.344778812e-002 +8.344778812e-002 +2.340034478e+002 +2.340034478e+002 -3.3122e+000 +9.0624e-001
390 +3.007302140e-003 +3.007302140e-003 +2.339230073e+002 +2.339230073e+002 -3.3891e+000 +6.8280e-001
% function evaluation | noise-free fitness - Fopt (-6.092000000000e+001) | best noise-free fitness - Fopt | measured fitness | best measured fitness | x1 | x2...
1 +1.242625148e+001 +1.242625148e+001 -4.849374852e+001 -4.849374852e+001 -9.1313e-001 -4.2654e-001
6 +5.278003754e+000 +5.278003754e+000 -5.564199625e+001 -5.564199625e+001 -7.9925e-002 +4.6864e+000
16 +2.928994285e+000 +2.928994285e+000 -5.799100572e+001 -5.799100572e+001 +2.1204e+000 +1.4149e+000
41 +2.117157716e+000 +2.117157716e+000 -5.880284228e+001 -5.880284228e+001 +1.5735e+000 +3.8871e+000
79 +1.880588940e-001 +1.880588940e-001 -6.073194111e+001 -6.073194111e+001 +9.9321e-001 +2.1823e+000
125 +1.289798848e-002 +1.289798848e-002 -6.090710201e+001 -6.090710201e+001 +9.4219e-001 +2.7034e+000
439 +5.877771731e-003 +5.877771731e-003 -6.091412223e+001 -6.091412223e+001 +8.3165e-001 +2.6543e+000
479 +1.826262947e-003 +1.826262947e-003 -6.091817374e+001 -6.091817374e+001 +9.1950e-001 +2.6329e+000
614 +8.733316243e-004 +8.733316243e-004 -6.091912667e+001 -6.091912667e+001 +8.8924e-001 +2.6327e+000
679 +1.745324753e-004 +1.745324753e-004 -6.091982547e+001 -6.091982547e+001 +8.7990e-001 +2.6130e+000
% function evaluation | noise-free fitness - Fopt (-1.948000000000e+001) | best noise-free fitness - Fopt | measured fitness | best measured fitness | x1 | x2...
1 +2.030553760e+001 +2.030553760e+001 +8.255376008e-001 +8.255376008e-001 +2.9388e+000 +4.3140e+000
5 +5.844564581e-001 +5.844564581e-001 -1.889554354e+001 -1.889554354e+001 -2.5999e-001 +2.3644e+000
28 +2.480883981e-001 +2.480883981e-001 -1.923191160e+001 -1.923191160e+001 -5.8367e-001 +1.7147e+000
127 +4.498893788e-002 +4.498893788e-002 -1.943501106e+001 -1.943501106e+001 -1.0561e+000 +2.2330e+000
301 +2.381069896e-002 +2.381069896e-002 -1.945618930e+001 -1.945618930e+001 -1.0978e+000 +2.1053e+000
365 +2.215313859e-003 +2.215313859e-003 -1.947778469e+001 -1.947778469e+001 -9.6549e-001 +2.0923e+000
552 +1.306426981e-003 +1.306426981e-003 -1.947869357e+001 -1.947869357e+001 -9.1971e-001 +2.0533e+000
619 +5.271102052e-004 +5.271102052e-004 -1.947947289e+001 -1.947947289e+001 -9.3990e-001 +2.0293e+000
% function evaluation | noise-free fitness - Fopt (1.344700000000e+002) | best noise-free fitness - Fopt | measured fitness | best measured fitness | x1 | x2...
1 +4.388294480e+001 +4.388294480e+001 +1.783529448e+002 +1.783529448e+002 +3.0821e+000 +1.2454e+000
3 +1.639424773e+001 +1.639424773e+001 +1.508642477e+002 +1.508642477e+002 -2.5294e+000 -8.2638e-001
11 +4.973940717e+000 +4.973940717e+000 +1.394439407e+002 +1.394439407e+002 -4.8786e+000 +4.6911e+000
15 +9.952901260e-001 +9.952901260e-001 +1.354652901e+002 +1.354652901e+002 -2.8562e+000 +4.0679e+000
28 +4.395743199e-001 +4.395743199e-001 +1.349095743e+002 +1.349095743e+002 -2.9564e+000 +3.7450e+000
66 +2.456102854e-001 +2.456102854e-001 +1.347156103e+002 +1.347156103e+002 -2.7887e+000 +3.3069e+000
200 +1.044913556e-001 +1.044913556e-001 +1.345744914e+002 +1.345744914e+002 -3.5047e+000 +3.3681e+000
218 +5.260922900e-004 +5.260922900e-004 +1.344705261e+002 +1.344705261e+002 -3.2823e+000 +3.1481e+000
% function evaluation | noise-free fitness - Fopt (4.453500000000e+002) | best noise-free fitness - Fopt | measured fitness | best measured fitness | x1 | x2...
1 +4.986288590e+001 +4.986288590e+001 +4.952128859e+002 +4.952128859e+002 -2.7150e+000 -3.7131e+000
5 +7.836135770e+000 +7.836135770e+000 +4.531861358e+002 +4.531861358e+002 -3.9444e-001 +3.3026e+000
6 +4.354328426e+000 +4.354328426e+000 +4.497043284e+002 +4.497043284e+002 -3.4890e+000 +1.2663e+000
10 +3.724586191e-001 +3.724586191e-001 +4.457224586e+002 +4.457224586e+002 -3.2193e+000 +3.9418e+000
52 +2.345158489e-001 +2.345158489e-001 +4.455845158e+002 +4.455845158e+002 -2.7150e+000 +3.4059e+000
110 +1.740506540e-002 +1.740506540e-002 +4.453674051e+002 +4.453674051e+002 -3.1697e+000 +3.2022e+000
476 +1.528532474e-002 +1.528532474e-002 +4.453652853e+002 +4.453652853e+002 -3.3032e+000 +3.3893e+000
516 +5.082106061e-003 +5.082106061e-003 +4.453550821e+002 +4.453550821e+002 -3.2537e+000 +3.2937e+000
519 +1.287640862e-004 +1.287640862e-004 +4.453501288e+002 +4.453501288e+002 -3.1979e+000 +3.3425e+000
