% function evaluation | noise-free fitness - Fopt (-5.235000000000e+001) | best noise-free fitness - Fopt | measured fitness | best measured fitness | x1 | x2...
1 +8.919271217e+001 +8.919271217e+001 +3.684271217e+001 +3.684271217e+001 +3.9064e+000 +3.3955e+000 -3.4115e+000 -2.2846e+000 +7.6253e-001 +1.2893e+000 +3.8361e+000 -2.7586e+000 +6.3747e-001 -4.8320e+000 -3.6426e+000 -4.1068e-001 -1.7117e+000 +1.0146e+000 +4.3575e+000 +1.9597e-001 -2.8980e+000 +3.5617e-001 -5.6254e-004 -1.7033e+000
12 +3.679482994e+001 +3.679482994e+001 -1.555517006e+001 -1.555517006e+001 -3.7970e+000 +1.9691e+000 +2.9874e+000 -2.6245e+000 -7.0964e-001 +1.3633e+000 +3.2707e-001 +1.9303e+000 +3.5056e+000 +3.7130e-001 +3.2413e+000 +2.2828e+000 +1.3459e+000 -5.1520e-001 -4.6140e+000 +1.1146e-001 +2.6242e+000 +1.9466e+000 +4.5757e+000 -4.2461e+000
% function evaluation | noise-free fitness - Fopt (-1.795400000000e+002) | best noise-free fitness - Fopt | measured fitness | best measured fitness | x1 | x2...
1 +3.671679681e+002 +3.671679681e+002 +1.876279681e+002 +1.876279681e+002 -3.8316e+000 +2.3292e+000 -4.1987e-001 -6.7468e-001 +1.1779e-001 +6.1443e-001 +1.7152e+000 -4.5625e+000 +1.5814e+000 -2.1441e+000 +5.2609e-001 +1.7901e+000 -3.3154e+000 -4.7184e-001 -1.8125e+000 -7.7415e-001 -3.9007e+000 +1.4477e+000 +3.0366e+000 -4.9351e+000
2 +1.115077025e+002 +1.115077025e+002 -6.803229748e+001 -6.803229748e+001 -4.9780e+000 -3.8520e+000 -2.6694e+000 +1.7153e+000 -1.8335e+000 +2.1986e+000 +4.0231e+000 +6.7094e-001 -4.5909e+000 +3.6945e+000 +2.4031e+000 +3.0532e+000 +3.1497e+000 +1.6369e+000 +1.4244e-001 +1.8815e+000 +4.9372e+000 +4.9991e+000 +1.0690e+000 +1.8557e+000
5 +4.987139223e+001 +4.987139223e+001 -1.296686078e+002 -1.296686078e+002 -4.4925e-001 -1.4624e+000 -2.6453e+000 +1.8531e+000 +1.4447e+000 +4.8621e+000 -4.5027e+000 +3.8144e+000 +1.8546e+000 +5.9112e-001 +2.1662e+000 -1.6222e+000 -8.7619e-001 +3.9862e+000 -1.1369e+000 -1.3663e+000 +1.4839e-002 +2.1534e+000 -1.0669e+000 +1.4672e+000
71 +3.138402500e+001 +3.138402500e+001 -1.481559750e+002 -1.481559750e+002 -3.4800e+000 -6.3882e-001 -2.3014e+000 +3.6082e+000 +2.5971e+000 +2.8501e+000 +2.7887e+000 +3.3867e+000 -3.1058e+000 +2.1859e+000 -3.4664e+000 -1.7002e+000 -5.4284e-001 -1.1585e+000 +4.1379e+000 +2.4795e+000 -4.1792e-002 +4.0205e+000 -1.4772e+000 +4.2742e-001
% function evaluation | noise-free fitness - Fopt (7.731000000000e+001) | best noise-free fitness - Fopt | measured fitness | best measured fitness | x1 | x2...
1 +4.490851267e+001 +4.490851267e+001 +1.222185127e+002 +1.222185127e+002 +3.4650e+000 -4.1694e+000 +3.5872e+000 +3.9907e+000 +2.0867e+000 -3.6898e+000 +2.9316e-001 +3.7874e+000 -1.8259e+000 +1.1103e+000 +1.7688e+000 +1.8454e+000 +3.6923e+000 +1.6361e+000 +2.8156e+000 -4.2992e+000 -1.7484e+000 +4.8879e+000 +8.1571e-001 +2.0841e+000
61 +2.451221351e+001 +2.451221351e+001 +1.018222135e+002 +1.018222135e+002 -1.1141e+000 +3.6421e+000 -1.7327e+000 -5.0569e-003 -4.9374e-001 +2.0355e+000 +9.5848e-001 -3.7774e+000 -6.8272e-001 +3.3016e+000 +1.8070e+000 +2.0468e+000 +3.3345e+000 -4.4472e-001 -1.1174e+000 +2.4373e+000 -9.6711e-002 +7.7943e-001 +3.3774e+000 -1.8413e+000
% function evaluation | noise-free fitness - Fopt (3.992000000000e+001) | best noise-free fitness - Fopt | measured fitness | best measured fitness | x1 | x2...
1 +1.585993527e+002 +1.585993527e+002 +1.985193527e+002 +1.985193527e+002 +4.5718e+000 -4.4787e+000 +1.9382e+000 -1.2914e+000 +2.4852e+000 -4.2182e+000 -1.9353e-001 +2.7376e+000 +3.0964e+000 +1.3402e+000 -4.4002e-001 +3.1976e+000 -5.2736e-002 -2.1135e+000 +1.8872e+000 +2.9991e+000 -3.9127e+000 -1.4732e+000 +5.8437e-001 -4.0737e+000
2 +1.398109683e+002 +1.398109683e+002 +1.797309683e+002 +1.797309683e+002 +3.0124e-001 +3.3577e+000 -1.2884e+000 -2.7131e+000 -3.2688e+000 -1.7218e+000 +6.2598e-001 -3.7200e+000 -3.8880e+000 +9.6421e-001 +3.5624e+000 +3.1911e+000 -1.2403e+000 -1.0657e+000 +2.6381e+000 +1.0527e+000 +4.3943e-001 +3.1996e+000 -2.5753e+000 +4.5079e+000
12 +8.001459218e+001 +8.001459218e+001 +1.199345922e+002 +1.199345922e+002 -2.5457e+000 +2.6870e+000 +6.6558e-002 -8.7394e-001 -3.7469e+000 -9.0890e-002 -8.5005e-001 +2.9622e+000 -4.2238e+000 -3.4176e-001 +6.1926e-001 +1.1394e+000 +1.3406e+000 +2.8881e+000 -2.0873e+000 +1.9109e+000 +4.7374e+000 +3.5882e+000 +3.4594e-001 -4.2481e+000
19 +4.649758351e+001 +4.649758351e+001 +8.641758351e+001 +8.641758351e+001 +1.1899e+000 +4.2799e+000 +4.8742e+000 -2.7181e+000 -3.4413e+000 -2.6574e-001 +2.8549e-001 +4.5726e-001 -2.4233e+000 +3.2946e+000 -2.5773e+000 +3.7333e+000 +1.8284e+000 +1.2102e-001 -2.4155e+000 +4.1022e+000 +2.7050e-001 +4.7805e+000 -4.9664e+000 -5.5294e-001
% function evaluation | noise-free fitness - Fopt (-5.661000000000e+001) | best noise-free fitness - Fopt | measured fitness | best measured fitness | x1 | x2...
1 +1.069956639e+002 +1.069956639e+002 +5.038566394e+001 +5.038566394e+001 -3.2384e+000 +2.8896e+000 -2.8731e+000 +3.3702e-001 +1.3498e+000 -1.7701e-001 -3.9202e+000 +1.8661e-001 +2.5016e+000 +3.5378e+000 +2.2336e+000 +4.6371e+000 +2.1027e+000 -3.3195e-001 +4.0427e+000 -3.1220e-001 -3.7438e+000 -1.7340e+000 +2.0992e+000 +4.2809e+000
2 +5.269498425e+001 +5.269498425e+001 -3.915015755e+000 -3.915015755e+000 -2.6348e+000 +5.8048e-001 +1.5563e+000 +2.8465e+000 -3.1504e+000 +3.1386e+000 +6.5387e-001 +1.4043e+000 -4.4981e+000 -8.9218e-002 -1.5675e+000 -1.1949e+000 +1.6617e+000 +1.5868e+000 -3.8254e+000 +2.4794e+000 -3.7518e-001 +8.0907e-001 +2.6316e+000 +2.4044e+000
78 +3.953298423e+001 +3.953298423e+001 -1.707701577e+001 -1.707701577e+001 +3.9890e+000 +3.0803e+000 +2.2780e-001 -1.5261e+000 -1.5836e+000 -1.1472e+000 +6.3328e-001 -3.9575e+000 -3.7711e+000 -1.7666e+000 +3.7050e+000 +2.4165e+000 +1.4976e-002 -1.6080e+000 +1.1531e+000 -1.4137e+000 +3.2208e+000 +2.5047e+000 -3.3480e+000 +6.1439e-001
% function evaluation | noise-free fitness - Fopt (1.686600000000e+002) | best noise-free fitness - Fopt | measured fitness | best measured fitness | x1 | x2...
1 +3.255566422e+002 +3.255566422e+002 +4.942166422e+002 +4.942166422e+002 +2.4868e+000 -2.0233e+000 +1.2100e+000 -3.0573e+000 -4.7448e+000 -2.0466e+000 +4.2153e+000 +3.3887e+000 +1.7792e+000 +3.5786e+000 -3.2243e+000 -1.9251e+000 -1.4671e-001 -1.2146e+000 +1.6253e+000 -1.5211e+000 -4.3743e+000 -4.7776e+000 -1.9370e+000 +1.4044e+000
3 +2.228881752e+002 +2.228881752e+002 +3.915481752e+002 +3.915481752e+002 +3.1507e+000 +4.6128e+000 -1.8453e+000 +5.1073e-001 +2.4478e+000 +2.7110e+000 -4.0827e+000 +3.3408e+000 -3.0442e+000 +3.6615e+000 +1.6159e-001 -1.7318e+000 -2.1320e+000 -3.5212e+000 +2.6576e+000 -2.2234e+000 +1.0813e+000 +4.1467e+000 +1.1582e+000 -3.5998e+000
6 +8.138930702e+001 +8.138930702e+001 +2.500493070e+002 +2.500493070e+002 +6.0784e-001 +3.8781e+000 -6.5561e-001 +3.1858e+000 +1.7663e+000 -2.9892e-003 +5.1834e-001 +9.7620e-001 -1.0807e+000 -1.6744e+000 -4.6174e-001 +3.0273e+000 +4.7641e+000 +3.1496e+000 +4.3166e+000 +2.9528e+000 +2.9715e+000 -4.0723e+000 -2.4340e+000 -1.5392e-001
45 +5.707261754e+001 +5.707261754e+001 +2.257326175e+002 +2.257326175e+002 -3.8935e+000 -1.3722e+000 +8.5443e-002 +4.7536e+000 -1.7525e+000 -2.6905e+000 -1.9591e+000 -2.0985e+000 +3.2393e+000 -1.1872e-001 -4.5711e+000 -9.5988e-001 +1.2430e+000 +8.9452e-001 -1.1087e+000 +4.0675e+000 -3.6558e+000 +7.0482e-001 +5.8913e-001 +3.8400e+000
% function evaluation | noise-free fitness - Fopt (4.076900000000e+002) | best noise-free fitness - Fopt | measured fitness | best measured fitness | x1 | x2...
1 +5.169584949e+002 +5.169584949e+002 +9.246484949e+002 +9.246484949e+002 +2.8196e+000 -2.3654e+000 +1.0890e+000 +1.8446e+000 +2.6388e+000 -4.2417e-001 +3.4146e+000 -1.9553e-001 +5.7830e-001 +2.5913e+000 -3.9997e+000 +1.5128e+000 -1.5331e+000 -4.6451e+000 +3.0232e+000 -3.3705e+000 -8.6484e-001 -2.5386e+000 +4.4448e+000 +1.2645e+000
2 +1.186354362e+002 +1.186354362e+002 +5.263254362e+002 +5.263254362e+002 +3.8001e+000 +4.9411e+000 +3.2291e+000 -8.0705e-001 +6.5252e-001 -9.4090e-001 +2.7093e+000 -2.3545e+000 +4.2301e+000 -1.2250e-001 +1.0150e+000 +1.2091e+000 +8.3416e-001 -3.1841e+000 +3.4297e+000 -2.3413e+000 -1.5223e-002 +7.5644e-001 +1.5627e+000 -3.6139e+000
6 +5.952744147e+001 +5.952744147e+001 +4.672174415e+002 +4.672174415e+002 +2.0811e+000 -4.7407e+000 -3.6347e+000 +1.7800e+000 -3.4877e+000 -1.6729e+000 +3.2404e+000 -1.8609e+000 +4.9981e+000 -4.0308e+000 -1.2310e+000 -5.4335e-001 +1.8938e+000 +1.0401e+000 +1.1275e+000 -3.2292e+000 -4.3675e+000 +4.3744e+000 +1.7534e+000 +2.7909e+000
% function evaluation | noise-free fitness - Fopt (5.592000000000e+001) | best noise-free fitness - Fopt | measured fitness | best measured fitness | x1 | x2...
1 +6.794199358e+002 +6.794199358e+002 +7.353399358e+002 +7.353399358e+002 +2.6500e+000 -1.6470e+000 +3.6733e+000 -4.6476e+000 -2.8659e+000 -4.0455e+000 -2.0663e+000 +1.8958e+000 +2.0867e+000 -1.6006e+000 -1.8924e+000 +2.2069e+000 +1.8251e+000 -9.7876e-001 +3.6441e+000 +2.7879e+000 +4.4082e+000 +1.3009e+000 -4.3170e+000 +3.3809e+000
2 +9.209485824e+001 +9.209485824e+001 +1.480148582e+002 +1.480148582e+002 -2.8354e-001 -2.8344e+000 +4.0501e+000 -3.7921e+000 +2.0659e+000 -3.5169e+000 -1.7782e+000 -1.0348e+000 +7.2779e-001 -2.9170e+000 +3.5832e+000 -1.4129e+000 -1.3482e+000 -3.3602e+000 -4.8570e-001 +4.3241e+000 -4.3240e+000 +1.3172e+000 -4.8972e+000 -3.2216e+000
5 +5.621195511e+001 +5.621195511e+001 +1.121319551e+002 +1.121319551e+002 +2.6481e+000 -6.7964e-001 -4.9664e+000 -7.8153e-002 +4.9611e+000 -1.4547e+000 +4.0645e+000 +4.1060e+000 -5.2446e-001 -3.5792e-002 -1.1039e+000 +5.3786e-001 +7.7030e-001 -4.1486e+000 -2.4716e+000 -4.6652e-001 -3.6152e+000 -4.7813e+000 +4.9473e-002 +1.4161e+000
50 +3.055077125e+001 +3.055077125e+001 +8.647077125e+001 +8.647077125e+001 -4.5669e+000 -5.0915e-001 -2.6745e+000 +3.3004e+000 -2.5395e+000 +1.5458e+000 +2.5206e+000 -2.8712e-001 +2.5485e+000 -3.8394e+000 -1.4611e+000 -1.6987e-001 +3.9384e+000 +3.8415e+000 -7.6792e-001 +2.8144e-001 -1.1716e+000 +3.1178e-001 -2.0366e+000 -3.2518e+000
% function evaluation | noise-free fitness - Fopt (4.619000000000e+001) | best noise-free fitness - Fopt | measured fitness | best measured fitness | x1 | x2...
1 +1.411394826e+002 +1.411394826e+002 +1.873294826e+002 +1.873294826e+002 +2.6418e+000 -1.3427e+000 -4.0725e+000 -7.9993e-001 +3.9110e+000 -1.9872e+000 -8.2919e-001 +8.6634e-001 +1.5694e+000 -9.6863e-001 +3.6250e+000 -4.9721e+000 +9.7018e-001 -1.5069e+000 +5.2200e-001 -4.7150e+000 -1.8776e+000 -2.8138e+000 -2.2910e-001 -3.6393e+000
9 +7.165798629e+001 +7.165798629e+001 +1.178479863e+002 +1.178479863e+002 -3.0000e+000 -1.0764e-001 -1.8784e+000 -4.6263e+000 -4.3496e-001 +3.7843e+000 +2.4614e-001 -3.3617e+000 +1.6251e+000 +5.7639e-001 +5.7164e-001 -1.5598e+000 -2.6400e+000 +4.4292e+000 +2.0927e+000 +3.8327e+000 -4.8794e+000 -3.7651e+000 +1.8255e-001 -4.0741e+000
12 +5.244146655e+001 +5.244146655e+001 +9.863146655e+001 +9.863146655e+001 -1.0393e+000 -1.9952e+000 -3.2042e+000 +2.3696e+000 -4.3182e+000 -2.7474e+000 -3.8226e+000 -3.4997e+000 -3.0425e+000 -4.6051e+000 -3.9902e+000 +1.9196e+000 -2.3646e+000 -2.3074e+000 -3.4253e+000 -4.6752e-001 +3.0289e+000 -7.6520e-001 +2.6128e+000 +2.2578e-001
% function evaluation | noise-free fitness - Fopt (-3.994000000000e+001) | best noise-free fitness - Fopt | measured fitness | best measured fitness | x1 | x2...
1 +3.401100803e+002 +3.401100803e+002 +3.001700803e+002 +3.001700803e+002 +2.9463e+000 -3.9231e+000 +4.8004e+000 -1.3242e+000 +4.0242e+000 +4.9520e+000 +3.8867e+000 +4.3476e+000 -8.3607e-001 +3.3027e+000 +4.7317e+000 +1.0154e+000 +3.1610e+000 +4.4006e+000 -4.4426e+000 -3.1291e+000 -8.6271e-001 -4.8658e+000 -1.7746e+000 +4.1287e+000
2 +1.170239914e+002 +1.170239914e+002 +7.708399144e+001 +7.708399144e+001 +2.2255e+000 -1.6750e-001 -2.3251e+000 +4.8162e+000 +5.4356e-001 +9.5018e-001 -3.4389e+000 -3.9744e+000 -5.9056e-001 -3.3509e+000 +2.4871e-001 +3.5918e+000 +4.1724e+000 -1.8488e-001 -4.9769e+000 -2.8015e+000 -4.4786e+000 -8.8920e-001 +4.1446e+000 +5.0508e-001
3 +7.478789740e+001 +7.478789740e+001 +3.484789740e+001 +3.484789740e+001 -1.3196e+000 +2.9477e-001 +2.2053e+000 -2.9499e+000 +4.5140e+000 -4.7753e+000 -1.8603e+000 -3.5959e+000 -3.7636e+000 -3.2844e+000 +1.1930e+000 -4.6706e+000 +1.5696e-001 -2.6299e-001 +2.1722e+000 -4.4496e+000 +2.6925e+000 +3.3129e+000 +4.3821e+000 +3.1455e+000
25 +3.228471783e+001 +3.228471783e+001 -7.655282169e+000 -7.655282169e+000 -6.6978e-001 -1.8683e+000 -3.9628e+000 -2.3853e+000 -3.2059e+000 -2.5806e+000 -1.1465e+000 +8.1862e-001 -1.6526e+000 -2.6786e+000 -1.9175e+000 +4.5220e-001 -1.4842e+000 +4.1396e+000 -3.3116e+000 -1.3824e+000 +2.8048e+000 -4.9915e+000 -4.0425e+000 +4.1085e+000
% function evaluation | noise-free fitness - Fopt (-1.000000000000e+003) | best noise-free fitness - Fopt | measured fitness | best measured fitness | x1 | x2...
1 +4.532006074e+002 +4.532006074e+002 -5.467993926e+002 -5.467993926e+002 +3.6737e+000 +3.6828e+000 +2.0379e+000 -2.5542e+000 +1.7697e+000 -1.3101e+000 +3.5581e+000 +3.0300e+000 +1.9343e+000 +3.4672e+000 +1.9651e+000 +1.1291e+000 -3.5638e+000 +4.7188e-001 +2.3904e+000 +8.9696e-001 +3.3798e+000 +4.7482e+000 -4.0616e+000 -1.4598e-001
2 +1.602186473e+002 +1.602186473e+002 -8.397813527e+002 -8.397813527e+002 -3.4520e+000 +1.7408e+000 +3.0370e+000 -5.4547e-001 +1.9615e+000 -2.7449e-001 -5.9632e-001 -3.3605e+000 -4.1086e+000 -2.5703e-001 -8.0683e-001 -1.1818e+000 -2.5785e-001 +1.6754e+000 -1.1459e+000 -4.9959e+000 -3.0469e+000 +2.4197e+000 -1.7652e+000 -2.3225e+000
3 +1.088612215e+002 +1.088612215e+002 -8.911387785e+002 -8.911387785e+002 -4.1303e+000 +9.8816e-001 +2.5614e+000 -1.6458e+000 +3.9343e-001 -4.1940e+000 +5.2186e-002 +4.8121e+000 -2.8537e+000 +1.4781e+000 -4.8612e+000 -5.4174e-001 +3.8693e+000 -4.1381e+000 -3.4692e+000 -3.5830e+000 -1.1747e+000 +3.4092e+000 +2.6922e+000 -4.2274e-001
13 +9.402716462e+001 +9.402716462e+001 -9.059728354e+002 -9.059728354e+002 -2.6830e+000 -4.5253e+000 +3.1266e+000 -4.3667e+000 -4.8515e-001 -2.9334e+000 +3.7940e+000 -2.4202e+000 +1.1060e+000 +4.4119e+000 -2.9920e+000 +1.4202e+000 -3.2105e-001 +2.9916e+000 +7.4329e-001 +4.1839e-001 +1.8453e+000 -8.5169e-001 +3.3749e+000 -9.5697e-001
69 +5.902737045e+001 +5.902737045e+001 -9.409726295e+002 -9.409726295e+002 -1.8320e+000 +4.5737e+000 +6.7543e-001 -7.9708e-001 +2.3493e+000 -4.5492e+000 +5.1428e-001 -1.9995e+000 +4.0498e+000 +4.6957e+000 +3.4428e+000 -6.5066e-001 -4.7418e+000 +3.7096e+000 -4.5527e+000 -1.9912e-001 -2.7559e+000 -3.1709e+000 -4.5429e+000 -1.7880e+000
% function evaluation | noise-free fitness - Fopt (-5.039000000000e+001) | best noise-free fitness - Fopt | measured fitness | best measured fitness | x1 | x2...
1 +1.191258863e+002 +1.191258863e+002 +6.873588632e+001 +6.873588632e+001 -2.8778e+000 +1.1974e+000 -1.1226e+000 +7.4550e-002 +4.8676e-002 -8.7996e-001 -1.3614e-001 +1.2392e+000 +1.8191e-001 +4.9389e+000 +3.3104e+000 +1.9357e-001 +4.6854e+000 -1.9692e+000 +1.9062e+000 +3.9427e+000 -4.5126e+000 +4.8036e+000 -4.0892e+000 +2.5713e+000
5 +3.152714536e+001 +3.152714536e+001 -1.886285464e+001 -1.886285464e+001 -4.0735e+000 -3.1757e+000 +2.3936e+000 -1.0911e+000 -1.2411e+000 +1.3273e+000 +1.4147e+000 +5.1391e-001 +1.9383e+000 +2.1075e-001 +2.6898e+000 -1.3146e+000 +1.1810e+000 -1.9904e+000 -3.0592e+000 +3.1177e+000 +3.5039e-001 -2.1705e+000 +2.8505e+000 -4.5409e+000
% function evaluation | noise-free fitness - Fopt (-7.027000000000e+001) | best noise-free fitness - Fopt | measured fitness | best measured fitness | x1 | x2...
1 +5.819448413e+001 +5.819448413e+001 -1.207551587e+001 -1.207551587e+001 -3.2343e+000 -4.3273e+000 -4.3736e+000 -2.7601e+000 -1.2606e+000 -4.8089e+000 +1.3040e+000 -3.5420e+000 +3.0150e+000 -1.9151e+000 +6.7346e-001 -3.9603e+000 -1.7722e+000 -1.1856e+000 +1.3736e+000 -1.1107e-001 +2.2099e+000 -2.5968e+000 +3.8698e+000 +1.4973e+000
% function evaluation | noise-free fitness - Fopt (-6.944000000000e+001) | best noise-free fitness - Fopt | measured fitness | best measured fitness | x1 | x2...
1 +1.095842092e+002 +1.095842092e+002 +4.014420920e+001 +4.014420920e+001 -2.0018e+000 -3.2602e+000 +1.1230e+000 -1.3566e+000 +1.0770e+000 -3.1936e+000 -4.0487e+000 +2.7935e+000 -1.8245e+000 -2.9128e+000 -1.2641e+000 -1.1592e+000 +4.8994e+000 +1.1111e+000 +2.2161e+000 +4.3507e-001 +2.5676e+000 +1.7033e+000 -2.2314e+000 +3.0431e+000
2 +9.604199083e+001 +9.604199083e+001 +2.660199083e+001 +2.660199083e+001 -2.5393e+000 +3.1816e+000 -1.2291e+000 +2.3532e+000 -2.7529e+000 +1.1224e+000 -3.9940e+000 +2.9266e+000 -4.3061e+000 +1.1378e+000 -2.0790e+000 -3.2192e-002 +1.1936e+000 -2.3923e+000 +1.2539e+000 -3.8790e+000 -1.8749e+000 +4.3756e+000 +4.3156e+000 +7.9331e-001
7 +5.495081581e+001 +5.495081581e+001 -1.448918419e+001 -1.448918419e+001 +2.0676e+000 +4.0187e+000 -4.3334e-001 +2.0762e+000 -2.4979e-001 -2.1832e+000 +3.1991e+000 +3.4793e-001 -1.8470e+000 +2.0086e+000 -2.9619e+000 +3.9503e+000 -4.0425e+000 +1.2373e+000 -3.6606e+000 -2.0543e+000 -8.2888e-001 -1.0473e+000 +2.2240e+000 +2.1807e+000
% function evaluation | noise-free fitness - Fopt (1.261900000000e+002) | best noise-free fitness - Fopt | measured fitness | best measured fitness | x1 | x2...
1 +2.299135714e+002 +2.299135714e+002 +3.561035714e+002 +3.561035714e+002 -4.3631e+000 +1.4287e+000 -2.9207e+000 -1.3838e+000 +3.0411e+000 +2.5443e+000 -4.6640e+000 +3.3895e+000 +1.1237e+000 +8.7626e-001 +1.1930e+000 -4.3558e+000 -3.3530e+000 +4.2188e+000 +1.4165e+000 -2.9373e+000 -2.3114e-001 +2.2096e+000 -2.8312e+000 -4.4788e+000
3 +8.952711763e+001 +8.952711763e+001 +2.157171176e+002 +2.157171176e+002 +4.7276e+000 -1.9061e+000 +2.6324e+000 -2.5727e-001 +1.9965e+000 -8.3217e-001 -2.5050e+000 +1.2004e+000 -7.7819e-001 -4.5174e+000 +1.0864e+000 +3.1400e+000 +5.4788e-001 +9.6674e-001 +2.5547e-001 -3.3251e+000 +3.5159e+000 -2.7213e+000 -2.5237e+000 -1.0631e+000
6 +2.926763359e+001 +2.926763359e+001 +1.554576336e+002 +1.554576336e+002 -1.6265e-001 -2.9932e-001 -1.1956e+000 -2.3541e+000 +3.2569e+000 +8.2988e-001 +6.4000e-001 -1.0363e+000 -2.5377e+000 +7.9930e-001 +1.1524e-001 +2.3279e+000 +5.0089e-001 +3.5381e+000 -3.8509e+000 -4.1413e-001 +4.7073e+000 -4.8999e-001 -8.1074e-001 -2.5818e+000
