% function evaluation | noise-free fitness - Fopt (-5.235000000000e+001) | best noise-free fitness - Fopt | measured fitness | best measured fitness | x1 | x2...
1 +3.181093162e+002 +3.181093162e+002 +2.657593162e+002 +2.657593162e+002 -2.0770e+000 -1.0021e+000 -1.3895e+000 +4.3753e+000 +3.2181e+000
3 +1.196272853e+001 +1.196272853e+001 -4.038727147e+001 -4.038727147e+001 -1.7052e+000 -3.5351e+000 +1.8110e+000 -3.4261e+000 +1.3544e+000
36 +9.652952503e+000 +9.652952503e+000 -4.269704750e+001 -4.269704750e+001 +1.3965e-001 -1.5045e+000 +3.8626e+000 -4.8032e+000 -2.6451e+000
60 +5.709799656e+000 +5.709799656e+000 -4.664020034e+001 -4.664020034e+001 +2.0796e+000 -4.8568e+000 +1.8561e+000 -3.7905e+000 -3.2055e+000
108 +3.833119890e+000 +3.833119890e+000 -4.851688011e+001 -4.851688011e+001 +2.3643e+000 -1.9266e+000 +2.0517e+000 -3.0067e+000 -2.2375e+000
214 +2.075319767e+000 +2.075319767e+000 -5.027468023e+001 -5.027468023e+001 +8.6262e-003 -2.5903e+000 +1.3285e+000 -2.7598e+000 -6.6129e-001
257 +1.372903015e+000 +1.372903015e+000 -5.097709698e+001 -5.097709698e+001 +6.1972e-001 -1.3895e+000 +2.4322e+000 -1.9361e+000 -2.0088e+000
438 +6.624695080e-001 +6.624695080e-001 -5.168753049e+001 -5.168753049e+001 -3.1601e-001 -1.0668e+000 +3.0133e+000 -2.0695e+000 -2.0452e+000
579 +2.956778072e-001 +2.956778072e-001 -5.205432219e+001 -5.205432219e+001 -9.4709e-001 -1.5928e+000 +2.5469e+000 -2.6249e+000 -1.1187e+000
911 +2.093229594e-001 +2.093229594e-001 -5.214067704e+001 -5.214067704e+001 -1.1682e+000 -1.1712e+000 +2.5147e+000 -2.6589e+000 -1.4418e+000
1070 +1.459671977e-001 +1.459671977e-001 -5.220403280e+001 -5.220403280e+001 -9.4132e-001 -1.4400e+000 +2.4375e+000 -2.3009e+000 -1.4117e+000
1260 +8.115576395e-002 +8.115576395e-002 -5.226884424e+001 -5.226884424e+001 -9.2667e-001 -1.2486e+000 +2.3057e+000 -2.6204e+000 -1.5397e+000
1285 +5.104088714e-002 +5.104088714e-002 -5.229895911e+001 -5.229895911e+001 -8.9669e-001 -1.3456e+000 +2.6441e+000 -2.2646e+000 -1.3890e+000
1485 +9.969036061e-003 +9.969036061e-003 -5.234003096e+001 -5.234003096e+001 -9.5180e-001 -1.2986e+000 +2.5428e+000 -2.3933e+000 -1.4596e+000
1798 +5.529683353e-003 +5.529683353e-003 -5.234447032e+001 -5.234447032e+001 -8.3926e-001 -1.1840e+000 +2.4078e+000 -2.3059e+000 -1.4998e+000
4357 +1.947697580e-003 +1.947697580e-003 -5.234805230e+001 -5.234805230e+001 -8.8213e-001 -1.2713e+000 +2.5942e+000 -2.3575e+000 -1.5894e+000
4467 +1.554215292e-003 +1.554215292e-003 -5.234844578e+001 -5.234844578e+001 -8.7553e-001 -1.2649e+000 +2.5927e+000 -2.3521e+000 -1.5879e+000
8093 +8.570622048e-004 +8.570622048e-004 -5.234914294e+001 -5.234914294e+001 -8.5908e-001 -1.2116e+000 +2.4634e+000 -2.3482e+000 -1.4750e+000
8451 +6.145468639e-004 +6.145468639e-004 -5.234938545e+001 -5.234938545e+001 -8.6372e-001 -1.2209e+000 +2.4914e+000 -2.3694e+000 -1.5040e+000
8468 +3.051871960e-004 +3.051871960e-004 -5.234969481e+001 -5.234969481e+001 -8.5599e-001 -1.2202e+000 +2.4991e+000 -2.3511e+000 -1.5090e+000
8487 +1.409852818e-004 +1.409852818e-004 -5.234985901e+001 -5.234985901e+001 -8.6301e-001 -1.2252e+000 +2.4998e+000 -2.3548e+000 -1.5095e+000
9533 +9.118577470e-005 +9.118577470e-005 -5.234990881e+001 -5.234990881e+001 -8.6005e-001 -1.2276e+000 +2.5118e+000 -2.3499e+000 -1.5142e+000
9685 +5.325064869e-005 +5.325064869e-005 -5.234994675e+001 -5.234994675e+001 -8.6860e-001 -1.2451e+000 +2.5459e+000 -2.3519e+000 -1.5306e+000
9728 +3.442600623e-005 +3.442600623e-005 -5.234996557e+001 -5.234996557e+001 -8.6750e-001 -1.2458e+000 +2.5503e+000 -2.3504e+000 -1.5309e+000
9743 +1.555904669e-005 +1.555904669e-005 -5.234998444e+001 -5.234998444e+001 -8.6525e-001 -1.2393e+000 +2.5358e+000 -2.3505e+000 -1.5250e+000
10248 +8.757616882e-006 +8.757616882e-006 -5.234999124e+001 -5.234999124e+001 -8.6722e-001 -1.2417e+000 +2.5388e+000 -2.3513e+000 -1.5246e+000
10349 +4.191550374e-006 +4.191550374e-006 -5.234999581e+001 -5.234999581e+001 -8.6543e-001 -1.2388e+000 +2.5335e+000 -2.3493e+000 -1.5211e+000
10581 +2.675088069e-006 +2.675088069e-006 -5.234999732e+001 -5.234999732e+001 -8.6619e-001 -1.2395e+000 +2.5339e+000 -2.3501e+000 -1.5197e+000
10893 +2.307827593e-006 +2.307827593e-006 -5.234999769e+001 -5.234999769e+001 -8.6668e-001 -1.2403e+000 +2.5354e+000 -2.3506e+000 -1.5204e+000
11467 +1.428439454e-006 +1.428439454e-006 -5.234999857e+001 -5.234999857e+001 -8.6729e-001 -1.2407e+000 +2.5358e+000 -2.3519e+000 -1.5216e+000
11586 +9.519286550e-007 +9.519286550e-007 -5.234999905e+001 -5.234999905e+001 -8.6842e-001 -1.2416e+000 +2.5367e+000 -2.3535e+000 -1.5213e+000
11632 +3.822642327e-007 +3.822642327e-007 -5.234999962e+001 -5.234999962e+001 -8.6943e-001 -1.2425e+000 +2.5375e+000 -2.3550e+000 -1.5215e+000
11844 +1.599179598e-007 +1.599179598e-007 -5.234999984e+001 -5.234999984e+001 -8.7192e-001 -1.2450e+000 +2.5407e+000 -2.3587e+000 -1.5233e+000
12162 +1.357154744e-007 +1.357154744e-007 -5.234999986e+001 -5.234999986e+001 -8.7305e-001 -1.2462e+000 +2.5423e+000 -2.3604e+000 -1.5242e+000
12199 +7.288947046e-008 +7.288947046e-008 -5.234999993e+001 -5.234999993e+001 -8.7280e-001 -1.2460e+000 +2.5421e+000 -2.3602e+000 -1.5244e+000
12261 +4.663124997e-008 +4.663124997e-008 -5.234999995e+001 -5.234999995e+001 -8.7245e-001 -1.2457e+000 +2.5420e+000 -2.3596e+000 -1.5245e+000
12586 +3.531557269e-008 +3.531557269e-008 -5.234999996e+001 -5.234999996e+001 -8.7185e-001 -1.2450e+000 +2.5409e+000 -2.3588e+000 -1.5238e+000
12735 +1.795233828e-008 +1.795233828e-008 -5.234999998e+001 -5.234999998e+001 -8.7138e-001 -1.2444e+000 +2.5397e+000 -2.3582e+000 -1.5231e+000
13061 +1.531621052e-008 +1.531621052e-008 -5.234999998e+001 -5.234999998e+001 -8.7119e-001 -1.2440e+000 +2.5391e+000 -2.3579e+000 -1.5227e+000
13423 +6.978872591e-009 +6.978872591e-009 -5.234999999e+001 -5.234999999e+001 -8.7140e-001 -1.2443e+000 +2.5395e+000 -2.3583e+000 -1.5230e+000
13454 +4.088612116e-009 +4.088612116e-009 -5.235000000e+001 -5.235000000e+001 -8.7166e-001 -1.2445e+000 +2.5398e+000 -2.3586e+000 -1.5231e+000
% function evaluation | noise-free fitness - Fopt (-1.795400000000e+002) | best noise-free fitness - Fopt | measured fitness | best measured fitness | x1 | x2...
1 +4.502772712e+000 +4.502772712e+000 -1.750372273e+002 -1.750372273e+002 -5.3337e-001 +1.2088e-001 -3.5410e+000 +3.0075e+000 +8.1365e-001
37 +1.374276861e+000 +1.374276861e+000 -1.781657231e+002 -1.781657231e+002 +7.8006e-001 -2.3434e-001 -2.0595e+000 +2.4976e+000 +3.8245e+000
507 +3.742629930e-001 +3.742629930e-001 -1.791657370e+002 -1.791657370e+002 +7.8821e-001 +9.2487e-001 -3.4814e+000 +2.1314e+000 +4.3829e+000
651 +1.613523832e-001 +1.613523832e-001 -1.793786476e+002 -1.793786476e+002 +4.9521e-001 +3.2244e-001 -3.2937e+000 +2.1499e+000 +3.8238e+000
947 +1.561472864e-001 +1.561472864e-001 -1.793838527e+002 -1.793838527e+002 +5.5412e-001 +3.1152e-001 -3.6834e+000 +2.0824e+000 +3.7573e+000
1225 +6.505570102e-002 +6.505570102e-002 -1.794749443e+002 -1.794749443e+002 +4.6535e-001 +4.3419e-001 -3.5308e+000 +2.3644e+000 +3.9336e+000
1346 +5.112373304e-002 +5.112373304e-002 -1.794888763e+002 -1.794888763e+002 +5.9418e-001 +2.4882e-001 -3.4599e+000 +2.2290e+000 +3.7302e+000
1409 +1.884362679e-002 +1.884362679e-002 -1.795211564e+002 -1.795211564e+002 +8.8372e-001 +3.6079e-001 -3.4291e+000 +2.2246e+000 +3.6983e+000
1656 +1.571079057e-002 +1.571079057e-002 -1.795242892e+002 -1.795242892e+002 +8.8372e-001 +3.6079e-001 -3.4291e+000 +2.3177e+000 +3.7059e+000
1893 +7.738423553e-003 +7.738423553e-003 -1.795322616e+002 -1.795322616e+002 +7.4517e-001 +5.2631e-001 -3.4201e+000 +2.4015e+000 +3.8465e+000
2025 +1.773226393e-003 +1.773226393e-003 -1.795382268e+002 -1.795382268e+002 +7.6148e-001 +5.3269e-001 -3.4351e+000 +2.4499e+000 +3.8687e+000
2623 +1.525229483e-003 +1.525229483e-003 -1.795384748e+002 -1.795384748e+002 +7.5462e-001 +4.5430e-001 -3.4509e+000 +2.3143e+000 +3.8089e+000
2958 +8.887198532e-004 +8.887198532e-004 -1.795391113e+002 -1.795391113e+002 +7.4808e-001 +4.8698e-001 -3.4487e+000 +2.3300e+000 +3.8258e+000
3300 +4.613804710e-004 +4.613804710e-004 -1.795395386e+002 -1.795395386e+002 +7.5532e-001 +4.9984e-001 -3.4480e+000 +2.3534e+000 +3.8374e+000
3335 +3.826793610e-004 +3.826793610e-004 -1.795396173e+002 -1.795396173e+002 +7.6077e-001 +4.9397e-001 -3.4491e+000 +2.3498e+000 +3.8339e+000
3375 +2.051355665e-004 +2.051355665e-004 -1.795397949e+002 -1.795397949e+002 +7.6252e-001 +5.1424e-001 -3.4485e+000 +2.3812e+000 +3.8511e+000
3560 +1.177512735e-004 +1.177512735e-004 -1.795398822e+002 -1.795398822e+002 +7.7283e-001 +5.1574e-001 -3.4475e+000 +2.3912e+000 +3.8518e+000
3591 +9.806830158e-005 +9.806830158e-005 -1.795399019e+002 -1.795399019e+002 +7.8445e-001 +5.2225e-001 -3.4505e+000 +2.3839e+000 +3.8535e+000
4227 +5.859107637e-005 +5.859107637e-005 -1.795399414e+002 -1.795399414e+002 +7.8678e-001 +5.1575e-001 -3.4505e+000 +2.3840e+000 +3.8500e+000
4323 +3.813489508e-005 +3.813489508e-005 -1.795399619e+002 -1.795399619e+002 +7.9375e-001 +5.1163e-001 -3.4496e+000 +2.3831e+000 +3.8459e+000
4337 +1.454089573e-005 +1.454089573e-005 -1.795399855e+002 -1.795399855e+002 +7.8691e-001 +5.0917e-001 -3.4496e+000 +2.3777e+000 +3.8444e+000
5130 +7.657646364e-006 +7.657646364e-006 -1.795399923e+002 -1.795399923e+002 +7.8739e-001 +5.0931e-001 -3.4494e+000 +2.3813e+000 +3.8452e+000
5221 +5.355875800e-006 +5.355875800e-006 -1.795399946e+002 -1.795399946e+002 +7.8781e-001 +5.1355e-001 -3.4493e+000 +2.3877e+000 +3.8488e+000
5382 +3.376007555e-006 +3.376007555e-006 -1.795399966e+002 -1.795399966e+002 +7.8901e-001 +5.0921e-001 -3.4487e+000 +2.3872e+000 +3.8459e+000
5416 +2.450605336e-006 +2.450605336e-006 -1.795399975e+002 -1.795399975e+002 +7.9066e-001 +5.1002e-001 -3.4483e+000 +2.3900e+000 +3.8465e+000
5613 +1.128954239e-006 +1.128954239e-006 -1.795399989e+002 -1.795399989e+002 +7.9212e-001 +5.1141e-001 -3.4484e+000 +2.3910e+000 +3.8472e+000
5645 +5.404509125e-007 +5.404509125e-007 -1.795399995e+002 -1.795399995e+002 +7.9444e-001 +5.1076e-001 -3.4481e+000 +2.3910e+000 +3.8463e+000
6110 +3.199918694e-007 +3.199918694e-007 -1.795399997e+002 -1.795399997e+002 +7.9516e-001 +5.1217e-001 -3.4479e+000 +2.3948e+000 +3.8476e+000
6355 +1.170682538e-007 +1.170682538e-007 -1.795399999e+002 -1.795399999e+002 +7.9416e-001 +5.1245e-001 -3.4480e+000 +2.3942e+000 +3.8479e+000
6568 +8.079339864e-008 +8.079339864e-008 -1.795399999e+002 -1.795399999e+002 +7.9462e-001 +5.1284e-001 -3.4479e+000 +2.3950e+000 +3.8481e+000
6570 +5.419272497e-008 +5.419272497e-008 -1.795399999e+002 -1.795399999e+002 +7.9332e-001 +5.1260e-001 -3.4481e+000 +2.3938e+000 +3.8481e+000
7190 +2.106855845e-008 +2.106855845e-008 -1.795400000e+002 -1.795400000e+002 +7.9295e-001 +5.1306e-001 -3.4481e+000 +2.3937e+000 +3.8484e+000
7343 +9.893767583e-009 +9.893767583e-009 -1.795400000e+002 -1.795400000e+002 +7.9302e-001 +5.1328e-001 -3.4481e+000 +2.3943e+000 +3.8486e+000
% function evaluation | noise-free fitness - Fopt (7.731000000000e+001) | best noise-free fitness - Fopt | measured fitness | best measured fitness | x1 | x2...
1 +4.996614005e+002 +4.996614005e+002 +5.769714005e+002 +5.769714005e+002 -3.9230e+000 -4.5035e+000 +4.7744e+000 +3.7452e+000 -4.2645e+000
3 +2.695508511e+001 +2.695508511e+001 +1.042650851e+002 +1.042650851e+002 -1.3971e+000 +4.8728e+000 +1.4496e-001 +3.3622e+000 +4.8838e+000
4 +8.391233322e+000 +8.391233322e+000 +8.570123332e+001 +8.570123332e+001 -2.8375e-001 +6.6722e-001 -4.0463e+000 -3.6124e+000 -1.9404e+000
21 +2.491811232e+000 +2.491811232e+000 +7.980181123e+001 +7.980181123e+001 +5.9514e-001 -1.3962e+000 -2.1783e+000 -2.7251e+000 -9.3051e-001
323 +1.508094879e+000 +1.508094879e+000 +7.881809488e+001 +7.881809488e+001 +1.6063e+000 +7.4914e-002 -3.0483e+000 -1.6456e+000 +1.7033e-001
487 +9.639273542e-001 +9.639273542e-001 +7.827392735e+001 +7.827392735e+001 +4.1346e-001 +9.9603e-002 -2.6316e+000 -2.4074e+000 +2.5560e-001
722 +1.827244796e-001 +1.827244796e-001 +7.749272448e+001 +7.749272448e+001 +1.2102e+000 -1.5979e-001 -2.1321e+000 -1.8892e+000 +8.4500e-001
952 +1.146356374e-001 +1.146356374e-001 +7.742463564e+001 +7.742463564e+001 +1.1640e+000 -6.3145e-001 -2.2296e+000 -1.8000e+000 +1.0024e+000
1186 +6.892021049e-002 +6.892021049e-002 +7.737892021e+001 +7.737892021e+001 +8.3955e-001 -4.2488e-001 -2.1756e+000 -2.1441e+000 +9.2236e-001
1285 +6.114843109e-002 +6.114843109e-002 +7.737114843e+001 +7.737114843e+001 +1.0453e+000 -5.5038e-001 -2.4869e+000 -1.8045e+000 +9.6954e-001
1474 +3.848289777e-002 +3.848289777e-002 +7.734848290e+001 +7.734848290e+001 +9.5351e-001 -7.0024e-001 -2.2950e+000 -1.7405e+000 +9.7663e-001
1538 +1.989924161e-002 +1.989924161e-002 +7.732989924e+001 +7.732989924e+001 +9.5401e-001 -6.2546e-001 -2.2847e+000 -1.7709e+000 +9.9388e-001
1736 +1.395324071e-002 +1.395324071e-002 +7.732395324e+001 +7.732395324e+001 +8.5859e-001 -6.6358e-001 -2.0051e+000 -1.8848e+000 +9.9435e-001
1786 +4.693362887e-003 +4.693362887e-003 +7.731469336e+001 +7.731469336e+001 +9.0347e-001 -6.7549e-001 -2.0189e+000 -1.8670e+000 +9.9772e-001
2128 +2.334678992e-003 +2.334678992e-003 +7.731233468e+001 +7.731233468e+001 +8.8955e-001 -6.6666e-001 -2.0189e+000 -1.8670e+000 +1.0005e+000
2619 +1.093069019e-003 +1.093069019e-003 +7.731109307e+001 +7.731109307e+001 +9.0200e-001 -6.4174e-001 -2.0512e+000 -1.8808e+000 +9.9290e-001
2633 +6.602156227e-004 +6.602156227e-004 +7.731066022e+001 +7.731066022e+001 +9.0001e-001 -6.3865e-001 -2.0561e+000 -1.8876e+000 +9.9276e-001
2746 +5.333174382e-004 +5.333174382e-004 +7.731053332e+001 +7.731053332e+001 +9.0086e-001 -6.4096e-001 -2.0549e+000 -1.8888e+000 +9.9224e-001
2927 +3.623858299e-004 +3.623858299e-004 +7.731036239e+001 +7.731036239e+001 +9.0515e-001 -6.1367e-001 -2.0571e+000 -1.9058e+000 +9.8830e-001
3554 +2.397326678e-004 +2.397326678e-004 +7.731023973e+001 +7.731023973e+001 +9.0751e-001 -5.9428e-001 -2.0895e+000 -1.9052e+000 +9.9036e-001
3782 +1.448596873e-004 +1.448596873e-004 +7.731014486e+001 +7.731014486e+001 +9.0998e-001 -5.8667e-001 -2.1194e+000 -1.8962e+000 +9.9336e-001
4385 +9.926884208e-005 +9.926884208e-005 +7.731009927e+001 +7.731009927e+001 +9.0537e-001 -5.9649e-001 -2.1072e+000 -1.8936e+000 +9.9499e-001
4490 +3.194119715e-005 +3.194119715e-005 +7.731003194e+001 +7.731003194e+001 +9.0205e-001 -6.0635e-001 -2.1016e+000 -1.8918e+000 +9.9580e-001
4597 +2.254438749e-005 +2.254438749e-005 +7.731002254e+001 +7.731002254e+001 +8.9702e-001 -6.0632e-001 -2.1043e+000 -1.8956e+000 +9.9711e-001
5140 +1.254391243e-005 +1.254391243e-005 +7.731001254e+001 +7.731001254e+001 +8.9719e-001 -6.0816e-001 -2.1062e+000 -1.8939e+000 +9.9737e-001
5220 +9.406776456e-006 +9.406776456e-006 +7.731000941e+001 +7.731000941e+001 +8.9708e-001 -6.1246e-001 -2.1060e+000 -1.8903e+000 +9.9801e-001
5332 +5.118921621e-006 +5.118921621e-006 +7.731000512e+001 +7.731000512e+001 +8.9627e-001 -6.1394e-001 -2.1121e+000 -1.8872e+000 +9.9931e-001
5530 +3.432022993e-006 +3.432022993e-006 +7.731000343e+001 +7.731000343e+001 +8.9603e-001 -6.1267e-001 -2.1142e+000 -1.8875e+000 +9.9950e-001
5716 +1.807573113e-006 +1.807573113e-006 +7.731000181e+001 +7.731000181e+001 +8.9371e-001 -6.1081e-001 -2.1289e+000 -1.8851e+000 +1.0019e+000
6147 +1.110750603e-006 +1.110750603e-006 +7.731000111e+001 +7.731000111e+001 +8.9384e-001 -6.0837e-001 -2.1334e+000 -1.8851e+000 +1.0022e+000
6165 +6.337064633e-007 +6.337064633e-007 +7.731000063e+001 +7.731000063e+001 +8.9505e-001 -6.0852e-001 -2.1254e+000 -1.8873e+000 +1.0008e+000
6202 +3.222721716e-007 +3.222721716e-007 +7.731000032e+001 +7.731000032e+001 +8.9476e-001 -6.0910e-001 -2.1280e+000 -1.8860e+000 +1.0013e+000
6274 +2.011545917e-007 +2.011545917e-007 +7.731000020e+001 +7.731000020e+001 +8.9535e-001 -6.0700e-001 -2.1276e+000 -1.8874e+000 +1.0008e+000
6737 +1.001212269e-007 +1.001212269e-007 +7.731000010e+001 +7.731000010e+001 +8.9494e-001 -6.0718e-001 -2.1289e+000 -1.8871e+000 +1.0011e+000
6799 +8.134912832e-008 +8.134912832e-008 +7.731000008e+001 +7.731000008e+001 +8.9495e-001 -6.0690e-001 -2.1296e+000 -1.8870e+000 +1.0012e+000
7486 +6.167240940e-008 +6.167240940e-008 +7.731000006e+001 +7.731000006e+001 +8.9555e-001 -6.0647e-001 -2.1279e+000 -1.8876e+000 +1.0007e+000
7843 +3.521114422e-008 +3.521114422e-008 +7.731000004e+001 +7.731000004e+001 +8.9553e-001 -6.0666e-001 -2.1281e+000 -1.8874e+000 +1.0008e+000
7943 +1.509692993e-008 +1.509692993e-008 +7.731000002e+001 +7.731000002e+001 +8.9547e-001 -6.0673e-001 -2.1283e+000 -1.8873e+000 +1.0008e+000
8587 +9.384592659e-009 +9.384592659e-009 +7.731000001e+001 +7.731000001e+001 +8.9539e-001 -6.0694e-001 -2.1282e+000 -1.8872e+000 +1.0009e+000
% function evaluation | noise-free fitness - Fopt (3.992000000000e+001) | best noise-free fitness - Fopt | measured fitness | best measured fitness | x1 | x2...
1 +3.745044774e+001 +3.745044774e+001 +7.737044774e+001 +7.737044774e+001 +4.6229e+000 +2.6075e-001 +2.7637e-001 -2.2365e+000 +8.8139e-001
8 +2.053375755e+001 +2.053375755e+001 +6.045375755e+001 +6.045375755e+001 -1.6109e+000 +3.4870e+000 -3.3887e-001 -1.0221e+000 -3.1735e+000
11 +8.086166374e+000 +8.086166374e+000 +4.800616637e+001 +4.800616637e+001 +6.9765e-001 +1.1168e+000 +7.9026e-001 -3.8747e+000 -3.5733e+000
78 +5.746355882e-001 +5.746355882e-001 +4.049463559e+001 +4.049463559e+001 +4.1757e+000 -8.3832e-001 +3.2116e+000 -2.0512e+000 -1.7342e+000
1126 +3.853658750e-001 +3.853658750e-001 +4.030536588e+001 +4.030536588e+001 +4.2772e+000 -9.6366e-001 +2.6386e+000 -1.9608e+000 -1.3733e+000
1273 +7.791663801e-002 +7.791663801e-002 +3.999791664e+001 +3.999791664e+001 +4.0105e+000 -1.1380e+000 +2.5753e+000 -2.2595e+000 -1.8105e+000
1516 +6.258508267e-002 +6.258508267e-002 +3.998258508e+001 +3.998258508e+001 +3.8833e+000 -9.0044e-001 +2.4844e+000 -2.3529e+000 -2.1010e+000
1857 +3.058955763e-002 +3.058955763e-002 +3.995058956e+001 +3.995058956e+001 +3.9849e+000 -9.2014e-001 +2.4097e+000 -2.2087e+000 -2.0814e+000
2267 +2.450738737e-002 +2.450738737e-002 +3.994450739e+001 +3.994450739e+001 +3.9205e+000 -9.8553e-001 +2.3562e+000 -2.1189e+000 -2.2957e+000
2344 +1.092080184e-002 +1.092080184e-002 +3.993092080e+001 +3.993092080e+001 +3.9236e+000 -1.1170e+000 +2.3426e+000 -2.2816e+000 -2.1365e+000
2353 +8.315893913e-003 +8.315893913e-003 +3.992831589e+001 +3.992831589e+001 +3.8904e+000 -1.0523e+000 +2.3834e+000 -2.2149e+000 -2.2322e+000
2849 +5.737803948e-003 +5.737803948e-003 +3.992573780e+001 +3.992573780e+001 +3.9188e+000 -1.0208e+000 +2.3676e+000 -2.2360e+000 -2.2048e+000
3102 +3.827778689e-003 +3.827778689e-003 +3.992382778e+001 +3.992382778e+001 +3.9188e+000 -1.0874e+000 +2.4439e+000 -2.3091e+000 -2.0198e+000
3150 +2.419844721e-003 +2.419844721e-003 +3.992241984e+001 +3.992241984e+001 +3.9149e+000 -1.0965e+000 +2.4242e+000 -2.3229e+000 -2.0431e+000
3219 +1.301414324e-003 +1.301414324e-003 +3.992130141e+001 +3.992130141e+001 +3.9108e+000 -1.0716e+000 +2.4020e+000 -2.2675e+000 -2.1305e+000
3272 +5.566908729e-004 +5.566908729e-004 +3.992055669e+001 +3.992055669e+001 +3.9658e+000 -1.0529e+000 +2.3903e+000 -2.2907e+000 -2.0127e+000
3821 +3.837932084e-004 +3.837932084e-004 +3.992038379e+001 +3.992038379e+001 +3.9838e+000 -1.0700e+000 +2.3423e+000 -2.2978e+000 -1.9978e+000
4550 +2.453426365e-004 +2.453426365e-004 +3.992024534e+001 +3.992024534e+001 +3.9710e+000 -1.0750e+000 +2.3644e+000 -2.3061e+000 -1.9982e+000
4680 +1.565525088e-004 +1.565525088e-004 +3.992015655e+001 +3.992015655e+001 +3.9469e+000 -1.0756e+000 +2.3904e+000 -2.2953e+000 -2.0345e+000
4747 +9.764141303e-005 +9.764141303e-005 +3.992009764e+001 +3.992009764e+001 +3.9450e+000 -1.0752e+000 +2.3941e+000 -2.2930e+000 -2.0373e+000
5166 +4.692891782e-005 +4.692891782e-005 +3.992004693e+001 +3.992004693e+001 +3.9432e+000 -1.0694e+000 +2.3965e+000 -2.2887e+000 -2.0470e+000
5219 +2.280578705e-005 +2.280578705e-005 +3.992002281e+001 +3.992002281e+001 +3.9483e+000 -1.0666e+000 +2.3893e+000 -2.2874e+000 -2.0452e+000
5249 +1.280781601e-005 +1.280781601e-005 +3.992001281e+001 +3.992001281e+001 +3.9490e+000 -1.0670e+000 +2.3849e+000 -2.2858e+000 -2.0484e+000
5730 +7.458381447e-006 +7.458381447e-006 +3.992000746e+001 +3.992000746e+001 +3.9582e+000 -1.0696e+000 +2.3736e+000 -2.2904e+000 -2.0328e+000
5930 +5.727833923e-006 +5.727833923e-006 +3.992000573e+001 +3.992000573e+001 +3.9583e+000 -1.0692e+000 +2.3750e+000 -2.2906e+000 -2.0316e+000
6611 +3.712292795e-006 +3.712292795e-006 +3.992000371e+001 +3.992000371e+001 +3.9563e+000 -1.0686e+000 +2.3778e+000 -2.2902e+000 -2.0342e+000
7001 +2.373649629e-006 +2.373649629e-006 +3.992000237e+001 +3.992000237e+001 +3.9562e+000 -1.0689e+000 +2.3793e+000 -2.2912e+000 -2.0322e+000
7196 +1.544268606e-006 +1.544268606e-006 +3.992000154e+001 +3.992000154e+001 +3.9554e+000 -1.0696e+000 +2.3809e+000 -2.2919e+000 -2.0315e+000
7230 +7.388103924e-007 +7.388103924e-007 +3.992000074e+001 +3.992000074e+001 +3.9535e+000 -1.0697e+000 +2.3831e+000 -2.2912e+000 -2.0341e+000
7551 +6.156309311e-007 +6.156309311e-007 +3.992000062e+001 +3.992000062e+001 +3.9527e+000 -1.0704e+000 +2.3830e+000 -2.2911e+000 -2.0356e+000
7864 +3.683191991e-007 +3.683191991e-007 +3.992000037e+001 +3.992000037e+001 +3.9534e+000 -1.0701e+000 +2.3817e+000 -2.2909e+000 -2.0354e+000
7965 +2.369706706e-007 +2.369706706e-007 +3.992000024e+001 +3.992000024e+001 +3.9529e+000 -1.0701e+000 +2.3821e+000 -2.2904e+000 -2.0368e+000
8404 +6.995966118e-008 +6.995966118e-008 +3.992000007e+001 +3.992000007e+001 +3.9510e+000 -1.0696e+000 +2.3852e+000 -2.2900e+000 -2.0387e+000
8420 +3.055660613e-008 +3.055660613e-008 +3.992000003e+001 +3.992000003e+001 +3.9513e+000 -1.0696e+000 +2.3843e+000 -2.2897e+000 -2.0391e+000
8513 +2.182527936e-008 +2.182527936e-008 +3.992000002e+001 +3.992000002e+001 +3.9505e+000 -1.0697e+000 +2.3858e+000 -2.2899e+000 -2.0393e+000
8976 +6.473705128e-009 +6.473705128e-009 +3.992000001e+001 +3.992000001e+001 +3.9503e+000 -1.0696e+000 +2.3856e+000 -2.2895e+000 -2.0402e+000
% function evaluation | noise-free fitness - Fopt (-5.661000000000e+001) | best noise-free fitness - Fopt | measured fitness | best measured fitness | x1 | x2...
1 +6.812283130e+001 +6.812283130e+001 +1.151283130e+001 +1.151283130e+001 +4.5680e+000 -1.4278e+000 -1.7944e+000 +2.5156e+000 +4.6048e+000
3 +3.892403174e+001 +3.892403174e+001 -1.768596826e+001 -1.768596826e+001 +1.8209e+000 +3.7068e+000 -1.9571e+000 +1.1720e+000 +6.3143e-001
13 +2.116387275e+001 +2.116387275e+001 -3.544612725e+001 -3.544612725e+001 +3.9222e+000 +4.7396e+000 +3.6562e+000 +9.2585e-001 +4.0596e+000
21 +3.772355321e+000 +3.772355321e+000 -5.283764468e+001 -5.283764468e+001 +1.0731e+000 +8.4952e-001 +1.1861e+000 -4.5714e+000 -4.1252e+000
55 +1.548165182e+000 +1.548165182e+000 -5.506183482e+001 -5.506183482e+001 +2.9034e+000 +3.6572e+000 +3.1445e+000 -2.7843e+000 -2.1180e+000
368 +9.114175850e-001 +9.114175850e-001 -5.569858242e+001 -5.569858242e+001 +2.3268e+000 +3.6488e+000 +3.4325e+000 -3.1621e+000 -3.9413e+000
458 +2.038399440e-001 +2.038399440e-001 -5.640616006e+001 -5.640616006e+001 +1.8642e+000 +2.4987e+000 +3.5371e+000 -3.2163e+000 -2.8851e+000
1101 +1.499487454e-001 +1.499487454e-001 -5.646005125e+001 -5.646005125e+001 +2.0277e+000 +2.6995e+000 +3.0522e+000 -3.1954e+000 -2.8675e+000
1291 +6.618473809e-002 +6.618473809e-002 -5.654381526e+001 -5.654381526e+001 +1.8677e+000 +2.7670e+000 +3.2820e+000 -3.2466e+000 -3.0301e+000
1476 +4.851566921e-002 +4.851566921e-002 -5.656148433e+001 -5.656148433e+001 +1.9740e+000 +2.8069e+000 +3.2599e+000 -3.3123e+000 -3.0691e+000
1501 +2.360857295e-002 +2.360857295e-002 -5.658639143e+001 -5.658639143e+001 +2.1611e+000 +2.9059e+000 +3.1019e+000 -3.3705e+000 -3.1843e+000
2159 +1.190057654e-002 +1.190057654e-002 -5.659809942e+001 -5.659809942e+001 +1.9808e+000 +2.9467e+000 +3.2704e+000 -3.2707e+000 -3.1450e+000
2180 +8.689204926e-003 +8.689204926e-003 -5.660131080e+001 -5.660131080e+001 +2.0808e+000 +2.9617e+000 +3.0968e+000 -3.3273e+000 -3.1629e+000
2182 +6.303538273e-003 +6.303538273e-003 -5.660369646e+001 -5.660369646e+001 +1.9907e+000 +2.9734e+000 +3.0552e+000 -3.2746e+000 -3.1353e+000
2706 +2.957964228e-003 +2.957964228e-003 -5.660704204e+001 -5.660704204e+001 +1.9728e+000 +2.9515e+000 +3.0960e+000 -3.2627e+000 -3.1231e+000
2747 +2.051826037e-003 +2.051826037e-003 -5.660794817e+001 -5.660794817e+001 +1.9740e+000 +2.9468e+000 +3.1013e+000 -3.2526e+000 -3.1361e+000
2963 +1.498727906e-003 +1.498727906e-003 -5.660850127e+001 -5.660850127e+001 +1.9721e+000 +2.9397e+000 +3.1174e+000 -3.2571e+000 -3.1263e+000
3091 +8.348108875e-004 +8.348108875e-004 -5.660916519e+001 -5.660916519e+001 +1.9798e+000 +2.9386e+000 +3.1347e+000 -3.2767e+000 -3.1149e+000
3093 +4.140339633e-004 +4.140339633e-004 -5.660958597e+001 -5.660958597e+001 +1.9735e+000 +2.9397e+000 +3.1502e+000 -3.2743e+000 -3.1168e+000
3158 +2.658550862e-004 +2.658550862e-004 -5.660973414e+001 -5.660973414e+001 +1.9848e+000 +2.9269e+000 +3.1994e+000 -3.2984e+000 -3.1014e+000
3596 +1.785653627e-004 +1.785653627e-004 -5.660982143e+001 -5.660982143e+001 +1.9665e+000 +2.9286e+000 +3.1819e+000 -3.2816e+000 -3.0994e+000
3598 +1.570668690e-004 +1.570668690e-004 -5.660984293e+001 -5.660984293e+001 +1.9604e+000 +2.9271e+000 +3.1966e+000 -3.2788e+000 -3.0986e+000
3685 +5.384173116e-005 +5.384173116e-005 -5.660994616e+001 -5.660994616e+001 +1.9640e+000 +2.9278e+000 +3.1835e+000 -3.2775e+000 -3.1008e+000
9151 +3.617315677e-005 +3.617315677e-005 -5.660996383e+001 -5.660996383e+001 +1.9456e+000 +2.9173e+000 +3.2092e+000 -3.2780e+000 -3.0789e+000
9680 +1.837835381e-005 +1.837835381e-005 -5.660998162e+001 -5.660998162e+001 +1.9604e+000 +2.9213e+000 +3.1987e+000 -3.2839e+000 -3.0882e+000
9710 +1.481209478e-005 +1.481209478e-005 -5.660998519e+001 -5.660998519e+001 +1.9651e+000 +2.9220e+000 +3.1966e+000 -3.2858e+000 -3.0907e+000
10002 +8.587330399e-006 +8.587330399e-006 -5.660999141e+001 -5.660999141e+001 +1.9590e+000 +2.9253e+000 +3.1994e+000 -3.2780e+000 -3.0968e+000
10240 +4.921082514e-006 +4.921082514e-006 -5.660999508e+001 -5.660999508e+001 +1.9555e+000 +2.9257e+000 +3.1987e+000 -3.2754e+000 -3.0964e+000
10425 +3.939927588e-006 +3.939927588e-006 -5.660999606e+001 -5.660999606e+001 +1.9541e+000 +2.9251e+000 +3.2002e+000 -3.2751e+000 -3.0952e+000
10674 +9.020513474e-007 +9.020513474e-007 -5.660999910e+001 -5.660999910e+001 +1.9548e+000 +2.9238e+000 +3.2010e+000 -3.2771e+000 -3.0927e+000
10900 +4.990700049e-007 +4.990700049e-007 -5.660999950e+001 -5.660999950e+001 +1.9505e+000 +2.9225e+000 +3.2043e+000 -3.2758e+000 -3.0895e+000
11117 +3.164555267e-007 +3.164555267e-007 -5.660999968e+001 -5.660999968e+001 +1.9494e+000 +2.9221e+000 +3.2052e+000 -3.2756e+000 -3.0885e+000
11488 +2.449715026e-007 +2.449715026e-007 -5.660999976e+001 -5.660999976e+001 +1.9486e+000 +2.9220e+000 +3.2062e+000 -3.2752e+000 -3.0882e+000
11655 +1.212405181e-007 +1.212405181e-007 -5.660999988e+001 -5.660999988e+001 +1.9473e+000 +2.9213e+000 +3.2081e+000 -3.2751e+000 -3.0869e+000
11685 +8.149922337e-008 +8.149922337e-008 -5.660999992e+001 -5.660999992e+001 +1.9476e+000 +2.9213e+000 +3.2079e+000 -3.2754e+000 -3.0868e+000
11893 +5.697879146e-008 +5.697879146e-008 -5.660999994e+001 -5.660999994e+001 +1.9491e+000 +2.9208e+000 +3.2085e+000 -3.2769e+000 -3.0863e+000
12310 +2.946613620e-008 +2.946613620e-008 -5.660999997e+001 -5.660999997e+001 +1.9489e+000 +2.9211e+000 +3.2081e+000 -3.2765e+000 -3.0868e+000
12380 +1.780789916e-008 +1.780789916e-008 -5.660999998e+001 -5.660999998e+001 +1.9490e+000 +2.9211e+000 +3.2077e+000 -3.2764e+000 -3.0869e+000
12711 +1.291444818e-008 +1.291444818e-008 -5.660999999e+001 -5.660999999e+001 +1.9492e+000 +2.9212e+000 +3.2075e+000 -3.2765e+000 -3.0870e+000
13215 +9.861111039e-009 +9.861111039e-009 -5.660999999e+001 -5.660999999e+001 +1.9491e+000 +2.9212e+000 +3.2077e+000 -3.2765e+000 -3.0870e+000
% function evaluation | noise-free fitness - Fopt (1.686600000000e+002) | best noise-free fitness - Fopt | measured fitness | best measured fitness | x1 | x2...
1 +1.601653948e+001 +1.601653948e+001 +1.846765395e+002 +1.846765395e+002 -3.0438e-001 -3.6940e+000 +8.8786e-001 +4.2318e+000 +4.7096e-002
13 +1.566032401e+001 +1.566032401e+001 +1.843203240e+002 +1.843203240e+002 +2.4575e+000 -1.6977e+000 -3.8329e+000 +2.3347e+000 +4.2645e+000
23 +4.713497703e+000 +4.713497703e+000 +1.733734977e+002 +1.733734977e+002 -4.3929e+000 -4.4025e+000 -2.7836e+000 +1.3990e+000 +4.7867e-001
85 +3.909071808e+000 +3.909071808e+000 +1.725690718e+002 +1.725690718e+002 -3.3179e+000 -2.7574e+000 -9.3956e-001 +2.4455e+000 +4.1623e+000
178 +1.608939044e+000 +1.608939044e+000 +1.702689390e+002 +1.702689390e+002 -4.8667e+000 -3.3686e+000 -2.6857e+000 +1.2007e+000 +1.6842e+000
424 +9.839871693e-001 +9.839871693e-001 +1.696439872e+002 +1.696439872e+002 -4.2167e+000 -2.7549e+000 -3.8337e+000 +8.4329e-001 +2.9435e+000
809 +5.428952077e-001 +5.428952077e-001 +1.692028952e+002 +1.692028952e+002 -4.0953e+000 -1.9453e+000 -2.3608e+000 +1.0517e+000 +2.2869e+000
846 +2.742037206e-001 +2.742037206e-001 +1.689342037e+002 +1.689342037e+002 -3.7812e+000 -1.9584e+000 -2.6650e+000 +1.1712e+000 +2.7038e+000
1024 +1.804147464e-001 +1.804147464e-001 +1.688404147e+002 +1.688404147e+002 -3.9074e+000 -2.4150e+000 -3.1644e+000 +1.3578e+000 +2.7256e+000
1204 +1.176605088e-001 +1.176605088e-001 +1.687776605e+002 +1.687776605e+002 -3.7610e+000 -2.3731e+000 -3.0919e+000 +1.4773e+000 +2.5223e+000
1233 +3.030766417e-002 +3.030766417e-002 +1.686903077e+002 +1.686903077e+002 -3.7789e+000 -2.2900e+000 -3.1232e+000 +1.4497e+000 +2.2919e+000
1460 +1.794770541e-002 +1.794770541e-002 +1.686779477e+002 +1.686779477e+002 -3.7185e+000 -2.4323e+000 -3.2240e+000 +1.4074e+000 +2.3015e+000
1752 +1.327632336e-002 +1.327632336e-002 +1.686732763e+002 +1.686732763e+002 -3.7107e+000 -2.4226e+000 -3.1589e+000 +1.3590e+000 +2.3780e+000
1769 +7.309354254e-003 +7.309354254e-003 +1.686673094e+002 +1.686673094e+002 -3.6851e+000 -2.4423e+000 -3.1633e+000 +1.3789e+000 +2.3088e+000
1893 +6.266058081e-003 +6.266058081e-003 +1.686662661e+002 +1.686662661e+002 -3.6892e+000 -2.4085e+000 -3.1334e+000 +1.4061e+000 +2.1844e+000
2450 +1.533992835e-003 +1.533992835e-003 +1.686615340e+002 +1.686615340e+002 -3.7082e+000 -2.3851e+000 -3.0906e+000 +1.3647e+000 +2.2463e+000
2466 +9.022711606e-004 +9.022711606e-004 +1.686609023e+002 +1.686609023e+002 -3.7090e+000 -2.3606e+000 -3.0764e+000 +1.3728e+000 +2.2286e+000
3043 +5.125327920e-004 +5.125327920e-004 +1.686605125e+002 +1.686605125e+002 -3.7025e+000 -2.3969e+000 -3.0937e+000 +1.3570e+000 +2.3036e+000
3305 +2.021635410e-004 +2.021635410e-004 +1.686602022e+002 +1.686602022e+002 -3.7049e+000 -2.3841e+000 -3.0883e+000 +1.3624e+000 +2.2898e+000
3595 +1.201270022e-004 +1.201270022e-004 +1.686601201e+002 +1.686601201e+002 -3.7136e+000 -2.3605e+000 -3.0723e+000 +1.3637e+000 +2.2665e+000
3922 +9.797157477e-005 +9.797157477e-005 +1.686600980e+002 +1.686600980e+002 -3.7167e+000 -2.3692e+000 -3.0705e+000 +1.3521e+000 +2.2817e+000
4039 +4.626619508e-005 +4.626619508e-005 +1.686600463e+002 +1.686600463e+002 -3.7119e+000 -2.3884e+000 -3.0674e+000 +1.3377e+000 +2.2968e+000
4587 +3.724736268e-005 +3.724736268e-005 +1.686600372e+002 +1.686600372e+002 -3.7126e+000 -2.3876e+000 -3.0683e+000 +1.3385e+000 +2.2963e+000
4661 +1.892474927e-005 +1.892474927e-005 +1.686600189e+002 +1.686600189e+002 -3.7114e+000 -2.3817e+000 -3.0715e+000 +1.3472e+000 +2.2867e+000
4723 +9.417164080e-006 +9.417164080e-006 +1.686600094e+002 +1.686600094e+002 -3.7112e+000 -2.3819e+000 -3.0721e+000 +1.3476e+000 +2.2864e+000
4898 +3.988799165e-006 +3.988799165e-006 +1.686600040e+002 +1.686600040e+002 -3.7103e+000 -2.3758e+000 -3.0758e+000 +1.3564e+000 +2.2772e+000
5192 +3.639573720e-006 +3.639573720e-006 +1.686600036e+002 +1.686600036e+002 -3.7102e+000 -2.3748e+000 -3.0764e+000 +1.3578e+000 +2.2756e+000
5466 +2.172140512e-006 +2.172140512e-006 +1.686600022e+002 +1.686600022e+002 -3.7110e+000 -2.3756e+000 -3.0745e+000 +1.3550e+000 +2.2780e+000
5508 +1.342257150e-006 +1.342257150e-006 +1.686600013e+002 +1.686600013e+002 -3.7111e+000 -2.3765e+000 -3.0739e+000 +1.3537e+000 +2.2791e+000
6207 +9.672681927e-007 +9.672681927e-007 +1.686600010e+002 +1.686600010e+002 -3.7114e+000 -2.3770e+000 -3.0729e+000 +1.3524e+000 +2.2796e+000
6305 +5.687364251e-007 +5.687364251e-007 +1.686600006e+002 +1.686600006e+002 -3.7103e+000 -2.3778e+000 -3.0751e+000 +1.3542e+000 +2.2788e+000
6439 +1.942225936e-007 +1.942225936e-007 +1.686600002e+002 +1.686600002e+002 -3.7097e+000 -2.3781e+000 -3.0761e+000 +1.3553e+000 +2.2777e+000
6601 +1.096847200e-007 +1.096847200e-007 +1.686600001e+002 +1.686600001e+002 -3.7089e+000 -2.3787e+000 -3.0777e+000 +1.3568e+000 +2.2769e+000
6723 +9.244064358e-008 +9.244064358e-008 +1.686600001e+002 +1.686600001e+002 -3.7076e+000 -2.3800e+000 -3.0799e+000 +1.3585e+000 +2.2759e+000
6739 +5.819484272e-008 +5.819484272e-008 +1.686600001e+002 +1.686600001e+002 -3.7079e+000 -2.3800e+000 -3.0792e+000 +1.3577e+000 +2.2766e+000
6991 +3.518800895e-008 +3.518800895e-008 +1.686600000e+002 +1.686600000e+002 -3.7073e+000 -2.3808e+000 -3.0805e+000 +1.3586e+000 +2.2763e+000
7382 +1.445627618e-008 +1.445627618e-008 +1.686600000e+002 +1.686600000e+002 -3.7074e+000 -2.3806e+000 -3.0804e+000 +1.3586e+000 +2.2763e+000
7415 +7.103153621e-009 +7.103153621e-009 +1.686600000e+002 +1.686600000e+002 -3.7077e+000 -2.3804e+000 -3.0798e+000 +1.3579e+000 +2.2768e+000
% function evaluation | noise-free fitness - Fopt (4.076900000000e+002) | best noise-free fitness - Fopt | measured fitness | best measured fitness | x1 | x2...
1 +2.984346441e+002 +2.984346441e+002 +7.061246441e+002 +7.061246441e+002 -3.8339e+000 -7.4761e-001 -3.8853e+000 -2.7398e+000 -1.5104e+000
3 +2.450079908e+001 +2.450079908e+001 +4.321907991e+002 +4.321907991e+002 +3.6873e+000 -2.4190e+000 -4.0353e+000 +4.0576e+000 -3.8007e+000
9 +5.433606945e+000 +5.433606945e+000 +4.131236069e+002 +4.131236069e+002 -2.4166e+000 +1.2697e+000 +5.9956e-001 +4.9074e+000 -4.7922e+000
76 +3.970905293e+000 +3.970905293e+000 +4.116609053e+002 +4.116609053e+002 +1.5495e+000 -1.2460e-001 +1.3700e-001 +3.5770e+000 -4.8792e+000
190 +1.579937214e+000 +1.579937214e+000 +4.092699372e+002 +4.092699372e+002 -4.9094e-001 -1.0590e+000 -5.2338e-001 +3.3410e+000 -3.7512e+000
258 +5.816346342e-001 +5.816346342e-001 +4.082716346e+002 +4.082716346e+002 +5.5380e-001 -4.3805e-002 +1.0634e-002 +3.6490e+000 -2.7534e+000
760 +3.381932021e-001 +3.381932021e-001 +4.080281932e+002 +4.080281932e+002 +6.7774e-001 -7.6166e-001 +3.2494e-001 +2.8498e+000 -3.3173e+000
895 +1.540250429e-001 +1.540250429e-001 +4.078440250e+002 +4.078440250e+002 +2.2153e-001 -6.5803e-001 +4.0712e-001 +3.0267e+000 -2.5114e+000
1081 +4.062687378e-002 +4.062687378e-002 +4.077306269e+002 +4.077306269e+002 +5.2257e-001 -3.4991e-001 +2.8775e-001 +2.9204e+000 -2.8911e+000
1164 +3.714124980e-002 +3.714124980e-002 +4.077271412e+002 +4.077271412e+002 +2.5535e-001 -4.7353e-001 +2.0965e-001 +2.8576e+000 -2.8289e+000
1199 +2.118543790e-002 +2.118543790e-002 +4.077111854e+002 +4.077111854e+002 +3.6895e-001 -7.0145e-001 +4.1913e-001 +3.0400e+000 -2.8560e+000
1733 +1.406726023e-002 +1.406726023e-002 +4.077040673e+002 +4.077040673e+002 +4.7422e-001 -5.6567e-001 +4.2023e-001 +3.0750e+000 -2.7025e+000
2028 +8.779081761e-003 +8.779081761e-003 +4.076987791e+002 +4.076987791e+002 +4.5909e-001 -5.3724e-001 +4.1798e-001 +3.0424e+000 -2.7368e+000
2192 +6.148044687e-003 +6.148044687e-003 +4.076961480e+002 +4.076961480e+002 +4.6777e-001 -5.8752e-001 +3.6884e-001 +3.0972e+000 -2.7580e+000
2207 +3.641421360e-003 +3.641421360e-003 +4.076936414e+002 +4.076936414e+002 +4.3713e-001 -5.6312e-001 +3.4148e-001 +3.0484e+000 -2.8085e+000
2311 +1.407583875e-003 +1.407583875e-003 +4.076914076e+002 +4.076914076e+002 +4.0223e-001 -5.1540e-001 +2.9122e-001 +2.9786e+000 -2.8672e+000
4665 +4.708892342e-004 +4.708892342e-004 +4.076904709e+002 +4.076904709e+002 +4.5529e-001 -5.4926e-001 +3.6237e-001 +3.0488e+000 -2.7933e+000
5118 +2.399691994e-004 +2.399691994e-004 +4.076902400e+002 +4.076902400e+002 +4.3214e-001 -5.3867e-001 +3.2972e-001 +3.0186e+000 -2.8337e+000
6090 +1.563007008e-004 +1.563007008e-004 +4.076901563e+002 +4.076901563e+002 +4.2746e-001 -5.4234e-001 +3.3858e-001 +3.0186e+000 -2.8244e+000
6176 +7.869798418e-005 +7.869798418e-005 +4.076900787e+002 +4.076900787e+002 +4.4773e-001 -5.3358e-001 +3.3997e-001 +3.0311e+000 -2.8127e+000
6462 +4.385654051e-005 +4.385654051e-005 +4.076900439e+002 +4.076900439e+002 +4.4456e-001 -5.2790e-001 +3.3647e-001 +3.0260e+000 -2.8127e+000
6664 +3.609174064e-005 +3.609174064e-005 +4.076900361e+002 +4.076900361e+002 +4.3945e-001 -5.2442e-001 +3.3317e-001 +3.0194e+000 -2.8167e+000
6870 +2.325385674e-005 +2.325385674e-005 +4.076900233e+002 +4.076900233e+002 +4.2906e-001 -5.2360e-001 +3.3024e-001 +3.0098e+000 -2.8234e+000
7158 +1.489969998e-005 +1.489969998e-005 +4.076900149e+002 +4.076900149e+002 +4.1599e-001 -5.1865e-001 +3.2618e-001 +2.9959e+000 -2.8296e+000
7359 +8.870961892e-006 +8.870961892e-006 +4.076900089e+002 +4.076900089e+002 +4.1931e-001 -5.1841e-001 +3.2798e-001 +2.9989e+000 -2.8262e+000
7507 +5.891068611e-006 +5.891068611e-006 +4.076900059e+002 +4.076900059e+002 +4.2138e-001 -5.1786e-001 +3.2880e-001 +3.0005e+000 -2.8244e+000
7556 +3.652912540e-006 +3.652912540e-006 +4.076900037e+002 +4.076900037e+002 +4.2167e-001 -5.1778e-001 +3.3139e-001 +3.0010e+000 -2.8216e+000
7824 +1.767959077e-006 +1.767959077e-006 +4.076900018e+002 +4.076900018e+002 +4.3124e-001 -5.1685e-001 +3.3442e-001 +3.0090e+000 -2.8147e+000
7907 +1.547300428e-006 +1.547300428e-006 +4.076900015e+002 +4.076900015e+002 +4.3454e-001 -5.1576e-001 +3.3493e-001 +3.0112e+000 -2.8127e+000
8148 +5.924787843e-007 +5.924787843e-007 +4.076900006e+002 +4.076900006e+002 +4.3234e-001 -5.1555e-001 +3.3406e-001 +3.0092e+000 -2.8141e+000
8488 +2.920011184e-007 +2.920011184e-007 +4.076900003e+002 +4.076900003e+002 +4.3369e-001 -5.1431e-001 +3.3383e-001 +3.0097e+000 -2.8133e+000
8814 +2.495357876e-007 +2.495357876e-007 +4.076900002e+002 +4.076900002e+002 +4.3322e-001 -5.1462e-001 +3.3383e-001 +3.0094e+000 -2.8136e+000
8949 +1.574974249e-007 +1.574974249e-007 +4.076900002e+002 +4.076900002e+002 +4.3320e-001 -5.1455e-001 +3.3374e-001 +3.0093e+000 -2.8138e+000
9243 +3.877426025e-008 +3.877426025e-008 +4.076900000e+002 +4.076900000e+002 +4.3017e-001 -5.1552e-001 +3.3292e-001 +3.0072e+000 -2.8161e+000
9976 +2.127131893e-008 +2.127131893e-008 +4.076900000e+002 +4.076900000e+002 +4.2903e-001 -5.1535e-001 +3.3235e-001 +3.0061e+000 -2.8170e+000
10026 +1.102449687e-008 +1.102449687e-008 +4.076900000e+002 +4.076900000e+002 +4.2920e-001 -5.1522e-001 +3.3236e-001 +3.0061e+000 -2.8169e+000
10157 +9.671168755e-009 +9.671168755e-009 +4.076900000e+002 +4.076900000e+002 +4.2961e-001 -5.1487e-001 +3.3247e-001 +3.0063e+000 -2.8165e+000
% function evaluation | noise-free fitness - Fopt (5.592000000000e+001) | best noise-free fitness - Fopt | measured fitness | best measured fitness | x1 | x2...
1 +1.798092145e+001 +1.798092145e+001 +7.390092145e+001 +7.390092145e+001 -1.0565e+000 -2.1160e+000 -1.4788e+000 -3.0134e+000 +7.1335e-001
13 +1.361180909e+001 +1.361180909e+001 +6.953180909e+001 +6.953180909e+001 +3.0524e-002 -2.9575e+000 +2.5151e+000 +2.7320e+000 +4.8006e+000
15 +6.207419250e+000 +6.207419250e+000 +6.212741925e+001 +6.212741925e+001 -3.3851e-001 -2.6368e+000 +3.2922e+000 +3.6872e+000 -4.0042e+000
95 +3.265438917e+000 +3.265438917e+000 +5.918543892e+001 +5.918543892e+001 +1.1642e+000 -3.8683e+000 -2.8489e+000 +3.4441e-002 +1.1209e+000
125 +2.134570082e+000 +2.134570082e+000 +5.805457008e+001 +5.805457008e+001 +6.6609e-001 -4.6009e+000 +8.2079e-002 +3.1768e+000 -8.2219e-001
181 +1.259687185e+000 +1.259687185e+000 +5.717968719e+001 +5.717968719e+001 +1.4586e+000 -2.8256e+000 -7.7678e-001 +6.2612e-001 -2.4981e-001
389 +7.455897249e-001 +7.455897249e-001 +5.666558972e+001 +5.666558972e+001 +9.8563e-001 -3.0301e+000 -2.8097e-001 +2.5532e+000 +6.9472e-001
726 +3.698587297e-001 +3.698587297e-001 +5.628985873e+001 +5.628985873e+001 +1.2736e+000 -2.7186e+000 -4.9486e-001 +1.5169e+000 -1.7984e-002
904 +2.492082402e-001 +2.492082402e-001 +5.616920824e+001 +5.616920824e+001 +1.2226e+000 -3.1239e+000 -2.5984e-001 +1.7880e+000 -3.8599e-001
1041 +8.112439046e-002 +8.112439046e-002 +5.600112439e+001 +5.600112439e+001 +1.1253e+000 -3.0598e+000 -3.0699e-001 +1.8496e+000 +1.3778e-001
1056 +6.271889004e-002 +6.271889004e-002 +5.598271889e+001 +5.598271889e+001 +1.2573e+000 -3.4142e+000 -1.7865e-001 +1.8373e+000 +3.0966e-002
1131 +3.228722125e-002 +3.228722125e-002 +5.595228722e+001 +5.595228722e+001 +1.1573e+000 -3.3412e+000 -3.9891e-001 +1.9941e+000 -7.2658e-002
2790 +1.726004083e-002 +1.726004083e-002 +5.593726004e+001 +5.593726004e+001 +8.3650e-001 -3.3383e+000 -5.5968e-001 +2.0580e+000 +6.0026e-003
3030 +8.672691476e-003 +8.672691476e-003 +5.592867269e+001 +5.592867269e+001 +1.0551e+000 -3.3439e+000 -4.2618e-001 +1.9773e+000 -2.5402e-002
3190 +5.389588538e-003 +5.389588538e-003 +5.592538959e+001 +5.592538959e+001 +1.0874e+000 -3.2023e+000 -4.6771e-001 +2.0481e+000 +2.5754e-002
3704 +2.191298026e-003 +2.191298026e-003 +5.592219130e+001 +5.592219130e+001 +9.6060e-001 -3.2387e+000 -5.4591e-001 +2.0430e+000 -2.5675e-002
4019 +7.494506501e-004 +7.494506501e-004 +5.592074945e+001 +5.592074945e+001 +1.0513e+000 -3.2216e+000 -5.0883e-001 +2.0581e+000 +2.0555e-003
4504 +2.752591189e-004 +2.752591189e-004 +5.592027526e+001 +5.592027526e+001 +1.0458e+000 -3.2030e+000 -5.0483e-001 +2.0452e+000 -1.2200e-003
4948 +2.107704727e-004 +2.107704727e-004 +5.592021077e+001 +5.592021077e+001 +1.0464e+000 -3.1937e+000 -4.9268e-001 +2.0295e+000 -3.3399e-003
5041 +1.306734763e-004 +1.306734763e-004 +5.592013067e+001 +5.592013067e+001 +1.0469e+000 -3.2037e+000 -4.9098e-001 +2.0305e+000 -3.1289e-003
5354 +7.373943836e-005 +7.373943836e-005 +5.592007374e+001 +5.592007374e+001 +1.0381e+000 -3.2199e+000 -4.8616e-001 +2.0222e+000 -8.2717e-003
5424 +4.729863305e-005 +4.729863305e-005 +5.592004730e+001 +5.592004730e+001 +1.0407e+000 -3.2208e+000 -4.8294e-001 +2.0195e+000 -9.1114e-003
5495 +3.717143117e-005 +3.717143117e-005 +5.592003717e+001 +5.592003717e+001 +1.0357e+000 -3.2318e+000 -4.7921e-001 +2.0143e+000 -1.1748e-002
5757 +1.139089199e-005 +1.139089199e-005 +5.592001139e+001 +5.592001139e+001 +1.0423e+000 -3.2249e+000 -4.7448e-001 +2.0117e+000 -1.0145e-002
6130 +9.492152863e-006 +9.492152863e-006 +5.592000949e+001 +5.592000949e+001 +1.0518e+000 -3.2137e+000 -4.6814e-001 +2.0078e+000 -8.4035e-003
6600 +1.722094453e-006 +1.722094453e-006 +5.592000172e+001 +5.592000172e+001 +1.0488e+000 -3.2165e+000 -4.7052e-001 +2.0091e+000 -9.0833e-003
6924 +1.496505554e-006 +1.496505554e-006 +5.592000150e+001 +5.592000150e+001 +1.0491e+000 -3.2155e+000 -4.7289e-001 +2.0119e+000 -8.4413e-003
7498 +7.918938394e-007 +7.918938394e-007 +5.592000079e+001 +5.592000079e+001 +1.0494e+000 -3.2175e+000 -4.6923e-001 +2.0082e+000 -9.1749e-003
7784 +5.825512730e-007 +5.825512730e-007 +5.592000058e+001 +5.592000058e+001 +1.0522e+000 -3.2166e+000 -4.6708e-001 +2.0070e+000 -9.0384e-003
7795 +3.306356362e-007 +3.306356362e-007 +5.592000033e+001 +5.592000033e+001 +1.0525e+000 -3.2163e+000 -4.6682e-001 +2.0069e+000 -8.9576e-003
8473 +2.511191042e-007 +2.511191042e-007 +5.592000025e+001 +5.592000025e+001 +1.0508e+000 -3.2171e+000 -4.6808e-001 +2.0075e+000 -9.1193e-003
9114 +1.460338694e-007 +1.460338694e-007 +5.592000015e+001 +5.592000015e+001 +1.0514e+000 -3.2164e+000 -4.6816e-001 +2.0079e+000 -8.9249e-003
9191 +7.759557263e-008 +7.759557263e-008 +5.592000008e+001 +5.592000008e+001 +1.0517e+000 -3.2159e+000 -4.6885e-001 +2.0087e+000 -8.7203e-003
9200 +4.640288154e-008 +4.640288154e-008 +5.592000005e+001 +5.592000005e+001 +1.0516e+000 -3.2157e+000 -4.6945e-001 +2.0093e+000 -8.6280e-003
9264 +3.949536165e-008 +3.949536165e-008 +5.592000004e+001 +5.592000004e+001 +1.0517e+000 -3.2155e+000 -4.6962e-001 +2.0095e+000 -8.5766e-003
9632 +2.481174022e-008 +2.481174022e-008 +5.592000002e+001 +5.592000002e+001 +1.0512e+000 -3.2158e+000 -4.7008e-001 +2.0098e+000 -8.6144e-003
9740 +9.279787605e-009 +9.279787605e-009 +5.592000001e+001 +5.592000001e+001 +1.0509e+000 -3.2161e+000 -4.7018e-001 +2.0098e+000 -8.6649e-003
% function evaluation | noise-free fitness - Fopt (4.619000000000e+001) | best noise-free fitness - Fopt | measured fitness | best measured fitness | x1 | x2...
1 +2.236911564e+001 +2.236911564e+001 +6.855911564e+001 +6.855911564e+001 +1.8352e+000 +3.8773e+000 -1.8252e+000 +1.5757e+000 +2.3729e+000
13 +6.815624993e+000 +6.815624993e+000 +5.300562499e+001 +5.300562499e+001 +1.2188e+000 -1.8253e+000 -4.5695e+000 -4.0961e+000 -1.7845e+000
87 +4.893414863e+000 +4.893414863e+000 +5.108341486e+001 +5.108341486e+001 +4.2042e+000 +4.1926e-001 -1.7258e+000 -1.3944e+000 -4.1332e+000
140 +3.764710421e+000 +3.764710421e+000 +4.995471042e+001 +4.995471042e+001 +2.6908e+000 +5.1865e-001 -2.6542e-001 -1.2945e+000 -4.4266e+000
213 +1.725144201e+000 +1.725144201e+000 +4.791514420e+001 +4.791514420e+001 +1.8941e+000 +5.7676e-001 -4.3278e+000 -3.4791e+000 -3.2639e+000
425 +1.379691894e+000 +1.379691894e+000 +4.756969189e+001 +4.756969189e+001 +1.9879e+000 +6.9610e-001 -3.1687e+000 -2.1654e+000 -4.5980e+000
489 +9.161499183e-001 +9.161499183e-001 +4.710614992e+001 +4.710614992e+001 +2.1904e+000 +3.2360e-002 -4.0220e+000 -2.3934e+000 -4.1332e+000
658 +4.526929886e-001 +4.526929886e-001 +4.664269299e+001 +4.664269299e+001 +1.7285e+000 +3.2360e-002 -3.4769e+000 -2.3934e+000 -4.1332e+000
736 +2.225684334e-001 +2.225684334e-001 +4.641256843e+001 +4.641256843e+001 +1.4155e+000 +7.2326e-002 -3.6196e+000 -2.2335e+000 -3.2298e+000
1022 +1.520725027e-001 +1.520725027e-001 +4.634207250e+001 +4.634207250e+001 +1.5373e+000 -6.7931e-002 -3.4732e+000 -2.3294e+000 -3.2530e+000
1078 +8.047785657e-002 +8.047785657e-002 +4.627047786e+001 +4.627047786e+001 +1.0061e+000 +1.7942e-001 -3.1402e+000 -2.6212e+000 -3.6636e+000
1239 +5.791739875e-002 +5.791739875e-002 +4.624791740e+001 +4.624791740e+001 +1.1070e+000 +1.6981e-001 -3.0858e+000 -2.4322e+000 -3.5121e+000
1466 +1.909073483e-002 +1.909073483e-002 +4.620909073e+001 +4.620909073e+001 +1.2608e+000 +2.4612e-001 -3.1680e+000 -2.5431e+000 -3.5446e+000
1683 +1.561062821e-002 +1.561062821e-002 +4.620561063e+001 +4.620561063e+001 +1.1716e+000 +2.5942e-001 -3.1460e+000 -2.4882e+000 -3.5351e+000
1924 +9.063669275e-003 +9.063669275e-003 +4.619906367e+001 +4.619906367e+001 +1.1834e+000 +1.9113e-001 -3.1999e+000 -2.4646e+000 -3.5560e+000
2410 +5.628324473e-003 +5.628324473e-003 +4.619562832e+001 +4.619562832e+001 +1.1314e+000 +1.6181e-001 -3.2376e+000 -2.4002e+000 -3.5866e+000
2441 +2.480165096e-003 +2.480165096e-003 +4.619248017e+001 +4.619248017e+001 +1.1663e+000 +1.8955e-001 -3.2387e+000 -2.4110e+000 -3.5774e+000
2648 +1.347834738e-003 +1.347834738e-003 +4.619134783e+001 +4.619134783e+001 +1.2323e+000 +1.9127e-001 -3.2791e+000 -2.4212e+000 -3.5853e+000
2980 +8.520188650e-004 +8.520188650e-004 +4.619085202e+001 +4.619085202e+001 +1.2174e+000 +1.8176e-001 -3.2758e+000 -2.4144e+000 -3.5773e+000
3289 +5.886539019e-004 +5.886539019e-004 +4.619058865e+001 +4.619058865e+001 +1.1925e+000 +1.7677e-001 -3.2749e+000 -2.4062e+000 -3.5918e+000
3408 +3.845162907e-004 +3.845162907e-004 +4.619038452e+001 +4.619038452e+001 +1.2095e+000 +1.5359e-001 -3.3150e+000 -2.3781e+000 -3.5975e+000
3677 +1.652936296e-004 +1.652936296e-004 +4.619016529e+001 +4.619016529e+001 +1.2073e+000 +1.6200e-001 -3.3143e+000 -2.3735e+000 -3.6024e+000
3774 +1.197189626e-004 +1.197189626e-004 +4.619011972e+001 +4.619011972e+001 +1.2193e+000 +1.7241e-001 -3.3174e+000 -2.3742e+000 -3.6055e+000
4024 +2.708270811e-005 +2.708270811e-005 +4.619002708e+001 +4.619002708e+001 +1.2263e+000 +1.6736e-001 -3.3090e+000 -2.3866e+000 -3.5892e+000
4603 +2.262761958e-005 +2.262761958e-005 +4.619002263e+001 +4.619002263e+001 +1.2239e+000 +1.6778e-001 -3.3119e+000 -2.3826e+000 -3.5937e+000
5060 +1.106963000e-005 +1.106963000e-005 +4.619001107e+001 +4.619001107e+001 +1.2291e+000 +1.6595e-001 -3.3212e+000 -2.3760e+000 -3.5969e+000
5147 +8.663872840e-006 +8.663872840e-006 +4.619000866e+001 +4.619000866e+001 +1.2292e+000 +1.6496e-001 -3.3237e+000 -2.3739e+000 -3.5983e+000
5661 +5.133101325e-006 +5.133101325e-006 +4.619000513e+001 +4.619000513e+001 +1.2367e+000 +1.6118e-001 -3.3266e+000 -2.3751e+000 -3.5927e+000
5744 +3.066833997e-006 +3.066833997e-006 +4.619000307e+001 +4.619000307e+001 +1.2374e+000 +1.6108e-001 -3.3242e+000 -2.3781e+000 -3.5903e+000
6119 +1.284253301e-006 +1.284253301e-006 +4.619000128e+001 +4.619000128e+001 +1.2379e+000 +1.6142e-001 -3.3255e+000 -2.3770e+000 -3.5913e+000
6278 +7.643904851e-007 +7.643904851e-007 +4.619000076e+001 +4.619000076e+001 +1.2382e+000 +1.6170e-001 -3.3288e+000 -2.3737e+000 -3.5942e+000
6370 +1.572701862e-007 +1.572701862e-007 +4.619000016e+001 +4.619000016e+001 +1.2375e+000 +1.6226e-001 -3.3281e+000 -2.3741e+000 -3.5946e+000
6926 +9.844046645e-008 +9.844046645e-008 +4.619000010e+001 +4.619000010e+001 +1.2377e+000 +1.6219e-001 -3.3279e+000 -2.3743e+000 -3.5943e+000
8257 +6.046070666e-008 +6.046070666e-008 +4.619000006e+001 +4.619000006e+001 +1.2380e+000 +1.6195e-001 -3.3287e+000 -2.3739e+000 -3.5944e+000
8448 +3.332225873e-008 +3.332225873e-008 +4.619000003e+001 +4.619000003e+001 +1.2387e+000 +1.6145e-001 -3.3317e+000 -2.3713e+000 -3.5963e+000
8595 +2.048337677e-008 +2.048337677e-008 +4.619000002e+001 +4.619000002e+001 +1.2387e+000 +1.6131e-001 -3.3321e+000 -2.3709e+000 -3.5965e+000
8945 +1.536258054e-008 +1.536258054e-008 +4.619000002e+001 +4.619000002e+001 +1.2385e+000 +1.6130e-001 -3.3318e+000 -2.3711e+000 -3.5964e+000
9536 +9.997371819e-009 +9.997371819e-009 +4.619000001e+001 +4.619000001e+001 +1.2384e+000 +1.6133e-001 -3.3314e+000 -2.3714e+000 -3.5962e+000
% function evaluation | noise-free fitness - Fopt (-3.994000000000e+001) | best noise-free fitness - Fopt | measured fitness | best measured fitness | x1 | x2...
1 +9.345585414e+001 +9.345585414e+001 +5.351585414e+001 +5.351585414e+001 -2.8276e+000 +4.3678e+000 -4.9968e+000 +9.6871e-001 -3.5257e+000
3 +1.333118099e+001 +1.333118099e+001 -2.660881901e+001 -2.660881901e+001 -2.3641e+000 -2.1594e+000 +4.9081e+000 -3.8262e+000 -2.1751e+000
18 +6.288624639e+000 +6.288624639e+000 -3.365137536e+001 -3.365137536e+001 -1.7092e+000 -2.6920e-002 +8.6444e-001 -2.0352e+000 -2.0278e-001
73 +3.099096730e+000 +3.099096730e+000 -3.684090327e+001 -3.684090327e+001 -5.5068e-001 -2.8250e+000 -1.3053e+000 -9.2386e-001 -3.2658e+000
144 +1.465166716e+000 +1.465166716e+000 -3.847483328e+001 -3.847483328e+001 -9.6824e-001 -5.3264e-001 +9.8254e-002 -2.8584e-001 -1.5822e+000
406 +8.611858532e-001 +8.611858532e-001 -3.907881415e+001 -3.907881415e+001 -4.3790e-001 -3.5259e-001 +3.5878e-001 -7.3576e-001 -1.6558e+000
589 +5.616677297e-001 +5.616677297e-001 -3.937833227e+001 -3.937833227e+001 -8.3789e-001 -5.9885e-001 +8.0759e-001 -8.4102e-001 -1.6948e+000
650 +3.562064973e-001 +3.562064973e-001 -3.958379350e+001 -3.958379350e+001 -3.8462e-001 -1.0697e+000 +7.5314e-001 -7.1169e-001 -2.0159e+000
681 +9.980539278e-002 +9.980539278e-002 -3.984019461e+001 -3.984019461e+001 -2.9463e-001 -1.1685e+000 +7.3570e-001 -9.8850e-001 -1.7156e+000
973 +1.821256507e-002 +1.821256507e-002 -3.992178743e+001 -3.992178743e+001 -4.9002e-001 -1.2791e+000 +6.2660e-001 -1.3534e+000 -1.5805e+000
1291 +1.567033025e-002 +1.567033025e-002 -3.992432967e+001 -3.992432967e+001 -4.5133e-001 -1.2843e+000 +6.3597e-001 -1.3616e+000 -1.5417e+000
1716 +8.971064081e-003 +8.971064081e-003 -3.993102894e+001 -3.993102894e+001 -4.1594e-001 -1.2669e+000 +6.5108e-001 -1.2761e+000 -1.5957e+000
1975 +4.941902738e-003 +4.941902738e-003 -3.993505810e+001 -3.993505810e+001 -4.0192e-001 -1.3512e+000 +6.6056e-001 -1.2740e+000 -1.6056e+000
2076 +1.509403873e-003 +1.509403873e-003 -3.993849060e+001 -3.993849060e+001 -3.8016e-001 -1.4203e+000 +6.7276e-001 -1.2838e+000 -1.6143e+000
2615 +9.790650954e-004 +9.790650954e-004 -3.993902093e+001 -3.993902093e+001 -3.8482e-001 -1.4301e+000 +6.6301e-001 -1.3131e+000 -1.5948e+000
2816 +2.500783892e-004 +2.500783892e-004 -3.993974992e+001 -3.993974992e+001 -4.2748e-001 -1.3661e+000 +6.5305e-001 -1.3417e+000 -1.5881e+000
7009 +1.385702042e-004 +1.385702042e-004 -3.993986143e+001 -3.993986143e+001 -4.0780e-001 -1.3951e+000 +6.7257e-001 -1.3229e+000 -1.6193e+000
7041 +5.929489914e-005 +5.929489914e-005 -3.993994071e+001 -3.993994071e+001 -4.1319e-001 -1.3838e+000 +6.6434e-001 -1.3263e+000 -1.6056e+000
7185 +3.273503608e-005 +3.273503608e-005 -3.993996726e+001 -3.993996726e+001 -4.0652e-001 -1.3878e+000 +6.8025e-001 -1.3142e+000 -1.6336e+000
7295 +1.832084561e-005 +1.832084561e-005 -3.993998168e+001 -3.993998168e+001 -4.0675e-001 -1.3870e+000 +6.8196e-001 -1.3106e+000 -1.6362e+000
7706 +9.001348936e-006 +9.001348936e-006 -3.993999100e+001 -3.993999100e+001 -4.0786e-001 -1.3870e+000 +6.7806e-001 -1.3133e+000 -1.6291e+000
8225 +2.736583141e-006 +2.736583141e-006 -3.993999726e+001 -3.993999726e+001 -4.0787e-001 -1.3913e+000 +6.7041e-001 -1.3203e+000 -1.6152e+000
8660 +2.492655405e-006 +2.492655405e-006 -3.993999751e+001 -3.993999751e+001 -4.0879e-001 -1.3885e+000 +6.7112e-001 -1.3190e+000 -1.6167e+000
8777 +9.745145064e-007 +9.745145064e-007 -3.993999903e+001 -3.993999903e+001 -4.0964e-001 -1.3880e+000 +6.6967e-001 -1.3202e+000 -1.6141e+000
8823 +2.229061309e-007 +2.229061309e-007 -3.993999978e+001 -3.993999978e+001 -4.1001e-001 -1.3867e+000 +6.7053e-001 -1.3192e+000 -1.6157e+000
33029 +7.910511357e-008 +7.910511357e-008 -3.993999992e+001 -3.993999992e+001 -4.0975e-001 -1.3868e+000 +6.7139e-001 -1.3187e+000 -1.6173e+000
33332 +4.422273037e-008 +4.422273037e-008 -3.993999996e+001 -3.993999996e+001 -4.1003e-001 -1.3859e+000 +6.7193e-001 -1.3181e+000 -1.6183e+000
34153 +3.894555078e-008 +3.894555078e-008 -3.993999996e+001 -3.993999996e+001 -4.1017e-001 -1.3859e+000 +6.7159e-001 -1.3184e+000 -1.6177e+000
34602 +2.507201913e-008 +2.507201913e-008 -3.993999997e+001 -3.993999997e+001 -4.1001e-001 -1.3861e+000 +6.7181e-001 -1.3183e+000 -1.6181e+000
34744 +1.137453154e-008 +1.137453154e-008 -3.993999999e+001 -3.993999999e+001 -4.1007e-001 -1.3858e+000 +6.7221e-001 -1.3180e+000 -1.6189e+000
34746 +8.439023702e-009 +8.439023702e-009 -3.993999999e+001 -3.993999999e+001 -4.1011e-001 -1.3856e+000 +6.7237e-001 -1.3179e+000 -1.6192e+000
34765 +4.540289922e-009 +4.540289922e-009 -3.994000000e+001 -3.994000000e+001 -4.1020e-001 -1.3855e+000 +6.7226e-001 -1.3180e+000 -1.6190e+000
% function evaluation | noise-free fitness - Fopt (-1.000000000000e+003) | best noise-free fitness - Fopt | measured fitness | best measured fitness | x1 | x2...
1 +2.016928400e+001 +2.016928400e+001 -9.798307160e+002 -9.798307160e+002 +2.1141e+000 -4.4061e+000 -9.4039e-001 +3.2301e+000 +9.5996e-001
12 +9.928288337e+000 +9.928288337e+000 -9.900717117e+002 -9.900717117e+002 +3.5410e+000 -3.6063e+000 -6.9637e-001 +8.6540e-001 +4.9123e+000
105 +3.772089755e+000 +3.772089755e+000 -9.962279102e+002 -9.962279102e+002 +1.6330e+000 -1.8230e+000 +1.2094e+000 +1.1649e+000 +3.1690e+000
320 +2.213348980e+000 +2.213348980e+000 -9.977866510e+002 -9.977866510e+002 +3.3602e+000 -3.3654e+000 +1.6390e+000 +3.7693e-002 +2.3951e+000
357 +1.210184558e+000 +1.210184558e+000 -9.987898154e+002 -9.987898154e+002 +2.2473e+000 -2.9665e+000 +3.1877e-001 -2.0171e+000 +3.7156e+000
678 +4.646599899e-001 +4.646599899e-001 -9.995353400e+002 -9.995353400e+002 +2.6324e+000 -3.4215e+000 +5.3447e-001 -8.5078e-001 +2.2443e+000
845 +3.913763933e-001 +3.913763933e-001 -9.996086236e+002 -9.996086236e+002 +2.2740e+000 -3.6218e+000 +5.4371e-001 -8.6130e-001 +2.8440e+000
861 +1.791187764e-001 +1.791187764e-001 -9.998208812e+002 -9.998208812e+002 +2.4699e+000 -3.0327e+000 +9.6385e-001 -7.9856e-001 +2.8966e+000
876 +5.562117810e-002 +5.562117810e-002 -9.999443788e+002 -9.999443788e+002 +2.3061e+000 -3.1180e+000 +7.9109e-001 -1.0099e+000 +2.9125e+000
1201 +3.699979732e-002 +3.699979732e-002 -9.999630002e+002 -9.999630002e+002 +2.2870e+000 -3.0535e+000 +8.4564e-001 -1.0619e+000 +3.0354e+000
1587 +2.176485818e-002 +2.176485818e-002 -9.999782351e+002 -9.999782351e+002 +2.1865e+000 -3.0690e+000 +8.0177e-001 -8.5409e-001 +2.8964e+000
1652 +8.011625165e-003 +8.011625165e-003 -9.999919884e+002 -9.999919884e+002 +2.3408e+000 -3.1732e+000 +7.5737e-001 -8.1112e-001 +3.0389e+000
1752 +4.239902921e-003 +4.239902921e-003 -9.999957601e+002 -9.999957601e+002 +2.4674e+000 -3.2075e+000 +8.0177e-001 -8.2534e-001 +2.8964e+000
1862 +1.869754134e-003 +1.869754134e-003 -9.999981302e+002 -9.999981302e+002 +2.4043e+000 -3.1813e+000 +7.7362e-001 -8.1012e-001 +2.9846e+000
2253 +8.113886749e-004 +8.113886749e-004 -9.999991886e+002 -9.999991886e+002 +2.3904e+000 -3.1705e+000 +7.9700e-001 -8.7089e-001 +2.9639e+000
5456 +4.584140610e-004 +4.584140610e-004 -9.999995416e+002 -9.999995416e+002 +2.3835e+000 -3.1780e+000 +7.8437e-001 -8.6287e-001 +3.0210e+000
5491 +3.503040132e-004 +3.503040132e-004 -9.999996497e+002 -9.999996497e+002 +2.3864e+000 -3.1763e+000 +7.8561e-001 -8.6019e-001 +3.0081e+000
5511 +1.601326402e-004 +1.601326402e-004 -9.999998399e+002 -9.999998399e+002 +2.4346e+000 -3.1993e+000 +7.8869e-001 -8.6220e-001 +3.0141e+000
5915 +6.636553894e-005 +6.636553894e-005 -9.999999336e+002 -9.999999336e+002 +2.4402e+000 -3.2074e+000 +7.8533e-001 -8.5968e-001 +3.0318e+000
6070 +5.951448702e-005 +5.951448702e-005 -9.999999405e+002 -9.999999405e+002 +2.4069e+000 -3.1876e+000 +7.8474e-001 -8.5929e-001 +3.0204e+000
7038 +3.926083491e-005 +3.926083491e-005 -9.999999607e+002 -9.999999607e+002 +2.4242e+000 -3.2006e+000 +7.8254e-001 -8.6495e-001 +3.0521e+000
7084 +2.493946636e-005 +2.493946636e-005 -9.999999751e+002 -9.999999751e+002 +2.4255e+000 -3.2003e+000 +7.8284e-001 -8.6084e-001 +3.0426e+000
7393 +1.190365469e-005 +1.190365469e-005 -9.999999881e+002 -9.999999881e+002 +2.4263e+000 -3.2007e+000 +7.8291e-001 -8.5894e-001 +3.0387e+000
7430 +7.696830039e-006 +7.696830039e-006 -9.999999923e+002 -9.999999923e+002 +2.4247e+000 -3.1993e+000 +7.8289e-001 -8.5645e-001 +3.0331e+000
7436 +6.152691412e-006 +6.152691412e-006 -9.999999938e+002 -9.999999938e+002 +2.4276e+000 -3.2012e+000 +7.8291e-001 -8.5565e-001 +3.0327e+000
7708 +2.415762538e-006 +2.415762538e-006 -9.999999976e+002 -9.999999976e+002 +2.4262e+000 -3.2000e+000 +7.8359e-001 -8.5727e-001 +3.0314e+000
8121 +1.490131467e-006 +1.490131467e-006 -9.999999985e+002 -9.999999985e+002 +2.4250e+000 -3.1987e+000 +7.8402e-001 -8.5837e-001 +3.0304e+000
8368 +6.304192084e-007 +6.304192084e-007 -9.999999994e+002 -9.999999994e+002 +2.4245e+000 -3.1979e+000 +7.8426e-001 -8.5800e-001 +3.0279e+000
8555 +3.887258799e-007 +3.887258799e-007 -9.999999996e+002 -9.999999996e+002 +2.4235e+000 -3.1963e+000 +7.8463e-001 -8.5568e-001 +3.0205e+000
8598 +2.227459390e-007 +2.227459390e-007 -9.999999998e+002 -9.999999998e+002 +2.4230e+000 -3.1956e+000 +7.8486e-001 -8.5499e-001 +3.0175e+000
9045 +6.355185178e-008 +6.355185178e-008 -9.999999999e+002 -9.999999999e+002 +2.4234e+000 -3.1963e+000 +7.8467e-001 -8.5604e-001 +3.0209e+000
9144 +3.912134616e-008 +3.912134616e-008 -1.000000000e+003 -1.000000000e+003 +2.4233e+000 -3.1962e+000 +7.8470e-001 -8.5617e-001 +3.0210e+000
9187 +2.221577233e-008 +2.221577233e-008 -1.000000000e+003 -1.000000000e+003 +2.4234e+000 -3.1964e+000 +7.8464e-001 -8.5654e-001 +3.0221e+000
19918 +1.298690222e-008 +1.298690222e-008 -1.000000000e+003 -1.000000000e+003 +2.4236e+000 -3.1964e+000 +7.8468e-001 -8.5602e-001 +3.0209e+000
20059 +9.328573469e-009 +9.328573469e-009 -1.000000000e+003 -1.000000000e+003 +2.4232e+000 -3.1961e+000 +7.8474e-001 -8.5603e-001 +3.0204e+000
% function evaluation | noise-free fitness - Fopt (-5.039000000000e+001) | best noise-free fitness - Fopt | measured fitness | best measured fitness | x1 | x2...
1 +2.443649324e+002 +2.443649324e+002 +1.939749324e+002 +1.939749324e+002 -4.1057e+000 +3.8070e+000 +3.6705e+000 -4.0447e-001 +1.6901e+000
3 +4.806362804e+001 +4.806362804e+001 -2.326371959e+000 -2.326371959e+000 -1.5965e+000 +2.7348e+000 -3.7018e+000 +3.2707e+000 -3.8700e+000
4 +1.417487095e+001 +1.417487095e+001 -3.621512905e+001 -3.621512905e+001 -3.9230e+000 +4.7482e-001 +1.5314e+000 +3.5130e-001 -4.1159e+000
8 +6.264536468e+000 +6.264536468e+000 -4.412546353e+001 -4.412546353e+001 +1.3918e+000 -1.7269e+000 +3.1378e+000 +4.6071e+000 -2.8899e+000
82 +2.431355324e+000 +2.431355324e+000 -4.795864468e+001 -4.795864468e+001 -5.0657e-001 -2.0712e+000 +2.4164e+000 +1.6952e+000 -1.0028e+000
366 +7.775306388e-001 +7.775306388e-001 -4.961246936e+001 -4.961246936e+001 -5.0721e-001 -1.7948e+000 +2.3982e+000 +2.7463e-001 -1.6200e+000
409 +5.574686416e-001 +5.574686416e-001 -4.983253136e+001 -4.983253136e+001 -5.3497e-002 -2.3587e+000 +2.2768e+000 +8.7460e-001 -2.1007e+000
516 +2.190866394e-001 +2.190866394e-001 -5.017091336e+001 -5.017091336e+001 -5.4524e-002 -1.9408e+000 +2.2242e+000 +8.8802e-001 -1.5352e+000
768 +6.787342125e-002 +6.787342125e-002 -5.032212658e+001 -5.032212658e+001 +3.6246e-001 -1.9408e+000 +2.2242e+000 +6.6159e-001 -1.9686e+000
2385 +3.148085884e-002 +3.148085884e-002 -5.035851914e+001 -5.035851914e+001 +1.7016e-001 -1.7185e+000 +1.9209e+000 +1.0736e+000 -1.9029e+000
2522 +1.494774195e-002 +1.494774195e-002 -5.037505226e+001 -5.037505226e+001 +1.9371e-001 -1.8411e+000 +1.8924e+000 +9.5079e-001 -1.7736e+000
4765 +9.625622879e-003 +9.625622879e-003 -5.038037438e+001 -5.038037438e+001 +2.3185e-001 -1.8568e+000 +2.0922e+000 +7.9264e-001 -2.0062e+000
5139 +3.131726311e-003 +3.131726311e-003 -5.038686827e+001 -5.038686827e+001 +2.9859e-001 -1.8410e+000 +2.0598e+000 +8.2424e-001 -2.0604e+000
10043 +1.582625381e-003 +1.582625381e-003 -5.038841737e+001 -5.038841737e+001 +3.3010e-001 -1.9075e+000 +1.9525e+000 +8.1070e-001 -2.0368e+000
10710 +8.056254231e-004 +8.056254231e-004 -5.038919437e+001 -5.038919437e+001 +3.1548e-001 -1.8850e+000 +2.0143e+000 +8.0616e-001 -2.0204e+000
10839 +4.955880752e-004 +4.955880752e-004 -5.038950441e+001 -5.038950441e+001 +3.0295e-001 -1.8745e+000 +2.0157e+000 +8.1939e-001 -2.0079e+000
11009 +3.565159294e-004 +3.565159294e-004 -5.038964348e+001 -5.038964348e+001 +2.9343e-001 -1.8729e+000 +2.0093e+000 +8.2607e-001 -1.9931e+000
11011 +2.231932870e-004 +2.231932870e-004 -5.038977681e+001 -5.038977681e+001 +2.8139e-001 -1.8675e+000 +1.9956e+000 +8.4339e-001 -1.9677e+000
11199 +1.115797817e-004 +1.115797817e-004 -5.038988842e+001 -5.038988842e+001 +2.6923e-001 -1.8524e+000 +2.0049e+000 +8.5532e-001 -1.9659e+000
11449 +6.786927977e-005 +6.786927977e-005 -5.038993213e+001 -5.038993213e+001 +2.7221e-001 -1.8541e+000 +1.9923e+000 +8.5964e-001 -1.9689e+000
11604 +5.650982990e-005 +5.650982990e-005 -5.038994349e+001 -5.038994349e+001 +2.7789e-001 -1.8543e+000 +1.9940e+000 +8.5669e-001 -1.9816e+000
11984 +3.943163954e-005 +3.943163954e-005 -5.038996057e+001 -5.038996057e+001 +2.8069e-001 -1.8556e+000 +1.9963e+000 +8.5278e-001 -1.9886e+000
12130 +1.530456386e-005 +1.530456386e-005 -5.038998470e+001 -5.038998470e+001 +2.8418e-001 -1.8594e+000 +1.9966e+000 +8.4783e-001 -1.9920e+000
12510 +9.621636032e-006 +9.621636032e-006 -5.038999038e+001 -5.038999038e+001 +2.8332e-001 -1.8603e+000 +1.9990e+000 +8.4583e-001 -1.9895e+000
12628 +3.559717122e-006 +3.559717122e-006 -5.038999644e+001 -5.038999644e+001 +2.8020e-001 -1.8583e+000 +1.9995e+000 +8.4866e-001 -1.9842e+000
13143 +1.973920163e-006 +1.973920163e-006 -5.038999803e+001 -5.038999803e+001 +2.7504e-001 -1.8547e+000 +1.9979e+000 +8.5488e-001 -1.9759e+000
13221 +1.260085476e-006 +1.260085476e-006 -5.038999874e+001 -5.038999874e+001 +2.7439e-001 -1.8540e+000 +1.9971e+000 +8.5624e-001 -1.9749e+000
13556 +9.439209379e-007 +9.439209379e-007 -5.038999906e+001 -5.038999906e+001 +2.7381e-001 -1.8536e+000 +1.9960e+000 +8.5753e-001 -1.9737e+000
13651 +5.733629891e-007 +5.733629891e-007 -5.038999943e+001 -5.038999943e+001 +2.7423e-001 -1.8541e+000 +1.9962e+000 +8.5679e-001 -1.9741e+000
13808 +2.946542494e-007 +2.946542494e-007 -5.038999971e+001 -5.038999971e+001 +2.7526e-001 -1.8550e+000 +1.9963e+000 +8.5556e-001 -1.9752e+000
13892 +2.178337510e-007 +2.178337510e-007 -5.038999978e+001 -5.038999978e+001 +2.7606e-001 -1.8557e+000 +1.9964e+000 +8.5459e-001 -1.9762e+000
14100 +1.023651564e-007 +1.023651564e-007 -5.038999990e+001 -5.038999990e+001 +2.7704e-001 -1.8566e+000 +1.9956e+000 +8.5399e-001 -1.9767e+000
14174 +4.901363582e-008 +4.901363582e-008 -5.038999995e+001 -5.038999995e+001 +2.7743e-001 -1.8569e+000 +1.9950e+000 +8.5395e-001 -1.9769e+000
14571 +3.543983951e-008 +3.543983951e-008 -5.038999996e+001 -5.038999996e+001 +2.7775e-001 -1.8572e+000 +1.9948e+000 +8.5367e-001 -1.9772e+000
14738 +2.089721107e-008 +2.089721107e-008 -5.038999998e+001 -5.038999998e+001 +2.7776e-001 -1.8572e+000 +1.9951e+000 +8.5347e-001 -1.9774e+000
14835 +5.146937099e-009 +5.146937099e-009 -5.038999999e+001 -5.038999999e+001 +2.7788e-001 -1.8573e+000 +1.9951e+000 +8.5337e-001 -1.9775e+000
% function evaluation | noise-free fitness - Fopt (-7.027000000000e+001) | best noise-free fitness - Fopt | measured fitness | best measured fitness | x1 | x2...
1 +1.600547078e+001 +1.600547078e+001 -5.426452922e+001 -5.426452922e+001 +4.8697e+000 +2.3341e-001 -1.0335e-001 +3.3681e-001 +1.9124e+000
43 +3.983178458e+000 +3.983178458e+000 -6.628682154e+001 -6.628682154e+001 +4.0685e+000 -5.1166e-002 -4.0583e+000 +3.0748e+000 -1.1956e+000
117 +3.367290768e+000 +3.367290768e+000 -6.690270923e+001 -6.690270923e+001 +4.0685e+000 -1.0483e+000 -3.2128e+000 +3.0748e+000 -1.1956e+000
197 +2.297508799e+000 +2.297508799e+000 -6.797249120e+001 -6.797249120e+001 +3.7448e+000 -1.0322e+000 -2.9529e+000 +1.8056e+000 -2.5004e+000
295 +1.007055010e+000 +1.007055010e+000 -6.926294499e+001 -6.926294499e+001 +4.0054e+000 -3.3141e+000 -3.5972e+000 +1.9926e+000 -3.2355e+000
556 +8.066753363e-001 +8.066753363e-001 -6.946332466e+001 -6.946332466e+001 +3.5529e+000 -3.0434e+000 -3.6974e+000 +4.6474e-001 -3.3722e+000
678 +3.112335631e-001 +3.112335631e-001 -6.995876644e+001 -6.995876644e+001 +3.2059e+000 -3.2368e+000 -3.4479e+000 +1.6570e+000 -3.1640e+000
1005 +1.635229496e-001 +1.635229496e-001 -7.010647705e+001 -7.010647705e+001 +2.6356e+000 -3.0202e+000 -3.4321e+000 +1.2778e+000 -3.0111e+000
1262 +1.511806693e-001 +1.511806693e-001 -7.011881933e+001 -7.011881933e+001 +2.8137e+000 -3.0748e+000 -3.9993e+000 +1.4401e+000 -2.7157e+000
1375 +7.741836106e-002 +7.741836106e-002 -7.019258164e+001 -7.019258164e+001 +2.9587e+000 -3.0434e+000 -3.9540e+000 +1.0243e+000 -2.8416e+000
1602 +1.904352854e-002 +1.904352854e-002 -7.025095647e+001 -7.025095647e+001 +2.9385e+000 -2.9815e+000 -3.8048e+000 +1.2892e+000 -2.9599e+000
1856 +1.477311353e-002 +1.477311353e-002 -7.025522689e+001 -7.025522689e+001 +2.9326e+000 -2.9431e+000 -3.7185e+000 +1.4437e+000 -3.0432e+000
1858 +8.956411969e-003 +8.956411969e-003 -7.026104359e+001 -7.026104359e+001 +3.1542e+000 -2.9995e+000 -3.9418e+000 +1.5168e+000 -3.0041e+000
2159 +2.465229068e-003 +2.465229068e-003 -7.026753477e+001 -7.026753477e+001 +3.0313e+000 -2.9755e+000 -3.8096e+000 +1.5022e+000 -3.0236e+000
2581 +1.520935135e-003 +1.520935135e-003 -7.026847906e+001 -7.026847906e+001 +3.0503e+000 -3.0052e+000 -3.8428e+000 +1.4479e+000 -2.9764e+000
2972 +7.713089741e-004 +7.713089741e-004 -7.026922869e+001 -7.026922869e+001 +3.0381e+000 -2.9724e+000 -3.8036e+000 +1.4664e+000 -3.0139e+000
3016 +6.101838525e-004 +6.101838525e-004 -7.026938982e+001 -7.026938982e+001 +3.0491e+000 -2.9673e+000 -3.8164e+000 +1.4344e+000 -3.0098e+000
3024 +3.389354305e-004 +3.389354305e-004 -7.026966106e+001 -7.026966106e+001 +3.0254e+000 -2.9470e+000 -3.8029e+000 +1.3731e+000 -3.0054e+000
3639 +2.203114712e-004 +2.203114712e-004 -7.026977969e+001 -7.026977969e+001 +3.0155e+000 -2.9596e+000 -3.8039e+000 +1.3722e+000 -2.9921e+000
3930 +1.133621902e-004 +1.133621902e-004 -7.026988664e+001 -7.026988664e+001 +3.0364e+000 -2.9673e+000 -3.8174e+000 +1.4119e+000 -2.9998e+000
4294 +8.783629740e-005 +8.783629740e-005 -7.026991216e+001 -7.026991216e+001 +3.0424e+000 -2.9591e+000 -3.8114e+000 +1.4114e+000 -3.0087e+000
4310 +3.198251181e-005 +3.198251181e-005 -7.026996802e+001 -7.026996802e+001 +3.0490e+000 -2.9572e+000 -3.8114e+000 +1.4258e+000 -3.0160e+000
4427 +2.436484947e-005 +2.436484947e-005 -7.026997564e+001 -7.026997564e+001 +3.0497e+000 -2.9611e+000 -3.8190e+000 +1.4162e+000 -3.0088e+000
4935 +1.540467122e-005 +1.540467122e-005 -7.026998460e+001 -7.026998460e+001 +3.0455e+000 -2.9618e+000 -3.8181e+000 +1.4118e+000 -3.0062e+000
5177 +9.093896395e-006 +9.093896395e-006 -7.026999091e+001 -7.026999091e+001 +3.0483e+000 -2.9625e+000 -3.8183e+000 +1.4235e+000 -3.0098e+000
5370 +6.082936409e-006 +6.082936409e-006 -7.026999392e+001 -7.026999392e+001 +3.0463e+000 -2.9614e+000 -3.8153e+000 +1.4234e+000 -3.0107e+000
5667 +3.449507631e-006 +3.449507631e-006 -7.026999655e+001 -7.026999655e+001 +3.0459e+000 -2.9610e+000 -3.8140e+000 +1.4246e+000 -3.0115e+000
5997 +1.898723312e-006 +1.898723312e-006 -7.026999810e+001 -7.026999810e+001 +3.0454e+000 -2.9605e+000 -3.8139e+000 +1.4225e+000 -3.0112e+000
6087 +1.458888704e-006 +1.458888704e-006 -7.026999854e+001 -7.026999854e+001 +3.0451e+000 -2.9595e+000 -3.8134e+000 +1.4204e+000 -3.0115e+000
6125 +8.871266743e-007 +8.871266743e-007 -7.026999911e+001 -7.026999911e+001 +3.0448e+000 -2.9586e+000 -3.8126e+000 +1.4192e+000 -3.0119e+000
15988 +6.056326498e-007 +6.056326498e-007 -7.026999939e+001 -7.026999939e+001 +3.0394e+000 -2.9569e+000 -3.8105e+000 +1.4065e+000 -3.0088e+000
16039 +2.681749720e-007 +2.681749720e-007 -7.026999973e+001 -7.026999973e+001 +3.0407e+000 -2.9571e+000 -3.8106e+000 +1.4101e+000 -3.0099e+000
16114 +1.443747522e-007 +1.443747522e-007 -7.026999986e+001 -7.026999986e+001 +3.0411e+000 -2.9574e+000 -3.8107e+000 +1.4117e+000 -3.0103e+000
16174 +9.966484527e-008 +9.966484527e-008 -7.026999990e+001 -7.026999990e+001 +3.0422e+000 -2.9576e+000 -3.8106e+000 +1.4155e+000 -3.0115e+000
16331 +5.497970790e-008 +5.497970790e-008 -7.026999995e+001 -7.026999995e+001 +3.0420e+000 -2.9573e+000 -3.8103e+000 +1.4153e+000 -3.0116e+000
17133 +3.772085222e-008 +3.772085222e-008 -7.026999996e+001 -7.026999996e+001 +3.0420e+000 -2.9573e+000 -3.8102e+000 +1.4155e+000 -3.0117e+000
17201 +2.206468253e-008 +2.206468253e-008 -7.026999998e+001 -7.026999998e+001 +3.0418e+000 -2.9572e+000 -3.8102e+000 +1.4148e+000 -3.0116e+000
17353 +1.330904809e-008 +1.330904809e-008 -7.026999999e+001 -7.026999999e+001 +3.0418e+000 -2.9574e+000 -3.8103e+000 +1.4147e+000 -3.0114e+000
17805 +8.885834291e-009 +8.885834291e-009 -7.026999999e+001 -7.026999999e+001 +3.0416e+000 -2.9573e+000 -3.8103e+000 +1.4142e+000 -3.0113e+000
% function evaluation | noise-free fitness - Fopt (-6.944000000000e+001) | best noise-free fitness - Fopt | measured fitness | best measured fitness | x1 | x2...
1 +2.653285813e+001 +2.653285813e+001 -4.290714187e+001 -4.290714187e+001 -2.5498e+000 -6.4757e-001 -1.8330e-001 +4.6394e+000 +4.4447e+000
5 +1.087585582e+001 +1.087585582e+001 -5.856414418e+001 -5.856414418e+001 -2.8935e-001 -6.6448e-001 -1.7400e+000 +2.8402e+000 -1.7127e+000
9 +6.625143009e+000 +6.625143009e+000 -6.281485699e+001 -6.281485699e+001 +1.8218e+000 +2.3862e+000 -7.9552e-001 +6.9566e-001 -4.8237e+000
34 +1.615963143e+000 +1.615963143e+000 -6.782403686e+001 -6.782403686e+001 +1.0901e+000 +1.5571e+000 +3.0011e+000 +2.3180e+000 +1.5315e-001
189 +1.260720107e+000 +1.260720107e+000 -6.817927989e+001 -6.817927989e+001 +2.2284e+000 +1.2760e-001 +4.1297e+000 +1.9991e+000 +5.0695e-001
422 +8.338952134e-001 +8.338952134e-001 -6.860610479e+001 -6.860610479e+001 +2.2648e+000 +4.1247e-001 +3.9091e+000 +2.1932e+000 +7.1266e-002
499 +3.549122854e-001 +3.549122854e-001 -6.908508771e+001 -6.908508771e+001 +1.8986e+000 +9.8745e-001 +4.1404e+000 +1.5490e+000 -5.3604e-001
845 +2.397101914e-001 +2.397101914e-001 -6.920028981e+001 -6.920028981e+001 +1.5020e+000 +7.7260e-001 +3.9731e+000 +1.6704e+000 -6.7730e-001
1038 +8.246258187e-002 +8.246258187e-002 -6.935753742e+001 -6.935753742e+001 +2.0385e+000 +9.8342e-001 +3.8295e+000 +2.1584e+000 -8.7245e-001
1268 +5.054578089e-002 +5.054578089e-002 -6.938945422e+001 -6.938945422e+001 +1.5379e+000 +7.5580e-001 +3.9385e+000 +2.0269e+000 -9.8814e-001
1525 +2.711098076e-002 +2.711098076e-002 -6.941288902e+001 -6.941288902e+001 +1.7965e+000 +8.9203e-001 +3.8299e+000 +2.0489e+000 -8.3217e-001
1575 +1.436764687e-002 +1.436764687e-002 -6.942563235e+001 -6.942563235e+001 +1.8229e+000 +9.1936e-001 +3.7854e+000 +2.0640e+000 -8.2346e-001
1761 +9.820456254e-003 +9.820456254e-003 -6.943017954e+001 -6.943017954e+001 +1.6456e+000 +8.0325e-001 +3.8408e+000 +2.0919e+000 -9.2458e-001
1955 +4.577876586e-003 +4.577876586e-003 -6.943542212e+001 -6.943542212e+001 +1.7154e+000 +8.1283e-001 +3.8208e+000 +2.0120e+000 -8.5809e-001
2191 +3.498987395e-003 +3.498987395e-003 -6.943650101e+001 -6.943650101e+001 +1.7271e+000 +7.8972e-001 +3.8216e+000 +2.0283e+000 -8.7419e-001
2251 +1.443429989e-003 +1.443429989e-003 -6.943855657e+001 -6.943855657e+001 +1.7545e+000 +7.5834e-001 +3.8031e+000 +2.0412e+000 -8.8605e-001
2668 +8.024319304e-004 +8.024319304e-004 -6.943919757e+001 -6.943919757e+001 +1.7797e+000 +7.7739e-001 +3.7947e+000 +2.0366e+000 -8.6729e-001
2774 +4.814808123e-004 +4.814808123e-004 -6.943951852e+001 -6.943951852e+001 +1.7774e+000 +7.6712e-001 +3.7882e+000 +2.0105e+000 -8.4329e-001
3123 +2.735039871e-004 +2.735039871e-004 -6.943972650e+001 -6.943972650e+001 +1.7945e+000 +7.4667e-001 +3.7812e+000 +1.9926e+000 -8.3387e-001
3243 +1.995074698e-004 +1.995074698e-004 -6.943980049e+001 -6.943980049e+001 +1.7999e+000 +7.4829e-001 +3.7802e+000 +1.9956e+000 -8.3550e-001
3300 +7.598113670e-005 +7.598113670e-005 -6.943992402e+001 -6.943992402e+001 +1.8069e+000 +7.3195e-001 +3.7795e+000 +1.9923e+000 -8.4063e-001
3778 +3.930027623e-005 +3.930027623e-005 -6.943996070e+001 -6.943996070e+001 +1.8118e+000 +7.3404e-001 +3.7778e+000 +1.9966e+000 -8.4204e-001
4319 +2.428233414e-005 +2.428233414e-005 -6.943997572e+001 -6.943997572e+001 +1.8076e+000 +7.3871e-001 +3.7803e+000 +1.9979e+000 -8.4330e-001
4855 +1.472472287e-005 +1.472472287e-005 -6.943998528e+001 -6.943998528e+001 +1.8069e+000 +7.4188e-001 +3.7813e+000 +1.9992e+000 -8.4410e-001
5148 +9.506447796e-006 +9.506447796e-006 -6.943999049e+001 -6.943999049e+001 +1.8107e+000 +7.4104e-001 +3.7799e+000 +1.9969e+000 -8.4182e-001
5619 +6.104374350e-006 +6.104374350e-006 -6.943999390e+001 -6.943999390e+001 +1.8135e+000 +7.4239e-001 +3.7784e+000 +1.9933e+000 -8.3731e-001
5934 +2.854599060e-006 +2.854599060e-006 -6.943999715e+001 -6.943999715e+001 +1.8139e+000 +7.4492e-001 +3.7789e+000 +1.9941e+000 -8.3752e-001
5970 +2.084591813e-006 +2.084591813e-006 -6.943999792e+001 -6.943999792e+001 +1.8149e+000 +7.4626e-001 +3.7791e+000 +1.9951e+000 -8.3825e-001
6191 +1.509485969e-006 +1.509485969e-006 -6.943999849e+001 -6.943999849e+001 +1.8177e+000 +7.5071e-001 +3.7789e+000 +1.9947e+000 -8.3660e-001
6582 +9.529487670e-007 +9.529487670e-007 -6.943999905e+001 -6.943999905e+001 +1.8196e+000 +7.5248e-001 +3.7785e+000 +1.9937e+000 -8.3497e-001
6598 +5.877421358e-007 +5.877421358e-007 -6.943999941e+001 -6.943999941e+001 +1.8208e+000 +7.5577e-001 +3.7785e+000 +1.9935e+000 -8.3385e-001
6644 +2.632307030e-007 +2.632307030e-007 -6.943999974e+001 -6.943999974e+001 +1.8185e+000 +7.5274e-001 +3.7788e+000 +1.9943e+000 -8.3556e-001
6866 +1.816862181e-007 +1.816862181e-007 -6.943999982e+001 -6.943999982e+001 +1.8182e+000 +7.5324e-001 +3.7789e+000 +1.9942e+000 -8.3523e-001
7406 +1.576300832e-007 +1.576300832e-007 -6.943999984e+001 -6.943999984e+001 +1.8183e+000 +7.5321e-001 +3.7789e+000 +1.9941e+000 -8.3518e-001
7553 +9.899200393e-008 +9.899200393e-008 -6.943999990e+001 -6.943999990e+001 +1.8191e+000 +7.5288e-001 +3.7786e+000 +1.9938e+000 -8.3494e-001
7972 +6.071036296e-008 +6.071036296e-008 -6.943999994e+001 -6.943999994e+001 +1.8201e+000 +7.5338e-001 +3.7784e+000 +1.9934e+000 -8.3438e-001
8089 +2.735816906e-008 +2.735816906e-008 -6.943999997e+001 -6.943999997e+001 +1.8204e+000 +7.5328e-001 +3.7782e+000 +1.9931e+000 -8.3409e-001
8108 +2.239855235e-008 +2.239855235e-008 -6.943999998e+001 -6.943999998e+001 +1.8208e+000 +7.5336e-001 +3.7781e+000 +1.9928e+000 -8.3370e-001
8134 +1.154127460e-008 +1.154127460e-008 -6.943999999e+001 -6.943999999e+001 +1.8224e+000 +7.5373e-001 +3.7776e+000 +1.9921e+000 -8.3283e-001
8156 +2.745650818e-009 +2.745650818e-009 -6.944000000e+001 -6.944000000e+001 +1.8231e+000 +7.5409e-001 +3.7774e+000 +1.9917e+000 -8.3230e-001
% function evaluation | noise-free fitness - Fopt (1.261900000000e+002) | best noise-free fitness - Fopt | measured fitness | best measured fitness | x1 | x2...
1 +3.817834635e+001 +3.817834635e+001 +1.643683464e+002 +1.643683464e+002 +3.6849e+000 +4.4469e+000 -1.9292e+000 +2.4486e+000 +4.0936e+000
3 +1.669297477e+001 +1.669297477e+001 +1.428829748e+002 +1.428829748e+002 +2.0324e+000 +4.9585e+000 +1.2043e+000 +2.2193e+000 +9.1001e-002
5 +8.439159119e+000 +8.439159119e+000 +1.346291591e+002 +1.346291591e+002 +4.0587e+000 -3.2531e+000 -4.1913e+000 +4.3620e+000 -3.0188e+000
15 +4.702634907e+000 +4.702634907e+000 +1.308926349e+002 +1.308926349e+002 +5.4777e-002 +2.9150e+000 -1.3105e+000 +1.2349e+000 -1.9628e+000
17 +1.963209405e+000 +1.963209405e+000 +1.281532094e+002 +1.281532094e+002 +2.8896e+000 -7.6837e-001 -1.1765e+000 +9.3672e-001 -1.5014e+000
155 +5.423837384e-001 +5.423837384e-001 +1.267323837e+002 +1.267323837e+002 +2.1595e+000 +2.4688e-001 -1.2647e+000 +1.8057e+000 -2.0592e+000
568 +3.610466506e-001 +3.610466506e-001 +1.265510467e+002 +1.265510467e+002 +2.5051e+000 -1.3098e-001 -1.6092e+000 +1.7685e+000 -2.0218e+000
760 +2.147140885e-001 +2.147140885e-001 +1.264047141e+002 +1.264047141e+002 +2.0746e+000 +3.5620e-001 -1.7632e+000 +1.6604e+000 -2.7196e+000
987 +9.282251192e-002 +9.282251192e-002 +1.262828225e+002 +1.262828225e+002 +1.9880e+000 +3.0971e-001 -1.9249e+000 +1.5313e+000 -2.5129e+000
1089 +5.829712162e-002 +5.829712162e-002 +1.262482971e+002 +1.262482971e+002 +2.0162e+000 +1.3640e-001 -1.7990e+000 +1.6010e+000 -2.5183e+000
1373 +2.601407356e-002 +2.601407356e-002 +1.262160141e+002 +1.262160141e+002 +2.1613e+000 +8.3740e-002 -1.7543e+000 +1.4970e+000 -2.3829e+000
1552 +1.292649956e-002 +1.292649956e-002 +1.262029265e+002 +1.262029265e+002 +2.1379e+000 +1.2193e-001 -1.8291e+000 +1.6218e+000 -2.3506e+000
1711 +8.860397756e-003 +8.860397756e-003 +1.261988604e+002 +1.261988604e+002 +2.1993e+000 +1.8218e-001 -1.8416e+000 +1.6183e+000 -2.3756e+000
1973 +3.601376214e-003 +3.601376214e-003 +1.261936014e+002 +1.261936014e+002 +2.0811e+000 +8.3102e-002 -1.8450e+000 +1.4416e+000 -2.3914e+000
2107 +2.059664530e-003 +2.059664530e-003 +1.261920597e+002 +1.261920597e+002 +2.1913e+000 +1.8915e-001 -1.8400e+000 +1.5437e+000 -2.4059e+000
2797 +1.257399662e-003 +1.257399662e-003 +1.261912574e+002 +1.261912574e+002 +2.1895e+000 +1.7942e-001 -1.8291e+000 +1.5587e+000 -2.4100e+000
3104 +9.958071546e-004 +9.958071546e-004 +1.261909958e+002 +1.261909958e+002 +2.1764e+000 +1.6605e-001 -1.8306e+000 +1.5266e+000 -2.4104e+000
3376 +5.146396285e-004 +5.146396285e-004 +1.261905146e+002 +1.261905146e+002 +2.1738e+000 +1.5813e-001 -1.8319e+000 +1.5191e+000 -2.4038e+000
3487 +2.086986823e-004 +2.086986823e-004 +1.261902087e+002 +1.261902087e+002 +2.1530e+000 +1.3542e-001 -1.8323e+000 +1.5031e+000 -2.3959e+000
3615 +1.402790241e-004 +1.402790241e-004 +1.261901403e+002 +1.261901403e+002 +2.1503e+000 +1.2637e-001 -1.8186e+000 +1.5307e+000 -2.3983e+000
3679 +2.903525078e-005 +2.903525078e-005 +1.261900290e+002 +1.261900290e+002 +2.1433e+000 +1.1965e-001 -1.8207e+000 +1.5184e+000 -2.3959e+000
3835 +1.696522388e-005 +1.696522388e-005 +1.261900170e+002 +1.261900170e+002 +2.1357e+000 +1.0652e-001 -1.8144e+000 +1.5177e+000 -2.3949e+000
9862 +1.113484969e-005 +1.113484969e-005 +1.261900111e+002 +1.261900111e+002 +2.1336e+000 +1.0917e-001 -1.8185e+000 +1.5167e+000 -2.3941e+000
9876 +8.487542971e-006 +8.487542971e-006 +1.261900085e+002 +1.261900085e+002 +2.1318e+000 +1.0874e-001 -1.8191e+000 +1.5174e+000 -2.3939e+000
10078 +4.370624310e-006 +4.370624310e-006 +1.261900044e+002 +1.261900044e+002 +2.1275e+000 +1.0055e-001 -1.8140e+000 +1.5197e+000 -2.3937e+000
10155 +3.869796373e-006 +3.869796373e-006 +1.261900039e+002 +1.261900039e+002 +2.1262e+000 +9.9107e-002 -1.8134e+000 +1.5210e+000 -2.3934e+000
10326 +8.040273087e-007 +8.040273087e-007 +1.261900008e+002 +1.261900008e+002 +2.1241e+000 +9.7549e-002 -1.8131e+000 +1.5218e+000 -2.3932e+000
11106 +6.164234492e-007 +6.164234492e-007 +1.261900006e+002 +1.261900006e+002 +2.1233e+000 +9.6719e-002 -1.8129e+000 +1.5222e+000 -2.3930e+000
11334 +2.802593571e-007 +2.802593571e-007 +1.261900003e+002 +1.261900003e+002 +2.1229e+000 +9.6383e-002 -1.8127e+000 +1.5229e+000 -2.3930e+000
11404 +2.185344954e-007 +2.185344954e-007 +1.261900002e+002 +1.261900002e+002 +2.1228e+000 +9.6388e-002 -1.8127e+000 +1.5231e+000 -2.3930e+000
11511 +1.516444144e-007 +1.516444144e-007 +1.261900002e+002 +1.261900002e+002 +2.1224e+000 +9.6115e-002 -1.8125e+000 +1.5238e+000 -2.3930e+000
11741 +8.634727067e-008 +8.634727067e-008 +1.261900001e+002 +1.261900001e+002 +2.1230e+000 +9.6905e-002 -1.8127e+000 +1.5241e+000 -2.3931e+000
11947 +5.263777325e-008 +5.263777325e-008 +1.261900001e+002 +1.261900001e+002 +2.1230e+000 +9.6809e-002 -1.8126e+000 +1.5243e+000 -2.3931e+000
12125 +2.483224648e-008 +2.483224648e-008 +1.261900000e+002 +1.261900000e+002 +2.1236e+000 +9.7300e-002 -1.8126e+000 +1.5244e+000 -2.3932e+000
12603 +1.552734830e-008 +1.552734830e-008 +1.261900000e+002 +1.261900000e+002 +2.1242e+000 +9.7820e-002 -1.8126e+000 +1.5247e+000 -2.3933e+000
12739 +6.715026757e-009 +6.715026757e-009 +1.261900000e+002 +1.261900000e+002 +2.1243e+000 +9.7904e-002 -1.8126e+000 +1.5248e+000 -2.3934e+000
