% function evaluation | noise-free fitness - Fopt (6.870000000000e+000) | best noise-free fitness - Fopt | measured fitness | best measured fitness | x1 | x2...
1 +5.632013189e+002 +5.632013189e+002 +5.700713189e+002 +5.700713189e+002 +1.1555e+001 +7.5420e+000 +1.1175e+001 +1.3029e+001 +1.0125e+001 +1.0485e+001 +1.1101e+001 +5.4382e+000 +7.0752e+000 +5.7567e+000 +5.0150e+000 +6.1111e+000 +5.6833e+000 +1.1953e+001 +5.4930e+000 +8.7725e+000 +1.4810e+001 +1.4165e+001 +7.9445e+000 +1.1568e+001
33 +3.833788063e+002 +3.833788063e+002 +3.902488063e+002 +3.902488063e+002 +1.0721e+001 +9.6320e+000 +7.3270e+000 +5.9469e+000 +9.8691e+000 +7.5331e+000 +1.4698e+001 +7.6861e+000 +7.9532e+000 +8.3655e+000 +8.5108e+000 +1.0817e+001 +9.4146e+000 +1.0685e+001 +8.4024e+000 +1.0369e+001 +6.8583e+000 +6.6441e+000 +5.3118e+000 +8.3279e+000
169 +2.211053061e+002 +2.211053061e+002 +2.279753061e+002 +2.279753061e+002 +5.0705e+000 +5.3084e+000 +2.6287e+000 +6.3880e+000 +1.1089e+001 +7.4383e+000 +8.3780e+000 -2.3269e-001 +9.4153e+000 +5.9507e+000 +1.0310e+001 +6.0340e+000 +7.4296e+000 +1.2192e+001 +8.1910e-001 +1.0080e+001 +7.3610e+000 +3.6380e+000 +8.6020e+000 +7.1232e+000
589 +1.569702286e+002 +1.569702286e+002 +1.638402286e+002 +1.638402286e+002 +5.5199e+000 +6.2808e+000 +1.0699e+001 +6.9792e+000 -5.6061e+000 +2.4438e+000 +6.7569e+000 +6.9834e+000 -7.1906e-003 +3.1334e+000 +7.0815e+000 +7.6409e+000 +1.0878e+001 +6.7526e+000 +1.0268e+001 +5.9756e+000 +5.9783e+000 +9.5530e+000 +5.2954e+000 +5.3374e+000
717 +9.177342833e+001 +9.177342833e+001 +9.864342833e+001 +9.864342833e+001 +6.1885e+000 +8.6016e+000 +4.0786e+000 +4.1818e+000 +3.5083e+000 +1.8721e-001 +6.9400e-001 -5.9957e+000 +3.2005e+000 +5.7512e+000 +8.3821e+000 +8.8967e+000 +3.3000e+000 +3.4884e+000 +4.1829e+000 +9.3988e+000 +7.4513e+000 +9.6561e-001 +6.4288e+000 +7.5910e+000
833 +2.047688508e+001 +2.047688508e+001 +2.734688508e+001 +2.734688508e+001 +2.9060e+000 +5.1888e+000 -4.6951e+000 +3.3803e+000 +5.0319e+000 -4.5208e+000 +4.4367e+000 +3.6992e+000 +6.4349e+000 +4.7172e+000 +5.5483e+000 +5.7353e+000 +7.1377e-001 +5.1279e+000 +4.9108e+000 +3.5476e+000 -1.5829e-001 +4.0521e+000 +7.2107e+000 +4.3346e+000
1569 +1.491997567e+001 +1.491997567e+001 +2.178997567e+001 +2.178997567e+001 +4.2427e+000 +2.1251e+000 -2.0795e+000 +6.3263e+000 +3.8005e+000 +4.5033e+000 +2.6504e+000 -2.1500e+000 +4.0313e+000 +4.0147e+000 +5.9348e+000 +2.4333e+000 +3.9420e+000 +5.3065e-001 +4.3389e+000 +3.2519e+000 +8.3340e-001 +6.9425e+000 +4.9613e+000 -3.2247e+000
1704 +8.936698720e+000 +8.936698720e+000 +1.580669872e+001 +1.580669872e+001 -4.9703e+000 +6.5106e+000 +5.0573e+000 +4.5427e+000 -5.1083e-002 -3.8214e+000 +2.5913e+000 +3.4699e+000 +1.3211e+000 +4.9354e+000 +4.7616e+000 -1.7034e+000 -8.3684e-001 -4.4327e+000 -1.0861e+000 +6.7226e-001 +4.4901e+000 -2.6915e+000 +3.3548e+000 -4.2712e-001
1754 +5.849815467e+000 +5.849815467e+000 +1.271981547e+001 +1.271981547e+001 +5.0432e+000 +7.8448e-001 +5.0573e+000 +3.3166e+000 -5.1083e-002 -3.8214e+000 +2.5913e+000 +7.8579e-001 +1.3211e+000 +3.6877e+000 +1.2765e+000 -1.6184e+000 -8.3684e-001 -4.4327e+000 +1.9219e+000 +6.9143e-001 +4.4901e+000 -4.1161e+000 +4.3838e+000 +3.7675e+000
% function evaluation | noise-free fitness - Fopt (1.000000000000e-002) | best noise-free fitness - Fopt | measured fitness | best measured fitness | x1 | x2...
1 +6.821471039e+002 +6.821471039e+002 +6.821571039e+002 +6.821571039e+002 +9.8041e+000 +1.4484e+001 +1.2667e+001 +1.4782e+001 +8.2722e+000 +8.0829e+000 +1.0720e+001 +5.3207e+000 +6.0354e+000 +1.2905e+001 +6.9041e+000 +1.4609e+001 +9.4803e+000 +6.0153e+000 +8.2925e+000 +1.3153e+001 +7.8101e+000 +8.9920e+000 +9.6399e+000 +1.1648e+001
3 +4.945924002e+002 +4.945924002e+002 +4.946024002e+002 +4.946024002e+002 +8.3860e+000 +9.4288e+000 +1.2888e+001 +9.7801e+000 +1.1445e+001 +1.0087e+001 +1.3487e+001 +7.9240e+000 +7.4332e+000 +1.0441e+001 +6.6577e+000 +7.1950e+000 +6.9254e+000 +6.8417e+000 +8.6121e+000 +6.1863e+000 +1.2637e+001 +1.4339e+001 +7.4385e+000 +5.9578e+000
9 +3.570582230e+002 +3.570582230e+002 +3.570682230e+002 +3.570682230e+002 +1.0850e+001 +1.0543e+001 +5.0469e+000 +1.0374e+001 +9.5200e+000 +6.3652e+000 +6.5417e+000 +5.5941e+000 +9.5966e+000 +1.1099e+001 +1.4097e+001 +7.8846e+000 +9.6351e+000 +8.5683e+000 +7.3571e+000 +9.6774e+000 +5.5248e+000 +5.4647e+000 +6.3996e+000 +5.1520e+000
350 +2.475906345e+002 +2.475906345e+002 +2.476006345e+002 +2.476006345e+002 +8.9216e+000 +1.1803e+000 +7.3107e+000 +8.2413e+000 +6.5681e+000 +3.5781e+000 +4.7485e+000 +5.0810e+000 +3.1733e+000 +9.1650e+000 +7.3790e-001 +9.8738e+000 +3.5807e+000 +1.2424e+001 +9.7330e+000 +9.2728e+000 +8.3709e+000 +6.3288e+000 +3.0999e+000 +1.2224e+001
596 +1.376585803e+002 +1.376585803e+002 +1.376685803e+002 +1.376685803e+002 +8.0422e+000 -5.0013e+000 +5.0129e+000 +8.8626e+000 +6.0315e+000 +6.6031e+000 +4.8826e+000 +7.7478e+000 +7.8957e+000 +9.0087e+000 +7.0164e+000 +2.3798e+000 +5.5607e+000 +6.1047e+000 +9.6461e-001 +1.8089e+000 +6.8522e+000 +1.1716e+001 +2.0476e+000 +7.6270e+000
732 +9.100705907e+001 +9.100705907e+001 +9.101705907e+001 +9.101705907e+001 +5.1488e+000 +6.7380e+000 +2.7423e+000 +7.5844e+000 +2.9335e+000 +9.0450e+000 +3.7347e+000 +3.7137e+000 +6.7875e+000 +5.8253e+000 +5.7310e+000 +5.3325e+000 +5.9502e+000 +8.4799e+000 +2.2044e+000 +8.5339e+000 +5.1943e+000 +6.2161e+000 +7.3891e+000 +7.1551e+000
977 +5.929221697e+001 +5.929221697e+001 +5.930221697e+001 +5.930221697e+001 +8.0776e+000 -3.9870e+000 +3.1145e+000 +7.5404e+000 +4.9556e+000 +5.8265e+000 +6.2511e+000 +7.5859e+000 +8.8197e+000 -1.6440e+000 +6.1506e-002 +5.4705e+000 +8.3267e-001 +4.0562e+000 +5.9110e+000 +4.0790e+000 +3.2954e+000 -1.8296e+000 +4.6562e+000 +3.8500e+000
1271 +3.009412557e+001 +3.009412557e+001 +3.010412557e+001 +3.010412557e+001 +4.3222e+000 +3.4853e+000 +5.7863e+000 +1.7622e+000 +6.3809e+000 +1.6570e+000 -3.8181e-001 -7.1909e-001 +3.6378e+000 +4.3381e+000 -6.2197e+000 +6.7344e-001 +6.7155e+000 +5.9911e+000 +1.5373e+000 +6.2526e+000 +1.0963e+000 +3.0279e+000 +6.9528e+000 +4.2062e+000
1378 +1.202077208e+001 +1.202077208e+001 +1.203077208e+001 +1.203077208e+001 +3.6855e+000 -4.2120e+000 +5.8058e+000 -5.2716e+000 +4.3033e+000 -2.0699e+000 +5.5560e+000 +2.7885e+000 +3.3462e+000 +4.4086e+000 +4.2708e+000 +3.9228e+000 +5.0708e+000 +2.8367e+000 +6.9241e+000 +6.4905e+000 +7.8566e-001 +3.9052e+000 +1.8005e+000 +9.8563e-001
2122 +9.732825465e+000 +9.732825465e+000 +9.742825465e+000 +9.742825465e+000 +5.4255e+000 +3.0163e+000 -2.8767e+000 +3.1039e+000 +2.9326e+000 -6.9476e-001 +4.8846e+000 +1.1766e+000 +4.2501e-001 +2.5886e+000 +3.5462e+000 -2.4938e+000 +2.8977e-002 -4.8289e+000 +8.6757e-001 +4.4587e+000 +3.3515e+000 +9.8614e-001 +3.9529e+000 +2.3782e+000
3038 +3.620309308e+000 +3.620309308e+000 +3.630309308e+000 +3.630309308e+000 +2.1299e+000 +6.7040e-001 +3.6248e+000 +1.4020e+000 +4.6198e-001 +4.7048e+000 -3.7645e+000 +3.4495e+000 +1.8176e+000 +1.0945e+000 -4.2164e-001 +1.0413e+000 +1.1844e+000 +4.8606e+000 -3.8594e+000 +8.3822e-001 +2.1395e+000 +5.2221e-001 -1.0631e+000 -3.4673e+000
% function evaluation | noise-free fitness - Fopt (-1.306100000000e+002) | best noise-free fitness - Fopt | measured fitness | best measured fitness | x1 | x2...
1 +9.508018740e+002 +9.508018740e+002 +8.201918740e+002 +8.201918740e+002 +8.1843e+000 +7.2102e+000 +1.1526e+001 +1.4112e+001 +1.4197e+001 +1.4178e+001 +8.1766e+000 +5.8527e+000 +1.4931e+001 +8.8688e+000 +1.2025e+001 +6.9371e+000 +1.4995e+001 +1.3382e+001 +1.1050e+001 +1.4822e+001 +7.5430e+000 +9.4744e+000 +1.3313e+001 +1.2183e+001
3 +5.311914444e+002 +5.311914444e+002 +4.005814444e+002 +4.005814444e+002 +8.6851e+000 +1.3430e+001 +1.0873e+001 +8.3797e+000 +6.0219e+000 +9.1927e+000 +9.5150e+000 +7.3441e+000 +9.2459e+000 +6.4421e+000 +6.2343e+000 +1.1990e+001 +6.6428e+000 +5.6471e+000 +1.4355e+001 +1.3896e+001 +1.3804e+001 +6.5820e+000 +5.6639e+000 +9.7140e+000
89 +3.333219388e+002 +3.333219388e+002 +2.027119388e+002 +2.027119388e+002 +8.3981e+000 +9.5224e+000 +1.3314e+001 +4.6942e+000 +2.4864e+000 +7.4740e+000 +6.0002e+000 +3.2709e+000 +5.5914e+000 +6.8068e+000 +5.0304e+000 +5.5930e+000 +1.1012e+001 +5.1036e+000 +5.2313e+000 +1.3186e+001 +8.5146e+000 +1.3256e+001 +7.3121e+000 +5.5607e+000
372 +2.288033792e+002 +2.288033792e+002 +9.819337918e+001 +9.819337918e+001 +7.4086e+000 +5.6969e+000 +1.4809e+000 +8.1795e+000 +6.7271e+000 +5.3155e+000 +1.1798e+001 +6.5534e+000 +6.1826e+000 +1.0762e+001 +9.8769e+000 +5.6503e+000 +4.2814e+000 +2.7599e+000 +5.2835e+000 +1.1369e+001 +7.2586e+000 +8.6469e+000 +5.3749e+000 +1.0447e+001
647 +9.875500157e+001 +9.875500157e+001 -3.185499843e+001 -3.185499843e+001 +5.3722e+000 +4.8148e+000 +9.7395e+000 +4.9584e+000 +4.6610e+000 -1.0944e+000 +4.4690e+000 +3.5553e-001 -3.0421e+000 +4.6073e+000 +3.8237e+000 +8.6539e+000 +2.3631e+000 -2.8687e+000 +8.2109e+000 +4.8345e+000 +7.9292e+000 +7.0662e+000 +9.6165e+000 +7.3764e+000
978 +6.060992347e+001 +6.060992347e+001 -7.000007653e+001 -7.000007653e+001 +6.3028e+000 +9.2425e+000 +5.5058e+000 +7.1128e+000 +2.8825e+000 -1.3856e+000 +3.4274e+000 +5.5111e+000 +5.5322e+000 +6.9709e+000 +6.7719e+000 +6.0525e+000 +6.8862e+000 +3.0268e+000 +5.9774e+000 -5.2304e-001 +5.8995e+000 +4.4241e+000 +7.8427e-001 +7.9901e+000
1309 +3.960407871e+001 +3.960407871e+001 -9.100592129e+001 -9.100592129e+001 +7.4091e+000 +5.9191e+000 +8.0872e+000 +5.8732e+000 +6.0648e+000 +1.7532e+000 -3.0836e+000 -4.2756e+000 -5.0152e-001 +5.9615e+000 -2.6613e+000 +6.8823e+000 +4.2947e+000 +1.7017e+000 +4.8043e+000 +4.5972e+000 +5.7204e+000 -7.6360e-001 +4.5907e+000 +6.4216e+000
1482 +2.222747523e+001 +2.222747523e+001 -1.083825248e+002 -1.083825248e+002 +3.7721e+000 -2.3138e+000 +2.5721e+000 +3.7533e+000 +5.3283e+000 -2.5029e+000 -2.3872e-001 +2.7751e+000 +5.9059e+000 +6.3278e+000 +3.7999e+000 +2.7049e+000 -2.2714e+000 +3.5957e+000 +2.7612e+000 +5.8008e+000 +5.7440e+000 +3.3126e+000 +2.9433e+000 +3.3826e+000
1549 +1.495073717e+001 +1.495073717e+001 -1.156592628e+002 -1.156592628e+002 +4.2248e+000 +1.2929e+000 +8.4473e-001 +3.3272e+000 +3.2629e-001 -2.9876e-001 +5.8069e-001 +1.3665e+000 -6.1132e+000 +4.4108e+000 +3.1779e+000 -2.1559e+000 +5.5001e+000 +3.6201e+000 +7.1976e+000 -3.3891e-002 -2.9901e+000 +7.8829e-001 +4.7612e+000 -4.9494e-001
1979 +9.978949124e+000 +9.978949124e+000 -1.206310509e+002 -1.206310509e+002 +5.0199e-001 -1.9351e+000 +3.4098e+000 -8.3712e-001 -3.6985e+000 +7.1981e+000 +4.8326e+000 -1.2883e+000 +2.4301e+000 +3.1513e+000 +2.6399e+000 +3.0605e+000 +3.3915e+000 +1.5835e+000 +5.2078e+000 +5.0373e+000 +9.9984e-001 +4.2272e+000 +4.9797e+000 -1.7257e+000
3805 +5.918494440e+000 +5.918494440e+000 -1.246915056e+002 -1.246915056e+002 +2.5370e+000 -3.4702e+000 -5.8698e-001 +2.3316e+000 +4.4485e+000 -2.8271e+000 +3.9767e-002 -5.5612e+000 +2.3425e+000 +5.6630e+000 +5.1176e+000 +8.0846e-001 +5.2192e+000 +3.2870e+000 +4.9042e+000 -3.8640e+000 +2.6700e+000 +1.1424e+000 -3.6905e+000 -2.0710e+000
% function evaluation | noise-free fitness - Fopt (-2.231200000000e+002) | best noise-free fitness - Fopt | measured fitness | best measured fitness | x1 | x2...
1 +5.953839028e+002 +5.953839028e+002 +3.722639028e+002 +3.722639028e+002 +1.3737e+001 +1.0800e+001 +8.7056e+000 +1.0640e+001 +1.0781e+001 +7.8564e+000 +9.8152e+000 +1.0469e+001 +5.0548e+000 +1.2169e+001 +1.3603e+001 +1.0699e+001 +5.9504e+000 +1.1101e+001 +7.6220e+000 +8.7512e+000 +8.5797e+000 +1.0912e+001 +1.2384e+001 +8.6390e+000
244 +3.861135583e+002 +3.861135583e+002 +1.629935583e+002 +1.629935583e+002 +3.0978e+000 +7.7590e+000 +1.2337e+001 +8.6412e+000 +8.1451e+000 +8.1878e+000 +5.4359e+000 +1.4244e+001 +6.0011e+000 +1.4066e+001 +8.3731e+000 +6.9026e+000 +1.0222e+001 +9.5876e+000 +6.7841e+000 +3.0714e+000 +5.0528e+000 +6.5240e+000 +1.1111e+001 +7.4362e+000
325 +2.169717389e+002 +2.169717389e+002 -6.148261128e+000 -6.148261128e+000 +7.6112e+000 +4.0704e+000 +7.1536e+000 +9.4445e+000 +8.8164e+000 +7.6705e+000 +9.0797e+000 +1.0237e+001 +5.8088e+000 +7.5141e+000 +9.0118e+000 +5.9787e+000 +3.5782e+000 +8.4763e+000 +8.0946e+000 +4.3135e+000 +6.9041e+000 +8.3738e+000 +8.6246e+000 +9.5873e+000
668 +9.349012172e+001 +9.349012172e+001 -1.296298783e+002 -1.296298783e+002 +9.6159e+000 +8.8093e+000 +4.8303e-001 +1.7891e+000 +4.7895e+000 +6.4943e+000 +9.2180e+000 +7.7446e+000 +7.1662e+000 +1.7473e-002 +5.2492e+000 +4.1450e+000 +2.0720e+000 +7.2937e+000 +1.1160e+000 +7.3110e+000 +6.0441e+000 +6.5886e+000 +5.8502e+000 +1.9516e+000
845 +5.981401572e+001 +5.981401572e+001 -1.633059843e+002 -1.633059843e+002 +2.3731e+000 +5.9477e+000 +2.0590e+000 +7.4508e+000 +1.8809e+000 +5.1645e+000 +5.1296e+000 +5.7478e+000 +5.1675e+000 +5.5926e+000 +9.4577e-001 +7.3861e+000 +7.4527e+000 +3.7985e+000 +8.1535e+000 +8.5379e+000 +7.3458e+000 -1.4233e+000 +4.5550e+000 +5.9466e+000
1096 +3.430026445e+001 +3.430026445e+001 -1.888197355e+002 -1.888197355e+002 +5.7784e+000 +4.3770e+000 +4.6997e+000 +1.7935e+000 -6.5256e-001 +7.4186e+000 -4.9036e-001 +4.3991e+000 +6.9224e+000 +6.0683e+000 +2.8984e+000 +9.3001e-002 +1.6981e+000 +5.0221e+000 +5.5268e+000 -6.8533e-001 +6.9635e+000 +1.6381e+000 +4.1941e+000 +7.1266e+000
1399 +2.471962249e+001 +2.471962249e+001 -1.984003775e+002 -1.984003775e+002 +5.2363e+000 -3.7686e+000 +1.7671e+000 +5.3549e+000 +3.0179e-001 -5.8143e-001 +5.8920e+000 +6.1651e+000 +5.1048e+000 +1.1403e+000 +2.4926e+000 +6.4969e+000 -9.7937e-001 +8.1357e+000 +5.5963e+000 -2.0771e-001 +4.7489e+000 -3.0327e+000 +1.4885e+000 +3.0465e+000
1687 +1.449845816e+001 +1.449845816e+001 -2.086215418e+002 -2.086215418e+002 +3.3748e+000 +2.5035e+000 -3.4898e+000 +3.2584e+000 -9.1005e-001 +3.2580e+000 +3.8009e+000 +2.1515e-001 +2.6058e+000 -3.4223e+000 +4.2869e+000 +2.0830e+000 +2.7553e+000 -3.2949e-001 +1.8303e+000 +3.6358e+000 +5.1254e+000 +1.8658e+000 -5.4436e+000 +2.2497e+000
1790 +8.724570895e+000 +8.724570895e+000 -2.143954291e+002 -2.143954291e+002 +3.9518e-001 -4.4433e-002 +1.0445e+000 +1.7091e+000 +9.4931e-001 +2.1273e+000 +7.3715e-001 -1.7134e+000 +5.9473e+000 +5.7741e+000 -5.4466e-001 +8.0212e-001 -1.7087e+000 +1.8203e+000 -3.1052e+000 +4.5741e+000 +4.8459e+000 +3.5416e+000 -4.0537e+000 +3.4065e+000
2552 +5.970533704e+000 +5.970533704e+000 -2.171494663e+002 -2.171494663e+002 +4.0128e+000 +4.4557e+000 -2.0706e+000 +1.3001e+000 +1.9057e+000 -3.0034e+000 +1.4968e+000 -4.4106e+000 +4.1694e+000 -2.6246e+000 -6.0730e+000 +5.9559e+000 +5.0817e+000 +4.7497e+000 -2.2681e+000 +2.3500e+000 +4.8735e+000 +2.8367e+000 -3.0319e-001 +4.8639e+000
3764 +3.498902969e+000 +3.498902969e+000 -2.196210970e+002 -2.196210970e+002 +9.4310e-002 +2.6011e+000 +4.6857e+000 -5.2762e-001 -4.6165e+000 +1.5202e+000 +1.8048e+000 -4.7201e+000 -1.4911e+000 -2.5738e+000 +1.2154e+000 +2.5721e-001 -5.0491e+000 +1.2520e+000 -1.5803e+000 +2.5045e+000 +2.3011e+000 -2.5571e+000 -2.1493e+000 +5.2995e+000
% function evaluation | noise-free fitness - Fopt (-4.443000000000e+001) | best noise-free fitness - Fopt | measured fitness | best measured fitness | x1 | x2...
1 +6.756655582e+002 +6.756655582e+002 +6.312355582e+002 +6.312355582e+002 +8.0478e+000 +1.2749e+001 +1.4667e+001 +9.2997e+000 +7.0359e+000 +5.0793e+000 +1.1613e+001 +1.2814e+001 +1.3642e+001 +9.9481e+000 +1.2668e+001 +1.2424e+001 +1.4103e+001 +9.9867e+000 +9.5399e+000 +6.7900e+000 +5.0468e+000 +8.1358e+000 +9.0134e+000 +6.9470e+000
5 +5.145643089e+002 +5.145643089e+002 +4.701343089e+002 +4.701343089e+002 +1.1859e+001 +6.2125e+000 +8.1159e+000 +8.2487e+000 +7.0814e+000 +7.5991e+000 +1.4748e+001 +8.7902e+000 +5.1671e+000 +5.3193e+000 +1.2590e+001 +1.4824e+001 +7.0959e+000 +1.1316e+001 +9.8155e+000 +1.0215e+001 +7.9307e+000 +7.2742e+000 +1.0452e+001 +1.0046e+001
36 +3.764079189e+002 +3.764079189e+002 +3.319779189e+002 +3.319779189e+002 +1.3848e+001 +1.1378e+001 +1.1041e+001 +8.1331e+000 +5.1272e+000 +5.1641e+000 +9.3823e+000 +7.7277e+000 +7.6556e+000 +7.9826e+000 +9.3891e+000 +6.0454e+000 +8.2470e+000 +6.9875e+000 +6.2411e+000 +9.4962e+000 +1.4863e+001 +5.4945e+000 +6.6398e+000 +6.1271e+000
210 +2.491497974e+002 +2.491497974e+002 +2.047197974e+002 +2.047197974e+002 +5.6111e+000 +1.1570e+001 +2.1051e+000 +6.8098e+000 +7.6485e+000 +8.7899e+000 +1.0334e+001 +7.9022e+000 +7.0378e+000 +5.5568e+000 +8.9515e+000 +8.0684e+000 +5.9685e+000 +2.8915e+000 +1.2603e+001 +5.2826e+000 +8.6388e+000 +7.0796e+000 +5.4592e+000 +9.4085e+000
584 +1.342723892e+002 +1.342723892e+002 +8.984238921e+001 +8.984238921e+001 -4.0430e+000 +4.8440e+000 +7.3867e+000 +7.0981e+000 +5.3252e+000 +5.1619e+000 -1.9847e+000 +8.7221e+000 +7.7182e+000 +9.2698e+000 +6.3970e+000 +3.1824e+000 +6.4445e+000 +4.2623e+000 -1.2045e+000 +1.5507e+000 +9.0015e+000 +6.2955e+000 +1.0804e+001 +9.2213e+000
778 +9.255547365e+001 +9.255547365e+001 +4.812547365e+001 +4.812547365e+001 +1.0779e-002 -6.9548e-002 +4.0860e+000 +4.6887e+000 +1.2434e+000 +1.4389e+000 +1.3710e+000 +4.0909e-001 +5.5249e+000 +2.7246e+000 +2.3583e+000 +1.0876e+001 +7.5268e+000 +2.3695e+000 +1.0558e+001 +3.7673e+000 +5.9141e+000 +6.2288e+000 +2.5998e+000 +3.8515e+000
909 +6.239757864e+001 +6.239757864e+001 +1.796757864e+001 +1.796757864e+001 +5.3523e+000 +5.2513e+000 +4.4787e+000 -1.5297e+000 +4.5062e+000 +4.1759e+000 +2.9764e+000 +6.7750e+000 +5.5950e+000 +8.5431e+000 -3.6229e+000 +5.4150e+000 +5.1327e+000 +6.1193e+000 -1.9459e+000 -5.3426e+000 +1.0429e+001 +4.5739e+000 +6.3163e+000 +6.4617e+000
1209 +3.342457214e+001 +3.342457214e+001 -1.100542786e+001 -1.100542786e+001 +1.5127e+000 +8.9396e+000 +4.4787e+000 -1.5297e+000 +1.5626e+000 +5.5363e+000 +2.9764e+000 +2.6447e+000 +3.2377e+000 +6.5632e+000 -3.6229e+000 +5.4150e+000 +5.1327e+000 +6.1193e+000 -1.9459e+000 -5.3426e+000 +9.5058e-001 +2.0619e+000 +2.7013e+000 +1.3341e+000
1335 +2.469265550e+001 +2.469265550e+001 -1.973734450e+001 -1.973734450e+001 +1.1778e+000 +2.6452e+000 +6.8627e+000 +5.8336e+000 -7.2737e+000 +5.9058e+000 +2.2401e+000 +4.9238e+000 +4.8290e+000 +2.9658e+000 +1.4767e+000 +8.1820e-001 +3.5664e+000 +4.7460e+000 +2.7117e+000 +3.3681e+000 +2.0224e+000 +1.4163e+000 +4.6640e-001 +6.6385e+000
1503 +1.530217104e+001 +1.530217104e+001 -2.912782896e+001 -2.912782896e+001 -8.5507e-001 +4.7079e+000 +4.0856e+000 +5.7154e+000 +4.2460e+000 +2.3291e+000 -2.3089e+000 +6.0129e+000 +6.5324e+000 -4.0406e+000 +2.1387e+000 +3.2269e+000 +2.9001e+000 +3.5531e+000 -3.0377e+000 -1.6942e+000 +5.4747e+000 +5.5990e+000 +4.5103e+000 +4.7414e+000
1899 +9.627008244e+000 +9.627008244e+000 -3.480299176e+001 -3.480299176e+001 +3.4449e+000 +5.6041e-001 +5.0605e+000 +3.2098e+000 +8.2290e-001 +4.8836e+000 -4.0240e+000 +4.7709e+000 +3.8520e+000 +4.4026e+000 -1.0965e+000 +5.4784e+000 -2.0486e-001 +1.7826e+000 +5.6202e+000 +3.7294e+000 +4.2605e+000 -6.5196e+000 +4.4316e+000 +4.9005e+000
2802 +5.019152767e+000 +5.019152767e+000 -3.941084723e+001 -3.941084723e+001 +3.6636e+000 -2.5185e+000 +4.6607e+000 -2.3675e+000 -5.9039e-001 +5.4354e+000 -2.0222e+000 +1.4567e+000 +1.7715e+000 +5.5603e+000 -5.7209e-001 +3.0278e+000 -1.8341e+000 +3.5341e+000 +2.5058e+000 +4.9519e+000 +3.3594e+000 -1.5959e+000 -3.7607e+000 +4.4036e+000
3697 +3.870451530e+000 +3.870451530e+000 -4.055954847e+001 -4.055954847e+001 -1.9979e-001 +1.5810e+000 +4.7366e+000 -1.7164e-001 -5.5579e-001 -3.8560e+000 +3.5728e+000 -1.5796e+000 +2.6238e+000 +5.7784e+000 +4.1027e+000 +4.7403e+000 +5.0203e+000 +2.4879e+000 -2.1572e-001 -9.9568e-001 +2.9468e-002 +4.5982e+000 -4.6192e+000 +1.9159e+000
% function evaluation | noise-free fitness - Fopt (1.994000000000e+001) | best noise-free fitness - Fopt | measured fitness | best measured fitness | x1 | x2...
1 +7.868306379e+002 +7.868306379e+002 +8.067706379e+002 +8.067706379e+002 +1.0174e+001 +1.0704e+001 +1.2368e+001 +1.2790e+001 +7.3000e+000 +7.9937e+000 +5.7495e+000 +8.2308e+000 +7.3264e+000 +1.2701e+001 +1.4230e+001 +1.4730e+001 +7.6389e+000 +1.0113e+001 +1.3088e+001 +1.1322e+001 +7.1158e+000 +8.4156e+000 +1.3358e+001 +1.4464e+001
3 +6.289346119e+002 +6.289346119e+002 +6.488746119e+002 +6.488746119e+002 +5.1992e+000 +6.8245e+000 +1.3484e+001 +1.4122e+001 +1.0056e+001 +6.2603e+000 +1.0793e+001 +1.2431e+001 +9.0021e+000 +1.1640e+001 +1.1644e+001 +5.8287e+000 +5.8577e+000 +6.7303e+000 +1.2052e+001 +1.1103e+001 +6.7104e+000 +1.2210e+001 +1.3784e+001 +8.1695e+000
117 +3.733300792e+002 +3.733300792e+002 +3.932700792e+002 +3.932700792e+002 +3.6243e+000 +1.2888e+001 +1.2537e+001 +8.9740e+000 +6.4444e+000 +7.5546e+000 +1.0534e+001 +6.1434e+000 +8.8004e+000 +6.3072e+000 +6.8688e+000 +1.0608e+001 +9.4111e+000 +8.9821e+000 +5.6037e+000 +1.1278e+001 +1.1268e+001 +7.9961e+000 +8.1159e+000 +4.0382e+000
293 +2.288060502e+002 +2.288060502e+002 +2.487460502e+002 +2.487460502e+002 +1.0883e+000 +1.0084e+001 +1.0721e+001 +5.6584e+000 +9.4523e+000 +1.0461e+001 +8.5527e+000 +5.9297e+000 +4.8092e+000 +1.0276e+001 +7.4730e+000 +8.9133e+000 +5.5183e+000 +6.5859e+000 +8.2663e+000 +6.9875e+000 +7.1412e+000 +9.0310e+000 +4.2031e+000 +2.9561e+000
537 +1.303722415e+002 +1.303722415e+002 +1.503122415e+002 +1.503122415e+002 +7.7648e+000 +7.1256e+000 +3.3071e+000 +3.2592e+000 +3.4978e+000 +8.7015e+000 +4.0700e+000 +7.7807e+000 +6.8070e+000 +6.0931e+000 +7.7154e+000 +1.1383e+001 +7.6525e+000 +8.1206e+000 +8.1282e+000 +3.3685e+000 +4.5344e+000 +3.5821e+000 +4.4754e+000 +2.6798e+000
728 +7.997502054e+001 +7.997502054e+001 +9.991502054e+001 +9.991502054e+001 +2.1662e-003 +7.8174e+000 +8.1911e+000 -1.1868e+000 +4.1738e+000 +8.6529e+000 +7.6399e+000 +5.0001e+000 +5.9030e+000 +4.7322e+000 +7.5951e+000 +1.0835e+000 +6.9528e+000 +6.5062e+000 +7.2708e+000 +7.0205e+000 +5.8749e+000 +6.3013e-002 +4.1311e+000 +7.3051e+000
877 +4.893087915e+001 +4.893087915e+001 +6.887087915e+001 +6.887087915e+001 +6.5637e+000 +7.3341e+000 +7.3787e+000 +2.5065e+000 +5.1530e+000 +6.1384e+000 +5.3286e+000 +3.6613e+000 +5.7204e+000 +4.4107e+000 +5.7982e+000 -5.4416e+000 +8.2809e+000 +4.9191e+000 +5.2254e+000 +7.9225e+000 +3.3223e+000 +2.0306e+000 +3.5502e+000 +4.8433e-001
1004 +3.429325965e+001 +3.429325965e+001 +5.423325965e+001 +5.423325965e+001 +2.0594e+000 +4.6827e+000 +4.1718e+000 -1.0876e-001 +5.6921e+000 +7.5446e+000 +4.1496e+000 +5.2628e+000 +5.7385e+000 +2.9833e+000 +4.1246e+000 +6.8501e+000 +9.9687e-001 +5.1205e+000 +4.2221e+000 -2.4050e-001 +3.2632e+000 -7.2995e-001 +7.2868e+000 -4.2559e+000
1433 +2.208920345e+001 +2.208920345e+001 +4.202920345e+001 +4.202920345e+001 +5.2480e+000 +3.6087e+000 +3.6782e+000 +4.1866e+000 +3.5986e+000 +8.2591e+000 -2.2760e+000 +5.4578e+000 +4.4711e+000 +1.2194e+000 -1.6289e+000 -6.7697e+000 +1.8523e+000 +4.1421e+000 +3.9310e+000 +5.7537e+000 -4.6212e-001 -3.8237e+000 +3.4682e+000 -1.3322e+000
1533 +1.417813388e+001 +1.417813388e+001 +3.411813388e+001 +3.411813388e+001 +5.2480e+000 +3.6087e+000 +3.6782e+000 +4.1866e+000 +3.5986e+000 +5.2133e+000 +1.9582e+000 +6.3634e+000 +4.4711e+000 +1.2194e+000 +5.1404e+000 +5.7647e+000 +1.8523e+000 +3.4754e-001 +3.9310e+000 +5.7537e+000 -4.6212e-001 -3.8237e+000 +3.4682e+000 -1.3322e+000
1683 +9.845864001e+000 +9.845864001e+000 +2.978586400e+001 +2.978586400e+001 +5.2480e+000 +3.6087e+000 +1.3462e+000 +5.0837e+000 +3.5986e+000 +5.2133e+000 +1.4034e+000 +6.3634e+000 +4.4711e+000 +2.3413e+000 +5.1404e+000 +4.9410e+000 -4.5845e+000 +3.4754e-001 +3.9310e+000 +5.7537e+000 -4.6212e-001 -3.8237e+000 +2.4082e+000 -1.3322e+000
1749 +5.491778888e+000 +5.491778888e+000 +2.543177889e+001 +2.543177889e+001 -1.2099e+000 +4.4548e+000 +2.4628e+000 +2.9847e+000 +3.0182e+000 +5.1566e+000 +4.3901e+000 +4.3347e+000 +5.0479e+000 +2.5412e+000 +3.5310e+000 +3.6854e+000 +1.9701e+000 +1.5685e+000 +4.4180e+000 +7.7765e-001 +8.8171e-001 -3.3113e+000 +3.9741e+000 -3.2055e+000
% function evaluation | noise-free fitness - Fopt (2.047400000000e+002) | best noise-free fitness - Fopt | measured fitness | best measured fitness | x1 | x2...
1 +7.444592757e+002 +7.444592757e+002 +9.491992757e+002 +9.491992757e+002 +1.2457e+001 +1.1880e+001 +7.2087e+000 +8.6594e+000 +9.5459e+000 +1.3557e+001 +1.2585e+001 +9.7778e+000 +7.4487e+000 +6.3682e+000 +6.3607e+000 +1.0907e+001 +1.3866e+001 +9.9016e+000 +1.0964e+001 +6.8471e+000 +1.4784e+001 +1.4829e+001 +6.3703e+000 +1.2069e+001
4 +3.338033633e+002 +3.338033633e+002 +5.385433633e+002 +5.385433633e+002 +9.5145e+000 +8.3393e+000 +7.1962e+000 +8.5530e+000 +7.2937e+000 +5.9465e+000 +8.6834e+000 +8.9491e+000 +6.9597e+000 +6.0779e+000 +7.8253e+000 +7.4873e+000 +9.6299e+000 +1.3386e+001 +1.1887e+001 +9.7061e+000 +1.0938e+001 +7.7722e+000 +8.8292e+000 +5.6559e+000
294 +2.458595027e+002 +2.458595027e+002 +4.505995027e+002 +4.505995027e+002 +7.2463e+000 +7.5101e+000 +5.1541e+000 +1.0285e+001 +6.8751e+000 +1.7517e+000 +6.3253e+000 +7.2196e+000 +6.9555e+000 +3.2829e+000 +6.2056e+000 +8.8018e+000 +1.0733e+001 +1.1642e+001 +3.8128e+000 +7.4882e+000 +4.6933e+000 +1.1313e+001 +1.1248e+001 +5.4070e+000
399 +1.521238699e+002 +1.521238699e+002 +3.568638699e+002 +3.568638699e+002 +8.5632e+000 +8.6706e+000 -1.1130e+000 +9.7111e+000 +3.3489e+000 +6.8121e+000 +6.5334e+000 +4.8367e+000 +5.0319e+000 +7.7854e+000 -7.3326e-001 +8.2639e+000 +7.2057e+000 +5.1121e+000 +4.7940e+000 +5.6988e+000 +1.1677e+001 +2.7389e+000 +8.2695e+000 +6.8844e+000
561 +9.271676294e+001 +9.271676294e+001 +2.974567629e+002 +2.974567629e+002 +8.9276e+000 +7.7546e+000 +6.6905e+000 +9.4062e+000 -1.5441e-001 +4.0981e-001 +5.4957e+000 +5.9068e+000 +6.5714e+000 +7.1382e+000 -2.5439e-001 +8.7754e+000 +1.3709e+000 +4.5707e+000 +5.6325e-001 +7.9198e+000 +6.0110e+000 +3.4975e+000 +7.7875e+000 +4.7120e+000
846 +3.324357937e+001 +3.324357937e+001 +2.379835794e+002 +2.379835794e+002 +3.1577e+000 +1.7970e+000 +8.6396e+000 +6.6496e+000 +4.8276e+000 -3.2943e+000 +4.8309e+000 -1.6388e+000 +6.0360e+000 +2.5999e+000 +4.1904e+000 +3.9384e+000 +3.3964e+000 +5.0686e+000 +1.8618e+000 +3.4795e+000 +4.9994e-001 -5.3977e+000 +5.6030e+000 -2.4100e+000
1470 +2.410680697e+001 +2.410680697e+001 +2.288468070e+002 +2.288468070e+002 -1.4223e+000 +4.7675e+000 -6.5300e+000 +2.4175e+000 -4.0934e+000 +3.7702e+000 +5.2238e+000 +3.7885e+000 +5.6792e+000 +3.7702e-001 +3.2516e+000 +7.1013e+000 +2.2553e+000 -5.0611e+000 -4.0425e+000 +3.3653e+000 -2.9020e+000 +3.5740e+000 +3.5650e+000 +3.0851e+000
1584 +1.419958872e+001 +1.419958872e+001 +2.189395887e+002 +2.189395887e+002 +1.9703e+000 +1.0142e+000 -2.3389e-001 -1.2686e-001 -3.6680e+000 -4.6577e+000 +5.6759e+000 -1.0094e+000 +1.6172e+000 +4.6243e+000 +6.7410e+000 -1.4827e+000 +7.5327e-001 +2.9162e+000 -2.2704e+000 +2.8215e+000 +6.0047e+000 +5.0286e+000 +1.9847e+000 +3.3730e+000
1932 +9.276268673e+000 +9.276268673e+000 +2.140162687e+002 +2.140162687e+002 -4.8246e-001 +5.4568e+000 -1.8010e+000 +4.4304e+000 +2.5825e+000 +9.8679e-001 +3.2119e+000 +3.4530e+000 +3.1363e+000 +1.3265e+000 +1.5648e+000 +5.2542e+000 +1.9577e+000 +1.5747e+000 -4.3739e-001 +1.7720e+000 +1.6805e+000 +3.4894e+000 +3.7054e+000 +5.7943e+000
3116 +5.302981348e+000 +5.302981348e+000 +2.100429813e+002 +2.100429813e+002 -3.2606e+000 +3.3920e+000 +3.1822e+000 +1.7376e+000 -1.5792e+000 +2.0149e+000 +2.5699e+000 -3.2339e+000 +4.2721e+000 -1.3675e+000 +2.4856e+000 -3.6158e-001 +5.2451e+000 -1.6767e+000 +3.2869e+000 +2.6001e+000 -3.8222e+000 -4.0860e+000 -1.1285e+000 -6.1553e-001
% function evaluation | noise-free fitness - Fopt (-3.887700000000e+002) | best noise-free fitness - Fopt | measured fitness | best measured fitness | x1 | x2...
1 +8.676102966e+002 +8.676102966e+002 +4.788402966e+002 +4.788402966e+002 +9.8422e+000 +1.0788e+001 +1.0969e+001 +1.3433e+001 +1.0356e+001 +9.9885e+000 +8.7234e+000 +1.2097e+001 +6.9093e+000 +1.4912e+001 +5.7364e+000 +1.4912e+001 +1.3349e+001 +1.3338e+001 +9.3217e+000 +6.8117e+000 +7.7903e+000 +1.0314e+001 +1.4168e+001 +1.4271e+001
4 +4.464408801e+002 +4.464408801e+002 +5.767088014e+001 +5.767088014e+001 +1.4662e+001 +5.6153e+000 +8.4775e+000 +7.5857e+000 +6.2503e+000 +7.0647e+000 +8.6463e+000 +5.6418e+000 +8.4015e+000 +6.0521e+000 +8.6016e+000 +1.1214e+001 +1.3796e+001 +5.1562e+000 +7.4896e+000 +1.3502e+001 +1.0389e+001 +1.1704e+001 +6.6355e+000 +5.7863e+000
103 +3.974340841e+002 +3.974340841e+002 +8.664084147e+000 +8.664084147e+000 +1.3252e+001 +6.2668e+000 +6.7013e+000 +1.1561e+001 +3.9484e+000 +1.0722e+001 +6.3028e+000 +6.7316e+000 +5.3488e+000 +8.6808e+000 +1.2389e+001 +8.8317e+000 +1.6171e+001 +3.2364e+000 +9.0943e+000 +4.8856e+000 +3.9212e+000 +6.1353e+000 +2.9560e+000 +6.9769e+000
206 +2.474920950e+002 +2.474920950e+002 -1.412779050e+002 -1.412779050e+002 +7.5445e+000 +5.6776e+000 +1.2238e+001 +9.9183e+000 +8.2174e+000 +1.1352e+001 +9.0919e+000 +7.6416e+000 -1.3333e+000 +8.9512e+000 +3.0938e+000 +6.8479e+000 +6.3746e+000 +8.1787e+000 +6.4537e+000 +6.6095e+000 +1.0489e+001 -1.6611e+000 +3.2386e+000 +6.4591e+000
582 +1.281660696e+002 +1.281660696e+002 -2.606039304e+002 -2.606039304e+002 +6.8014e+000 +4.1369e-001 +7.7799e+000 +6.0374e+000 -5.4465e+000 +1.0668e+001 -3.9072e-001 +4.3451e+000 +6.4318e-001 +7.5680e+000 +2.0499e+000 +6.7456e+000 +5.0064e+000 +6.1377e+000 +7.3964e+000 +1.5119e+000 +5.8863e+000 +1.1969e+001 +5.6110e+000 +7.2726e+000
660 +9.609201461e+001 +9.609201461e+001 -2.926779854e+002 -2.926779854e+002 +5.0129e+000 +6.6111e+000 +2.8873e+000 +3.0565e+000 +7.0670e+000 +9.3913e+000 -2.7826e-001 +6.5142e+000 +2.6787e+000 +6.2068e+000 +6.0186e+000 +9.2941e+000 +8.1055e+000 +6.3116e+000 +7.4673e+000 +7.9187e+000 +3.7897e+000 +6.1360e+000 +4.3761e+000 +3.4995e+000
990 +6.146273750e+001 +6.146273750e+001 -3.273072625e+002 -3.273072625e+002 -4.4188e+000 +6.6199e+000 +4.2285e+000 +6.6365e+000 -1.7081e+000 +3.7243e+000 -3.9131e-001 +5.4757e-001 +3.6050e+000 +6.0837e+000 +5.7332e+000 +5.7796e+000 +5.3125e+000 +6.9155e+000 +8.2172e+000 +8.2191e+000 +7.3796e+000 +3.9638e-001 -1.7500e+000 -2.3595e+000
1023 +3.486372711e+001 +3.486372711e+001 -3.539062729e+002 -3.539062729e+002 +5.0749e+000 +6.3027e+000 +3.7511e+000 +5.2696e+000 +6.9627e+000 +4.0900e+000 -2.5405e+000 +2.9963e+000 +3.3321e+000 +4.6056e+000 -1.7673e+000 +6.2909e+000 +1.5475e+000 +3.1572e+000 +6.7256e+000 +3.1350e+000 +8.7091e+000 -7.8341e-001 +7.7316e-001 +2.4686e+000
1381 +2.196364314e+001 +2.196364314e+001 -3.668063569e+002 -3.668063569e+002 +5.4146e+000 +3.7571e-001 +4.7862e+000 +3.9161e+000 -2.7985e+000 +2.8098e+000 +3.6518e-002 +4.0824e-001 +3.2221e+000 +6.3124e+000 +5.9658e+000 +5.9175e+000 -1.0791e+000 +2.1063e+000 +5.7275e+000 +6.3062e+000 +7.4470e+000 +5.7518e+000 +2.6047e+000 +4.2446e+000
1859 +8.997743169e+000 +8.997743169e+000 -3.797722568e+002 -3.797722568e+002 +4.6057e-001 +3.6066e+000 +2.6694e+000 +3.6659e+000 +5.8635e-001 +4.2620e+000 +3.9325e-002 -1.2566e+000 +2.9873e+000 +5.1842e+000 +5.5502e+000 +3.2790e+000 -6.6882e-001 +7.0842e-001 +9.9348e-001 +9.7244e-001 +4.0708e+000 -2.8420e+000 +5.6032e+000 +2.8495e-001
3387 +6.065748503e+000 +6.065748503e+000 -3.827042515e+002 -3.827042515e+002 +2.6274e+000 -1.1570e+000 -4.4298e+000 +4.4614e+000 +3.6673e+000 +4.3966e+000 +6.0790e-001 +3.8184e+000 +3.7937e+000 +3.8388e+000 +1.2913e+000 -1.9084e+000 -3.9102e-001 +4.9846e+000 +7.4756e-002 -4.5820e+000 +1.9062e+000 -3.4316e+000 -1.6607e+000 +1.9422e-001
% function evaluation | noise-free fitness - Fopt (-1.918000000000e+001) | best noise-free fitness - Fopt | measured fitness | best measured fitness | x1 | x2...
1 +6.365383893e+002 +6.365383893e+002 +6.173583893e+002 +6.173583893e+002 +7.2287e+000 +1.0002e+001 +1.4971e+001 +7.1242e+000 +5.2480e+000 +9.4823e+000 +7.5030e+000 +1.0076e+001 +1.3195e+001 +6.8575e+000 +9.0521e+000 +9.3303e+000 +5.4731e+000 +8.1527e+000 +1.1314e+001 +1.3946e+001 +1.3910e+001 +1.4599e+001 +8.4990e+000 +8.1199e+000
3 +5.750810538e+002 +5.750810538e+002 +5.559010538e+002 +5.559010538e+002 +6.3964e+000 +8.0465e+000 +9.7862e+000 +5.7949e+000 +1.0331e+001 +1.4351e+001 +1.2763e+001 +8.4378e+000 +5.9689e+000 +1.0805e+001 +6.9243e+000 +1.3436e+001 +5.3324e+000 +7.1160e+000 +1.3283e+001 +6.6474e+000 +8.1976e+000 +1.0727e+001 +1.3428e+001 +1.1569e+001
69 +3.627912569e+002 +3.627912569e+002 +3.436112569e+002 +3.436112569e+002 +1.2336e+001 +8.1455e+000 +8.0992e+000 +6.9682e+000 +1.4628e+001 +7.5637e+000 +6.5812e+000 +5.6491e+000 +6.4100e+000 +6.0974e+000 +4.3064e+000 +2.0243e+000 +6.9252e+000 +2.5601e+000 +1.1974e+001 +8.8559e+000 +1.1003e+001 +1.0774e+001 +1.1005e+001 +6.0877e+000
292 +2.458303643e+002 +2.458303643e+002 +2.266503643e+002 +2.266503643e+002 +5.6337e+000 +6.5437e+000 +1.0410e+001 +3.5236e+000 +7.8425e+000 +4.8920e+000 +8.7300e+000 +3.7699e+000 +8.9311e+000 +3.9466e+000 +7.7561e+000 +1.2091e+001 +4.4070e+000 +8.2375e+000 +8.1854e+000 +9.3552e+000 +6.0785e+000 +1.2711e+001 +7.9445e+000 +2.8893e+000
450 +1.288059081e+002 +1.288059081e+002 +1.096259081e+002 +1.096259081e+002 +9.7380e+000 +5.6093e+000 +6.3340e+000 +8.6361e+000 +4.9347e+000 +9.1581e-001 +6.2500e+000 +8.3639e+000 +5.2417e+000 +7.6142e+000 +5.3221e+000 +1.0564e+001 +1.8457e+000 +6.2889e+000 +6.4150e+000 +6.3114e+000 +3.8947e+000 +4.8496e+000 +8.9723e+000 +6.6121e+000
681 +9.037076064e+001 +9.037076064e+001 +7.119076064e+001 +7.119076064e+001 +6.6159e+000 +1.5160e+000 +3.9665e+000 +5.0294e-001 +8.3914e+000 -2.5978e-002 +1.1719e+001 +4.2982e+000 +2.6707e-001 +3.2209e-001 +6.7142e+000 +7.9330e+000 +7.0143e+000 +2.9261e+000 +5.0347e+000 +6.0457e+000 -1.0623e+000 +5.4824e-001 +3.5535e+000 +7.3707e+000
819 +3.508843890e+001 +3.508843890e+001 +1.590843890e+001 +1.590843890e+001 +2.2077e+000 -2.3908e+000 +7.7204e+000 +2.2857e+000 +1.5344e+000 +5.8177e+000 +7.0167e+000 +5.6491e+000 +6.4100e+000 +5.0384e+000 -1.9189e-001 +6.8136e+000 +5.6225e+000 +4.8403e+000 +1.9947e+000 +6.3635e+000 -2.1663e+000 +6.2242e+000 +5.6618e+000 +5.6854e+000
1335 +1.848033988e+001 +1.848033988e+001 -6.996601170e-001 -6.996601170e-001 -4.1724e+000 -2.6772e+000 +5.3125e+000 -2.7198e+000 +4.2095e+000 +6.2808e+000 +4.2666e+000 +2.5279e+000 +2.5555e+000 +4.0783e+000 +4.7515e+000 +1.3764e+000 +5.0041e+000 +7.0761e+000 -5.6458e+000 +4.0670e+000 +1.2445e-001 +5.1932e-001 -2.8235e+000 +5.6107e+000
1677 +1.217179309e+001 +1.217179309e+001 -7.008206915e+000 -7.008206915e+000 +5.9863e+000 -5.8351e+000 +3.3282e+000 -4.1248e+000 -1.8151e+000 +2.0742e+000 +4.4561e+000 +5.2263e+000 +4.5508e+000 +6.5537e+000 +5.7324e+000 +2.2205e+000 -4.7177e+000 +1.3069e+000 -4.0644e+000 +3.6542e+000 -4.3868e+000 +1.6059e-001 -3.3863e+000 +3.1865e+000
2028 +8.612203382e+000 +8.612203382e+000 -1.056779662e+001 -1.056779662e+001 +1.7943e+000 -1.2374e+000 +5.2116e+000 -2.9638e-001 +1.8307e+000 -1.9942e+000 +6.1756e+000 +2.7105e+000 +4.1377e+000 +2.9510e+000 +3.4249e+000 +5.0198e+000 +5.6748e+000 +3.9591e+000 +6.1905e+000 +3.8546e+000 -2.3676e+000 +5.7144e+000 +4.1221e+000 +4.8332e+000
2688 +6.083081228e+000 +6.083081228e+000 -1.309691877e+001 -1.309691877e+001 +2.4256e+000 +1.5479e-001 +3.9813e+000 -3.3780e+000 +2.7472e+000 -4.0865e+000 +2.2201e+000 +4.5999e+000 +1.3409e+000 +1.5655e+000 +6.2476e+000 +3.3091e+000 -1.0584e+000 +2.7756e+000 -3.3486e+000 +5.4972e+000 +5.6530e-001 +4.3421e+000 -1.1876e+000 +5.3053e+000
% function evaluation | noise-free fitness - Fopt (-3.724500000000e+002) | best noise-free fitness - Fopt | measured fitness | best measured fitness | x1 | x2...
1 +7.048416587e+002 +7.048416587e+002 +3.323916587e+002 +3.323916587e+002 +1.0597e+001 +1.3652e+001 +1.1481e+001 +7.4311e+000 +1.2673e+001 +6.3130e+000 +1.0580e+001 +6.3295e+000 +9.8987e+000 +6.9085e+000 +9.0266e+000 +1.4063e+001 +7.7297e+000 +1.2528e+001 +1.2472e+001 +9.7328e+000 +8.5348e+000 +1.4536e+001 +1.3263e+001 +5.5159e+000
5 +5.581745821e+002 +5.581745821e+002 +1.857245821e+002 +1.857245821e+002 +7.1443e+000 +5.6996e+000 +6.6656e+000 +7.3217e+000 +8.3150e+000 +6.0139e+000 +5.9993e+000 +6.7488e+000 +1.2673e+001 +1.3232e+001 +5.3263e+000 +1.2619e+001 +1.2558e+001 +1.0617e+001 +1.3710e+001 +7.3053e+000 +1.3630e+001 +1.1273e+001 +8.6623e+000 +9.7796e+000
37 +3.885309944e+002 +3.885309944e+002 +1.608099439e+001 +1.608099439e+001 +5.7464e+000 +5.1741e+000 +1.3211e+001 +1.1974e+001 +1.1234e+001 +8.3385e+000 +8.4588e+000 +6.5909e+000 +7.6355e+000 +8.1184e+000 +6.5007e+000 +8.9107e+000 +5.3729e+000 +1.1612e+001 +1.3915e+001 +5.9842e+000 +9.6443e+000 +6.0027e+000 +7.9794e+000 +6.6808e+000
414 +2.201163009e+002 +2.201163009e+002 -1.523336991e+002 -1.523336991e+002 +3.8292e+000 +1.1937e+001 +7.9098e+000 +3.8573e+000 +8.4340e+000 +6.4091e+000 +1.1466e+001 +8.5578e+000 +5.2907e+000 +1.1198e+001 +6.4110e+000 +1.7516e+000 +6.7184e+000 +8.0129e+000 +6.5243e+000 +2.3477e+000 +1.0083e+001 +5.7161e+000 +3.3908e+000 +1.4016e+000
533 +1.426431326e+002 +1.426431326e+002 -2.298068674e+002 -2.298068674e+002 +8.4417e+000 +5.7103e+000 +9.8420e+000 +6.7248e+000 +3.1991e+000 +2.9435e+000 +1.2659e+001 +5.6527e+000 -4.1044e+000 +7.9355e+000 +4.5561e+000 +7.7842e+000 +1.8649e+000 +5.8881e+000 +4.2722e+000 +9.1067e-001 +7.6624e+000 +5.0047e+000 +2.9110e+000 +6.1491e+000
751 +9.807297058e+001 +9.807297058e+001 -2.743770294e+002 -2.743770294e+002 -1.2284e+000 +9.1805e+000 +4.9925e+000 +1.0672e+001 +1.2899e+000 +3.0742e+000 +8.8901e+000 +8.4582e+000 +5.7645e+000 +3.7152e+000 +6.5863e+000 +1.6397e+000 +5.3387e+000 +3.0220e-001 +7.3201e+000 +3.2460e+000 +6.8078e+000 +2.7321e+000 +5.5131e+000 +2.6955e+000
888 +6.127894151e+001 +6.127894151e+001 -3.111710585e+002 -3.111710585e+002 +3.9358e+000 +5.1640e+000 +4.9961e+000 +6.2147e+000 +7.1451e+000 +7.2205e+000 +4.3023e+000 -5.3215e-001 +5.6793e+000 +9.5771e-001 +4.2788e+000 +7.9363e+000 +3.3960e+000 +8.7109e+000 +4.6200e+000 +4.2602e+000 +2.0217e-001 +3.0448e+000 +2.5941e+000 +6.9366e+000
1222 +3.211967494e+001 +3.211967494e+001 -3.403303251e+002 -3.403303251e+002 +6.5303e+000 +5.2647e+000 +2.3435e+000 +8.9037e-001 +3.1559e+000 +2.0381e+000 +6.3520e+000 +2.1375e+000 +2.7934e+000 +2.7925e+000 +7.3438e+000 +7.4840e+000 +7.9218e-001 +6.3447e-001 +7.3770e+000 +2.1739e+000 -1.2421e+000 -1.6457e+000 +5.4727e+000 +3.9486e-001
1365 +1.581254753e+001 +1.581254753e+001 -3.566374525e+002 -3.566374525e+002 +6.7835e+000 +2.0161e+000 +4.2615e+000 -3.3557e-001 +1.8320e+000 +3.1395e+000 +5.7090e+000 -1.1411e+000 -4.0141e-001 +7.5291e-001 +7.7151e+000 +5.0552e+000 +2.7315e+000 +3.1143e+000 +3.2401e+000 +5.0246e+000 +4.2818e-001 +5.8159e+000 -4.7670e+000 -1.2879e+000
2036 +7.953169782e+000 +7.953169782e+000 -3.644968302e+002 -3.644968302e+002 +6.1106e+000 +1.4350e-001 +8.5288e-001 +5.2041e-001 -4.3247e+000 +5.2640e+000 +1.1018e+000 +4.5113e+000 +2.8595e+000 +3.6899e+000 -1.6663e+000 +5.2005e+000 +3.5156e+000 +9.7499e-001 +1.7798e+000 -7.3665e-001 -9.8734e-001 +5.1025e+000 +3.0171e+000 +3.2128e+000
2797 +6.185362397e+000 +6.185362397e+000 -3.662646376e+002 -3.662646376e+002 +1.9206e+000 -1.1228e+000 +6.2614e+000 +6.4634e-001 -6.7407e-001 +2.0558e+000 +4.7133e+000 +3.1960e+000 +4.3683e+000 +2.0931e-001 +5.2110e+000 +4.7753e+000 -4.1108e+000 +3.1149e+000 +2.6040e+000 +4.4753e+000 +6.2738e+000 +4.1709e+000 +3.4400e+000 +2.5002e+000
4132 +3.591767208e+000 +3.591767208e+000 -3.688582328e+002 -3.688582328e+002 -1.6953e-003 -3.4441e-001 +1.2249e+000 +4.0431e+000 -2.1460e+000 +2.9841e+000 +5.0838e-001 +4.6350e+000 -6.2834e-001 +9.8998e-001 +2.4443e+000 +1.5609e+000 +2.0788e+000 -2.0830e+000 +2.6505e+000 -4.6849e+000 -4.4836e-001 +1.0182e+000 +3.3772e+000 -3.8858e+000
% function evaluation | noise-free fitness - Fopt (8.450000000000e+000) | best noise-free fitness - Fopt | measured fitness | best measured fitness | x1 | x2...
1 +5.437425639e+002 +5.437425639e+002 +5.521925639e+002 +5.521925639e+002 +1.3519e+001 +9.5813e+000 +5.5933e+000 +1.0537e+001 +6.1578e+000 +1.1138e+001 +1.1052e+001 +1.0943e+001 +5.1727e+000 +1.0868e+001 +9.5834e+000 +1.0994e+001 +5.9758e+000 +8.0157e+000 +8.6622e+000 +1.4146e+001 +9.9837e+000 +7.6361e+000 +1.3120e+001 +5.7615e+000
47 +3.872998731e+002 +3.872998731e+002 +3.957498731e+002 +3.957498731e+002 +8.8401e+000 +1.0513e+001 +9.5825e+000 +6.5752e+000 +7.9247e+000 +9.7628e+000 +6.3931e+000 +7.6065e+000 +1.0890e+001 +6.9670e+000 +1.1550e+001 +6.1362e+000 +9.6729e+000 +8.4451e+000 +7.4781e+000 +6.9038e+000 +9.9403e+000 +1.1692e+001 +1.2472e+001 +7.9399e+000
435 +1.984852983e+002 +1.984852983e+002 +2.069352983e+002 +2.069352983e+002 +5.6048e+000 +1.8052e+000 +5.9975e+000 +5.2450e+000 +1.0061e+001 +9.4715e+000 +4.3410e+000 +6.6135e+000 +5.5441e+000 +6.1443e+000 +6.5933e+000 +6.0786e+000 +7.3589e+000 +8.7979e+000 +4.9898e+000 +6.6247e+000 +5.4714e+000 +1.3070e+001 +7.9050e+000 +1.0372e+001
552 +1.526761725e+002 +1.526761725e+002 +1.611261725e+002 +1.611261725e+002 +5.8433e+000 +3.3427e+000 -2.2700e+000 +2.6876e+000 +5.1037e+000 +6.4705e+000 +5.5680e+000 +8.1653e+000 +1.0454e+001 +9.8994e+000 +9.1158e-001 +4.2575e+000 +5.9758e+000 +4.0867e+000 +5.0154e+000 +4.3367e+000 +3.3360e+000 +1.0111e+001 +1.0894e+001 +8.7903e+000
617 +9.508132338e+001 +9.508132338e+001 +1.035313234e+002 +1.035313234e+002 +7.7795e+000 +4.6184e+000 +5.1953e+000 -4.4199e-001 +7.4057e+000 +9.7412e+000 -3.4475e+000 +6.2274e+000 +7.0050e+000 +8.0747e+000 +4.2804e+000 +3.8841e+000 -9.4686e-001 +3.3715e+000 +5.5573e+000 +5.4598e+000 +3.9823e+000 +9.2177e+000 +8.0567e+000 +3.2030e+000
942 +5.160832944e+001 +5.160832944e+001 +6.005832944e+001 +6.005832944e+001 +4.4336e+000 +4.6121e+000 +3.4147e+000 +1.3275e+000 +6.4944e+000 +7.4842e+000 -4.6203e+000 +2.4457e+000 +5.6519e+000 +6.6398e+000 +3.5057e+000 +1.6315e+000 +5.9154e+000 +2.0653e+000 +8.5594e+000 +5.1900e+000 +4.1906e+000 +5.5475e+000 +7.7781e+000 +6.0990e+000
1186 +3.455200987e+001 +3.455200987e+001 +4.300200987e+001 +4.300200987e+001 +5.1163e+000 -8.9237e-001 +7.4761e+000 -2.3817e-001 +7.1186e+000 +3.2898e+000 +1.7052e+000 +2.1287e+000 +3.1649e+000 +6.8612e+000 +5.8030e+000 +2.1311e+000 +5.1028e+000 +1.9579e+000 +6.9405e+000 +5.6648e+000 +3.4604e+000 +6.0701e+000 +6.2513e+000 +6.5088e+000
1316 +1.710316196e+001 +1.710316196e+001 +2.555316196e+001 +2.555316196e+001 +3.2918e+000 +1.5527e+000 +3.5080e+000 -2.6190e+000 -2.2812e-001 +5.4435e+000 +5.3294e+000 +5.8134e+000 +2.3114e+000 +3.0484e+000 +2.6210e+000 +4.7876e+000 +4.8897e+000 +3.3779e+000 +6.3637e+000 -2.6008e+000 +1.1054e+000 +3.5607e+000 +6.9683e+000 +4.8294e+000
1639 +1.376943722e+001 +1.376943722e+001 +2.221943722e+001 +2.221943722e+001 +2.3375e+000 +4.7508e+000 +1.6806e+000 +3.4823e+000 +3.7510e+000 -4.4806e+000 -4.4660e-001 +4.7744e+000 +1.0693e+000 +3.5877e+000 +4.8584e+000 +2.7435e+000 +2.3002e+000 +8.2296e+000 +2.7429e+000 +1.5323e+000 -2.1329e+000 +4.3893e+000 +3.2632e+000 +5.1262e+000
2112 +9.976080475e+000 +9.976080475e+000 +1.842608047e+001 +1.842608047e+001 +2.1274e+000 -3.6938e+000 +5.1540e+000 -1.8303e+000 -1.9772e+000 +1.8719e-001 +3.5347e+000 +5.3217e+000 +3.2482e+000 +5.1399e+000 -3.4903e-001 +1.5235e+000 +1.7125e+000 +5.2547e+000 +4.8245e+000 +4.3379e-001 -2.5962e-001 +2.0891e+000 +1.3414e+000 +5.3272e+000
3013 +6.043227211e+000 +6.043227211e+000 +1.449322721e+001 +1.449322721e+001 +2.7072e+000 -1.5104e+000 +6.3453e-001 +2.1851e+000 +5.3607e+000 +2.1979e+000 +1.7384e+000 +5.3861e+000 +4.0163e+000 -1.6522e-001 -5.0727e+000 +2.3844e+000 +1.7931e+000 +1.1185e+000 +5.0420e+000 +2.1022e+000 +4.7608e-001 +3.2034e+000 -3.4155e+000 +3.3731e+000
% function evaluation | noise-free fitness - Fopt (1.184000000000e+001) | best noise-free fitness - Fopt | measured fitness | best measured fitness | x1 | x2...
1 +6.561928707e+002 +6.561928707e+002 +6.680328707e+002 +6.680328707e+002 +1.4360e+001 +1.3558e+001 +6.7853e+000 +8.5320e+000 +1.2731e+001 +1.4835e+001 +1.3469e+001 +8.8438e+000 +8.9042e+000 +8.9175e+000 +9.3867e+000 +7.2689e+000 +9.9261e+000 +8.2762e+000 +9.2571e+000 +8.3049e+000 +6.0767e+000 +1.2581e+001 +6.8694e+000 +1.1509e+001
3 +5.719854456e+002 +5.719854456e+002 +5.838254456e+002 +5.838254456e+002 +8.0339e+000 +6.4611e+000 +1.4935e+001 +5.4470e+000 +1.1317e+001 +1.4552e+001 +9.9777e+000 +6.2516e+000 +1.4262e+001 +1.0877e+001 +5.9470e+000 +1.0180e+001 +8.2017e+000 +9.9529e+000 +9.0577e+000 +1.2506e+001 +6.2878e+000 +5.1547e+000 +5.5333e+000 +1.0897e+001
164 +3.899627577e+002 +3.899627577e+002 +4.018027577e+002 +4.018027577e+002 +7.9121e+000 +9.9813e+000 +9.9360e+000 +5.9431e+000 +1.2275e+001 +6.0596e+000 +7.8760e+000 +1.2909e+001 +1.0350e+001 +6.2655e+000 +4.2556e+000 +7.3958e+000 +1.3734e+001 +8.6887e+000 +9.0705e+000 +1.0091e+001 +8.4687e+000 +8.0326e+000 +1.0173e+000 +6.9128e+000
472 +2.464123493e+002 +2.464123493e+002 +2.582523493e+002 +2.582523493e+002 +1.2856e+001 +5.5905e+000 +8.2946e+000 +6.3595e+000 +3.6281e+000 +5.3173e+000 +3.0184e+000 +7.7651e+000 +8.6509e+000 +7.8287e+000 +2.1478e+000 +6.0910e+000 +9.6715e+000 +7.4821e+000 +7.1495e+000 +1.1931e+001 +7.7278e+000 +5.1303e+000 +7.8706e+000 +1.0901e+001
535 +1.363916793e+002 +1.363916793e+002 +1.482316793e+002 +1.482316793e+002 +6.2736e+000 +3.6393e+000 +8.8737e+000 +5.3988e+000 +4.7150e+000 +7.5348e+000 +7.1987e+000 +7.4265e+000 +6.7790e+000 +3.1664e+000 +6.1816e+000 +7.5641e+000 +7.7913e+000 +4.6403e+000 +7.0802e+000 +3.6092e+000 +1.0893e+001 +8.7317e+000 +7.8891e+000 +6.6894e+000
776 +9.689368232e+001 +9.689368232e+001 +1.087336823e+002 +1.087336823e+002 +1.1261e+001 +2.2314e+000 +2.7677e+000 +2.4304e+000 +5.0279e+000 +4.7341e+000 +7.8573e+000 +9.9797e+000 +4.3015e+000 +7.0921e+000 +2.9989e-001 +5.7576e+000 +2.2256e+000 +2.5386e+000 +7.3143e+000 +4.8952e+000 +4.6301e+000 +1.5995e+000 +2.5956e+000 +3.6127e+000
1001 +5.245412239e+001 +5.245412239e+001 +6.429412239e+001 +6.429412239e+001 +3.4481e+000 +3.5441e+000 +5.8440e+000 +6.5742e+000 +2.0279e+000 +3.8322e+000 +4.1964e-001 +7.6116e+000 +4.7947e+000 +4.6358e-001 +2.9088e+000 +9.9110e+000 -6.6380e-001 +5.4741e+000 +3.4625e+000 +4.7856e+000 +2.6779e+000 +6.3493e+000 +1.9736e+000 +5.8665e+000
1200 +3.635020711e+001 +3.635020711e+001 +4.819020711e+001 +4.819020711e+001 +5.3120e+000 +7.0907e+000 +2.9299e+000 +2.2470e+000 -2.5426e+000 +9.0801e-001 +8.3596e-001 +7.6557e+000 +5.0950e+000 -1.0222e+000 +2.7836e+000 +3.8646e+000 +6.2980e+000 +2.7116e+000 +2.6966e+000 -4.5714e-002 +4.7522e+000 -7.2006e-002 +1.8758e-001 +1.2836e+000
1375 +1.684813204e+001 +1.684813204e+001 +2.868813204e+001 +2.868813204e+001 +1.6609e+000 +5.5531e+000 +5.2312e+000 +5.0464e+000 -4.0552e+000 +1.3668e+000 +4.4303e+000 +4.7382e+000 -6.9611e-001 +1.4420e+000 +4.1664e+000 +4.2693e+000 +1.7488e+000 +4.5642e+000 +3.8111e+000 -2.1602e-001 +5.3886e+000 +4.6828e+000 +5.6578e+000 +2.4051e-001
1969 +1.515710983e+001 +1.515710983e+001 +2.699710983e+001 +2.699710983e+001 +5.0721e+000 +4.9201e-001 +1.2044e+000 +3.4837e+000 -4.2179e+000 -1.8652e+000 -4.3951e-002 +5.4441e+000 +6.3537e+000 +5.7577e+000 +1.5036e+000 -1.3692e-001 +4.1534e+000 +2.4918e+000 +4.0815e+000 -1.2241e+000 +2.7503e+000 +2.6328e+000 -1.1059e+000 -2.4125e+000
2780 +9.365420590e+000 +9.365420590e+000 +2.120542059e+001 +2.120542059e+001 -5.5144e+000 -7.6876e-001 +4.5409e+000 -4.3324e+000 +3.2357e+000 -2.0670e+000 +4.8826e-001 +2.8006e+000 -3.0657e+000 -8.1653e-001 +2.8887e+000 -1.4203e+000 -4.2219e+000 +3.6467e+000 +5.6002e+000 +3.7899e+000 +2.1623e+000 +4.6798e+000 +2.7718e+000 +1.3094e+000
2813 +5.553180175e+000 +5.553180175e+000 +1.739318017e+001 +1.739318017e+001 +4.1274e+000 -7.0599e-001 +3.8277e+000 +5.8350e+000 +3.2876e+000 -3.5102e+000 -2.3714e+000 +4.8749e-001 -2.0597e+000 -1.9815e+000 +5.4259e+000 +1.3123e+000 +1.3018e+000 +1.5162e+000 +3.6295e+000 -2.1604e+000 +5.5796e-001 +2.5927e+000 +4.8627e+000 +2.4351e+000
% function evaluation | noise-free fitness - Fopt (1.581200000000e+002) | best noise-free fitness - Fopt | measured fitness | best measured fitness | x1 | x2...
1 +7.655141819e+002 +7.655141819e+002 +9.236341819e+002 +9.236341819e+002 +6.2073e+000 +8.9549e+000 +1.0533e+001 +1.4380e+001 +5.1816e+000 +1.4242e+001 +1.4517e+001 +5.7888e+000 +8.6887e+000 +6.4549e+000 +1.1050e+001 +9.5292e+000 +5.5295e+000 +6.9536e+000 +1.0069e+001 +5.1017e+000 +1.4983e+001 +1.4819e+001 +1.4782e+001 +1.1715e+001
3 +5.229447357e+002 +5.229447357e+002 +6.810647357e+002 +6.810647357e+002 +6.0714e+000 +9.7526e+000 +1.4272e+001 +9.2907e+000 +7.1355e+000 +7.1441e+000 +1.1668e+001 +8.5735e+000 +1.3565e+001 +1.0761e+001 +9.6565e+000 +1.1047e+001 +6.0355e+000 +6.2516e+000 +9.1501e+000 +7.8127e+000 +7.6709e+000 +1.0384e+001 +7.5163e+000 +1.4171e+001
74 +3.737277452e+002 +3.737277452e+002 +5.318477452e+002 +5.318477452e+002 +8.9328e+000 +1.1073e+001 +1.2332e+001 +6.8374e+000 +1.2313e+001 +5.4142e+000 +1.0126e+001 +5.8599e+000 +5.4388e+000 +6.0504e+000 +1.2682e+001 +2.6881e+000 +1.0006e+001 +1.1305e+001 +7.5641e+000 +8.4220e+000 +5.1870e+000 +9.3354e+000 +7.0930e+000 +7.7110e+000
344 +2.503940178e+002 +2.503940178e+002 +4.085140178e+002 +4.085140178e+002 -1.4020e-001 +6.5751e+000 +6.6519e+000 +5.7999e+000 +1.2934e+001 +1.0995e+001 +1.1134e+001 +6.7691e+000 +7.2490e+000 +5.1484e+000 +7.1503e+000 +2.1640e+000 +1.0230e+001 +2.2070e+000 +8.8468e+000 +7.3370e+000 +6.1260e+000 +9.7749e+000 +7.4793e+000 +5.8178e+000
618 +1.422531196e+002 +1.422531196e+002 +3.003731196e+002 +3.003731196e+002 +7.5776e+000 +4.5521e-001 +2.7230e+000 +8.1037e+000 +5.4574e+000 +9.3485e+000 +5.1468e+000 +5.8900e+000 +6.9208e+000 +5.4805e+000 +9.8501e+000 +8.6717e+000 +9.2217e+000 +6.1041e+000 +7.3022e+000 +9.0331e+000 +6.3068e+000 +7.3319e+000 +5.3583e+000 +2.8210e+000
757 +9.187235563e+001 +9.187235563e+001 +2.499923556e+002 +2.499923556e+002 +5.5140e+000 +1.0204e-001 +3.7268e+000 +6.2170e+000 +1.0381e+000 +4.8067e+000 +8.3041e+000 +9.7843e+000 +4.1497e+000 +3.9528e+000 +2.3115e+000 +8.0540e+000 +3.9185e+000 +3.7993e+000 +2.9007e+000 +3.2138e+000 +6.1597e+000 +1.0517e+001 -2.5317e-001 +6.8192e+000
845 +6.228970863e+001 +6.228970863e+001 +2.204097086e+002 +2.204097086e+002 +2.3894e+000 +3.4876e+000 +6.6478e+000 +1.0749e+000 -6.9497e-001 +7.5769e+000 +3.8693e+000 -5.6075e+000 +7.7051e+000 +5.2175e+000 -1.3978e+000 +5.8888e+000 +5.1367e+000 +7.8950e+000 +6.8341e+000 +5.2782e+000 +4.6548e+000 +8.7014e+000 +7.2625e+000 +3.5730e+000
1184 +3.880403405e+001 +3.880403405e+001 +1.969240341e+002 +1.969240341e+002 +2.7229e+000 +5.6943e+000 +6.3536e+000 +2.9895e+000 -3.4887e+000 +3.5528e+000 -2.7969e-001 -2.3258e-001 +2.0323e+000 +3.1429e+000 +1.1842e+000 +9.5139e+000 +3.2005e+000 +5.7836e+000 +4.4736e+000 -5.4250e-001 +4.8783e+000 +7.6114e+000 +2.3749e+000 +3.6849e+000
1467 +1.628625304e+001 +1.628625304e+001 +1.744062530e+002 +1.744062530e+002 -4.2687e+000 -8.5561e-001 +4.2530e+000 +4.7360e+000 -4.5211e-001 +3.6737e+000 +5.3519e+000 +6.4265e+000 +6.6358e+000 +4.0646e+000 -6.8408e-001 +6.1028e+000 +1.8189e+000 +1.4985e+000 -2.2806e+000 +2.3526e+000 +2.3895e+000 +6.2144e+000 -1.8217e+000 +2.4302e-001
1547 +1.584835700e+001 +1.584835700e+001 +1.739683570e+002 +1.739683570e+002 -3.1873e-001 -1.0475e+000 +4.5568e+000 +3.6474e-001 +5.6618e-001 +3.3419e+000 -1.8581e+000 +3.0318e+000 +3.7151e+000 +2.0450e+000 +7.4105e+000 +2.6815e+000 +2.7203e+000 +5.1754e-001 +5.6737e+000 -2.5914e+000 +4.4122e+000 -4.4126e+000 +5.7767e+000 +4.1544e+000
1808 +9.209339803e+000 +9.209339803e+000 +1.673293398e+002 +1.673293398e+002 -3.2940e+000 +1.0947e+000 -8.3907e-001 -2.4100e+000 +2.1308e+000 +1.0696e+000 +2.6732e+000 -3.5347e+000 +3.4602e+000 -9.9847e-002 -2.6932e+000 +4.7042e+000 +6.2327e+000 -9.3503e-001 +4.4652e+000 +1.1104e+000 +5.3592e+000 -5.5040e+000 +4.2738e+000 -2.9565e+000
3764 +4.612807973e+000 +4.612807973e+000 +1.627328080e+002 +1.627328080e+002 +2.2726e+000 -4.9472e+000 +4.0031e-001 -3.0592e+000 +5.5711e+000 +1.1960e+000 +1.6039e+000 +2.2603e+000 +1.2919e+000 -2.3360e+000 -1.0085e+000 -1.0954e-001 -2.2722e-001 +2.1858e+000 +1.9228e+000 -4.1740e+000 +1.6785e+000 +4.2270e+000 -9.1630e-001 -1.9105e+000
% function evaluation | noise-free fitness - Fopt (-1.021200000000e+002) | best noise-free fitness - Fopt | measured fitness | best measured fitness | x1 | x2...
1 +6.538823948e+002 +6.538823948e+002 +5.517623948e+002 +5.517623948e+002 +1.4793e+001 +1.2530e+001 +1.1593e+001 +9.9699e+000 +1.0315e+001 +5.7618e+000 +5.7273e+000 +1.1640e+001 +1.2875e+001 +9.0459e+000 +1.1697e+001 +6.5569e+000 +1.1023e+001 +1.1089e+001 +9.8005e+000 +5.4838e+000 +1.4703e+001 +1.0602e+001 +6.4540e+000 +6.3396e+000
8 +5.438150817e+002 +5.438150817e+002 +4.416950817e+002 +4.416950817e+002 +1.2684e+001 +6.4951e+000 +7.6231e+000 +1.2379e+001 +6.5215e+000 +1.2217e+001 +1.4746e+001 +5.8251e+000 +5.5180e+000 +1.0105e+001 +1.0867e+001 +1.1502e+001 +9.9636e+000 +7.8257e+000 +8.9617e+000 +6.1464e+000 +6.6528e+000 +5.4809e+000 +1.1724e+001 +1.2387e+001
16 +3.853450347e+002 +3.853450347e+002 +2.832250347e+002 +2.832250347e+002 +1.3522e+001 +5.4743e+000 +5.7572e+000 +8.8669e+000 +1.2756e+001 +8.5180e+000 +1.0781e+001 +7.6867e+000 +8.4349e+000 +6.0186e+000 +5.8111e+000 +7.0903e+000 +5.1824e+000 +8.9798e+000 +1.0135e+001 +1.3448e+001 +7.1375e+000 +9.1904e+000 +9.5224e+000 +5.8655e+000
266 +1.786849300e+002 +1.786849300e+002 +7.656493001e+001 +7.656493001e+001 +1.3522e+001 +5.4743e+000 +3.1919e+000 +8.8669e+000 +8.9255e+000 +8.5180e+000 +6.0824e+000 +7.6867e+000 +8.4349e+000 +5.2322e+000 +5.8111e+000 +7.0903e+000 +5.1824e+000 +8.9798e+000 +7.2329e+000 +2.5926e+000 -2.4155e+000 +6.1394e+000 +3.1746e+000 +5.8655e+000
469 +1.151854066e+002 +1.151854066e+002 +1.306540657e+001 +1.306540657e+001 +7.8230e+000 +6.7578e+000 +6.0787e+000 +4.1916e+000 +3.0711e+000 +2.1320e+000 +8.2178e+000 +3.7659e+000 +5.8047e+000 -3.1665e+000 +1.0641e+000 +1.0217e+001 +3.6967e+000 +5.9878e+000 +6.3543e+000 +9.9369e+000 +8.3605e+000 +6.9003e+000 -3.5971e-001 +6.2996e+000
621 +8.038765067e+001 +8.038765067e+001 -2.173234933e+001 -2.173234933e+001 +7.8237e+000 +2.6004e+000 -5.3883e-001 +7.6602e+000 +8.0733e+000 +5.7427e+000 +5.9467e+000 +6.7945e+000 +6.7158e+000 +6.4189e+000 +7.6609e+000 +2.0077e+000 +6.6883e+000 +3.9701e+000 +5.8370e+000 -2.9958e+000 -3.3279e-001 +7.3211e+000 -1.0872e+000 +5.7427e+000
922 +5.257727218e+001 +5.257727218e+001 -4.954272782e+001 -4.954272782e+001 +5.2648e+000 +8.7557e+000 +4.4468e+000 +5.0988e+000 +4.3053e+000 +3.6159e+000 +2.5528e+000 +3.5008e+000 +7.2338e+000 -5.3206e+000 -9.9320e-002 +5.9982e+000 +1.9755e+000 +6.3065e+000 +8.0583e+000 -9.7217e-001 -2.7710e+000 +6.1902e+000 +5.5982e+000 +3.9267e+000
1195 +3.733505816e+001 +3.733505816e+001 -6.478494184e+001 -6.478494184e+001 +6.2752e+000 -1.7279e+000 +4.1438e+000 +1.0085e+000 +4.5503e+000 +5.7605e+000 +6.5448e+000 +8.6485e+000 +5.7501e+000 -3.8818e+000 +4.7523e+000 +3.6978e+000 -1.1886e+000 +2.6221e+000 +9.4868e-001 +6.3991e+000 +3.6001e+000 +2.4837e+000 +2.9760e+000 +2.7851e+000
1434 +2.252866370e+001 +2.252866370e+001 -7.959133630e+001 -7.959133630e+001 +7.0309e+000 +3.8579e+000 +1.3517e+000 +4.3459e+000 -4.5346e+000 +2.5278e+000 +3.2947e+000 +1.2457e+000 +5.2432e+000 +3.5243e+000 -4.7843e-001 +5.2089e+000 +2.3663e+000 +6.5320e+000 +2.0669e-001 +3.4141e+000 +2.9746e+000 +3.0218e+000 -1.7132e+000 +6.5194e+000
1787 +1.567531397e+001 +1.567531397e+001 -8.644468603e+001 -8.644468603e+001 +7.3087e+000 +8.2819e-001 +4.4682e+000 +2.1952e+000 +2.4719e+000 +4.8373e+000 -4.3422e+000 +3.3561e+000 -8.0572e-001 +2.5158e+000 +1.4301e+000 +2.1229e+000 +5.2570e+000 +3.2052e+000 +2.8808e+000 +3.1535e+000 +4.2243e+000 +1.3078e+000 -3.0424e+000 +2.9091e+000
2094 +9.926215588e+000 +9.926215588e+000 -9.219378441e+001 -9.219378441e+001 +5.5737e+000 -9.9195e-002 -2.6174e+000 -6.1262e-001 +3.4894e+000 +2.5002e-001 +2.5667e+000 +2.7180e-003 +2.6896e+000 -2.6537e+000 +1.1521e+000 -4.8399e-001 +7.8993e-001 -5.9910e-001 -2.7910e-001 -3.0314e+000 +1.1794e-001 -2.0635e+000 +6.3351e+000 +1.1042e+000
2598 +5.778585694e+000 +5.778585694e+000 -9.634141431e+001 -9.634141431e+001 -9.8973e-001 +3.6556e+000 +2.8941e+000 +5.0688e+000 +9.5581e-001 +2.2812e+000 -2.8526e+000 +1.8190e+000 -2.3642e+000 +4.9555e+000 -4.2020e+000 -5.2820e-001 -1.0916e+000 +3.7177e+000 +3.0617e+000 +5.1834e-001 +1.2930e+000 +2.4507e+000 +1.4831e+000 -2.8297e+000
5030 +3.696248627e+000 +3.696248627e+000 -9.842375137e+001 -9.842375137e+001 +3.3123e+000 +3.9701e+000 +5.6395e-001 +1.0944e+000 +1.4119e+000 +1.1321e+000 +5.2110e+000 -1.7407e+000 +3.6194e+000 +4.1862e+000 -2.4581e+000 -3.3362e+000 -4.7380e+000 -4.5519e+000 -9.5537e-002 +1.3239e+000 +2.8803e+000 -2.0691e+000 -1.7491e+000 +9.4566e-001
% function evaluation | noise-free fitness - Fopt (-8.798000000000e+001) | best noise-free fitness - Fopt | measured fitness | best measured fitness | x1 | x2...
1 +6.304378256e+002 +6.304378256e+002 +5.424578256e+002 +5.424578256e+002 +6.5553e+000 +5.6960e+000 +1.3566e+001 +1.2064e+001 +1.4334e+001 +5.7352e+000 +1.2051e+001 +8.2647e+000 +1.2655e+001 +5.9912e+000 +7.9684e+000 +1.1500e+001 +1.2643e+001 +5.3403e+000 +1.1990e+001 +8.8830e+000 +1.2602e+001 +5.9785e+000 +1.1697e+001 +8.4457e+000
91 +3.628617088e+002 +3.628617088e+002 +2.748817088e+002 +2.748817088e+002 +8.5828e+000 +9.6453e+000 +7.0757e+000 +5.1429e+000 +8.1213e+000 +4.3929e+000 +1.0247e+001 +6.8729e+000 +1.1409e+001 +6.2018e+000 +4.6525e+000 +1.1194e+001 +1.1002e+001 +6.8136e+000 +9.2551e+000 +1.4767e+001 +5.8720e+000 +6.5210e+000 +8.2608e+000 +9.5637e+000
356 +2.432616304e+002 +2.432616304e+002 +1.552816304e+002 +1.552816304e+002 +7.7990e+000 +8.0053e+000 +3.3532e+000 +7.1416e+000 +6.5747e+000 +8.9076e+000 +7.8639e+000 +6.6183e+000 +6.9506e+000 +5.1618e+000 +9.9311e+000 +1.0280e+001 +9.2322e+000 +1.1459e+001 +4.7898e+000 +9.6034e+000 +2.0880e+000 +7.0153e+000 +1.1254e+001 +5.8226e+000
532 +1.567130655e+002 +1.567130655e+002 +6.873306546e+001 +6.873306546e+001 +8.2550e+000 +6.5568e+000 +6.0662e+000 +1.2623e+001 +5.1913e+000 +8.7065e+000 +5.6416e+000 +6.4309e+000 +5.7816e+000 +5.6538e+000 +5.8807e+000 +9.2844e+000 +6.9349e+000 +6.3187e+000 +7.5208e+000 +7.0932e+000 +7.7506e+000 +7.7318e+000 +6.9101e+000 -1.1961e+000
659 +9.386727206e+001 +9.386727206e+001 +5.887272058e+000 +5.887272058e+000 +8.8662e+000 +5.8669e+000 +8.6249e+000 +6.0693e+000 +8.9111e+000 +6.4282e+000 +5.8967e+000 +6.5793e+000 +8.4419e+000 +3.2028e+000 +6.1478e+000 +6.4584e+000 +2.3336e+000 +1.7378e+000 -1.3764e+000 +6.9897e+000 -6.4503e-001 +2.2351e+000 +4.3445e+000 +2.5853e+000
951 +4.928080147e+001 +4.928080147e+001 -3.869919853e+001 -3.869919853e+001 +7.8791e+000 +6.3335e+000 +3.4497e+000 +4.3229e+000 +3.7845e+000 +2.5846e+000 -1.7930e+000 +5.8510e+000 +7.4958e+000 +2.9907e+000 +2.1922e+000 +7.7372e+000 +5.2016e+000 -5.1982e-001 -1.0015e+000 +8.3274e+000 +4.8111e+000 +8.4886e-001 +4.0699e+000 +2.2514e+000
1194 +3.879164427e+001 +3.879164427e+001 -4.918835573e+001 -4.918835573e+001 +2.1536e+000 +7.3915e-001 +1.1289e+000 +3.8591e+000 +6.7144e+000 +3.2109e+000 +4.8254e+000 +6.2185e+000 +4.9973e+000 +2.4240e+000 -8.8059e-001 +4.6603e+000 +1.9116e+000 +8.0955e+000 +6.9932e+000 +8.0043e+000 +4.4718e+000 +3.2210e+000 +2.6600e+000 +2.2152e+000
1366 +1.440773098e+001 +1.440773098e+001 -7.357226902e+001 -7.357226902e+001 -1.0234e+000 +3.8187e+000 -3.9975e+000 +4.9772e+000 -1.6514e+000 +8.6050e-001 +4.2309e+000 +3.9721e+000 +3.2110e+000 -2.1205e+000 +5.8111e+000 +3.5644e+000 +7.2944e-001 +5.5541e+000 +5.9081e+000 +4.5194e+000 +2.0303e+000 +1.1235e+000 +2.3828e+000 +2.0266e+000
1479 +9.889989760e+000 +9.889989760e+000 -7.809001024e+001 -7.809001024e+001 +3.4942e+000 +5.4746e+000 +4.2496e+000 +4.5251e+000 +3.2816e+000 +1.0245e+000 -1.2072e+000 +3.8686e+000 -4.9445e+000 +1.8908e+000 -2.5800e+000 +2.5535e+000 -9.7331e-002 -2.5889e+000 +2.4945e+000 +4.9940e+000 +4.2119e+000 +4.9337e+000 +1.3257e+000 -5.1679e-001
2959 +5.655708835e+000 +5.655708835e+000 -8.232429117e+001 -8.232429117e+001 +3.6438e+000 +4.3542e+000 -3.1409e+000 +4.3717e+000 +1.7609e+000 -4.5022e-001 -6.1215e-001 +4.9494e+000 +4.7151e+000 +6.0214e-001 +8.5222e-002 +2.8020e+000 +2.4886e-001 -2.7096e+000 +1.3764e+000 +3.7145e+000 +2.2878e+000 +5.2816e+000 -3.9492e-001 -2.8977e-001
3460 +3.592024267e+000 +3.592024267e+000 -8.438797573e+001 -8.438797573e+001 +1.7028e+000 +4.6876e+000 -1.7351e+000 +2.1025e+000 -4.1488e+000 +3.0076e+000 +3.4897e+000 +3.7763e+000 -4.9019e+000 +2.0440e+000 +4.8612e+000 +3.0695e+000 +3.3938e+000 +6.8104e-001 +2.8213e+000 +4.5064e+000 +2.4356e-002 +2.5503e-001 -2.9565e+000 +2.8674e+000
