% function evaluation | noise-free fitness - Fopt (1.238300000000e+002) | best noise-free fitness - Fopt | measured fitness | best measured fitness | x1 | x2...
1 +7.380163823e+003 +7.380163823e+003 +7.503993823e+003 +7.503993823e+003 -2.2587e+000 -4.4218e+000 +3.6683e+000
3 +2.301044796e+003 +2.301044796e+003 +2.424874796e+003 +2.424874796e+003 -1.1565e+000 -2.4945e+000 +2.5110e+000
14 +5.862608333e+002 +5.862608333e+002 +7.100908333e+002 +7.100908333e+002 +2.6965e+000 +2.2333e-001 -4.7908e+000
51 +2.588980618e+002 +2.588980618e+002 +3.827280618e+002 +3.827280618e+002 +4.2687e-001 +1.4765e-001 +6.6430e-001
79 +2.190265889e+002 +2.190265889e+002 +3.428565889e+002 +3.428565889e+002 +9.7172e-001 -3.5645e-001 +4.9820e-001
93 +1.142581144e+002 +1.142581144e+002 +2.380881144e+002 +2.380881144e+002 +1.2077e+000 -4.9353e-001 -3.1399e-001
137 +8.876865018e+001 +8.876865018e+001 +2.125986502e+002 +2.125986502e+002 -5.7322e-001 -6.6237e-002 -7.2303e-001
192 +3.917886775e+001 +3.917886775e+001 +1.630088678e+002 +1.630088678e+002 +1.6084e-001 +8.9781e-001 +1.2690e-001
237 +9.993460545e+000 +9.993460545e+000 +1.338234605e+002 +1.338234605e+002 -4.1023e-002 -1.2673e+000 -4.7285e-002
384 +4.222329629e+000 +4.222329629e+000 +1.280523296e+002 +1.280523296e+002 -3.6092e-001 -9.0790e-001 -2.4973e-001
462 +3.339110999e+000 +3.339110999e+000 +1.271691110e+002 +1.271691110e+002 -3.6092e-001 -9.0790e-001 -2.0781e-001
529 +2.160382642e+000 +2.160382642e+000 +1.259903826e+002 +1.259903826e+002 -4.0696e-001 -7.9561e-001 -1.4847e-001
564 +8.521101966e-001 +8.521101966e-001 +1.246821102e+002 +1.246821102e+002 -4.7224e-001 -1.8988e-001 +4.5656e-002
985 +2.431090744e-001 +2.431090744e-001 +1.240731091e+002 +1.240731091e+002 -1.4377e-001 +2.8927e-001 +1.6728e-001
1335 +6.186367960e-002 +6.186367960e-002 +1.238918637e+002 +1.238918637e+002 +8.3186e-002 +4.9519e-001 +1.7443e-001
1636 +2.953021286e-002 +2.953021286e-002 +1.238595302e+002 +1.238595302e+002 +2.8081e-001 +6.5583e-001 +1.6917e-001
1712 +1.673678909e-002 +1.673678909e-002 +1.238467368e+002 +1.238467368e+002 +2.4895e-001 +6.2403e-001 +1.6403e-001
2110 +7.203757639e-003 +7.203757639e-003 +1.238372038e+002 +1.238372038e+002 +4.3637e-001 +7.7617e-001 +1.4301e-001
2129 +2.603113767e-003 +2.603113767e-003 +1.238326031e+002 +1.238326031e+002 +3.5662e-001 +7.1577e-001 +1.5332e-001
2220 +2.254794746e-003 +2.254794746e-003 +1.238322548e+002 +1.238322548e+002 +4.2614e-001 +7.7617e-001 +1.4634e-001
2573 +4.989065751e-004 +4.989065751e-004 +1.238304989e+002 +1.238304989e+002 +4.2951e-001 +7.7683e-001 +1.4594e-001
2871 +2.704110711e-004 +2.704110711e-004 +1.238302704e+002 +1.238302704e+002 +4.1654e-001 +7.6575e-001 +1.4703e-001
3039 +1.001781759e-004 +1.001781759e-004 +1.238301002e+002 +1.238301002e+002 +4.0184e-001 +7.5350e-001 +1.4933e-001
3145 +5.615956607e-005 +5.615956607e-005 +1.238300562e+002 +1.238300562e+002 +3.9753e-001 +7.5038e-001 +1.5012e-001
3149 +3.538618776e-005 +3.538618776e-005 +1.238300354e+002 +1.238300354e+002 +3.9133e-001 +7.4586e-001 +1.5082e-001
3524 +2.427041517e-005 +2.427041517e-005 +1.238300243e+002 +1.238300243e+002 +4.0323e-001 +7.5512e-001 +1.4908e-001
3625 +6.217661905e-006 +6.217661905e-006 +1.238300062e+002 +1.238300062e+002 +4.0004e-001 +7.5278e-001 +1.4978e-001
3649 +2.351954279e-006 +2.351954279e-006 +1.238300024e+002 +1.238300024e+002 +4.0187e-001 +7.5420e-001 +1.4940e-001
3903 +5.203351066e-007 +5.203351066e-007 +1.238300005e+002 +1.238300005e+002 +4.0082e-001 +7.5340e-001 +1.4958e-001
4269 +4.559427680e-008 +4.559427680e-008 +1.238300000e+002 +1.238300000e+002 +4.0033e-001 +7.5298e-001 +1.4965e-001
4850 +3.641829949e-008 +3.641829949e-008 +1.238300000e+002 +1.238300000e+002 +4.0064e-001 +7.5321e-001 +1.4959e-001
4997 +7.551236081e-009 +7.551236081e-009 +1.238300000e+002 +1.238300000e+002 +4.0058e-001 +7.5317e-001 +1.4961e-001
% function evaluation | noise-free fitness - Fopt (4.751000000000e+001) | best noise-free fitness - Fopt | measured fitness | best measured fitness | x1 | x2...
1 +3.085923166e+004 +3.085923166e+004 +3.090674166e+004 +3.090674166e+004 +4.2445e+000 +4.6362e+000 -2.9327e+000
3 +1.167318237e+003 +1.167318237e+003 +1.214828237e+003 +1.214828237e+003 +4.2083e-001 -3.5887e+000 -8.6101e-001
37 +4.163335111e+002 +4.163335111e+002 +4.638435111e+002 +4.638435111e+002 -5.0534e-002 -1.2539e+000 +6.8826e-001
49 +1.979976981e+001 +1.979976981e+001 +6.730976981e+001 +6.730976981e+001 -4.4308e-002 +1.7129e-001 +1.0120e-001
237 +2.885612245e+000 +2.885612245e+000 +5.039561225e+001 +5.039561225e+001 +4.3962e-002 -3.6991e-001 -2.4593e-001
648 +2.088058575e+000 +2.088058575e+000 +4.959805857e+001 +4.959805857e+001 +1.9121e-001 -5.6536e-001 -2.5615e-001
738 +6.115258306e-001 +6.115258306e-001 +4.812152583e+001 +4.812152583e+001 +1.6839e-001 -2.3478e-001 +7.2330e-002
962 +1.905620730e-001 +1.905620730e-001 +4.770056207e+001 +4.770056207e+001 +1.8925e-001 -5.9056e-002 +2.6848e-001
1351 +2.990705724e-002 +2.990705724e-002 +4.753990706e+001 +4.753990706e+001 +1.4038e-001 +4.9517e-001 +6.0459e-001
1367 +9.374136986e-003 +9.374136986e-003 +4.751937414e+001 +4.751937414e+001 +1.5256e-001 +4.1071e-001 +5.7306e-001
2209 +6.097776991e-003 +6.097776991e-003 +4.751609778e+001 +4.751609778e+001 +1.5165e-001 +4.5067e-001 +5.9038e-001
2283 +2.278345013e-003 +2.278345013e-003 +4.751227835e+001 +4.751227835e+001 +1.4699e-001 +4.9752e-001 +6.1499e-001
2376 +5.618739892e-004 +5.618739892e-004 +4.751056187e+001 +4.751056187e+001 +1.3797e-001 +5.7046e-001 +6.5010e-001
2924 +3.743481451e-004 +3.743481451e-004 +4.751037435e+001 +4.751037435e+001 +1.3695e-001 +5.8727e-001 +6.5684e-001
2957 +1.109204215e-004 +1.109204215e-004 +4.751011092e+001 +4.751011092e+001 +1.3906e-001 +5.5835e-001 +6.4363e-001
2995 +3.308028559e-005 +3.308028559e-005 +4.751003308e+001 +4.751003308e+001 +1.3982e-001 +5.5547e-001 +6.4225e-001
3422 +1.949841270e-005 +1.949841270e-005 +4.751001950e+001 +4.751001950e+001 +1.3986e-001 +5.5405e-001 +6.4127e-001
3463 +1.193401606e-005 +1.193401606e-005 +4.751001193e+001 +4.751001193e+001 +1.3918e-001 +5.6147e-001 +6.4491e-001
3518 +1.653550584e-006 +1.653550584e-006 +4.751000165e+001 +4.751000165e+001 +1.3889e-001 +5.6326e-001 +6.4558e-001
3930 +6.835649131e-007 +6.835649131e-007 +4.751000068e+001 +4.751000068e+001 +1.3892e-001 +5.6247e-001 +6.4523e-001
4107 +3.654868905e-007 +3.654868905e-007 +4.751000037e+001 +4.751000037e+001 +1.3898e-001 +5.6211e-001 +6.4508e-001
4353 +2.288998573e-007 +2.288998573e-007 +4.751000023e+001 +4.751000023e+001 +1.3906e-001 +5.6157e-001 +6.4482e-001
4575 +1.456626819e-007 +1.456626819e-007 +4.751000015e+001 +4.751000015e+001 +1.3912e-001 +5.6091e-001 +6.4453e-001
4614 +7.934063717e-008 +7.934063717e-008 +4.751000008e+001 +4.751000008e+001 +1.3908e-001 +5.6103e-001 +6.4456e-001
4722 +2.991326653e-008 +2.991326653e-008 +4.751000003e+001 +4.751000003e+001 +1.3904e-001 +5.6150e-001 +6.4478e-001
4788 +2.124511411e-008 +2.124511411e-008 +4.751000002e+001 +4.751000002e+001 +1.3906e-001 +5.6135e-001 +6.4472e-001
4840 +1.211504497e-008 +1.211504497e-008 +4.751000001e+001 +4.751000001e+001 +1.3908e-001 +5.6118e-001 +6.4463e-001
4841 +8.797108819e-009 +8.797108819e-009 +4.751000001e+001 +4.751000001e+001 +1.3908e-001 +5.6112e-001 +6.4461e-001
% function evaluation | noise-free fitness - Fopt (5.534000000000e+001) | best noise-free fitness - Fopt | measured fitness | best measured fitness | x1 | x2...
1 +1.839444259e+004 +1.839444259e+004 +1.844978259e+004 +1.844978259e+004 -2.6667e+000 +2.4096e+000 -3.5303e+000
3 +1.080246264e+004 +1.080246264e+004 +1.085780264e+004 +1.085780264e+004 -1.2189e-001 +3.4954e+000 -1.6365e+000
6 +4.211647198e+002 +4.211647198e+002 +4.765047198e+002 +4.765047198e+002 -3.2197e-001 +4.0054e-001 -1.9774e+000
15 +4.154055711e+001 +4.154055711e+001 +9.688055711e+001 +9.688055711e+001 +1.1691e+000 +1.4760e-001 -2.2213e+000
49 +1.417459423e+001 +1.417459423e+001 +6.951459423e+001 +6.951459423e+001 -9.9065e-002 +6.4363e-001 -1.6646e-001
326 +7.621067886e+000 +7.621067886e+000 +6.296106789e+001 +6.296106789e+001 -2.1211e-001 +7.4582e-001 -6.3052e-001
333 +4.826438833e+000 +4.826438833e+000 +6.016643883e+001 +6.016643883e+001 +5.7015e-001 -7.5303e-001 -1.0252e-001
334 +1.294386955e+000 +1.294386955e+000 +5.663438696e+001 +5.663438696e+001 +2.5440e-001 -6.0384e-001 -3.2522e-002
641 +7.347021906e-001 +7.347021906e-001 +5.607470219e+001 +5.607470219e+001 +4.4277e-001 -8.2890e-001 -8.9439e-002
749 +5.528710134e-002 +5.528710134e-002 +5.539528710e+001 +5.539528710e+001 +3.4140e-001 -7.2936e-001 -3.2666e-002
1087 +3.544622169e-002 +3.544622169e-002 +5.537544622e+001 +5.537544622e+001 +1.7811e-001 -5.8412e-001 +3.5947e-002
1738 +2.348307488e-002 +2.348307488e-002 +5.536348307e+001 +5.536348307e+001 +2.8611e-001 -6.7586e-001 -5.7003e-003
1746 +4.377248023e-003 +4.377248023e-003 +5.534437725e+001 +5.534437725e+001 +3.2409e-001 -7.1916e-001 -1.6243e-002
2224 +3.516377961e-003 +3.516377961e-003 +5.534351638e+001 +5.534351638e+001 +3.1282e-001 -7.0859e-001 -1.2389e-002
2543 +2.282449186e-003 +2.282449186e-003 +5.534228245e+001 +5.534228245e+001 +3.4023e-001 -7.3027e-001 -2.3400e-002
2546 +9.581978140e-004 +9.581978140e-004 +5.534095820e+001 +5.534095820e+001 +3.5050e-001 -7.3717e-001 -2.6554e-002
2702 +5.224335280e-004 +5.224335280e-004 +5.534052243e+001 +5.534052243e+001 +4.1877e-001 -7.8800e-001 -4.9989e-002
2769 +3.565080709e-005 +3.565080709e-005 +5.534003565e+001 +5.534003565e+001 +3.8809e-001 -7.6563e-001 -3.9149e-002
3068 +7.282058853e-006 +7.282058853e-006 +5.534000728e+001 +5.534000728e+001 +3.9442e-001 -7.7082e-001 -4.1469e-002
3369 +3.798288425e-006 +3.798288425e-006 +5.534000380e+001 +5.534000380e+001 +3.9455e-001 -7.7075e-001 -4.1645e-002
3871 +2.229448711e-006 +2.229448711e-006 +5.534000223e+001 +5.534000223e+001 +3.9575e-001 -7.7173e-001 -4.1990e-002
4026 +1.564437291e-006 +1.564437291e-006 +5.534000156e+001 +5.534000156e+001 +3.9562e-001 -7.7154e-001 -4.1956e-002
4048 +6.492250577e-007 +6.492250577e-007 +5.534000065e+001 +5.534000065e+001 +3.9476e-001 -7.7093e-001 -4.1620e-002
4155 +1.730185986e-007 +1.730185986e-007 +5.534000017e+001 +5.534000017e+001 +3.9365e-001 -7.7009e-001 -4.1248e-002
4207 +1.354478201e-007 +1.354478201e-007 +5.534000014e+001 +5.534000014e+001 +3.9401e-001 -7.7034e-001 -4.1392e-002
4380 +8.087877035e-008 +8.087877035e-008 +5.534000008e+001 +5.534000008e+001 +3.9350e-001 -7.6994e-001 -4.1203e-002
4453 +5.476505294e-008 +5.476505294e-008 +5.534000005e+001 +5.534000005e+001 +3.9362e-001 -7.7003e-001 -4.1248e-002
4676 +1.208209000e-008 +1.208209000e-008 +5.534000001e+001 +5.534000001e+001 +3.9382e-001 -7.7019e-001 -4.1316e-002
4916 +9.127717249e-009 +9.127717249e-009 +5.534000001e+001 +5.534000001e+001 +3.9394e-001 -7.7029e-001 -4.1352e-002
% function evaluation | noise-free fitness - Fopt (-9.033000000000e+001) | best noise-free fitness - Fopt | measured fitness | best measured fitness | x1 | x2...
1 +3.851564620e+004 +3.851564620e+004 +3.842531620e+004 +3.842531620e+004 -1.8865e+000 -2.4668e+000 -4.3501e+000
3 +1.256295943e+003 +1.256295943e+003 +1.165965943e+003 +1.165965943e+003 -2.6135e+000 -4.0070e+000 +1.1282e+000
19 +6.396626550e+001 +6.396626550e+001 -2.636373450e+001 -2.636373450e+001 -4.0185e-001 -4.0184e-002 -6.8819e-002
153 +9.810034779e+000 +9.810034779e+000 -8.051996522e+001 -8.051996522e+001 -1.1658e+000 -1.3825e+000 +2.0948e+000
661 +8.426976382e-001 +8.426976382e-001 -8.948730236e+001 -8.948730236e+001 -2.5964e-001 +2.2314e-001 +3.9514e-001
1070 +4.477714450e-001 +4.477714450e-001 -8.988222855e+001 -8.988222855e+001 -6.6302e-001 -2.7613e-001 +1.0367e+000
1424 +3.447020274e-001 +3.447020274e-001 -8.998529797e+001 -8.998529797e+001 -5.1992e-001 -6.7475e-002 +7.4314e-001
1582 +8.722957502e-002 +8.722957502e-002 -9.024277042e+001 -9.024277042e+001 -5.3963e-001 -1.0814e-001 +8.0190e-001
1796 +1.404200017e-002 +1.404200017e-002 -9.031595800e+001 -9.031595800e+001 -5.5729e-001 -1.4863e-001 +8.3259e-001
2051 +9.437210237e-003 +9.437210237e-003 -9.032056279e+001 -9.032056279e+001 -5.7074e-001 -1.7041e-001 +8.5935e-001
2139 +6.296719858e-003 +6.296719858e-003 -9.032370328e+001 -9.032370328e+001 -4.7798e-001 -5.5839e-002 +7.0840e-001
2331 +1.968693697e-003 +1.968693697e-003 -9.032803131e+001 -9.032803131e+001 -4.5738e-001 -3.1622e-002 +6.7922e-001
2647 +7.125664393e-004 +7.125664393e-004 -9.032928743e+001 -9.032928743e+001 -4.8038e-001 -5.7319e-002 +7.1607e-001
2687 +3.688416477e-004 +3.688416477e-004 -9.032963116e+001 -9.032963116e+001 -4.8746e-001 -6.6264e-002 +7.2732e-001
2923 +1.235035735e-004 +1.235035735e-004 -9.032987650e+001 -9.032987650e+001 -4.8432e-001 -6.4721e-002 +7.2347e-001
3459 +6.098875950e-005 +6.098875950e-005 -9.032993901e+001 -9.032993901e+001 -4.7987e-001 -5.9330e-002 +7.1647e-001
3488 +3.889959449e-005 +3.889959449e-005 -9.032996110e+001 -9.032996110e+001 -4.7767e-001 -5.6556e-002 +7.1339e-001
3500 +5.761376784e-006 +5.761376784e-006 -9.032999424e+001 -9.032999424e+001 -4.7944e-001 -5.8207e-002 +7.1564e-001
3888 +1.404745603e-006 +1.404745603e-006 -9.032999860e+001 -9.032999860e+001 -4.7970e-001 -5.8618e-002 +7.1618e-001
4174 +8.404522589e-007 +8.404522589e-007 -9.032999916e+001 -9.032999916e+001 -4.8053e-001 -5.9562e-002 +7.1752e-001
4268 +4.864897534e-007 +4.864897534e-007 -9.032999951e+001 -9.032999951e+001 -4.8014e-001 -5.9121e-002 +7.1688e-001
4270 +3.590899524e-007 +3.590899524e-007 -9.032999964e+001 -9.032999964e+001 -4.8060e-001 -5.9643e-002 +7.1762e-001
4353 +2.503179672e-007 +2.503179672e-007 -9.032999975e+001 -9.032999975e+001 -4.8111e-001 -6.0241e-002 +7.1835e-001
4365 +1.577105451e-007 +1.577105451e-007 -9.032999984e+001 -9.032999984e+001 -4.8102e-001 -6.0135e-002 +7.1822e-001
4564 +9.112703481e-008 +9.112703481e-008 -9.032999991e+001 -9.032999991e+001 -4.8088e-001 -5.9978e-002 +7.1802e-001
4791 +2.556895140e-008 +2.556895140e-008 -9.032999997e+001 -9.032999997e+001 -4.8065e-001 -5.9693e-002 +7.1766e-001
5036 +1.754861501e-008 +1.754861501e-008 -9.032999998e+001 -9.032999998e+001 -4.8080e-001 -5.9860e-002 +7.1789e-001
5319 +3.780399993e-009 +3.780399993e-009 -9.033000000e+001 -9.033000000e+001 -4.8074e-001 -5.9804e-002 +7.1780e-001
% function evaluation | noise-free fitness - Fopt (6.561000000000e+001) | best noise-free fitness - Fopt | measured fitness | best measured fitness | x1 | x2...
1 +3.493271307e+003 +3.493271307e+003 +3.558881307e+003 +3.558881307e+003 +4.9751e-001 -3.3919e-001 +2.5676e+000
4 +9.216328471e+002 +9.216328471e+002 +9.872428471e+002 +9.872428471e+002 +2.2133e+000 -2.4094e+000 -2.8686e+000
9 +1.784992450e+002 +1.784992450e+002 +2.441092450e+002 +2.441092450e+002 -7.2521e-001 -8.7125e-001 +2.2449e-001
25 +1.438084527e+002 +1.438084527e+002 +2.094184527e+002 +2.094184527e+002 +1.1619e+000 -3.4550e+000 +1.7299e+000
149 +8.229753891e+001 +8.229753891e+001 +1.479075389e+002 +1.479075389e+002 +1.3746e+000 -3.7461e+000 +1.7908e+000
161 +5.532845563e+001 +5.532845563e+001 +1.209384556e+002 +1.209384556e+002 +5.3448e-001 -1.8100e+000 +1.1302e+000
188 +3.513469508e+001 +3.513469508e+001 +1.007446951e+002 +1.007446951e+002 +9.8235e-002 -1.8707e-001 +6.9905e-001
193 +1.946118062e+001 +1.946118062e+001 +8.507118062e+001 +8.507118062e+001 +5.7917e-001 -1.6434e+000 +9.4428e-001
225 +5.529728062e+000 +5.529728062e+000 +7.113972806e+001 +7.113972806e+001 -4.3857e-001 +3.1018e-001 -5.2355e-001
613 +1.970285202e+000 +1.970285202e+000 +6.758028520e+001 +6.758028520e+001 -1.0455e-001 +5.6766e-001 -2.1157e-001
739 +1.568711354e+000 +1.568711354e+000 +6.717871135e+001 +6.717871135e+001 -6.4568e-002 +4.8148e-001 -3.6075e-001
1180 +8.512535634e-001 +8.512535634e-001 +6.646125356e+001 +6.646125356e+001 -4.0861e-002 +4.6928e-001 -1.9665e-001
1282 +4.482133893e-001 +4.482133893e-001 +6.605821339e+001 +6.605821339e+001 +4.6190e-002 +3.2471e-001 +6.0562e-002
1302 +3.526632424e-001 +3.526632424e-001 +6.596266324e+001 +6.596266324e+001 +1.0037e-001 +2.2862e-001 +2.2969e-001
1610 +1.190397736e-001 +1.190397736e-001 +6.572903977e+001 +6.572903977e+001 +1.9390e-001 -3.4076e-002 +4.2021e-001
1843 +5.219497206e-002 +5.219497206e-002 +6.566219497e+001 +6.566219497e+001 +2.6307e-001 -1.9696e-001 +5.3162e-001
2131 +2.126688071e-002 +2.126688071e-002 +6.563126688e+001 +6.563126688e+001 +3.3983e-001 -4.4530e-001 +6.5726e-001
2355 +6.854988579e-004 +6.854988579e-004 +6.561068550e+001 +6.561068550e+001 +3.5588e-001 -4.7879e-001 +6.6955e-001
3154 +5.362824947e-004 +5.362824947e-004 +6.561053628e+001 +6.561053628e+001 +3.5720e-001 -4.8216e-001 +6.7285e-001
3502 +4.531225994e-005 +4.531225994e-005 +6.561004531e+001 +6.561004531e+001 +3.4387e-001 -4.4323e-001 +6.5287e-001
3699 +3.667404530e-005 +3.667404530e-005 +6.561003667e+001 +6.561003667e+001 +3.4308e-001 -4.4207e-001 +6.5215e-001
4177 +2.383883395e-005 +2.383883395e-005 +6.561002384e+001 +6.561002384e+001 +3.4480e-001 -4.4705e-001 +6.5459e-001
4210 +1.116304023e-005 +1.116304023e-005 +6.561001116e+001 +6.561001116e+001 +3.4430e-001 -4.4508e-001 +6.5406e-001
4267 +8.196841321e-007 +8.196841321e-007 +6.561000082e+001 +6.561000082e+001 +3.4554e-001 -4.4873e-001 +6.5567e-001
4838 +3.088106695e-007 +3.088106695e-007 +6.561000031e+001 +6.561000031e+001 +3.4546e-001 -4.4860e-001 +6.5564e-001
4959 +2.148437090e-007 +2.148437090e-007 +6.561000021e+001 +6.561000021e+001 +3.4556e-001 -4.4881e-001 +6.5573e-001
5028 +1.052732443e-007 +1.052732443e-007 +6.561000011e+001 +6.561000011e+001 +3.4550e-001 -4.4870e-001 +6.5567e-001
5059 +2.423308842e-008 +2.423308842e-008 +6.561000002e+001 +6.561000002e+001 +3.4548e-001 -4.4859e-001 +6.5564e-001
5341 +1.356751511e-008 +1.356751511e-008 +6.561000001e+001 +6.561000001e+001 +3.4541e-001 -4.4840e-001 +6.5555e-001
5521 +8.209084967e-009 +8.209084967e-009 +6.561000001e+001 +6.561000001e+001 +3.4535e-001 -4.4822e-001 +6.5546e-001
% function evaluation | noise-free fitness - Fopt (-1.536000000000e+001) | best noise-free fitness - Fopt | measured fitness | best measured fitness | x1 | x2...
1 +2.822584331e+004 +2.822584331e+004 +2.821048331e+004 +2.821048331e+004 -3.4621e-001 -2.9646e+000 -2.7319e+000
6 +1.036427814e+004 +1.036427814e+004 +1.034891814e+004 +1.034891814e+004 -1.3029e+000 +4.3321e+000 -1.1117e+000
7 +8.175226507e+003 +8.175226507e+003 +8.159866507e+003 +8.159866507e+003 -3.1820e+000 +2.0633e+000 +1.2898e+000
8 +3.616983804e+003 +3.616983804e+003 +3.601623804e+003 +3.601623804e+003 +1.9519e+000 +4.3918e+000 -2.9655e+000
10 +5.696307247e+002 +5.696307247e+002 +5.542707247e+002 +5.542707247e+002 +4.1440e-001 +2.9486e+000 +4.5358e-001
14 +3.116357482e+002 +3.116357482e+002 +2.962757482e+002 +2.962757482e+002 +3.8114e-001 -4.4259e-003 +2.3509e+000
15 +6.368933860e+000 +6.368933860e+000 -8.991066140e+000 -8.991066140e+000 -3.8741e-003 +7.7940e-001 -8.2141e-002
328 +4.016627878e+000 +4.016627878e+000 -1.134337212e+001 -1.134337212e+001 -5.7769e-002 +2.7598e-001 +1.4563e+000
411 +3.078032809e+000 +3.078032809e+000 -1.228196719e+001 -1.228196719e+001 -2.4558e-001 +7.9674e-001 +3.6947e-001
704 +2.264891818e+000 +2.264891818e+000 -1.309510818e+001 -1.309510818e+001 -1.9787e-001 +7.3062e-001 -1.3641e-001
838 +1.574469814e+000 +1.574469814e+000 -1.378553019e+001 -1.378553019e+001 -2.0161e-001 +6.5272e-001 -7.8089e-002
1074 +9.375622132e-001 +9.375622132e-001 -1.442243779e+001 -1.442243779e+001 +3.8583e-002 +4.5472e-001 -2.3922e-001
1114 +5.134019981e-001 +5.134019981e-001 -1.484659800e+001 -1.484659800e+001 +1.1857e-001 +1.9684e-001 -2.7552e-001
1146 +2.548088594e-001 +2.548088594e-001 -1.510519114e+001 -1.510519114e+001 +1.8844e-001 -9.8301e-003 -2.6399e-001
1435 +1.995823305e-001 +1.995823305e-001 -1.516041767e+001 -1.516041767e+001 +2.1519e-001 -1.4573e-001 -2.5352e-001
1738 +4.770236637e-002 +4.770236637e-002 -1.531229763e+001 -1.531229763e+001 +2.5587e-001 -4.1578e-001 -2.0695e-001
1840 +2.028131431e-002 +2.028131431e-002 -1.533971869e+001 -1.533971869e+001 +2.6955e-001 -5.9816e-001 -1.7694e-001
1936 +1.543224299e-002 +1.543224299e-002 -1.534456776e+001 -1.534456776e+001 +2.7011e-001 -9.1432e-001 -1.0946e-001
2230 +4.204183723e-003 +4.204183723e-003 -1.535579582e+001 -1.535579582e+001 +2.7340e-001 -8.3751e-001 -1.1996e-001
2468 +4.875004174e-004 +4.875004174e-004 -1.535951250e+001 -1.535951250e+001 +2.7198e-001 -8.2126e-001 -1.2644e-001
2598 +3.082631663e-004 +3.082631663e-004 -1.535969174e+001 -1.535969174e+001 +2.7276e-001 -8.0070e-001 -1.2970e-001
3181 +1.997121439e-004 +1.997121439e-004 -1.535980029e+001 -1.535980029e+001 +2.7238e-001 -8.0385e-001 -1.3000e-001
3261 +7.711825412e-005 +7.711825412e-005 -1.535992288e+001 -1.535992288e+001 +2.7249e-001 -7.9924e-001 -1.3050e-001
3322 +4.829674281e-005 +4.829674281e-005 -1.535995170e+001 -1.535995170e+001 +2.7228e-001 -8.1226e-001 -1.2724e-001
3383 +2.308309506e-005 +2.308309506e-005 -1.535997692e+001 -1.535997692e+001 +2.7229e-001 -8.1020e-001 -1.2814e-001
3786 +5.913190474e-006 +5.913190474e-006 -1.535999409e+001 -1.535999409e+001 +2.7217e-001 -8.1575e-001 -1.2669e-001
3808 +3.411627542e-006 +3.411627542e-006 -1.535999659e+001 -1.535999659e+001 +2.7214e-001 -8.1441e-001 -1.2694e-001
3866 +1.292137467e-006 +1.292137467e-006 -1.535999871e+001 -1.535999871e+001 +2.7215e-001 -8.1115e-001 -1.2776e-001
4108 +8.793211030e-007 +8.793211030e-007 -1.535999912e+001 -1.535999912e+001 +2.7209e-001 -8.1112e-001 -1.2770e-001
4119 +3.393282331e-007 +3.393282331e-007 -1.535999966e+001 -1.535999966e+001 +2.7211e-001 -8.1273e-001 -1.2738e-001
4369 +1.687466522e-007 +1.687466522e-007 -1.535999983e+001 -1.535999983e+001 +2.7211e-001 -8.1197e-001 -1.2752e-001
4406 +8.070621504e-009 +8.070621504e-009 -1.535999999e+001 -1.535999999e+001 +2.7212e-001 -8.1229e-001 -1.2745e-001
% function evaluation | noise-free fitness - Fopt (-1.318000000000e+001) | best noise-free fitness - Fopt | measured fitness | best measured fitness | x1 | x2...
1 +6.301577180e+002 +6.301577180e+002 +6.169777180e+002 +6.169777180e+002 -1.0882e+000 -1.8133e+000 +1.7446e-001
41 +2.196634344e+002 +2.196634344e+002 +2.064834344e+002 +2.064834344e+002 -4.6985e-002 -1.4178e+000 +9.9173e-001
90 +6.660537342e+000 +6.660537342e+000 -6.519462658e+000 -6.519462658e+000 -6.4325e-001 -1.3813e-001 +7.0346e-001
212 +4.891243493e+000 +4.891243493e+000 -8.288756507e+000 -8.288756507e+000 -2.7779e-001 -1.6479e-001 +2.7625e-001
463 +3.193497570e+000 +3.193497570e+000 -9.986502430e+000 -9.986502430e+000 -3.8869e-001 -2.5929e-001 +2.7501e-001
619 +2.179196655e+000 +2.179196655e+000 -1.100080335e+001 -1.100080335e+001 +1.9970e-002 -1.5421e-001 -1.6173e-001
911 +1.408877128e+000 +1.408877128e+000 -1.177112287e+001 -1.177112287e+001 -3.8244e-001 -3.2809e-001 +4.6637e-001
965 +7.452218877e-001 +7.452218877e-001 -1.243477811e+001 -1.243477811e+001 -9.8858e-002 -3.0490e-001 -3.5009e-002
1219 +3.660697607e-001 +3.660697607e-001 -1.281393024e+001 -1.281393024e+001 +1.9970e-002 -2.4947e-001 -1.6173e-001
1343 +1.755685798e-001 +1.755685798e-001 -1.300443142e+001 -1.300443142e+001 +1.3790e-001 -1.8091e-001 -2.8812e-001
1453 +1.374880391e-001 +1.374880391e-001 -1.304251196e+001 -1.304251196e+001 +1.3668e-001 -1.8610e-001 -2.9469e-001
1528 +7.781285626e-002 +7.781285626e-002 -1.310218714e+001 -1.310218714e+001 +2.0912e-001 -1.0343e-001 -4.0247e-001
1619 +2.500007123e-002 +2.500007123e-002 -1.315499993e+001 -1.315499993e+001 +3.2677e-001 +3.5491e-002 -5.5579e-001
1891 +7.110138208e-003 +7.110138208e-003 -1.317288986e+001 -1.317288986e+001 +3.8920e-001 +1.2582e-001 -6.5226e-001
1897 +3.608072524e-003 +3.608072524e-003 -1.317639193e+001 -1.317639193e+001 +4.0663e-001 +1.4284e-001 -6.7174e-001
2018 +1.695423809e-003 +1.695423809e-003 -1.317830458e+001 -1.317830458e+001 +4.2782e-001 +1.7630e-001 -7.0283e-001
2209 +4.988611766e-004 +4.988611766e-004 -1.317950114e+001 -1.317950114e+001 +4.4383e-001 +2.0072e-001 -7.2859e-001
2547 +1.158873757e-004 +1.158873757e-004 -1.317988411e+001 -1.317988411e+001 +4.4069e-001 +1.9684e-001 -7.2374e-001
2659 +4.520599548e-005 +4.520599548e-005 -1.317995479e+001 -1.317995479e+001 +4.4350e-001 +2.0213e-001 -7.2830e-001
2966 +2.849354573e-005 +2.849354573e-005 -1.317997151e+001 -1.317997151e+001 +4.3841e-001 +1.9387e-001 -7.2114e-001
3275 +1.961943617e-005 +1.961943617e-005 -1.317998038e+001 -1.317998038e+001 +4.3711e-001 +1.9246e-001 -7.1912e-001
3287 +1.018578508e-005 +1.018578508e-005 -1.317998981e+001 -1.317998981e+001 +4.4027e-001 +1.9703e-001 -7.2358e-001
3306 +8.345947551e-006 +8.345947551e-006 -1.317999165e+001 -1.317999165e+001 +4.3721e-001 +1.9207e-001 -7.1917e-001
3608 +1.790171686e-006 +1.790171686e-006 -1.317999821e+001 -1.317999821e+001 +4.3793e-001 +1.9344e-001 -7.2024e-001
3682 +8.550422965e-007 +8.550422965e-007 -1.317999914e+001 -1.317999914e+001 +4.3894e-001 +1.9492e-001 -7.2171e-001
3869 +4.363546804e-007 +4.363546804e-007 -1.317999956e+001 -1.317999956e+001 +4.3793e-001 +1.9337e-001 -7.2027e-001
4017 +2.654704332e-007 +2.654704332e-007 -1.317999973e+001 -1.317999973e+001 +4.3805e-001 +1.9359e-001 -7.2046e-001
4296 +2.874695859e-008 +2.874695859e-008 -1.317999997e+001 -1.317999997e+001 +4.3858e-001 +1.9440e-001 -7.2123e-001
4528 +2.307706382e-008 +2.307706382e-008 -1.317999998e+001 -1.317999998e+001 +4.3851e-001 +1.9428e-001 -7.2113e-001
4612 +1.349269496e-008 +1.349269496e-008 -1.317999999e+001 -1.317999999e+001 +4.3851e-001 +1.9428e-001 -7.2113e-001
5013 +2.587418280e-009 +2.587418280e-009 -1.318000000e+001 -1.318000000e+001 +4.3846e-001 +1.9422e-001 -7.2106e-001
% function evaluation | noise-free fitness - Fopt (-6.052000000000e+001) | best noise-free fitness - Fopt | measured fitness | best measured fitness | x1 | x2...
1 +4.399143493e+004 +4.399143493e+004 +4.393091493e+004 +4.393091493e+004 -2.7270e+000 +2.5495e+000 -1.9769e+000
3 +6.405324945e+002 +6.405324945e+002 +5.800124945e+002 +5.800124945e+002 +6.1939e-001 +8.4818e-001 +2.0530e+000
8 +1.105647531e+002 +1.105647531e+002 +5.004475308e+001 +5.004475308e+001 -9.2939e-001 -3.5987e-002 +5.6116e-001
174 +8.610777179e+001 +8.610777179e+001 +2.558777179e+001 +2.558777179e+001 -1.5743e-001 +5.2977e-001 +1.5104e+000
175 +2.960032776e+001 +2.960032776e+001 -3.091967224e+001 -3.091967224e+001 +6.4722e-001 +3.4547e-001 +8.8450e-001
356 +1.333320154e+001 +1.333320154e+001 -4.718679846e+001 -4.718679846e+001 -2.9945e-001 +3.0739e-001 +9.2715e-001
476 +9.897843579e+000 +9.897843579e+000 -5.062215642e+001 -5.062215642e+001 -2.4070e-001 +3.7582e-001 +8.8521e-001
551 +2.833580508e+000 +2.833580508e+000 -5.768641949e+001 -5.768641949e+001 -2.4070e-001 +3.7582e-001 +5.3495e-001
643 +4.243491669e-001 +4.243491669e-001 -6.009565083e+001 -6.009565083e+001 -2.2380e-001 -1.2443e-001 -5.2454e-001
1048 +1.226533779e-001 +1.226533779e-001 -6.039734662e+001 -6.039734662e+001 -1.4393e-001 -1.6102e-001 -6.7853e-001
1266 +3.043947141e-002 +3.043947141e-002 -6.048956053e+001 -6.048956053e+001 -1.5344e-001 -1.4983e-001 -6.3070e-001
1566 +2.113196872e-002 +2.113196872e-002 -6.049886803e+001 -6.049886803e+001 -1.5268e-001 -1.5756e-001 -6.3547e-001
2021 +1.018608180e-002 +1.018608180e-002 -6.050981392e+001 -6.050981392e+001 -1.3439e-001 -1.7097e-001 -6.6752e-001
2112 +7.975483065e-003 +7.975483065e-003 -6.051202452e+001 -6.051202452e+001 -1.2752e-001 -1.7496e-001 -6.8118e-001
2121 +6.250215389e-003 +6.250215389e-003 -6.051374978e+001 -6.051374978e+001 -1.0868e-001 -1.9104e-001 -7.2032e-001
2216 +2.456765648e-003 +2.456765648e-003 -6.051754323e+001 -6.051754323e+001 -7.6860e-002 -2.1826e-001 -7.9473e-001
2259 +7.268683591e-004 +7.268683591e-004 -6.051927313e+001 -6.051927313e+001 -7.5607e-002 -2.2282e-001 -8.0408e-001
2312 +4.495816697e-004 +4.495816697e-004 -6.051955042e+001 -6.051955042e+001 -6.3592e-002 -2.3135e-001 -8.2426e-001
2667 +2.593287682e-004 +2.593287682e-004 -6.051974067e+001 -6.051974067e+001 -6.3972e-002 -2.3155e-001 -8.2755e-001
2727 +6.032870234e-005 +6.032870234e-005 -6.051993967e+001 -6.051993967e+001 -6.6875e-002 -2.2914e-001 -8.2016e-001
3008 +3.659588954e-005 +3.659588954e-005 -6.051996340e+001 -6.051996340e+001 -6.2866e-002 -2.3225e-001 -8.2779e-001
3258 +1.650622461e-005 +1.650622461e-005 -6.051998349e+001 -6.051998349e+001 -6.4555e-002 -2.3111e-001 -8.2500e-001
3391 +9.053402216e-006 +9.053402216e-006 -6.051999095e+001 -6.051999095e+001 -6.3480e-002 -2.3199e-001 -8.2731e-001
3438 +1.945327028e-007 +1.945327028e-007 -6.051999981e+001 -6.051999981e+001 -6.1576e-002 -2.3361e-001 -8.3134e-001
4227 +4.360023809e-008 +4.360023809e-008 -6.051999996e+001 -6.051999996e+001 -6.1443e-002 -2.3372e-001 -8.3160e-001
4507 +1.670574079e-008 +1.670574079e-008 -6.051999998e+001 -6.051999998e+001 -6.1479e-002 -2.3367e-001 -8.3149e-001
4511 +5.460449870e-009 +5.460449870e-009 -6.051999999e+001 -6.051999999e+001 -6.1369e-002 -2.3377e-001 -8.3174e-001
% function evaluation | noise-free fitness - Fopt (1.844000000000e+002) | best noise-free fitness - Fopt | measured fitness | best measured fitness | x1 | x2...
1 +3.754708451e+004 +3.754708451e+004 +3.773148451e+004 +3.773148451e+004 -1.1324e+000 +2.6105e+000 +4.6617e+000
4 +3.885396510e+003 +3.885396510e+003 +4.069796510e+003 +4.069796510e+003 -2.4564e+000 +4.8003e+000 +1.5881e+000
9 +2.338278420e+003 +2.338278420e+003 +2.522678420e+003 +2.522678420e+003 -7.5116e-001 -2.3784e+000 -1.5373e+000
12 +7.254210005e+002 +7.254210005e+002 +9.098210005e+002 +9.098210005e+002 -4.1176e+000 -9.8684e-002 +1.5382e-001
29 +3.620382288e+002 +3.620382288e+002 +5.464382288e+002 +5.464382288e+002 -4.4173e+000 +4.9205e+000 +1.4067e+000
35 +1.505309441e+002 +1.505309441e+002 +3.349309441e+002 +3.349309441e+002 -9.2231e-001 +1.0187e-001 -6.1782e-001
103 +3.586112839e+001 +3.586112839e+001 +2.202611284e+002 +2.202611284e+002 +2.1849e-001 +1.0187e-001 -6.1782e-001
148 +2.110891515e+001 +2.110891515e+001 +2.055089152e+002 +2.055089152e+002 -2.6051e+000 -9.8684e-002 +1.6527e-001
267 +1.529805441e+001 +1.529805441e+001 +1.996980544e+002 +1.996980544e+002 +2.1849e-001 +1.0187e-001 -1.2937e-001
336 +7.394473240e-001 +7.394473240e-001 +1.851394473e+002 +1.851394473e+002 +2.1560e-001 +1.8160e-002 +1.9944e-001
346 +1.891091688e-001 +1.891091688e-001 +1.845891092e+002 +1.845891092e+002 +2.1799e-001 +8.7307e-002 +2.4046e-001
1091 +1.401807234e-001 +1.401807234e-001 +1.845401807e+002 +1.845401807e+002 +1.0717e-001 +2.4119e-001 +3.6910e-001
1460 +8.390089650e-002 +8.390089650e-002 +1.844839009e+002 +1.844839009e+002 +1.0717e-001 +2.2573e-001 +3.6910e-001
1519 +6.273661615e-002 +6.273661615e-002 +1.844627366e+002 +1.844627366e+002 +1.6716e-002 +3.3842e-001 +4.6261e-001
1542 +3.358926027e-002 +3.358926027e-002 +1.844335893e+002 +1.844335893e+002 -8.5437e-002 +4.5880e-001 +5.3079e-001
1555 +1.600804775e-002 +1.600804775e-002 +1.844160080e+002 +1.844160080e+002 -6.2239e-002 +4.2083e-001 +5.1132e-001
1704 +1.167868065e-002 +1.167868065e-002 +1.844116787e+002 +1.844116787e+002 -8.0460e-002 +4.4349e-001 +5.2428e-001
1740 +9.945415554e-003 +9.945415554e-003 +1.844099454e+002 +1.844099454e+002 -1.5052e-001 +5.2424e-001 +5.8301e-001
1975 +5.124014888e-003 +5.124014888e-003 +1.844051240e+002 +1.844051240e+002 -1.3208e-001 +4.9987e-001 +5.6171e-001
2049 +2.083873161e-003 +2.083873161e-003 +1.844020839e+002 +1.844020839e+002 -1.7547e-001 +5.4954e-001 +5.9175e-001
2139 +9.881180616e-004 +9.881180616e-004 +1.844009881e+002 +1.844009881e+002 -2.0318e-001 +5.7929e-001 +6.1221e-001
2213 +2.208130911e-004 +2.208130911e-004 +1.844002208e+002 +1.844002208e+002 -1.9665e-001 +5.7373e-001 +6.0908e-001
2621 +1.062980240e-004 +1.062980240e-004 +1.844001063e+002 +1.844001063e+002 -2.0795e-001 +5.8599e-001 +6.1550e-001
2876 +5.864194665e-005 +5.864194665e-005 +1.844000586e+002 +1.844000586e+002 -2.0155e-001 +5.7925e-001 +6.1135e-001
3132 +2.862693194e-005 +2.862693194e-005 +1.844000286e+002 +1.844000286e+002 -1.9716e-001 +5.7439e-001 +6.0886e-001
3178 +1.556843804e-005 +1.556843804e-005 +1.844000156e+002 +1.844000156e+002 -2.0591e-001 +5.8434e-001 +6.1481e-001
3254 +6.329965316e-006 +6.329965316e-006 +1.844000063e+002 +1.844000063e+002 -2.0161e-001 +5.7967e-001 +6.1207e-001
3353 +2.477815229e-006 +2.477815229e-006 +1.844000025e+002 +1.844000025e+002 -2.0256e-001 +5.8053e-001 +6.1246e-001
3736 +1.583241271e-007 +1.583241271e-007 +1.844000002e+002 +1.844000002e+002 -2.0132e-001 +5.7922e-001 +6.1171e-001
4126 +8.201419632e-008 +8.201419632e-008 +1.844000001e+002 +1.844000001e+002 -2.0150e-001 +5.7946e-001 +6.1183e-001
4337 +6.817657550e-009 +6.817657550e-009 +1.844000000e+002 +1.844000000e+002 -2.0123e-001 +5.7914e-001 +6.1165e-001
% function evaluation | noise-free fitness - Fopt (2.277700000000e+002) | best noise-free fitness - Fopt | measured fitness | best measured fitness | x1 | x2...
1 +2.103205121e+002 +2.103205121e+002 +4.380905121e+002 +4.380905121e+002 -3.3676e+000 +1.2481e+000 +7.5627e-001
70 +2.147421643e+001 +2.147421643e+001 +2.492442164e+002 +2.492442164e+002 -5.4610e-001 -5.1516e-001 +1.6140e+000
257 +1.290508760e+001 +1.290508760e+001 +2.406750876e+002 +2.406750876e+002 -8.3833e-001 +8.2161e-001 -1.2946e-001
339 +6.557744134e+000 +6.557744134e+000 +2.343277441e+002 +2.343277441e+002 -5.7637e-001 +7.6315e-001 -1.1856e-001
411 +5.753703993e+000 +5.753703993e+000 +2.335237040e+002 +2.335237040e+002 +7.5036e-001 -7.9764e-001 +3.1717e-001
426 +2.369517364e+000 +2.369517364e+000 +2.301395174e+002 +2.301395174e+002 +4.9700e-001 -6.2813e-001 +4.2049e-002
528 +5.652013297e-001 +5.652013297e-001 +2.283352013e+002 +2.283352013e+002 +2.0810e-002 +3.8983e-001 -1.4673e-001
1073 +2.819287556e-001 +2.819287556e-001 +2.280519288e+002 +2.280519288e+002 +1.7069e-001 +2.3887e-001 -1.4673e-001
1651 +2.484411264e-001 +2.484411264e-001 +2.280184411e+002 +2.280184411e+002 +1.3219e-001 +2.6057e-001 -1.3642e-001
1822 +1.240966491e-001 +1.240966491e-001 +2.278940966e+002 +2.278940966e+002 -1.5782e-001 +4.5655e-001 -8.8976e-002
1849 +6.580330968e-002 +6.580330968e-002 +2.278358033e+002 +2.278358033e+002 -1.6012e-001 +4.5131e-001 -9.9130e-002
2033 +2.316321089e-002 +2.316321089e-002 +2.277931632e+002 +2.277931632e+002 -3.2375e-001 +5.4834e-001 -7.7678e-002
2117 +1.013855151e-002 +1.013855151e-002 +2.277801386e+002 +2.277801386e+002 -5.3774e-001 +6.5097e-001 -4.5613e-002
2378 +6.767497250e-003 +6.767497250e-003 +2.277767675e+002 +2.277767675e+002 -6.2183e-001 +6.8038e-001 -2.7697e-002
2384 +4.139447624e-003 +4.139447624e-003 +2.277741394e+002 +2.277741394e+002 -6.3305e-001 +6.8869e-001 -2.9707e-002
2563 +1.967440674e-003 +1.967440674e-003 +2.277719674e+002 +2.277719674e+002 -6.1106e-001 +6.7505e-001 -3.3099e-002
2680 +3.203279177e-004 +3.203279177e-004 +2.277703203e+002 +2.277703203e+002 -5.8046e-001 +6.6473e-001 -3.7004e-002
2711 +1.577888129e-004 +1.577888129e-004 +2.277701578e+002 +2.277701578e+002 -5.6176e-001 +6.5648e-001 -3.9926e-002
3212 +8.512228598e-005 +8.512228598e-005 +2.277700851e+002 +2.277700851e+002 -5.5605e-001 +6.5309e-001 -4.0094e-002
3274 +3.443427084e-005 +3.443427084e-005 +2.277700344e+002 +2.277700344e+002 -5.5861e-001 +6.5456e-001 -4.0202e-002
3626 +2.208957125e-005 +2.208957125e-005 +2.277700221e+002 +2.277700221e+002 -5.7063e-001 +6.5975e-001 -3.8148e-002
3643 +1.506168738e-005 +1.506168738e-005 +2.277700151e+002 +2.277700151e+002 -5.6787e-001 +6.5832e-001 -3.8585e-002
3819 +8.040749918e-006 +8.040749918e-006 +2.277700080e+002 +2.277700080e+002 -5.6786e-001 +6.5847e-001 -3.8689e-002
3879 +3.327706992e-006 +3.327706992e-006 +2.277700033e+002 +2.277700033e+002 -5.6386e-001 +6.5668e-001 -3.9199e-002
4256 +2.364313218e-006 +2.364313218e-006 +2.277700024e+002 +2.277700024e+002 -5.6119e-001 +6.5571e-001 -3.9635e-002
4276 +7.546072140e-007 +7.546072140e-007 +2.277700008e+002 +2.277700008e+002 -5.6342e-001 +6.5657e-001 -3.9255e-002
4475 +5.148826006e-007 +5.148826006e-007 +2.277700005e+002 +2.277700005e+002 -5.6338e-001 +6.5658e-001 -3.9263e-002
4585 +2.046371606e-007 +2.046371606e-007 +2.277700002e+002 +2.277700002e+002 -5.6288e-001 +6.5636e-001 -3.9352e-002
4609 +1.299000019e-007 +1.299000019e-007 +2.277700001e+002 +2.277700001e+002 -5.6364e-001 +6.5671e-001 -3.9244e-002
4773 +6.950190823e-008 +6.950190823e-008 +2.277700001e+002 +2.277700001e+002 -5.6368e-001 +6.5672e-001 -3.9255e-002
5103 +3.166712759e-008 +3.166712759e-008 +2.277700000e+002 +2.277700000e+002 -5.6358e-001 +6.5667e-001 -3.9268e-002
5230 +8.986035027e-009 +8.986035027e-009 +2.277700000e+002 +2.277700000e+002 -5.6323e-001 +6.5652e-001 -3.9316e-002
% function evaluation | noise-free fitness - Fopt (9.640000000000e+001) | best noise-free fitness - Fopt | measured fitness | best measured fitness | x1 | x2...
1 +1.930510309e+004 +1.930510309e+004 +1.940150309e+004 +1.940150309e+004 +9.3137e-001 -2.6763e+000 +2.2641e+000
3 +2.340914582e+003 +2.340914582e+003 +2.437314582e+003 +2.437314582e+003 +3.7982e+000 -1.2951e+000 -4.0247e+000
11 +1.386393618e+003 +1.386393618e+003 +1.482793618e+003 +1.482793618e+003 -1.2037e+000 +1.1661e+000 +2.4585e+000
16 +3.868492734e+002 +3.868492734e+002 +4.832492734e+002 +4.832492734e+002 +2.3400e+000 -3.0706e-002 -2.1762e+000
64 +1.443850323e+002 +1.443850323e+002 +2.407850323e+002 +2.407850323e+002 +8.1750e-001 +1.1661e+000 -1.4502e+000
70 +3.867183475e+001 +3.867183475e+001 +1.350718347e+002 +1.350718347e+002 +6.8108e-001 +1.6033e+000 -7.6676e-001
258 +2.479841072e+001 +2.479841072e+001 +1.211984107e+002 +1.211984107e+002 -4.0024e-001 +1.1650e+000 +9.9013e-002
305 +9.048461644e+000 +9.048461644e+000 +1.054484616e+002 +1.054484616e+002 +3.8025e-001 +1.4723e+000 -6.8749e-001
478 +2.610199307e+000 +2.610199307e+000 +9.901019931e+001 +9.901019931e+001 +1.9807e+000 -3.9665e-001 -9.3154e-001
1026 +2.247065539e+000 +2.247065539e+000 +9.864706554e+001 +9.864706554e+001 +1.9807e+000 -4.2997e-001 -7.9983e-001
1163 +1.566732534e+000 +1.566732534e+000 +9.796673253e+001 +9.796673253e+001 +1.5756e+000 -4.2597e-001 -5.0592e-001
1174 +3.513824111e-001 +3.513824111e-001 +9.675138241e+001 +9.675138241e+001 +9.3720e-001 -3.3588e-001 -9.7675e-002
1310 +3.447868326e-002 +3.447868326e-002 +9.643447868e+001 +9.643447868e+001 +5.6447e-001 -2.7650e-001 +7.3911e-002
1751 +1.564771713e-002 +1.564771713e-002 +9.641564772e+001 +9.641564772e+001 +8.5737e-001 -3.1294e-001 -7.6496e-002
2229 +1.679309653e-003 +1.679309653e-003 +9.640167931e+001 +9.640167931e+001 +8.3353e-001 -3.0550e-001 -6.5433e-002
2379 +1.580705949e-003 +1.580705949e-003 +9.640158071e+001 +9.640158071e+001 +8.1269e-001 -3.0395e-001 -5.4121e-002
2424 +8.713790069e-004 +8.713790069e-004 +9.640087138e+001 +9.640087138e+001 +8.0455e-001 -3.0102e-001 -5.0472e-002
3002 +4.133434546e-004 +4.133434546e-004 +9.640041334e+001 +9.640041334e+001 +8.4062e-001 -3.0622e-001 -7.2170e-002
3073 +1.144062664e-004 +1.144062664e-004 +9.640011441e+001 +9.640011441e+001 +8.2201e-001 -3.0352e-001 -6.1080e-002
3314 +5.151485550e-005 +5.151485550e-005 +9.640005151e+001 +9.640005151e+001 +8.1812e-001 -3.0351e-001 -5.9208e-002
3524 +3.875302974e-005 +3.875302974e-005 +9.640003875e+001 +9.640003875e+001 +8.1598e-001 -3.0295e-001 -5.7744e-002
3545 +2.055336482e-005 +2.055336482e-005 +9.640002055e+001 +9.640002055e+001 +8.1455e-001 -3.0302e-001 -5.7117e-002
3616 +1.267681868e-005 +1.267681868e-005 +9.640001268e+001 +9.640001268e+001 +8.1561e-001 -3.0302e-001 -5.7692e-002
3750 +8.968423700e-006 +8.968423700e-006 +9.640000897e+001 +9.640000897e+001 +8.1229e-001 -3.0269e-001 -5.5839e-002
3870 +4.889114237e-006 +4.889114237e-006 +9.640000489e+001 +9.640000489e+001 +8.1106e-001 -3.0239e-001 -5.5183e-002
3947 +3.447805284e-006 +3.447805284e-006 +9.640000345e+001 +9.640000345e+001 +8.1232e-001 -3.0256e-001 -5.6021e-002
4032 +4.225158250e-007 +4.225158250e-007 +9.640000042e+001 +9.640000042e+001 +8.0875e-001 -3.0214e-001 -5.4003e-002
4110 +2.698748034e-007 +2.698748034e-007 +9.640000027e+001 +9.640000027e+001 +8.0935e-001 -3.0223e-001 -5.4291e-002
4288 +1.391734372e-007 +1.391734372e-007 +9.640000014e+001 +9.640000014e+001 +8.1027e-001 -3.0233e-001 -5.4838e-002
4606 +3.271908611e-008 +3.271908611e-008 +9.640000003e+001 +9.640000003e+001 +8.0988e-001 -3.0229e-001 -5.4622e-002
4802 +1.927506332e-008 +1.927506332e-008 +9.640000002e+001 +9.640000002e+001 +8.0953e-001 -3.0225e-001 -5.4411e-002
4893 +1.410499806e-008 +1.410499806e-008 +9.640000001e+001 +9.640000001e+001 +8.0979e-001 -3.0229e-001 -5.4566e-002
5245 +6.233861427e-009 +6.233861427e-009 +9.640000001e+001 +9.640000001e+001 +8.0968e-001 -3.0227e-001 -5.4502e-002
% function evaluation | noise-free fitness - Fopt (-9.045000000000e+001) | best noise-free fitness - Fopt | measured fitness | best measured fitness | x1 | x2...
1 +1.055605206e+002 +1.055605206e+002 +1.511052061e+001 +1.511052061e+001 +8.5067e-001 +4.0888e-001 +1.3081e+000
35 +1.719657840e+001 +1.719657840e+001 -7.325342160e+001 -7.325342160e+001 +9.8199e-001 -7.9634e-001 +2.4951e-001
183 +1.370566943e+001 +1.370566943e+001 -7.674433057e+001 -7.674433057e+001 +3.6875e+000 +3.3495e-001 -2.5744e+000
271 +6.572709945e+000 +6.572709945e+000 -8.387729006e+001 -8.387729006e+001 +1.2521e+000 -1.0028e+000 -1.7894e-001
597 +6.240457017e+000 +6.240457017e+000 -8.420954298e+001 -8.420954298e+001 +1.9258e+000 -6.7301e-001 -9.1227e-001
713 +3.233359834e+000 +3.233359834e+000 -8.721664017e+001 -8.721664017e+001 +3.1002e-001 -6.3019e-001 +6.4472e-001
964 +2.113433387e+000 +2.113433387e+000 -8.833656661e+001 -8.833656661e+001 -4.7087e-002 -3.0290e-001 +7.5343e-001
1225 +1.366546878e+000 +1.366546878e+000 -8.908345312e+001 -8.908345312e+001 -1.1706e-001 -2.5140e-001 +6.3134e-001
1492 +9.432670318e-001 +9.432670318e-001 -8.950673297e+001 -8.950673297e+001 -2.3933e-001 -1.6526e-001 +4.6710e-001
1553 +5.865534536e-001 +5.865534536e-001 -8.986344655e+001 -8.986344655e+001 -2.8958e-001 -6.7670e-002 +2.2665e-001
1634 +3.724623775e-001 +3.724623775e-001 -9.007753762e+001 -9.007753762e+001 -3.1973e-001 -3.0620e-002 +9.0194e-002
2227 +9.235655498e-002 +9.235655498e-002 -9.035764345e+001 -9.035764345e+001 -2.2006e-001 +2.4091e-001 -4.8631e-001
2288 +4.770194881e-002 +4.770194881e-002 -9.040229805e+001 -9.040229805e+001 -1.9332e-001 +3.0170e-001 -5.6806e-001
2462 +1.298134152e-002 +1.298134152e-002 -9.043701866e+001 -9.043701866e+001 -1.7282e-001 +3.1506e-001 -6.0490e-001
2521 +8.361663974e-003 +8.361663974e-003 -9.044163834e+001 -9.044163834e+001 -1.4251e-001 +3.5183e-001 -6.7015e-001
2887 +4.747041152e-003 +4.747041152e-003 -9.044525296e+001 -9.044525296e+001 -9.4117e-002 +4.2654e-001 -7.9046e-001
2931 +3.797942869e-003 +3.797942869e-003 -9.044620206e+001 -9.044620206e+001 -1.0042e-001 +4.1272e-001 -7.7481e-001
3153 +1.090516595e-003 +1.090516595e-003 -9.044890948e+001 -9.044890948e+001 -1.0672e-001 +4.0531e-001 -7.5536e-001
3237 +5.554947223e-004 +5.554947223e-004 -9.044944451e+001 -9.044944451e+001 -1.2146e-001 +3.8520e-001 -7.2268e-001
3241 +1.809691676e-004 +1.809691676e-004 -9.044981903e+001 -9.044981903e+001 -1.1438e-001 +3.9552e-001 -7.4048e-001
3749 +1.437970027e-005 +1.437970027e-005 -9.044998562e+001 -9.044998562e+001 -1.0857e-001 +4.0244e-001 -7.5287e-001
4127 +5.579152557e-006 +5.579152557e-006 -9.044999442e+001 -9.044999442e+001 -1.0626e-001 +4.0585e-001 -7.5870e-001
4254 +3.491693747e-006 +3.491693747e-006 -9.044999651e+001 -9.044999651e+001 -1.0607e-001 +4.0607e-001 -7.5898e-001
4617 +2.233297920e-006 +2.233297920e-006 -9.044999777e+001 -9.044999777e+001 -1.0552e-001 +4.0666e-001 -7.6002e-001
4823 +7.480103079e-007 +7.480103079e-007 -9.044999925e+001 -9.044999925e+001 -1.0589e-001 +4.0615e-001 -7.5921e-001
5112 +5.261387628e-007 +5.261387628e-007 -9.044999947e+001 -9.044999947e+001 -1.0676e-001 +4.0497e-001 -7.5722e-001
5139 +3.280741652e-007 +3.280741652e-007 -9.044999967e+001 -9.044999967e+001 -1.0689e-001 +4.0483e-001 -7.5695e-001
5244 +2.193976201e-007 +2.193976201e-007 -9.044999978e+001 -9.044999978e+001 -1.0658e-001 +4.0527e-001 -7.5771e-001
5367 +1.068577546e-007 +1.068577546e-007 -9.044999989e+001 -9.044999989e+001 -1.0662e-001 +4.0520e-001 -7.5755e-001
5596 +5.954392179e-008 +5.954392179e-008 -9.044999994e+001 -9.044999994e+001 -1.0645e-001 +4.0540e-001 -7.5792e-001
5843 +3.080258182e-008 +3.080258182e-008 -9.044999997e+001 -9.044999997e+001 -1.0658e-001 +4.0525e-001 -7.5767e-001
5935 +2.464035731e-008 +2.464035731e-008 -9.044999998e+001 -9.044999998e+001 -1.0639e-001 +4.0549e-001 -7.5808e-001
6032 +1.288492513e-008 +1.288492513e-008 -9.044999999e+001 -9.044999999e+001 -1.0654e-001 +4.0530e-001 -7.5774e-001
6068 +4.268969178e-009 +4.268969178e-009 -9.045000000e+001 -9.045000000e+001 -1.0654e-001 +4.0530e-001 -7.5775e-001
6141 +1.323996912e-009 +1.323996912e-009 -9.045000000e+001 -9.045000000e+001 -1.0648e-001 +4.0538e-001 -7.5788e-001
% function evaluation | noise-free fitness - Fopt (3.995000000000e+001) | best noise-free fitness - Fopt | measured fitness | best measured fitness | x1 | x2...
1 +3.121603731e+001 +3.121603731e+001 +7.116603731e+001 +7.116603731e+001 -7.3387e-001 -1.0395e+000 -8.7749e-002
236 +1.300509626e+001 +1.300509626e+001 +5.295509626e+001 +5.295509626e+001 +1.0755e-001 +3.8262e-002 -3.0385e-001
388 +6.486898407e+000 +6.486898407e+000 +4.643689841e+001 +4.643689841e+001 +5.9317e-001 -1.2232e-001 -3.5756e-001
419 +5.517201471e+000 +5.517201471e+000 +4.546720147e+001 +4.546720147e+001 +5.8673e-001 +1.3237e-001 -3.5556e-001
601 +2.140659580e+000 +2.140659580e+000 +4.209065958e+001 +4.209065958e+001 +7.3024e-002 +3.3248e-001 -2.4639e-001
722 +1.224065610e+000 +1.224065610e+000 +4.117406561e+001 +4.117406561e+001 +2.6894e-001 +1.9525e-001 -3.5987e-001
736 +3.453593842e-001 +3.453593842e-001 +4.029535938e+001 +4.029535938e+001 +1.3582e-001 +2.2420e-001 -2.6865e-001
980 +9.897304882e-002 +9.897304882e-002 +4.004897305e+001 +4.004897305e+001 +7.6517e-001 -6.9951e-002 -4.4348e-001
1268 +2.278624176e-002 +2.278624176e-002 +3.997278624e+001 +3.997278624e+001 +6.9023e-001 -1.1235e-002 -4.2446e-001
1828 +1.357485471e-002 +1.357485471e-002 +3.996357485e+001 +3.996357485e+001 +6.0217e-001 +2.1803e-002 -4.0157e-001
1830 +8.904071491e-003 +8.904071491e-003 +3.995890407e+001 +3.995890407e+001 +6.1387e-001 +1.9208e-002 -4.0554e-001
2231 +3.231985541e-003 +3.231985541e-003 +3.995323199e+001 +3.995323199e+001 +6.4489e-001 +4.8762e-003 -4.1617e-001
2363 +2.365195077e-003 +2.365195077e-003 +3.995236520e+001 +3.995236520e+001 +7.3162e-001 -3.5422e-002 -4.3650e-001
2477 +1.463921310e-003 +1.463921310e-003 +3.995146392e+001 +3.995146392e+001 +8.0053e-001 -7.0045e-002 -4.5485e-001
2484 +5.172460643e-004 +5.172460643e-004 +3.995051725e+001 +3.995051725e+001 +7.4368e-001 -4.2796e-002 -4.4187e-001
2701 +3.877940477e-004 +3.877940477e-004 +3.995038779e+001 +3.995038779e+001 +7.4228e-001 -4.0850e-002 -4.4082e-001
2715 +2.405163169e-004 +2.405163169e-004 +3.995024052e+001 +3.995024052e+001 +7.3558e-001 -3.8947e-002 -4.3955e-001
2795 +4.985649458e-005 +4.985649458e-005 +3.995004986e+001 +3.995004986e+001 +7.4670e-001 -4.4099e-002 -4.4191e-001
2958 +1.515608801e-005 +1.515608801e-005 +3.995001516e+001 +3.995001516e+001 +7.3749e-001 -3.9637e-002 -4.3947e-001
3504 +7.732607408e-006 +7.732607408e-006 +3.995000773e+001 +3.995000773e+001 +7.4275e-001 -4.2112e-002 -4.4057e-001
3590 +5.231393359e-006 +5.231393359e-006 +3.995000523e+001 +3.995000523e+001 +7.4683e-001 -4.4088e-002 -4.4158e-001
3620 +2.496098695e-006 +2.496098695e-006 +3.995000250e+001 +3.995000250e+001 +7.4316e-001 -4.2297e-002 -4.4073e-001
3764 +1.442799665e-006 +1.442799665e-006 +3.995000144e+001 +3.995000144e+001 +7.4256e-001 -4.2090e-002 -4.4064e-001
3805 +6.100790273e-008 +6.100790273e-008 +3.995000006e+001 +3.995000006e+001 +7.4381e-001 -4.2664e-002 -4.4092e-001
4076 +2.887006900e-008 +2.887006900e-008 +3.995000003e+001 +3.995000003e+001 +7.4404e-001 -4.2782e-002 -4.4098e-001
4536 +1.680496808e-008 +1.680496808e-008 +3.995000002e+001 +3.995000002e+001 +7.4414e-001 -4.2816e-002 -4.4100e-001
4551 +1.453008736e-008 +1.453008736e-008 +3.995000001e+001 +3.995000001e+001 +7.4428e-001 -4.2883e-002 -4.4104e-001
4853 +8.470571800e-009 +8.470571800e-009 +3.995000001e+001 +3.995000001e+001 +7.4424e-001 -4.2870e-002 -4.4103e-001
% function evaluation | noise-free fitness - Fopt (7.762000000000e+001) | best noise-free fitness - Fopt | measured fitness | best measured fitness | x1 | x2...
1 +2.991809868e+003 +2.991809868e+003 +3.069429868e+003 +3.069429868e+003 +3.2913e+000 -4.3084e-001 -4.5499e-001
14 +2.408719044e+003 +2.408719044e+003 +2.486339044e+003 +2.486339044e+003 -2.2665e+000 -1.4345e+000 +6.6511e-002
24 +1.363796876e+003 +1.363796876e+003 +1.441416876e+003 +1.441416876e+003 -1.7752e+000 -2.4262e+000 -4.4271e+000
32 +8.232936060e+002 +8.232936060e+002 +9.009136060e+002 +9.009136060e+002 +1.7893e+000 +1.0235e+000 +2.4358e+000
53 +3.129761736e+002 +3.129761736e+002 +3.905961736e+002 +3.905961736e+002 -7.1169e-001 -1.0608e+000 -1.6627e+000
57 +3.701024713e+001 +3.701024713e+001 +1.146302471e+002 +1.146302471e+002 +1.3743e+000 +7.3402e-001 +4.5746e-002
177 +1.741016840e+001 +1.741016840e+001 +9.503016840e+001 +9.503016840e+001 +8.7789e-001 +7.8987e-001 +2.5844e-001
239 +5.414962114e+000 +5.414962114e+000 +8.303496211e+001 +8.303496211e+001 +1.1272e+000 -6.0252e-001 -1.2232e+000
379 +3.249268768e+000 +3.249268768e+000 +8.086926877e+001 +8.086926877e+001 +1.1104e+000 +2.5993e-001 -3.2843e-001
1086 +1.846102298e+000 +1.846102298e+000 +7.946610230e+001 +7.946610230e+001 +4.9130e-001 +6.2636e-001 +6.0462e-002
1160 +1.534890382e+000 +1.534890382e+000 +7.915489038e+001 +7.915489038e+001 +3.4004e-001 +5.8948e-001 +1.8578e-001
1848 +7.674556531e-001 +7.674556531e-001 +7.838745565e+001 +7.838745565e+001 +1.4393e-001 +3.1886e-001 +3.3567e-001
1927 +6.128785280e-001 +6.128785280e-001 +7.823287853e+001 +7.823287853e+001 +6.5530e-002 +2.2804e-001 +3.5003e-001
2015 +2.950034297e-001 +2.950034297e-001 +7.791500343e+001 +7.791500343e+001 -7.2882e-002 +1.3069e-002 +3.1105e-001
2109 +2.465165042e-001 +2.465165042e-001 +7.786651650e+001 +7.786651650e+001 -1.3369e-001 -7.3039e-002 +3.0016e-001
2326 +8.820968133e-002 +8.820968133e-002 +7.770820968e+001 +7.770820968e+001 -2.8782e-001 -2.8830e-001 +1.9481e-001
2507 +6.146503907e-002 +6.146503907e-002 +7.768146504e+001 +7.768146504e+001 -4.9270e-001 -5.6991e-001 +3.6456e-002
2603 +1.007392943e-002 +1.007392943e-002 +7.763007393e+001 +7.763007393e+001 -5.0472e-001 -5.7451e-001 +2.7167e-002
2791 +8.158900172e-003 +8.158900172e-003 +7.762815890e+001 +7.762815890e+001 -5.0965e-001 -5.7640e-001 +2.3363e-002
2879 +6.265793628e-003 +6.265793628e-003 +7.762626579e+001 +7.762626579e+001 -5.1508e-001 -5.8103e-001 +2.7768e-002
3035 +2.283088768e-003 +2.283088768e-003 +7.762228309e+001 +7.762228309e+001 -5.9504e-001 -6.8297e-001 -4.7536e-002
3295 +1.356980208e-003 +1.356980208e-003 +7.762135698e+001 +7.762135698e+001 -6.0245e-001 -6.9530e-001 -5.8174e-002
3667 +9.463597056e-004 +9.463597056e-004 +7.762094636e+001 +7.762094636e+001 -5.9754e-001 -6.8918e-001 -5.1470e-002
3785 +5.602043232e-004 +5.602043232e-004 +7.762056020e+001 +7.762056020e+001 -5.8877e-001 -6.7723e-001 -4.2642e-002
3896 +3.424080768e-004 +3.424080768e-004 +7.762034241e+001 +7.762034241e+001 -5.6855e-001 -6.5077e-001 -2.4638e-002
3902 +1.711340278e-004 +1.711340278e-004 +7.762017113e+001 +7.762017113e+001 -5.7310e-001 -6.5711e-001 -2.9474e-002
3965 +4.999957632e-005 +4.999957632e-005 +7.762005000e+001 +7.762005000e+001 -5.6457e-001 -6.4646e-001 -2.1167e-002
4278 +3.193239870e-005 +3.193239870e-005 +7.762003193e+001 +7.762003193e+001 -5.6287e-001 -6.4462e-001 -1.9684e-002
4286 +1.703856623e-005 +1.703856623e-005 +7.762001704e+001 +7.762001704e+001 -5.6843e-001 -6.5151e-001 -2.4895e-002
4350 +1.057502010e-005 +1.057502010e-005 +7.762001058e+001 +7.762001058e+001 -5.6585e-001 -6.4843e-001 -2.2595e-002
4468 +9.801599845e-006 +9.801599845e-006 +7.762000980e+001 +7.762000980e+001 -5.7235e-001 -6.5668e-001 -2.8520e-002
4891 +1.397853822e-006 +1.397853822e-006 +7.762000140e+001 +7.762000140e+001 -5.6851e-001 -6.5176e-001 -2.4917e-002
5191 +8.102980757e-007 +8.102980757e-007 +7.762000081e+001 +7.762000081e+001 -5.6802e-001 -6.5122e-001 -2.4503e-002
5420 +3.284303318e-007 +3.284303318e-007 +7.762000033e+001 +7.762000033e+001 -5.6843e-001 -6.5171e-001 -2.4880e-002
5446 +2.306487374e-007 +2.306487374e-007 +7.762000023e+001 +7.762000023e+001 -5.6936e-001 -6.5291e-001 -2.5760e-002
5577 +1.310326070e-009 +1.310326070e-009 +7.762000000e+001 +7.762000000e+001 -5.6897e-001 -6.5242e-001 -2.5381e-002
% function evaluation | noise-free fitness - Fopt (-1.092400000000e+002) | best noise-free fitness - Fopt | measured fitness | best measured fitness | x1 | x2...
1 +2.725901240e+004 +2.725901240e+004 +2.714977240e+004 +2.714977240e+004 +1.5391e+000 -3.0660e+000 +3.9881e+000
5 +1.453215631e+003 +1.453215631e+003 +1.343975631e+003 +1.343975631e+003 -2.1773e+000 -1.1967e-001 -1.1507e+000
36 +8.287423215e+001 +8.287423215e+001 -2.636576785e+001 -2.636576785e+001 -2.0345e-001 +1.0191e+000 +3.4332e-001
147 +3.790005367e+001 +3.790005367e+001 -7.133994633e+001 -7.133994633e+001 -1.2825e+000 +1.1412e-001 +3.0925e-001
291 +2.474136180e+001 +2.474136180e+001 -8.449863820e+001 -8.449863820e+001 -1.9804e-002 -1.8910e-001 -2.8631e-001
299 +8.521690025e+000 +8.521690025e+000 -1.007183100e+002 -1.007183100e+002 -1.0448e+000 -1.5295e-001 +4.7416e-001
526 +3.152730758e+000 +3.152730758e+000 -1.060872692e+002 -1.060872692e+002 -8.5571e-001 -4.2179e-003 +5.2672e-001
709 +1.960213656e+000 +1.960213656e+000 -1.072797863e+002 -1.072797863e+002 -6.1263e-001 -3.6915e-001 +2.5426e-001
756 +1.540682515e+000 +1.540682515e+000 -1.076993175e+002 -1.076993175e+002 -2.0345e-001 -4.3865e-001 +1.3907e-002
945 +7.735419548e-001 +7.735419548e-001 -1.084664580e+002 -1.084664580e+002 -1.6341e-001 -3.8692e-001 +7.4751e-002
1150 +5.337784581e-001 +5.337784581e-001 -1.087062215e+002 -1.087062215e+002 -8.2788e-002 -3.8083e-001 +1.9058e-002
1288 +3.939978375e-001 +3.939978375e-001 -1.088460022e+002 -1.088460022e+002 +8.2088e-003 -3.4430e-001 -1.8498e-003
1502 +2.351703185e-001 +2.351703185e-001 -1.090048297e+002 -1.090048297e+002 +2.8243e-001 -2.2133e-001 -9.0725e-002
1644 +1.411816386e-001 +1.411816386e-001 -1.090988184e+002 -1.090988184e+002 +3.2652e-001 -1.6029e-001 -1.2032e-001
1724 +5.563476641e-002 +5.563476641e-002 -1.091843652e+002 -1.091843652e+002 +4.7798e-001 -4.2314e-002 -1.7909e-001
1765 +3.714264066e-002 +3.714264066e-002 -1.092028574e+002 -1.092028574e+002 +5.5071e-001 +2.1717e-002 -2.1091e-001
2051 +7.673693301e-003 +7.673693301e-003 -1.092323263e+002 -1.092323263e+002 +8.5993e-001 +3.3672e-001 -3.7786e-001
2069 +5.117907739e-003 +5.117907739e-003 -1.092348821e+002 -1.092348821e+002 +8.1197e-001 +2.8290e-001 -3.4796e-001
2611 +3.723371434e-003 +3.723371434e-003 -1.092362766e+002 -1.092362766e+002 +7.7525e-001 +2.3613e-001 -3.2978e-001
2658 +4.257449235e-004 +4.257449235e-004 -1.092395743e+002 -1.092395743e+002 +7.6562e-001 +2.2680e-001 -3.2277e-001
2918 +3.488021076e-004 +3.488021076e-004 -1.092396512e+002 -1.092396512e+002 +7.4563e-001 +2.0736e-001 -3.1184e-001
3369 +1.309067676e-004 +1.309067676e-004 -1.092398691e+002 -1.092398691e+002 +7.7945e-001 +2.4399e-001 -3.3062e-001
3457 +1.604316869e-005 +1.604316869e-005 -1.092399840e+002 -1.092399840e+002 +7.7326e-001 +2.3680e-001 -3.2714e-001
3542 +4.530194047e-006 +4.530194047e-006 -1.092399955e+002 -1.092399955e+002 +7.7067e-001 +2.3388e-001 -3.2568e-001
3841 +1.301582444e-006 +1.301582444e-006 -1.092399987e+002 -1.092399987e+002 +7.6871e-001 +2.3190e-001 -3.2467e-001
4323 +6.110581978e-007 +6.110581978e-007 -1.092399994e+002 -1.092399994e+002 +7.6772e-001 +2.3077e-001 -3.2413e-001
4429 +3.467690277e-007 +3.467690277e-007 -1.092399997e+002 -1.092399997e+002 +7.6851e-001 +2.3163e-001 -3.2455e-001
4482 +2.447136040e-007 +2.447136040e-007 -1.092399998e+002 -1.092399998e+002 +7.6807e-001 +2.3113e-001 -3.2433e-001
4576 +1.054033163e-007 +1.054033163e-007 -1.092399999e+002 -1.092399999e+002 +7.6905e-001 +2.3216e-001 -3.2485e-001
4928 +4.368219209e-008 +4.368219209e-008 -1.092400000e+002 -1.092400000e+002 +7.6847e-001 +2.3156e-001 -3.2454e-001
5065 +1.195648736e-008 +1.195648736e-008 -1.092400000e+002 -1.092400000e+002 +7.6861e-001 +2.3170e-001 -3.2461e-001
5154 +5.868315611e-009 +5.868315611e-009 -1.092400000e+002 -1.092400000e+002 +7.6859e-001 +2.3168e-001 -3.2461e-001
