% function evaluation | noise-free fitness - Fopt (9.294000000000e+001) | best noise-free fitness - Fopt | measured fitness | best measured fitness | x1 | x2...
1 +4.990932474e+003 +4.990932474e+003 +5.083872474e+003 +5.083872474e+003 +1.1551e+001 +7.5561e+000 +1.3584e+001 +1.2370e+001 +7.3194e+000
4 +3.315366941e+003 +3.315366941e+003 +3.408306941e+003 +3.408306941e+003 +6.1796e+000 +9.0499e+000 +7.7378e+000 +9.0744e+000 +8.4609e+000
14 +2.263117024e+003 +2.263117024e+003 +2.356057024e+003 +2.356057024e+003 +8.3629e+000 +7.7225e+000 +8.4225e+000 +1.4963e+001 +9.6614e+000
53 +1.311513987e+001 +1.311513987e+001 +1.060551399e+002 +1.060551399e+002 +0.0000e+000 +0.0000e+000 +0.0000e+000 +0.0000e+000 +0.0000e+000
279 +8.344293277e+000 +8.344293277e+000 +1.012842933e+002 +1.012842933e+002 +0.0000e+000 +0.0000e+000 -1.9657e-001 +0.0000e+000 +0.0000e+000
429 +6.190204685e+000 +6.190204685e+000 +9.913020468e+001 +9.913020468e+001 -6.5252e-001 +0.0000e+000 -2.1892e-001 +0.0000e+000 +0.0000e+000
488 +3.768881571e+000 +3.768881571e+000 +9.670888157e+001 +9.670888157e+001 -2.8887e-001 +1.0931e+000 -7.9301e-001 +0.0000e+000 -8.8762e-002
% function evaluation | noise-free fitness - Fopt (3.535000000000e+001) | best noise-free fitness - Fopt | measured fitness | best measured fitness | x1 | x2...
1 +1.069510357e+003 +1.069510357e+003 +1.104860357e+003 +1.104860357e+003 +8.0009e+000 +5.6479e+000 +6.2038e+000 +5.0125e+000 +7.9504e+000
52 +7.862055302e+002 +7.862055302e+002 +8.215555302e+002 +8.215555302e+002 +8.0009e+000 +5.6479e+000 +6.2038e+000 +1.1204e+001 +7.9504e+000
55 +4.644548928e+002 +4.644548928e+002 +4.998048928e+002 +4.998048928e+002 +0.0000e+000 +0.0000e+000 +0.0000e+000 +0.0000e+000 +0.0000e+000
109 +3.431069605e+002 +3.431069605e+002 +3.784569605e+002 +3.784569605e+002 +5.4792e+000 +1.5196e+000 +7.8518e+000 -1.0184e-001 -1.2411e-001
169 +2.482951376e+002 +2.482951376e+002 +2.836451376e+002 +2.836451376e+002 +6.0048e+000 +0.0000e+000 +0.0000e+000 +0.0000e+000 +0.0000e+000
240 +1.004518509e+002 +1.004518509e+002 +1.358018509e+002 +1.358018509e+002 +0.0000e+000 +7.6472e+000 +0.0000e+000 +4.3371e+000 +0.0000e+000
266 +9.819178948e+001 +9.819178948e+001 +1.335417895e+002 +1.335417895e+002 +7.8016e-001 +8.7924e-001 +2.3670e+000 +3.6055e+000 +0.0000e+000
317 +4.916402955e+001 +4.916402955e+001 +8.451402955e+001 +8.451402955e+001 +0.0000e+000 +4.3962e+000 +2.3670e+000 +3.3865e+000 +0.0000e+000
488 +2.608473567e+001 +2.608473567e+001 +6.143473567e+001 +6.143473567e+001 +5.5920e+000 -1.5522e+000 +5.5724e+000 +1.6229e+000 +0.0000e+000
719 +1.012000166e+001 +1.012000166e+001 +4.547000166e+001 +4.547000166e+001 +3.1791e+000 -8.7924e-001 +4.0020e+000 -3.3140e-001 -1.6889e+000
1106 +8.795323412e+000 +8.795323412e+000 +4.414532341e+001 +4.414532341e+001 -2.2992e-001 +6.2182e+000 +2.7363e+000 +3.3435e+000 -1.9439e+000
1110 +4.401807762e+000 +4.401807762e+000 +3.975180776e+001 +3.975180776e+001 +5.7409e-001 +3.9488e+000 +3.2416e+000 +1.4617e+000 -2.0914e+000
1985 +3.107529250e+000 +3.107529250e+000 +3.845752925e+001 +3.845752925e+001 +2.7376e+000 -9.7708e-002 +4.6330e+000 +2.0892e+000 -8.9282e-001
% function evaluation | noise-free fitness - Fopt (3.820000000000e+000) | best noise-free fitness - Fopt | measured fitness | best measured fitness | x1 | x2...
1 +1.021197885e+004 +1.021197885e+004 +1.021579885e+004 +1.021579885e+004 +1.4067e+001 +1.2451e+001 +1.1695e+001 +8.8701e+000 +1.3616e+001
3 +4.942551168e+003 +4.942551168e+003 +4.946371168e+003 +4.946371168e+003 +1.4971e+001 +8.1904e+000 +7.3975e+000 +6.9126e+000 +1.4526e+001
5 +3.669835771e+003 +3.669835771e+003 +3.673655771e+003 +3.673655771e+003 +1.1951e+001 +5.2374e+000 +8.0870e+000 +9.2074e+000 +5.4478e+000
38 +1.684940511e+003 +1.684940511e+003 +1.688760511e+003 +1.688760511e+003 +5.0465e+000 +6.8562e+000 +6.7899e+000 +7.5261e+000 +8.3160e+000
56 +7.329981111e+002 +7.329981111e+002 +7.368181111e+002 +7.368181111e+002 +0.0000e+000 +0.0000e+000 +0.0000e+000 +0.0000e+000 +0.0000e+000
119 +1.819693420e+002 +1.819693420e+002 +1.857893420e+002 +1.857893420e+002 +0.0000e+000 +5.4950e+000 +0.0000e+000 +0.0000e+000 +0.0000e+000
179 +1.386167426e+002 +1.386167426e+002 +1.424367426e+002 +1.424367426e+002 +5.2018e+000 +0.0000e+000 +0.0000e+000 +0.0000e+000 +0.0000e+000
214 +8.589186759e+001 +8.589186759e+001 +8.971186759e+001 +8.971186759e+001 +4.4196e+000 +3.0696e+000 +2.1026e+000 -1.1910e+000 +1.3926e+000
333 +3.651944076e+001 +3.651944076e+001 +4.033944076e+001 +4.033944076e+001 +2.0283e+000 +2.3834e+000 +2.2077e+000 +2.6152e-001 -1.6501e-001
348 +1.509214373e+001 +1.509214373e+001 +1.891214373e+001 +1.891214373e+001 +3.5169e+000 +1.9875e-001 +3.2064e+000 -1.1934e+000 +0.0000e+000
586 +9.338367477e+000 +9.338367477e+000 +1.315836748e+001 +1.315836748e+001 +3.6477e+000 +0.0000e+000 +2.6282e+000 +0.0000e+000 +0.0000e+000
921 +6.270462151e+000 +6.270462151e+000 +1.009046215e+001 +1.009046215e+001 +3.9179e+000 +1.7662e+000 +1.6422e+000 -2.7603e-001 +0.0000e+000
2189 +2.692273505e+000 +2.692273505e+000 +6.512273505e+000 +6.512273505e+000 +3.5169e+000 +1.3557e+000 +1.3735e+000 -6.1046e-001 -3.0497e-001
% function evaluation | noise-free fitness - Fopt (2.175000000000e+001) | best noise-free fitness - Fopt | measured fitness | best measured fitness | x1 | x2...
1 +8.405662233e+003 +8.405662233e+003 +8.427412233e+003 +8.427412233e+003 +1.4807e+001 +1.0658e+001 +1.0732e+001 +1.2485e+001 +1.2618e+001
3 +3.479991381e+003 +3.479991381e+003 +3.501741381e+003 +3.501741381e+003 +8.6162e+000 +1.1410e+001 +6.9617e+000 +6.6296e+000 +6.9084e+000
54 +1.551430652e+002 +1.551430652e+002 +1.768930652e+002 +1.768930652e+002 +0.0000e+000 +0.0000e+000 +0.0000e+000 +0.0000e+000 +0.0000e+000
175 +8.979970055e+001 +8.979970055e+001 +1.115497005e+002 +1.115497005e+002 +4.5324e-001 +0.0000e+000 +0.0000e+000 +1.9006e+000 +0.0000e+000
211 +4.874825741e+001 +4.874825741e+001 +7.049825741e+001 +7.049825741e+001 +5.2742e+000 +0.0000e+000 -2.8132e+000 -1.0952e+000 +0.0000e+000
342 +3.519913301e+001 +3.519913301e+001 +5.694913301e+001 +5.694913301e+001 +0.0000e+000 +0.0000e+000 +0.0000e+000 +6.1585e+000 -9.0614e-001
614 +2.483989781e+001 +2.483989781e+001 +4.658989781e+001 +4.658989781e+001 +1.2390e+000 -5.1156e-001 -5.2043e-001 +6.8846e+000 -1.4156e-001
667 +1.004492908e+001 +1.004492908e+001 +3.179492908e+001 +3.179492908e+001 +3.7084e+000 -1.0518e-002 -7.3825e-001 +3.5002e+000 -9.0614e-001
988 +5.758809759e+000 +5.758809759e+000 +2.750880976e+001 +2.750880976e+001 +2.6764e+000 -3.8301e-002 -6.4741e-001 +4.1745e+000 -9.0871e-001
1132 +2.924668642e+000 +2.924668642e+000 +2.467466864e+001 +2.467466864e+001 +3.9951e+000 -5.5102e-002 -1.5317e+000 +2.8928e+000 -7.1999e-001
1299 +2.067718184e+000 +2.067718184e+000 +2.381771818e+001 +2.381771818e+001 +3.3667e+000 +1.1012e-001 -1.3879e+000 +3.8663e+000 -1.2714e+000
1662 +1.207404017e+000 +1.207404017e+000 +2.295740402e+001 +2.295740402e+001 +4.4201e+000 -5.5102e-002 -1.5317e+000 +3.5911e+000 -7.1999e-001
% function evaluation | noise-free fitness - Fopt (6.479000000000e+001) | best noise-free fitness - Fopt | measured fitness | best measured fitness | x1 | x2...
1 +4.675086412e+003 +4.675086412e+003 +4.739876412e+003 +4.739876412e+003 +1.3251e+001 +8.9374e+000 +1.0123e+001 +1.2152e+001 +9.1645e+000
6 +2.413381225e+003 +2.413381225e+003 +2.478171225e+003 +2.478171225e+003 +1.0439e+001 +8.0410e+000 +7.7384e+000 +7.4366e+000 +9.8843e+000
35 +1.264262968e+003 +1.264262968e+003 +1.329052968e+003 +1.329052968e+003 +5.3491e+000 +8.4063e+000 +7.5299e+000 +5.8035e+000 +5.6269e+000
56 +3.268637627e+001 +3.268637627e+001 +9.747637627e+001 +9.747637627e+001 +0.0000e+000 +0.0000e+000 +0.0000e+000 +0.0000e+000 +0.0000e+000
468 +2.323659275e+001 +2.323659275e+001 +8.802659275e+001 +8.802659275e+001 +0.0000e+000 -8.4305e-001 +0.0000e+000 +0.0000e+000 +1.1199e+000
1264 +1.338326286e+001 +1.338326286e+001 +7.817326286e+001 +7.817326286e+001 +4.5313e-002 -9.4844e-001 -1.3795e-001 +0.0000e+000 +1.1199e+000
% function evaluation | noise-free fitness - Fopt (-1.000000000000e+003) | best noise-free fitness - Fopt | measured fitness | best measured fitness | x1 | x2...
1 +2.093450902e+003 +2.093450902e+003 +1.093450902e+003 +1.093450902e+003 +9.2774e+000 +1.0045e+001 +9.2597e+000 +1.4152e+001 +1.4179e+001
10 +1.520180118e+003 +1.520180118e+003 +5.201801183e+002 +5.201801183e+002 +8.0654e+000 +9.3136e+000 +6.3713e+000 +1.2025e+001 +9.7840e+000
53 +9.307208212e+001 +9.307208212e+001 -9.069279179e+002 -9.069279179e+002 +0.0000e+000 +0.0000e+000 +0.0000e+000 +0.0000e+000 +0.0000e+000
217 +6.008932218e+001 +6.008932218e+001 -9.399106778e+002 -9.399106778e+002 +0.0000e+000 +0.0000e+000 +3.1856e+000 +0.0000e+000 +4.8920e+000
334 +3.652406513e+001 +3.652406513e+001 -9.634759349e+002 -9.634759349e+002 +0.0000e+000 +0.0000e+000 +1.5928e+000 +0.0000e+000 +0.0000e+000
767 +2.468998030e+001 +2.468998030e+001 -9.753100197e+002 -9.753100197e+002 +0.0000e+000 +2.6444e-001 +1.4728e+000 -4.5008e-001 +1.0230e-001
1371 +1.535229233e+001 +1.535229233e+001 -9.846477077e+002 -9.846477077e+002 -3.4480e-001 +6.6043e-001 +4.9814e-001 -7.7938e-001 +3.2320e-001
1478 +7.638817027e+000 +7.638817027e+000 -9.923611830e+002 -9.923611830e+002 -1.0689e+000 +9.7443e-001 +1.0887e+000 -1.0241e+000 +6.3714e-001
1559 +5.328758304e+000 +5.328758304e+000 -9.946712417e+002 -9.946712417e+002 -1.3117e+000 +8.7895e-001 +1.0917e+000 -8.8744e-001 +1.0418e+000
% function evaluation | noise-free fitness - Fopt (6.750100000000e+002) | best noise-free fitness - Fopt | measured fitness | best measured fitness | x1 | x2...
1 +3.590519963e+003 +3.590519963e+003 +4.265529963e+003 +4.265529963e+003 +1.1217e+001 +6.9181e+000 +7.6481e+000 +8.7302e+000 +8.6292e+000
53 +2.214680380e+002 +2.214680380e+002 +8.964780380e+002 +8.964780380e+002 +0.0000e+000 +0.0000e+000 +0.0000e+000 +0.0000e+000 +0.0000e+000
200 +1.069469049e+002 +1.069469049e+002 +7.819569049e+002 +7.819569049e+002 +0.0000e+000 +0.0000e+000 +0.0000e+000 +0.0000e+000 +4.1652e+000
201 +8.189316682e+001 +8.189316682e+001 +7.569031668e+002 +7.569031668e+002 -5.5644e-001 +7.2406e-001 +8.3005e+000 -1.7351e+000 -2.1733e+000
249 +5.527365080e+001 +5.527365080e+001 +7.302836508e+002 +7.302836508e+002 +0.0000e+000 -1.1418e+000 +0.0000e+000 +1.9326e+000 +0.0000e+000
279 +2.926735265e+001 +2.926735265e+001 +7.042773526e+002 +7.042773526e+002 -2.7822e-001 +0.0000e+000 +4.0732e+000 +0.0000e+000 -1.0413e+000
332 +1.498190414e+001 +1.498190414e+001 +6.899919041e+002 +6.899919041e+002 +0.0000e+000 +0.0000e+000 +4.1503e+000 +0.0000e+000 +0.0000e+000
416 +5.341839797e+000 +5.341839797e+000 +6.803518398e+002 +6.803518398e+002 -1.5871e+000 +0.0000e+000 +2.2970e+000 -1.9439e-002 +6.4787e-001
909 +2.804950090e+000 +2.804950090e+000 +6.778149501e+002 +6.778149501e+002 -1.8653e+000 -2.2487e-001 +1.6131e+000 +1.7512e-001 +2.2936e-001
983 +6.991228223e-001 +6.991228223e-001 +6.757091228e+002 +6.757091228e+002 -2.2415e+000 +1.1678e-001 +2.2355e+000 +7.2024e-001 -7.8097e-001
1696 +4.912244938e-001 +4.912244938e-001 +6.755012245e+002 +6.755012245e+002 -1.4772e+000 -7.1361e-002 +2.8978e+000 +3.2766e-001 -5.8573e-001
% function evaluation | noise-free fitness - Fopt (-3.580600000000e+002) | best noise-free fitness - Fopt | measured fitness | best measured fitness | x1 | x2...
1 +1.800693156e+004 +1.800693156e+004 +1.764887156e+004 +1.764887156e+004 +1.3498e+001 +1.0178e+001 +1.2911e+001 +5.5648e+000 +6.8654e+000
3 +1.556455765e+004 +1.556455765e+004 +1.520649765e+004 +1.520649765e+004 +1.1716e+001 +8.7133e+000 +8.1356e+000 +9.6135e+000 +6.6672e+000
53 +3.606083166e+002 +3.606083166e+002 +2.548316629e+000 +2.548316629e+000 +0.0000e+000 +0.0000e+000 +0.0000e+000 +0.0000e+000 +0.0000e+000
119 +1.858060799e+002 +1.858060799e+002 -1.722539201e+002 -1.722539201e+002 +9.3998e-001 +1.7441e+000 +9.0467e-001 -2.2372e+000 -1.3890e+000
178 +1.490981418e+002 +1.490981418e+002 -2.089618582e+002 -2.089618582e+002 -2.0045e+000 +2.3614e+000 -3.3032e+000 -2.3324e+000 -1.1760e+000
253 +9.861654032e+001 +9.861654032e+001 -2.594434597e+002 -2.594434597e+002 -3.0502e+000 +0.0000e+000 +0.0000e+000 +0.0000e+000 +0.0000e+000
293 +6.126340224e+001 +6.126340224e+001 -2.967965978e+002 -2.967965978e+002 -4.0090e+000 +0.0000e+000 +0.0000e+000 -8.7003e-001 -1.6110e+000
333 +2.089399397e+001 +2.089399397e+001 -3.371660060e+002 -3.371660060e+002 +0.0000e+000 +0.0000e+000 +0.0000e+000 -2.2903e+000 -3.9927e+000
534 +1.580291598e+001 +1.580291598e+001 -3.422570840e+002 -3.422570840e+002 +0.0000e+000 +0.0000e+000 +1.6169e+000 -4.6017e+000 -4.3265e+000
583 +7.309170904e+000 +7.309170904e+000 -3.507508291e+002 -3.507508291e+002 +3.9436e-002 +0.0000e+000 +0.0000e+000 -4.2764e+000 -2.8284e+000
1151 +4.559812223e+000 +4.559812223e+000 -3.535001878e+002 -3.535001878e+002 +0.0000e+000 +1.6476e+000 +4.2083e-001 -4.9705e+000 -2.6284e+000
1241 +2.234008604e+000 +2.234008604e+000 -3.558259914e+002 -3.558259914e+002 +0.0000e+000 +2.1339e+000 +4.2083e-001 -4.9705e+000 -2.6284e+000
1923 +6.434906071e-001 +6.434906071e-001 -3.574165094e+002 -3.574165094e+002 -5.5511e-001 +5.4655e-001 +9.1606e-001 -3.6361e+000 -2.7344e+000
% function evaluation | noise-free fitness - Fopt (-4.797000000000e+001) | best noise-free fitness - Fopt | measured fitness | best measured fitness | x1 | x2...
1 +3.769718451e+003 +3.769718451e+003 +3.721748451e+003 +3.721748451e+003 +6.2482e+000 +1.0970e+001 +9.0902e+000 +9.6735e+000 +5.4471e+000
48 +1.891696010e+003 +1.891696010e+003 +1.843726010e+003 +1.843726010e+003 +1.2525e+001 +1.1067e+001 +7.7098e+000 +5.7352e+000 +5.0069e+000
53 +1.567806621e+003 +1.567806621e+003 +1.519836621e+003 +1.519836621e+003 +7.2045e+000 +1.3148e+001 +1.0857e+001 +3.1823e+000 +3.2377e+000
55 +1.488941618e+002 +1.488941618e+002 +1.009241618e+002 +1.009241618e+002 +0.0000e+000 +0.0000e+000 +0.0000e+000 +0.0000e+000 +0.0000e+000
137 +8.835950451e+001 +8.835950451e+001 +4.038950451e+001 +4.038950451e+001 -3.6023e+000 +0.0000e+000 -2.8312e+000 -2.9227e+000 +0.0000e+000
242 +4.262620699e+001 +4.262620699e+001 -5.343793007e+000 -5.343793007e+000 -5.2356e-001 +0.0000e+000 +0.0000e+000 +0.0000e+000 -1.6750e+000
292 +3.459115335e+001 +3.459115335e+001 -1.337884665e+001 -1.337884665e+001 +0.0000e+000 +0.0000e+000 +0.0000e+000 +0.0000e+000 -1.6750e+000
331 +1.401703114e+001 +1.401703114e+001 -3.395296886e+001 -3.395296886e+001 +0.0000e+000 -1.8104e+000 -5.2727e-001 +0.0000e+000 -3.4950e+000
467 +2.118788055e+000 +2.118788055e+000 -4.585121195e+001 -4.585121195e+001 +1.2776e+000 -7.5664e-001 -1.3511e+000 +0.0000e+000 -2.7696e+000
1843 +6.161049374e-001 +6.161049374e-001 -4.735389506e+001 -4.735389506e+001 +2.0961e+000 -9.3765e-001 -1.4602e+000 +4.9256e-001 -3.1468e+000
% function evaluation | noise-free fitness - Fopt (-8.294100000000e+002) | best noise-free fitness - Fopt | measured fitness | best measured fitness | x1 | x2...
1 +3.052933115e+003 +3.052933115e+003 +2.223523115e+003 +2.223523115e+003 +6.2953e+000 +5.1199e+000 +1.2638e+001 +1.1035e+001 +9.9958e+000
46 +1.809004787e+003 +1.809004787e+003 +9.795947868e+002 +9.795947868e+002 +5.6615e+000 +8.8042e+000 +5.4920e+000 +1.3345e+001 +7.1831e+000
54 +3.742575034e+001 +3.742575034e+001 -7.919842497e+002 -7.919842497e+002 +0.0000e+000 +0.0000e+000 +0.0000e+000 +0.0000e+000 +0.0000e+000
253 +1.962731136e+001 +1.962731136e+001 -8.097826886e+002 -8.097826886e+002 +0.0000e+000 +2.5314e+000 -2.2406e+000 +0.0000e+000 +3.6918e+000
518 +9.394807925e+000 +9.394807925e+000 -8.200151921e+002 -8.200151921e+002 +1.7264e+000 +0.0000e+000 -5.6015e-001 +0.0000e+000 +9.2295e-001
1486 +1.081907152e+000 +1.081907152e+000 -8.283280928e+002 -8.283280928e+002 +0.0000e+000 +3.4286e-001 +8.7523e-001 -1.3970e+000 +1.0960e+000
% function evaluation | noise-free fitness - Fopt (5.681000000000e+001) | best noise-free fitness - Fopt | measured fitness | best measured fitness | x1 | x2...
1 +3.652200531e+003 +3.652200531e+003 +3.709010531e+003 +3.709010531e+003 +8.9203e+000 +1.2412e+001 +8.5171e+000 +1.0632e+001 +8.6009e+000
5 +2.285794670e+003 +2.285794670e+003 +2.342604670e+003 +2.342604670e+003 +5.9433e+000 +1.0423e+001 +7.4162e+000 +1.2994e+001 +8.3538e+000
13 +1.488380190e+003 +1.488380190e+003 +1.545190190e+003 +1.545190190e+003 +8.6193e+000 +7.9808e+000 +6.4536e+000 +1.2887e+001 +5.8958e+000
53 +2.250023500e+002 +2.250023500e+002 +2.818123500e+002 +2.818123500e+002 +0.0000e+000 +0.0000e+000 +0.0000e+000 +0.0000e+000 +0.0000e+000
189 +9.184135490e+001 +9.184135490e+001 +1.486513549e+002 +1.486513549e+002 -6.5459e+000 -6.5940e-001 +6.4026e+000 -4.0794e+000 -3.3156e+000
286 +5.886134801e+001 +5.886134801e+001 +1.156713480e+002 +1.156713480e+002 +3.0083e+000 +7.4775e-001 +0.0000e+000 -9.0166e-002 +0.0000e+000
411 +2.565375616e+001 +2.565375616e+001 +8.246375616e+001 +8.246375616e+001 +0.0000e+000 +7.4182e-001 +2.1112e+000 -1.8615e+000 -1.2501e+000
515 +1.676333852e+001 +1.676333852e+001 +7.357333852e+001 +7.357333852e+001 +0.0000e+000 +0.0000e+000 +1.6288e+000 -2.0397e+000 -1.4625e+000
541 +1.418656436e+001 +1.418656436e+001 +7.099656436e+001 +7.099656436e+001 +4.5409e+000 -1.6485e-001 -1.2897e+000 -1.8615e+000 -1.2501e+000
709 +8.910207400e+000 +8.910207400e+000 +6.572020740e+001 +6.572020740e+001 +4.5409e+000 +1.8437e-001 -1.2897e+000 -2.1788e+000 -1.2501e+000
1063 +3.860156759e+000 +3.860156759e+000 +6.067015676e+001 +6.067015676e+001 +2.0081e+000 +8.0266e-001 -1.2243e+000 -3.6229e+000 -1.5718e+000
1649 +2.310488791e+000 +2.310488791e+000 +5.912048879e+001 +5.912048879e+001 +1.7760e+000 +2.9867e-002 +1.6649e+000 -1.7436e+000 -1.8979e+000
1996 +5.064600086e-001 +5.064600086e-001 +5.731646001e+001 +5.731646001e+001 +1.6994e+000 +4.3059e-002 +1.0158e+000 -2.2412e+000 -2.1284e+000
% function evaluation | noise-free fitness - Fopt (4.209000000000e+001) | best noise-free fitness - Fopt | measured fitness | best measured fitness | x1 | x2...
1 +2.871476749e+003 +2.871476749e+003 +2.913566749e+003 +2.913566749e+003 +6.0928e+000 +1.3138e+001 +1.4321e+001 +1.0186e+001 +6.0592e+000
3 +1.803318879e+003 +1.803318879e+003 +1.845408879e+003 +1.845408879e+003 +6.3635e+000 +1.0440e+001 +7.3034e+000 +1.2066e+001 +1.2503e+001
7 +1.426065497e+003 +1.426065497e+003 +1.468155497e+003 +1.468155497e+003 +1.2574e+001 +6.9806e+000 +5.1101e+000 +1.2554e+001 +1.1353e+001
53 +3.130885098e+002 +3.130885098e+002 +3.551785098e+002 +3.551785098e+002 +0.0000e+000 +0.0000e+000 +0.0000e+000 +0.0000e+000 +0.0000e+000
131 +5.524450246e+001 +5.524450246e+001 +9.733450246e+001 +9.733450246e+001 +0.0000e+000 +5.1943e+000 +0.0000e+000 +1.4269e-001 -8.5802e-001
425 +3.888937325e+001 +3.888937325e+001 +8.097937325e+001 +8.097937325e+001 +0.0000e+000 +1.9477e+000 -1.3241e+000 +0.0000e+000 +5.4637e-001
696 +1.463844377e+001 +1.463844377e+001 +5.672844377e+001 +5.672844377e+001 +9.2913e-001 +3.8334e+000 -2.9737e+000 -4.9509e-001 -1.4057e+000
704 +6.447544116e+000 +6.447544116e+000 +4.853754412e+001 +4.853754412e+001 +1.6675e+000 +7.2828e-001 -2.6482e+000 -1.8818e+000 +0.0000e+000
880 +5.941016825e+000 +5.941016825e+000 +4.803101682e+001 +4.803101682e+001 +1.6927e+000 +7.2828e-001 -2.6482e+000 -2.1550e+000 +0.0000e+000
% function evaluation | noise-free fitness - Fopt (4.579000000000e+001) | best noise-free fitness - Fopt | measured fitness | best measured fitness | x1 | x2...
1 +4.196479922e+003 +4.196479922e+003 +4.242269922e+003 +4.242269922e+003 +1.0738e+001 +9.3593e+000 +1.0417e+001 +5.2684e+000 +5.4205e+000
3 +3.363119589e+003 +3.363119589e+003 +3.408909589e+003 +3.408909589e+003 +1.0795e+001 +1.2603e+001 +8.6794e+000 +1.2500e+001 +5.6660e+000
8 +2.215795957e+003 +2.215795957e+003 +2.261585957e+003 +2.261585957e+003 +9.9715e+000 +8.5978e+000 +5.9071e+000 +1.1636e+001 +6.1586e+000
53 +2.135289654e+002 +2.135289654e+002 +2.593189654e+002 +2.593189654e+002 +0.0000e+000 +0.0000e+000 +0.0000e+000 +0.0000e+000 +0.0000e+000
156 +1.414233845e+002 +1.414233845e+002 +1.872133845e+002 +1.872133845e+002 +5.3610e+000 +4.6669e-001 -1.7126e+000 +0.0000e+000 -1.3454e+000
157 +5.802585211e+001 +5.802585211e+001 +1.038158521e+002 +1.038158521e+002 +3.0784e+000 +0.0000e+000 +3.9077e+000 +0.0000e+000 +0.0000e+000
468 +1.961392550e+001 +1.961392550e+001 +6.540392550e+001 +6.540392550e+001 +2.2617e+000 -1.1667e-001 +4.7462e-002 +2.3939e+000 +1.9074e+000
1713 +1.230405800e+001 +1.230405800e+001 +5.809405800e+001 +5.809405800e+001 +2.8753e+000 -8.9277e-001 +1.0302e+000 +2.5924e+000 +2.1805e+000
% function evaluation | noise-free fitness - Fopt (-1.000000000000e+003) | best noise-free fitness - Fopt | measured fitness | best measured fitness | x1 | x2...
1 +7.321034028e+002 +7.321034028e+002 -2.678965972e+002 -2.678965972e+002 +7.6177e+000 +5.4752e+000 +7.5320e+000 +7.3171e+000 +8.6927e+000
53 +3.423503106e+001 +3.423503106e+001 -9.657649689e+002 -9.657649689e+002 +0.0000e+000 +0.0000e+000 +0.0000e+000 +0.0000e+000 +0.0000e+000
214 +8.344757988e+000 +8.344757988e+000 -9.916552420e+002 -9.916552420e+002 +0.0000e+000 +2.8429e+000 +2.1004e+000 +0.0000e+000 +0.0000e+000
548 +3.835239313e+000 +3.835239313e+000 -9.961647607e+002 -9.961647607e+002 +0.0000e+000 +2.8429e+000 +2.7234e+000 +0.0000e+000 +0.0000e+000
799 +2.176934283e+000 +2.176934283e+000 -9.978230657e+002 -9.978230657e+002 +0.0000e+000 +2.2234e+000 +1.7947e+000 +0.0000e+000 +0.0000e+000
% function evaluation | noise-free fitness - Fopt (1.575000000000e+001) | best noise-free fitness - Fopt | measured fitness | best measured fitness | x1 | x2...
1 +4.923336554e+003 +4.923336554e+003 +4.939086554e+003 +4.939086554e+003 +6.3728e+000 +1.2211e+001 +1.2151e+001 +1.2238e+001 +8.3954e+000
3 +3.688828000e+003 +3.688828000e+003 +3.704578000e+003 +3.704578000e+003 +9.2590e+000 +8.9264e+000 +1.0298e+001 +5.5756e+000 +7.2670e+000
30 +2.111494156e+003 +2.111494156e+003 +2.127244156e+003 +2.127244156e+003 +9.2941e+000 +5.2167e+000 +1.1300e+001 +9.2011e+000 +5.3876e+000
54 +1.897742452e+002 +1.897742452e+002 +2.055242452e+002 +2.055242452e+002 +0.0000e+000 +0.0000e+000 +0.0000e+000 +0.0000e+000 +0.0000e+000
163 +3.064423111e+001 +3.064423111e+001 +4.639423111e+001 +4.639423111e+001 +1.5729e+000 -2.7535e+000 +2.6016e+000 +2.6072e+000 +1.8764e+000
405 +2.330012240e+001 +2.330012240e+001 +3.905012240e+001 +3.905012240e+001 +1.5729e+000 -2.7535e+000 +2.6016e+000 +3.1197e+000 +1.8764e+000
565 +6.528480040e+000 +6.528480040e+000 +2.227848004e+001 +2.227848004e+001 +1.9231e+000 -2.7625e+000 +4.7389e-001 -3.5721e+000 +0.0000e+000
1484 +2.070222656e+000 +2.070222656e+000 +1.782022266e+001 +1.782022266e+001 +2.2944e+000 -1.4764e+000 +1.5199e+000 -4.4687e+000 +1.3089e-001
