% function evaluation | noise-free fitness - Fopt (4.078000000000e+001) | best noise-free fitness - Fopt | measured fitness | best measured fitness | x1 | x2...
1 +1.999216927e+002 +1.999216927e+002 +2.407016927e+002 +2.407016927e+002 +9.7002e+000 +5.2767e+000 +1.4549e+001
4 +1.194524460e+002 +1.194524460e+002 +1.602324460e+002 +1.602324460e+002 +5.5210e+000 +6.3848e+000 +1.0751e+001
11 +9.421775249e+001 +9.421775249e+001 +1.349977525e+002 +1.349977525e+002 +5.4080e+000 +6.4439e+000 +7.4862e+000
55 +2.342962888e+001 +2.342962888e+001 +6.420962888e+001 +6.420962888e+001 +0.0000e+000 +0.0000e+000 +0.0000e+000
171 +3.705006661e+000 +3.705006661e+000 +4.448500666e+001 +4.448500666e+001 +0.0000e+000 +0.0000e+000 +3.3229e+000
387 +1.919662829e+000 +1.919662829e+000 +4.269966283e+001 +4.269966283e+001 +1.6344e+000 +0.0000e+000 +4.2213e-001
680 +3.665115840e-003 +3.665115840e-003 +4.078366512e+001 +4.078366512e+001 -2.6593e+000 -1.9015e+000 +4.1204e+000
% function evaluation | noise-free fitness - Fopt (-1.600000000000e+000) | best noise-free fitness - Fopt | measured fitness | best measured fitness | x1 | x2...
1 +1.737455066e+002 +1.737455066e+002 +1.721455066e+002 +1.721455066e+002 +9.6779e+000 +1.1027e+001 +1.0383e+001
7 +1.291166077e+002 +1.291166077e+002 +1.275166077e+002 +1.275166077e+002 +8.9790e+000 +9.8974e+000 +6.6547e+000
19 +9.119589824e+001 +9.119589824e+001 +8.959589824e+001 +8.959589824e+001 +6.5788e+000 +6.2823e+000 +6.6761e+000
53 +1.240367020e+001 +1.240367020e+001 +1.080367020e+001 +1.080367020e+001 +0.0000e+000 +0.0000e+000 +0.0000e+000
133 +5.367187689e+000 +5.367187689e+000 +3.767187689e+000 +3.767187689e+000 +0.0000e+000 +0.0000e+000 +2.1423e+000
224 +3.304080387e+000 +3.304080387e+000 +1.704080387e+000 +1.704080387e+000 +0.0000e+000 +2.5318e-001 +1.8499e+000
405 +2.030516543e+000 +2.030516543e+000 +4.305165431e-001 +4.305165431e-001 +0.0000e+000 +1.2659e-001 +2.9225e+000
811 +1.321381640e+000 +1.321381640e+000 -2.786183602e-001 -2.786183602e-001 +0.0000e+000 +3.4111e-001 +2.3394e+000
% function evaluation | noise-free fitness - Fopt (-3.708400000000e+002) | best noise-free fitness - Fopt | measured fitness | best measured fitness | x1 | x2...
1 +3.182967016e+002 +3.182967016e+002 -5.254329843e+001 -5.254329843e+001 +1.1611e+001 +1.4462e+001 +1.4924e+001
3 +1.740853874e+002 +1.740853874e+002 -1.967546126e+002 -1.967546126e+002 +1.2383e+001 +9.7525e+000 +8.2280e+000
4 +1.429151818e+002 +1.429151818e+002 -2.279248182e+002 -2.279248182e+002 +7.9740e+000 +7.4057e+000 +1.1459e+001
11 +9.484312444e+001 +9.484312444e+001 -2.759968756e+002 -2.759968756e+002 +5.2859e+000 +8.3124e+000 +5.1868e+000
54 +3.578233172e+001 +3.578233172e+001 -3.350576683e+002 -3.350576683e+002 +0.0000e+000 +0.0000e+000 +0.0000e+000
125 +2.082456489e+001 +2.082456489e+001 -3.500154351e+002 -3.500154351e+002 +0.0000e+000 +1.1357e+000 +0.0000e+000
181 +1.288326248e+001 +1.288326248e+001 -3.579567375e+002 -3.579567375e+002 +0.0000e+000 +3.4207e+000 +0.0000e+000
262 +6.940488729e+000 +6.940488729e+000 -3.638995113e+002 -3.638995113e+002 +0.0000e+000 +0.0000e+000 +3.6389e+000
268 +4.299619755e+000 +4.299619755e+000 -3.665403802e+002 -3.665403802e+002 +4.3133e+000 -5.6784e-001 +0.0000e+000
586 +9.278992927e-001 +9.278992927e-001 -3.699121007e+002 -3.699121007e+002 +2.6479e+000 -9.9373e-001 -1.5541e+000
738 +5.439748939e-002 +5.439748939e-002 -3.707856025e+002 -3.707856025e+002 +2.6479e+000 -8.5176e-001 -1.9324e+000
% function evaluation | noise-free fitness - Fopt (-3.256000000000e+001) | best noise-free fitness - Fopt | measured fitness | best measured fitness | x1 | x2...
1 +2.925589652e+002 +2.925589652e+002 +2.599989652e+002 +2.599989652e+002 +1.0879e+001 +1.4347e+001 +1.4169e+001
3 +1.619995429e+002 +1.619995429e+002 +1.294395429e+002 +1.294395429e+002 +1.2769e+001 +8.4976e+000 +6.7243e+000
7 +1.513574680e+002 +1.513574680e+002 +1.187974680e+002 +1.187974680e+002 +1.0566e+001 +9.7615e+000 +8.8375e+000
11 +9.743319545e+001 +9.743319545e+001 +6.487319545e+001 +6.487319545e+001 +6.1466e+000 +8.5871e+000 +6.5038e+000
54 +5.303999905e+001 +5.303999905e+001 +2.047999905e+001 +2.047999905e+001 +0.0000e+000 +0.0000e+000 +0.0000e+000
90 +2.739901062e+001 +2.739901062e+001 -5.160989382e+000 -5.160989382e+000 +3.3291e+000 +4.9440e+000 +3.1222e+000
127 +2.092058412e+001 +2.092058412e+001 -1.163941588e+001 -1.163941588e+001 +0.0000e+000 +2.8799e+000 +3.9018e+000
159 +1.530151292e+001 +1.530151292e+001 -1.725848708e+001 -1.725848708e+001 +4.8355e+000 +3.2528e+000 -2.5825e-002
160 +9.081340588e+000 +9.081340588e+000 -2.347865941e+001 -2.347865941e+001 +2.8120e+000 -4.1522e+000 +3.1222e+000
276 +1.950923575e+000 +1.950923575e+000 -3.060907642e+001 -3.060907642e+001 +0.0000e+000 -2.0251e+000 -1.0882e+000
785 +3.312204532e-001 +3.312204532e-001 -3.222877955e+001 -3.222877955e+001 +1.5852e+000 -3.7140e+000 -1.9340e+000
% function evaluation | noise-free fitness - Fopt (5.154000000000e+002) | best noise-free fitness - Fopt | measured fitness | best measured fitness | x1 | x2...
1 +2.434310575e+002 +2.434310575e+002 +7.588310575e+002 +7.588310575e+002 +1.0379e+001 +1.4899e+001 +1.0472e+001
7 +1.557653161e+002 +1.557653161e+002 +6.711653161e+002 +6.711653161e+002 +7.9612e+000 +6.3421e+000 +1.2657e+001
54 +2.054857278e+001 +2.054857278e+001 +5.359485728e+002 +5.359485728e+002 +0.0000e+000 +0.0000e+000 +0.0000e+000
124 +8.539404601e+000 +8.539404601e+000 +5.239394046e+002 +5.239394046e+002 +0.0000e+000 +2.8262e+000 +0.0000e+000
210 +2.449483573e+000 +2.449483573e+000 +5.178494836e+002 +5.178494836e+002 +5.0200e+000 +4.7078e+000 -3.8670e-001
526 +9.390614295e-001 +9.390614295e-001 +5.163390614e+002 +5.163390614e+002 -1.5434e+000 +0.0000e+000 +9.9825e-001
% function evaluation | noise-free fitness - Fopt (-1.000000000000e+003) | best noise-free fitness - Fopt | measured fitness | best measured fitness | x1 | x2...
1 +1.846702532e+002 +1.846702532e+002 -8.153297468e+002 -8.153297468e+002 +5.2010e+000 +8.6402e+000 +1.4209e+001
4 +1.439864475e+002 +1.439864475e+002 -8.560135525e+002 -8.560135525e+002 +7.5772e+000 +1.1474e+001 +7.9779e+000
10 +9.979732586e+001 +9.979732586e+001 -9.002026741e+002 -9.002026741e+002 +5.3044e+000 +8.7631e+000 +5.7985e+000
53 +2.876005458e+001 +2.876005458e+001 -9.712399454e+002 -9.712399454e+002 +0.0000e+000 +0.0000e+000 +0.0000e+000
128 +8.522235951e+000 +8.522235951e+000 -9.914777640e+002 -9.914777640e+002 +1.9283e+000 -3.5265e+000 -4.1896e+000
282 +5.789340169e+000 +5.789340169e+000 -9.942106598e+002 -9.942106598e+002 -1.4672e+000 +0.0000e+000 +2.7422e+000
334 +3.896508216e+000 +3.896508216e+000 -9.961034918e+002 -9.961034918e+002 -1.9649e+000 -4.5990e+000 -1.0954e+000
395 +2.832029032e-001 +2.832029032e-001 -9.997167971e+002 -9.997167971e+002 +9.6887e-001 -2.9933e+000 +4.1458e+000
698 +1.462798842e-002 +1.462798842e-002 -9.999853720e+002 -9.999853720e+002 +0.0000e+000 -2.8890e+000 +3.5783e+000
% function evaluation | noise-free fitness - Fopt (1.317500000000e+002) | best noise-free fitness - Fopt | measured fitness | best measured fitness | x1 | x2...
1 +1.204283724e+002 +1.204283724e+002 +2.521783724e+002 +2.521783724e+002 +8.5385e+000 +5.7276e+000 +9.5689e+000
21 +9.284085097e+001 +9.284085097e+001 +2.245908510e+002 +2.245908510e+002 +5.2415e+000 +5.3075e+000 +7.9641e+000
53 +2.352682738e+001 +2.352682738e+001 +1.552768274e+002 +1.552768274e+002 +0.0000e+000 +0.0000e+000 +0.0000e+000
145 +1.182703470e+001 +1.182703470e+001 +1.435770347e+002 +1.435770347e+002 -4.2713e+000 -3.4090e+000 -5.0578e+000
148 +8.164982566e+000 +8.164982566e+000 +1.399149826e+002 +1.399149826e+002 -3.4213e+000 -3.3178e+000 +2.5860e+000
287 +4.345109929e+000 +4.345109929e+000 +1.360951099e+002 +1.360951099e+002 +7.1243e-001 -6.8038e-001 +0.0000e+000
291 +3.941075166e+000 +3.941075166e+000 +1.356910752e+002 +1.356910752e+002 +6.4025e-001 -7.0919e-001 +0.0000e+000
% function evaluation | noise-free fitness - Fopt (1.144900000000e+002) | best noise-free fitness - Fopt | measured fitness | best measured fitness | x1 | x2...
1 +1.155775434e+002 +1.155775434e+002 +2.300675434e+002 +2.300675434e+002 +8.2452e+000 +9.3025e+000 +5.6570e+000
23 +8.564056655e+001 +8.564056655e+001 +2.001305665e+002 +2.001305665e+002 +6.7681e+000 +5.9788e+000 +6.8092e+000
55 +3.688254416e+001 +3.688254416e+001 +1.513725442e+002 +1.513725442e+002 +0.0000e+000 +0.0000e+000 +0.0000e+000
131 +1.232383617e+001 +1.232383617e+001 +1.268138362e+002 +1.268138362e+002 +0.0000e+000 -2.6278e+000 +0.0000e+000
161 +6.379003358e+000 +6.379003358e+000 +1.208690034e+002 +1.208690034e+002 +0.0000e+000 +0.0000e+000 -5.1369e+000
281 +5.734763386e+000 +5.734763386e+000 +1.202247634e+002 +1.202247634e+002 +0.0000e+000 +0.0000e+000 -5.0872e+000
351 +2.581267599e+000 +2.581267599e+000 +1.170712676e+002 +1.170712676e+002 +1.5368e+000 +2.6051e-001 -5.1369e+000
536 +1.787603446e+000 +1.787603446e+000 +1.162776034e+002 +1.162776034e+002 +0.0000e+000 -3.1184e+000 -4.5020e+000
662 +2.610838533e-002 +2.610838533e-002 +1.145161084e+002 +1.145161084e+002 -3.4113e+000 -5.7971e-001 +2.5192e+000
% function evaluation | noise-free fitness - Fopt (-2.596000000000e+001) | best noise-free fitness - Fopt | measured fitness | best measured fitness | x1 | x2...
1 +1.821575033e+002 +1.821575033e+002 +1.561975033e+002 +1.561975033e+002 +1.1775e+001 +8.4270e+000 +1.1160e+001
4 +8.648851280e+001 +8.648851280e+001 +6.052851280e+001 +6.052851280e+001 +6.8328e+000 +5.3232e+000 +6.5170e+000
53 +4.895528118e+001 +4.895528118e+001 +2.299528118e+001 +2.299528118e+001 +0.0000e+000 +0.0000e+000 +0.0000e+000
79 +1.740278769e+001 +1.740278769e+001 -8.557212308e+000 -8.557212308e+000 +8.1749e-001 -1.6537e+000 +2.6189e+000
135 +7.894490451e+000 +7.894490451e+000 -1.806550955e+001 -1.806550955e+001 -1.6568e+000 +1.2157e+000 -3.0858e+000
229 +2.902880727e+000 +2.902880727e+000 -2.305711927e+001 -2.305711927e+001 -1.4206e+000 +3.1419e+000 -3.0736e+000
388 +8.264185119e-002 +8.264185119e-002 -2.587735815e+001 -2.587735815e+001 +3.1573e+000 +0.0000e+000 +1.3094e+000
562 +5.352017451e-002 +5.352017451e-002 -2.590647983e+001 -2.590647983e+001 +3.1573e+000 +0.0000e+000 +1.1861e+000
776 +1.048239056e-002 +1.048239056e-002 -2.594951761e+001 -2.594951761e+001 +3.6831e+000 +0.0000e+000 +4.9862e-001
% function evaluation | noise-free fitness - Fopt (9.251000000000e+001) | best noise-free fitness - Fopt | measured fitness | best measured fitness | x1 | x2...
1 +2.054465593e+002 +2.054465593e+002 +2.979565593e+002 +2.979565593e+002 +6.8641e+000 +9.8113e+000 +1.4605e+001
5 +1.372779376e+002 +1.372779376e+002 +2.297879376e+002 +2.297879376e+002 +1.0460e+001 +8.4437e+000 +8.0078e+000
19 +9.223422542e+001 +9.223422542e+001 +1.847442254e+002 +1.847442254e+002 +5.0203e+000 +6.2683e+000 +7.2852e+000
54 +4.910656445e+001 +4.910656445e+001 +1.416165645e+002 +1.416165645e+002 +0.0000e+000 +0.0000e+000 +0.0000e+000
125 +2.742270842e+001 +2.742270842e+001 +1.199327084e+002 +1.199327084e+002 +0.0000e+000 +3.3879e+000 -2.1214e+000
134 +1.803856526e+001 +1.803856526e+001 +1.105485653e+002 +1.105485653e+002 +0.0000e+000 -3.0319e+000 +0.0000e+000
164 +2.170652026e+000 +2.170652026e+000 +9.468065203e+001 +9.468065203e+001 +0.0000e+000 +2.9942e+000 +0.0000e+000
259 +1.602650914e-001 +1.602650914e-001 +9.267026509e+001 +9.267026509e+001 +3.5671e-001 +0.0000e+000 -4.4796e+000
% function evaluation | noise-free fitness - Fopt (1.660100000000e+002) | best noise-free fitness - Fopt | measured fitness | best measured fitness | x1 | x2...
1 +2.000038776e+002 +2.000038776e+002 +3.660138776e+002 +3.660138776e+002 +1.1123e+001 +6.3676e+000 +1.3612e+001
4 +1.041673034e+002 +1.041673034e+002 +2.701773034e+002 +2.701773034e+002 +6.4922e+000 +6.6929e+000 +9.9453e+000
7 +9.042874808e+001 +9.042874808e+001 +2.564387481e+002 +2.564387481e+002 +8.0747e+000 +5.8590e+000 +5.6041e+000
55 +2.675836722e+001 +2.675836722e+001 +1.927683672e+002 +1.927683672e+002 +0.0000e+000 +0.0000e+000 +0.0000e+000
138 +4.613240943e+000 +4.613240943e+000 +1.706232409e+002 +1.706232409e+002 +0.0000e+000 -9.1903e-001 +0.0000e+000
309 +2.629554023e+000 +2.629554023e+000 +1.686395540e+002 +1.686395540e+002 +0.0000e+000 -1.0901e+000 +0.0000e+000
310 +1.310107227e+000 +1.310107227e+000 +1.673201072e+002 +1.673201072e+002 -5.4595e-001 +2.0962e+000 +0.0000e+000
878 +7.156277381e-001 +7.156277381e-001 +1.667256277e+002 +1.667256277e+002 -5.0829e-001 +2.1332e+000 -3.8901e-001
955 +4.928941726e-001 +4.928941726e-001 +1.665028942e+002 +1.665028942e+002 -1.1287e+000 +1.6408e+000 -2.9518e-001
% function evaluation | noise-free fitness - Fopt (2.147600000000e+002) | best noise-free fitness - Fopt | measured fitness | best measured fitness | x1 | x2...
1 +2.638758382e+002 +2.638758382e+002 +4.786358382e+002 +4.786358382e+002 +1.2651e+001 +1.3224e+001 +1.2151e+001
3 +2.454930947e+002 +2.454930947e+002 +4.602530947e+002 +4.602530947e+002 +1.1877e+001 +1.3381e+001 +1.1434e+001
4 +1.535959797e+002 +1.535959797e+002 +3.683559797e+002 +3.683559797e+002 +1.2117e+001 +8.2807e+000 +7.3727e+000
29 +9.768529009e+001 +9.768529009e+001 +3.124452901e+002 +3.124452901e+002 +6.1119e+000 +5.6269e+000 +8.1175e+000
118 +6.205247183e+001 +6.205247183e+001 +2.768124718e+002 +2.768124718e+002 +2.3090e+000 +9.1355e-001 -4.4757e-001
120 +3.867808303e+001 +3.867808303e+001 +2.534380830e+002 +2.534380830e+002 +2.9580e+000 -1.7011e+000 -2.3153e+000
132 +1.867701652e+001 +1.867701652e+001 +2.334370165e+002 +2.334370165e+002 +0.0000e+000 +0.0000e+000 +2.6262e+000
232 +3.978565993e+000 +3.978565993e+000 +2.187385660e+002 +2.187385660e+002 +4.7616e+000 +2.0119e-001 -1.4524e+000
273 +2.017578698e+000 +2.017578698e+000 +2.167775787e+002 +2.167775787e+002 +3.5645e+000 -3.5634e+000 +3.3244e+000
% function evaluation | noise-free fitness - Fopt (-6.100000000000e+000) | best noise-free fitness - Fopt | measured fitness | best measured fitness | x1 | x2...
1 +2.044343743e+002 +2.044343743e+002 +1.983343743e+002 +1.983343743e+002 +9.4371e+000 +5.8496e+000 +1.4872e+001
11 +1.450761853e+002 +1.450761853e+002 +1.389761853e+002 +1.389761853e+002 +1.1515e+001 +5.2031e+000 +9.0036e+000
18 +9.789501534e+001 +9.789501534e+001 +9.179501534e+001 +9.179501534e+001 +6.0773e+000 +8.2422e+000 +5.7616e+000
58 +5.424496669e+001 +5.424496669e+001 +4.814496669e+001 +4.814496669e+001 +2.6062e-001 +1.6588e+000 +1.5258e+000
115 +2.132788393e+001 +2.132788393e+001 +1.522788393e+001 +1.522788393e+001 -2.9766e+000 +0.0000e+000 +0.0000e+000
188 +8.195457714e+000 +8.195457714e+000 +2.095457714e+000 +2.095457714e+000 -2.9766e+000 -1.7663e+000 +0.0000e+000
266 +5.095679938e+000 +5.095679938e+000 -1.004320062e+000 -1.004320062e+000 +1.2798e+000 -3.3361e+000 +1.9934e-001
530 +3.565056776e+000 +3.565056776e+000 -2.534943224e+000 -2.534943224e+000 +2.1859e+000 -2.6882e+000 +4.5588e+000
560 +2.363654293e+000 +2.363654293e+000 -3.736345707e+000 -3.736345707e+000 +2.0523e+000 -5.4096e+000 +2.3745e+000
% function evaluation | noise-free fitness - Fopt (-5.653000000000e+001) | best noise-free fitness - Fopt | measured fitness | best measured fitness | x1 | x2...
1 +2.074630487e+002 +2.074630487e+002 +1.509330487e+002 +1.509330487e+002 +8.4500e+000 +1.3027e+001 +1.1676e+001
5 +1.576214596e+002 +1.576214596e+002 +1.010914596e+002 +1.010914596e+002 +9.6672e+000 +1.1947e+001 +6.0362e+000
7 +9.565313923e+001 +9.565313923e+001 +3.912313923e+001 +3.912313923e+001 +6.5757e+000 +5.9146e+000 +7.7879e+000
53 +3.297393101e+001 +3.297393101e+001 -2.355606899e+001 -2.355606899e+001 +0.0000e+000 +0.0000e+000 +0.0000e+000
129 +1.142046110e+001 +1.142046110e+001 -4.510953890e+001 -4.510953890e+001 -2.7146e+000 +0.0000e+000 +0.0000e+000
197 +7.445066072e+000 +7.445066072e+000 -4.908493393e+001 -4.908493393e+001 -2.2178e+000 -1.0226e+000 +0.0000e+000
213 +4.694726472e+000 +4.694726472e+000 -5.183527353e+001 -5.183527353e+001 +0.0000e+000 +0.0000e+000 -1.4656e+000
378 +3.074541523e+000 +3.074541523e+000 -5.345545848e+001 -5.345545848e+001 -3.0802e+000 +0.0000e+000 +2.9312e+000
508 +1.208242499e-001 +1.208242499e-001 -5.640917575e+001 -5.640917575e+001 +3.2350e+000 +3.0349e+000 -2.8724e+000
% function evaluation | noise-free fitness - Fopt (-8.703600000000e+002) | best noise-free fitness - Fopt | measured fitness | best measured fitness | x1 | x2...
1 +1.602203684e+002 +1.602203684e+002 -7.101396316e+002 -7.101396316e+002 +1.0449e+001 +5.0425e+000 +1.1803e+001
4 +1.328925467e+002 +1.328925467e+002 -7.374674533e+002 -7.374674533e+002 +6.9399e+000 +1.1253e+001 +6.8779e+000
45 +9.243582054e+001 +9.243582054e+001 -7.779241795e+002 -7.779241795e+002 +5.7280e+000 +5.5403e+000 +8.0601e+000
55 +3.958142818e+001 +3.958142818e+001 -8.307785718e+002 -8.307785718e+002 +0.0000e+000 +0.0000e+000 +0.0000e+000
124 +2.488689688e+001 +2.488689688e+001 -8.454731031e+002 -8.454731031e+002 +1.0838e+000 +6.2986e+000 -8.2123e-001
157 +1.012713062e+001 +1.012713062e+001 -8.602328694e+002 -8.602328694e+002 +0.0000e+000 +0.0000e+000 -3.4121e+000
186 +6.718284474e+000 +6.718284474e+000 -8.636417155e+002 -8.636417155e+002 +0.0000e+000 +0.0000e+000 -8.3228e-001
308 +5.983449286e+000 +5.983449286e+000 -8.643765507e+002 -8.643765507e+002 -1.1880e+000 +0.0000e+000 +0.0000e+000
337 +2.164930256e+000 +2.164930256e+000 -8.681950697e+002 -8.681950697e+002 -2.7727e+000 +1.3471e+000 +2.1977e+000
421 +9.927074285e-001 +9.927074285e-001 -8.693672926e+002 -8.693672926e+002 -1.0954e+000 +9.6851e-001 -3.6424e-001
