% function evaluation | noise-free fitness - Fopt (3.590000000000e+001) | best noise-free fitness - Fopt | measured fitness | best measured fitness | x1 | x2...
1 +3.416504996e+006 +3.416504996e+006 +3.416540896e+006 +3.416540896e+006 +1.2648e+001 +8.8702e+000 +1.1033e+001 +1.1954e+001 +1.2612e+001 +1.3647e+001 +7.3899e+000 +8.1769e+000 +7.0843e+000 +1.1110e+001
10 +1.995430044e+006 +1.995430044e+006 +1.995465944e+006 +1.995465944e+006 +8.4671e+000 +6.6329e+000 +1.2220e+001 +1.1954e+001 +9.6035e+000 +9.2839e+000 +7.5227e+000 +1.4367e+001 +6.1357e+000 +1.2914e+001
41 +1.334413944e+006 +1.334413944e+006 +1.334449844e+006 +1.334449844e+006 +5.8336e+000 +6.0134e+000 +1.4980e+001 +9.6700e+000 +1.2981e+001 +7.3823e+000 +1.2586e+001 +1.3963e+001 +7.3059e+000 +7.5412e+000
48 +9.183961758e+005 +9.183961758e+005 +9.184320758e+005 +9.184320758e+005 +5.7019e+000 +7.4323e+000 +5.8571e+000 +5.0178e+000 +8.8193e+000 +5.0277e+000 +9.3622e+000 +1.3685e+001 +5.4657e+000 +1.2505e+001
98 +6.018739571e+005 +6.018739571e+005 +6.019098571e+005 +6.019098571e+005 +6.7516e+000 +7.4323e+000 +1.3220e+001 +5.0178e+000 +1.1426e+001 +5.0277e+000 +7.5891e+000 +1.4784e+001 +6.6620e+000 +1.2505e+001
189 +3.480632567e+005 +3.480632567e+005 +3.480991567e+005 +3.480991567e+005 +7.3979e+000 +1.2517e+001 +1.2145e+001 +1.8957e+000 +1.4309e+001 +6.0555e+000 +7.5325e+000 +2.0570e+001 +3.4425e+000 +6.0598e+000
348 +1.911383292e+005 +1.911383292e+005 +1.911742292e+005 +1.911742292e+005 +5.9100e+000 +7.4323e+000 +1.3220e+001 +5.0178e+000 +1.5611e+001 +5.4381e+000 +7.5891e+000 +1.6889e+001 +5.2158e-001 +1.2505e+001
354 +1.060201454e+005 +1.060201454e+005 +1.060560454e+005 +1.060560454e+005 +3.5281e+000 +2.5615e+000 +1.5098e+001 -2.0764e+000 +8.9024e+000 +7.7722e+000 +4.3858e+000 +1.2737e+001 +1.8762e+000 +9.0348e+000
382 +6.753631493e+004 +6.753631493e+004 +6.757221493e+004 +6.757221493e+004 +8.4151e+000 +7.7011e+000 +1.5077e+001 +1.0709e+000 +1.4718e+001 +1.1139e+000 +1.0322e+001 +1.9085e+001 +3.2020e+000 +8.8950e+000
402 +4.143415950e+004 +4.143415950e+004 +4.147005950e+004 +4.147005950e+004 +2.9820e+000 +8.7616e+000 +1.9335e+001 -2.6102e+000 +1.1421e+001 +2.3191e+000 +1.0713e+001 +1.0994e+001 +6.8302e+000 +1.1110e+001
475 +2.364438930e+003 +2.364438930e+003 +2.400338930e+003 +2.400338930e+003 +4.8720e+000 +2.3312e+001 +1.6817e+001 -1.9677e+000 +1.7236e+001 +7.3285e-001 +5.5565e+000 +1.5823e+001 +1.7402e+000 +1.6303e+001
524 +1.468565056e+003 +1.468565056e+003 +1.504465056e+003 +1.504465056e+003 +5.1184e+000 +9.1849e+000 +1.1417e+001 -2.8417e-002 +8.4301e+000 -6.7513e+000 -9.5401e+000 +1.4324e+001 +5.6797e-001 +1.1983e+001
931 +8.799669182e+002 +8.799669182e+002 +9.158669182e+002 +9.158669182e+002 -2.6148e+000 +8.6299e+000 +7.4106e+000 -3.4743e+000 +8.7346e+000 -6.1727e+000 -1.1427e+001 +7.9342e+000 +3.4772e+000 +7.4394e+000
1235 +4.844208725e+002 +4.844208725e+002 +5.203208725e+002 +5.203208725e+002 +3.4312e+000 +1.1490e+001 +5.3615e+000 -5.6298e+000 +1.0370e+001 -2.0165e+000 +9.6235e-001 -3.9047e+000 +4.4263e-001 +8.6475e+000
2255 +3.947169909e+002 +3.947169909e+002 +4.306169909e+002 +4.306169909e+002 +3.1519e-001 +8.5494e+000 +7.1574e+000 -3.0237e+000 +8.2683e+000 -3.2668e+000 -1.9734e+000 +7.5156e-001 +2.1769e+000 +3.6319e+000
% function evaluation | noise-free fitness - Fopt (3.137000000000e+001) | best noise-free fitness - Fopt | measured fitness | best measured fitness | x1 | x2...
1 +1.323630920e+006 +1.323630920e+006 +1.323662290e+006 +1.323662290e+006 +5.7165e+000 +7.3112e+000 +1.1651e+001 +1.1860e+001 +6.2050e+000 +5.8636e+000 +1.4168e+001 +7.1702e+000 +1.1943e+001 +7.9557e+000
39 +8.359670352e+005 +8.359670352e+005 +8.359984052e+005 +8.359984052e+005 +1.4355e+001 +9.5745e+000 +5.4002e+000 +1.1076e+001 +8.2046e+000 +7.1485e+000 +1.1509e+001 +1.0227e+001 +1.4811e+001 +1.3573e+001
110 +5.963490735e+005 +5.963490735e+005 +5.963804435e+005 +5.963804435e+005 +1.3974e+001 +1.0118e+001 +4.5615e+000 +2.2706e+000 +5.1960e+000 +4.7356e+000 +8.2873e+000 +2.6657e+000 +1.4704e+001 +8.5131e+000
206 +3.299910138e+005 +3.299910138e+005 +3.300223838e+005 +3.300223838e+005 +1.3363e+001 +1.0248e+001 +2.5385e+000 +8.7151e+000 +5.3124e+000 +4.5865e+000 +7.6060e+000 +7.5086e+000 +1.2709e+001 +8.4921e+000
262 +1.618858579e+005 +1.618858579e+005 +1.619172279e+005 +1.619172279e+005 +1.3168e+001 +9.0817e+000 +8.3406e+000 +5.3997e+000 -2.2867e-001 +5.1783e+000 +5.5779e+000 +1.0435e+001 +2.1363e+001 +1.3721e+001
427 +3.774339732e+004 +3.774339732e+004 +3.777476732e+004 +3.777476732e+004 +1.9318e+001 +9.2102e+000 +4.8934e+000 +2.7603e+000 +4.9980e+000 +2.4151e+000 +1.1511e+001 +1.5915e+001 +1.3569e+001 +7.5417e+000
477 +6.353131486e+003 +6.353131486e+003 +6.384501486e+003 +6.384501486e+003 +1.9318e+001 +9.2102e+000 +4.8934e+000 +2.7603e+000 +4.9980e+000 +2.4151e+000 +3.3875e+000 +1.2275e+001 +1.7150e+001 +7.0694e+000
728 +3.645847471e+003 +3.645847471e+003 +3.677217471e+003 +3.677217471e+003 +1.6904e+001 +8.6704e+000 +3.9958e-001 -2.8288e+000 +2.7283e+000 +3.1371e+000 -1.8448e+000 +1.4974e+001 +1.6319e+001 +5.0070e+000
876 +2.148590717e+003 +2.148590717e+003 +2.179960717e+003 +2.179960717e+003 +2.4046e+001 +8.5186e+000 +5.2331e+000 -4.5551e+000 +7.1207e-001 +1.0550e+000 +5.0494e+000 +1.4713e+001 +2.0644e+001 +1.0495e+001
954 +1.530499589e+003 +1.530499589e+003 +1.561869589e+003 +1.561869589e+003 +2.1969e+001 +9.6746e+000 +2.6245e-001 -3.1417e+000 -1.6326e+000 -8.0879e-001 +6.8197e+000 +1.5891e+001 +6.3481e+000 +5.8136e+000
1531 +8.916681300e+002 +8.916681300e+002 +9.230381300e+002 +9.230381300e+002 +1.5376e+001 +6.7216e+000 -9.5498e-001 -5.1388e+000 -2.0102e+000 -6.8641e+000 -3.5410e+000 +1.0999e+001 +1.1049e+001 +6.7193e+000
1707 +6.272536918e+002 +6.272536918e+002 +6.586236918e+002 +6.586236918e+002 +1.0598e+001 +1.3248e+001 -8.1242e+000 -4.1391e+000 -5.8477e+000 -1.8499e+000 -5.7615e+000 +8.8878e+000 +1.8859e+000 +8.7167e+000
% function evaluation | noise-free fitness - Fopt (-1.000000000000e+003) | best noise-free fitness - Fopt | measured fitness | best measured fitness | x1 | x2...
1 +5.167124480e+006 +5.167124480e+006 +5.166124480e+006 +5.166124480e+006 +1.4985e+001 +6.6150e+000 +1.3437e+001 +8.4284e+000 +8.2800e+000 +1.2405e+001 +6.8071e+000 +1.3851e+001 +1.4471e+001 +7.8097e+000
5 +3.823102116e+006 +3.823102116e+006 +3.822102116e+006 +3.822102116e+006 +1.1093e+001 +6.5371e+000 +9.5481e+000 +9.8420e+000 +8.6441e+000 +1.1770e+001 +8.3197e+000 +8.8020e+000 +8.8584e+000 +5.1322e+000
19 +2.302405304e+006 +2.302405304e+006 +2.301405304e+006 +2.301405304e+006 +1.1989e+001 +6.8515e+000 +1.4143e+001 +1.0082e+001 +8.0496e+000 +9.6661e+000 +1.1676e+001 +6.4266e+000 +5.5125e+000 +1.4135e+001
150 +1.372218335e+006 +1.372218335e+006 +1.371218335e+006 +1.371218335e+006 +1.2218e+001 +6.0653e+000 +1.7659e+001 +1.1510e+001 +2.4911e+000 +7.9328e+000 +9.5417e+000 +5.3445e+000 +3.1988e+000 +1.4416e+001
152 +9.844374560e+005 +9.844374560e+005 +9.834374560e+005 +9.834374560e+005 +6.9266e+000 +3.2867e+000 +1.6535e+001 +9.5829e+000 +8.2800e+000 +6.6448e+000 +1.5279e+001 +4.4365e+000 +8.9238e+000 +1.1473e+001
209 +5.198823109e+005 +5.198823109e+005 +5.188823109e+005 +5.188823109e+005 +9.7045e+000 +2.9994e+000 +2.0892e+001 +7.4035e+000 +2.6306e+000 +4.1904e+000 +1.4675e+001 +2.0518e-001 +1.2807e+001 +8.3310e+000
244 +3.062867626e+005 +3.062867626e+005 +3.052867626e+005 +3.052867626e+005 +1.2037e+001 -4.3531e-001 +2.1165e+001 +1.0201e+001 +3.4555e+000 -2.7618e+000 +1.4280e+001 +6.6600e+000 +3.3500e+000 +1.3898e+001
322 +2.238258491e+005 +2.238258491e+005 +2.228258491e+005 +2.228258491e+005 +3.1997e+000 +2.8862e+000 +9.1239e+000 +8.1909e+000 +3.3821e+000 +2.2418e+000 +9.6948e+000 -1.0293e+000 +7.9647e+000 +1.2717e+001
415 +1.149846613e+005 +1.149846613e+005 +1.139846613e+005 +1.139846613e+005 +6.0534e+000 -1.3330e+000 +1.7504e+001 +3.5789e+000 +5.1090e+000 +5.1568e+000 +1.3914e+001 +3.2522e+000 +4.0595e+000 +2.4720e+001
447 +2.579206756e+004 +2.579206756e+004 +2.479206756e+004 +2.479206756e+004 +4.1641e+000 -1.7810e+000 +1.9020e+001 +1.6496e+001 +3.0996e+000 -6.3280e-001 +1.0968e+001 +2.3077e+000 +4.3298e+000 +2.6374e+001
539 +2.153141583e+004 +2.153141583e+004 +2.053141583e+004 +2.053141583e+004 +3.4999e+000 -2.3257e+000 +1.1116e+001 +1.5837e+001 +8.1912e+000 -8.5546e+000 +2.0748e+001 -1.5103e+001 +1.7859e+001 +1.0201e+001
544 +1.725217554e+003 +1.725217554e+003 +7.252175540e+002 +7.252175540e+002 +5.4037e+000 -5.2673e-001 +1.7843e+001 +1.7233e+001 +2.4698e+000 -6.2701e+000 +1.2074e+001 -2.3580e+000 +3.2915e+000 +1.3898e+001
646 +9.131983128e+002 +9.131983128e+002 -8.680168724e+001 -8.680168724e+001 +6.6100e+000 -2.9797e-001 +1.5962e+001 +7.7707e+000 +4.3224e-001 -7.0152e+000 +1.1340e+001 +3.3030e+000 +6.4850e+000 +1.2344e+001
1313 +6.182417612e+002 +6.182417612e+002 -3.817582388e+002 -3.817582388e+002 +8.1647e+000 -4.2359e+000 +1.3851e+001 +4.8841e+000 -2.0527e+000 -3.0207e-001 +1.1557e+001 -1.8993e+001 +5.6194e+000 +1.2935e+001
2139 +3.770056588e+002 +3.770056588e+002 -6.229943412e+002 -6.229943412e+002 +4.4412e+000 +1.9237e-001 +9.1874e+000 +5.4012e+000 -8.1622e-001 -7.3435e+000 +6.9369e+000 -5.2029e+000 -5.1721e+000 +1.2818e+001
% function evaluation | noise-free fitness - Fopt (1.319200000000e+002) | best noise-free fitness - Fopt | measured fitness | best measured fitness | x1 | x2...
1 +6.589424805e+006 +6.589424805e+006 +6.589556725e+006 +6.589556725e+006 +1.3163e+001 +6.6447e+000 +1.2749e+001 +9.7229e+000 +5.9296e+000 +1.2893e+001 +6.5140e+000 +5.8124e+000 +7.0092e+000 +1.0469e+001
5 +6.068093837e+006 +6.068093837e+006 +6.068225757e+006 +6.068225757e+006 +1.1962e+001 +5.6352e+000 +9.6871e+000 +6.6780e+000 +8.1603e+000 +1.4170e+001 +9.6731e+000 +8.9135e+000 +6.5789e+000 +1.2314e+001
163 +3.890923957e+006 +3.890923957e+006 +3.891055877e+006 +3.891055877e+006 +6.3317e+000 +3.7721e+000 +7.9006e+000 +8.1517e+000 +7.5562e-001 +9.5961e+000 +6.4671e+000 +1.7465e+001 +1.1919e+001 +1.1406e+001
254 +2.428669196e+006 +2.428669196e+006 +2.428801116e+006 +2.428801116e+006 +7.1283e+000 +6.9334e+000 +5.1998e+000 +8.1052e+000 +1.0395e-002 +2.4815e+000 +1.3356e+000 +1.0663e+001 +2.6931e+000 +1.0078e+001
409 +1.524174217e+006 +1.524174217e+006 +1.524306137e+006 +1.524306137e+006 +5.3349e-001 +1.0238e+001 +2.4656e+000 +7.0540e+000 +5.9530e+000 +1.2215e+001 +2.5070e+000 +1.0335e+001 -2.8283e+000 +3.6476e+000
539 +9.578628298e+005 +9.578628298e+005 +9.579947498e+005 +9.579947498e+005 +6.3390e-001 +6.5166e+000 +5.6519e+000 +2.8203e+000 +1.4594e+000 +1.7822e+000 -1.3315e+001 +2.0210e+001 -4.8458e+000 +1.2010e+000
612 +5.731387937e+005 +5.731387937e+005 +5.732707137e+005 +5.732707137e+005 +2.1072e+000 -3.9336e+000 +4.4873e+000 +9.8757e+000 -7.8392e+000 -1.8821e+000 -1.0979e+001 +1.6763e+001 +3.6210e+000 +7.8579e+000
719 +6.869208420e+004 +6.869208420e+004 +6.882400420e+004 +6.882400420e+004 +7.0916e-001 +1.1173e+001 +4.3545e+000 +8.8727e+000 -1.2429e+001 +6.9131e-001 -1.3625e+001 +1.3377e+001 -1.8703e+000 +2.6099e+000
859 +3.646224400e+004 +3.646224400e+004 +3.659416400e+004 +3.659416400e+004 +1.5061e+000 +8.5160e+000 +6.2661e+000 +1.3161e+001 -1.5020e+001 -2.6871e+000 -2.6973e+001 +1.3127e+001 -6.5215e+000 +6.0491e+000
961 +1.198933701e+004 +1.198933701e+004 +1.212125701e+004 +1.212125701e+004 +1.9199e+000 +5.0971e+000 +4.6310e+000 +1.5043e+001 -2.2904e+001 -8.6766e-001 -3.4281e+001 +1.6179e+001 -9.0778e+000 -4.6107e-001
968 +3.680808513e+003 +3.680808513e+003 +3.812728513e+003 +3.812728513e+003 +8.1493e-001 +1.5920e+001 +4.0376e+000 +2.0242e+001 -2.9005e+001 -1.3746e+000 -3.0522e+001 +1.4886e+001 -1.6036e+001 -1.1087e+001
1061 +1.646658019e+003 +1.646658019e+003 +1.778578019e+003 +1.778578019e+003 -3.3388e+000 +5.0971e+000 +2.3266e+000 +1.4046e+001 -1.8825e+001 -8.6766e-001 -1.8926e+001 +1.6179e+001 -2.5955e+000 +1.1907e+000
1084 +1.434944251e+003 +1.434944251e+003 +1.566864251e+003 +1.566864251e+003 -1.0515e+001 +1.6327e+001 -6.9594e-001 +1.2184e+001 -1.3763e+001 -8.4443e-001 -1.6197e+001 +4.9899e+000 +1.3308e+000 -1.3095e+001
1606 +8.513732680e+002 +8.513732680e+002 +9.832932680e+002 +9.832932680e+002 -9.9754e+000 +8.9654e+000 -9.4190e-001 +1.2199e+001 -1.1359e+001 +2.4893e+000 -4.0224e+000 +1.0612e+001 -5.7521e+000 -1.2212e+001
2471 +6.179077084e+002 +6.179077084e+002 +7.498277084e+002 +7.498277084e+002 -1.3846e+001 +6.3727e+000 -9.6604e+000 +1.6905e+000 -9.7998e+000 -4.1030e+000 -4.3926e+000 +5.0346e+000 +1.2450e+001 -8.4784e+000
% function evaluation | noise-free fitness - Fopt (5.908400000000e+002) | best noise-free fitness - Fopt | measured fitness | best measured fitness | x1 | x2...
1 +1.024012884e+006 +1.024012884e+006 +1.024603724e+006 +1.024603724e+006 +8.3412e+000 +5.9790e+000 +1.1755e+001 +9.6790e+000 +1.0317e+001 +1.3006e+001 +7.8627e+000 +1.1876e+001 +1.1760e+001 +1.3763e+001
3 +5.177595016e+005 +5.177595016e+005 +5.183503416e+005 +5.183503416e+005 +5.7317e+000 +1.0606e+001 +9.3365e+000 +1.1496e+001 +1.4231e+001 +1.2390e+001 +5.8433e+000 +1.1103e+001 +8.2876e+000 +1.0789e+001
6 +2.339990824e+005 +2.339990824e+005 +2.345899224e+005 +2.345899224e+005 +5.2180e+000 +9.4158e+000 +8.9501e+000 +8.0149e+000 +6.1025e+000 +9.9200e+000 +1.0965e+001 +5.5723e+000 +9.6154e+000 +7.4404e+000
71 +1.198729338e+005 +1.198729338e+005 +1.204637738e+005 +1.204637738e+005 +6.0587e+000 +1.1929e+001 +6.3425e+000 +2.1180e+000 +1.3682e+001 +1.0223e+001 +8.5849e+000 +1.1305e+001 +6.7514e+000 +9.3308e+000
86 +3.057835221e+004 +3.057835221e+004 +3.116919221e+004 +3.116919221e+004 +5.4957e+000 +1.4831e+001 +9.6556e+000 +7.5176e+000 +1.4165e+001 +9.2750e+000 +7.7808e+000 +7.0732e+000 +1.4383e+001 +8.2667e+000
161 +1.358773416e+004 +1.358773416e+004 +1.417857416e+004 +1.417857416e+004 +5.7535e+000 +1.3971e+001 +4.0301e+000 +4.5601e+000 +6.6202e+000 +3.9795e+000 +7.3660e+000 +1.0915e+001 +1.2486e+001 +4.5147e+000
300 +6.128439999e+003 +6.128439999e+003 +6.719279999e+003 +6.719279999e+003 +3.7382e+000 +1.4864e+001 +8.5042e+000 +3.6122e+000 +1.1930e+001 +6.4103e+000 +9.0288e+000 +9.0163e+000 +1.4359e+001 +6.8474e+000
370 +2.809247319e+003 +2.809247319e+003 +3.400087319e+003 +3.400087319e+003 +5.1796e+000 +1.7679e+001 +1.1157e+001 +1.0610e+001 +1.4906e+001 +2.8915e+000 +1.0975e+001 +1.4757e+001 +1.4858e+001 +8.2229e+000
425 +1.957395105e+003 +1.957395105e+003 +2.548235105e+003 +2.548235105e+003 +2.6982e+000 +1.5641e+001 +1.0756e+001 +7.4913e+000 +1.1950e+001 +1.8643e+000 +6.9055e+000 +9.2343e+000 +1.7012e+001 +6.2269e+000
615 +1.442723320e+003 +1.442723320e+003 +2.033563320e+003 +2.033563320e+003 +2.6695e+000 +1.3062e+001 +3.9309e+000 +5.6320e+000 +8.1831e+000 +4.2406e+000 +1.3362e+001 +1.1187e+001 +1.6650e+001 +1.9576e+000
1485 +9.696572046e+002 +9.696572046e+002 +1.560497205e+003 +1.560497205e+003 +1.8386e+000 +1.2624e+001 +2.5218e+000 +2.6207e+000 +4.3413e+000 +1.1154e+000 +8.1083e+000 +9.4886e+000 +1.4243e+001 -7.6942e-001
2230 +5.511168210e+002 +5.511168210e+002 +1.141956821e+003 +1.141956821e+003 -4.5852e-002 +8.9804e+000 -1.1503e+000 +6.2354e+000 -3.2509e+000 -1.3219e+000 +3.1678e+000 +8.8702e+000 +6.4331e+000 -3.7250e+000
% function evaluation | noise-free fitness - Fopt (-1.280000000000e+001) | best noise-free fitness - Fopt | measured fitness | best measured fitness | x1 | x2...
1 +3.693688393e+005 +3.693688393e+005 +3.693560393e+005 +3.693560393e+005 +8.9084e+000 +1.2053e+001 +1.1397e+001 +9.5622e+000 +1.1658e+001 +8.5576e+000 +1.1181e+001 +1.3118e+001 +9.3216e+000 +8.3793e+000
7 +2.320916262e+005 +2.320916262e+005 +2.320788262e+005 +2.320788262e+005 +6.1118e+000 +1.1739e+001 +5.0154e+000 +9.1070e+000 +1.1580e+001 +1.0040e+001 +1.0044e+001 +7.6752e+000 +9.1660e+000 +1.0910e+001
10 +6.746867247e+004 +6.746867247e+004 +6.745587247e+004 +6.745587247e+004 +1.1377e+001 +6.0762e+000 +5.8789e+000 +1.2494e+001 +1.3161e+001 +9.9179e+000 +1.0480e+001 +1.0023e+001 +1.3646e+001 +8.0290e+000
29 +1.575056317e+004 +1.575056317e+004 +1.573776317e+004 +1.573776317e+004 +1.2524e+001 +5.0742e+000 +1.1465e+001 +8.1815e+000 +9.0705e+000 +1.2681e+001 +1.3293e+001 +8.1293e+000 +1.3101e+001 +7.0796e+000
81 +1.164169423e+003 +1.164169423e+003 +1.151369423e+003 +1.151369423e+003 +6.9829e+000 +7.3306e+000 +7.1475e+000 +1.4820e+001 +7.5396e+000 +7.8464e+000 +8.9199e+000 +5.3239e+000 +1.4587e+001 +6.0358e+000
893 +9.401594665e+002 +9.401594665e+002 +9.273594665e+002 +9.273594665e+002 +3.7868e+000 +1.1522e+001 +8.6079e+000 +1.1457e+001 +6.0766e-001 +4.1613e+000 +5.3578e+000 +1.5336e+000 +1.5388e+001 +3.3598e+000
1408 +4.587060647e+002 +4.587060647e+002 +4.459060647e+002 +4.459060647e+002 +3.6444e+000 +8.0200e+000 +4.4697e+000 +3.6414e+000 +7.0307e-001 +5.4423e+000 +2.1211e+000 -1.5403e-002 +8.5387e+000 +1.8055e+000
2150 +3.816401562e+002 +3.816401562e+002 +3.688401562e+002 +3.688401562e+002 +1.9440e+000 +6.2301e+000 +3.6118e+000 +8.5760e+000 +3.5663e+000 +3.1623e+000 +3.1903e+000 -2.1798e+000 +6.3701e+000 +1.0966e+000
2398 +2.009075815e+002 +2.009075815e+002 +1.881075815e+002 +1.881075815e+002 +1.4657e+000 +6.0297e+000 +1.0530e-001 +2.6128e+000 -1.2323e+000 +5.2955e+000 +8.6534e-001 -1.6043e+000 +3.1275e+000 -4.8930e+000
% function evaluation | noise-free fitness - Fopt (-1.061000000000e+001) | best noise-free fitness - Fopt | measured fitness | best measured fitness | x1 | x2...
1 +9.745493955e+006 +9.745493955e+006 +9.745483345e+006 +9.745483345e+006 +1.4636e+001 +1.4218e+001 +5.8719e+000 +1.1753e+001 +6.3983e+000 +5.1665e+000 +1.2079e+001 +8.5799e+000 +1.3319e+001 +1.2585e+001
7 +4.348200094e+006 +4.348200094e+006 +4.348189484e+006 +4.348189484e+006 +1.0470e+001 +8.0637e+000 +5.7533e+000 +6.6167e+000 +1.2253e+001 +7.5988e+000 +9.0096e+000 +1.2023e+001 +5.8190e+000 +6.7972e+000
19 +3.980678649e+006 +3.980678649e+006 +3.980668039e+006 +3.980668039e+006 +1.0085e+001 +6.2510e+000 +5.9696e+000 +1.1223e+001 +5.9565e+000 +1.1844e+001 +5.1170e+000 +6.0879e+000 +8.0856e+000 +7.8862e+000
120 +2.390229148e+006 +2.390229148e+006 +2.390218538e+006 +2.390218538e+006 +6.0661e+000 +1.0625e+001 +3.9871e+000 +8.8353e+000 +1.8280e+001 +1.3006e+001 +1.3978e+001 +2.7600e+000 -1.7989e+000 +9.4574e+000
218 +1.260217634e+006 +1.260217634e+006 +1.260207024e+006 +1.260207024e+006 +1.4719e+000 +1.0954e+001 +2.4178e+000 +4.4706e+000 +2.6074e+001 +6.8320e+000 +1.4764e-001 +7.8953e+000 +2.5135e+000 +9.1548e+000
312 +9.186257683e+005 +9.186257683e+005 +9.186151583e+005 +9.186151583e+005 +6.6601e+000 +1.7768e-001 +4.5771e+000 +8.7372e+000 +2.4581e+001 +1.3544e+001 +7.1395e+000 +1.3170e+000 -5.5793e-001 +4.8284e+000
348 +6.048872591e+005 +6.048872591e+005 +6.048766491e+005 +6.048766491e+005 +7.8590e-001 +2.8146e+000 +3.8167e+000 +5.9464e+000 +9.2729e+000 +5.7605e+000 +7.9002e+000 +3.6197e+000 +8.2259e-003 +3.5308e+000
420 +1.781752526e+005 +1.781752526e+005 +1.781646426e+005 +1.781646426e+005 +9.2381e+000 -5.3527e+000 -3.8548e+000 +6.9530e+000 +1.7249e+001 +6.8192e+000 +1.8373e+000 +4.8820e+000 -2.5819e+000 +2.4015e+000
548 +7.674960892e+004 +7.674960892e+004 +7.673899892e+004 +7.673899892e+004 +7.8590e-001 +2.8146e+000 -2.9100e+000 +2.9414e+000 +9.2729e+000 +5.7605e+000 +1.8524e+000 +3.6197e+000 -5.8631e+000 +5.7690e-001
589 +1.547225937e+004 +1.547225937e+004 +1.546164937e+004 +1.546164937e+004 +2.1079e-001 +8.8113e+000 -7.3902e+000 +1.4932e+001 +1.3366e+001 +1.0840e+001 +6.2563e+000 +3.6022e+000 -4.5885e+000 +4.1341e-001
627 +1.201666530e+003 +1.201666530e+003 +1.191056530e+003 +1.191056530e+003 -7.5756e+000 +6.5115e+000 -6.8064e+000 +1.8993e+001 +2.2136e+001 +7.1491e+000 +3.5850e+000 -1.4060e+000 -4.7516e+000 -8.0600e-001
639 +6.302456501e+002 +6.302456501e+002 +6.196356501e+002 +6.196356501e+002 +2.1079e-001 +8.8113e+000 -4.8858e+000 +1.4932e+001 +1.3366e+001 +2.0442e+000 -3.3671e+000 -2.5271e+000 -4.5885e+000 +4.1341e-001
1712 +3.933141120e+002 +3.933141120e+002 +3.827041120e+002 +3.827041120e+002 -1.3756e+000 +4.7579e+000 -4.7142e+000 +1.4751e+001 +7.5990e+000 -2.0083e+000 +2.4249e+000 -1.4496e+000 -6.9276e+000 +1.8151e+000
2095 +2.499858355e+002 +2.499858355e+002 +2.393758355e+002 +2.393758355e+002 +6.8849e-001 +2.3649e+000 -4.3373e+000 +8.0327e+000 +1.1143e+001 +5.0959e-001 +6.8482e-001 +1.1468e+000 -7.0830e+000 +6.4556e-001
% function evaluation | noise-free fitness - Fopt (-1.844000000000e+002) | best noise-free fitness - Fopt | measured fitness | best measured fitness | x1 | x2...
1 +9.512352590e+006 +9.512352590e+006 +9.512168190e+006 +9.512168190e+006 +7.6169e+000 +1.3922e+001 +8.4206e+000 +9.6560e+000 +1.2485e+001 +5.4126e+000 +9.9453e+000 +1.3452e+001 +8.0464e+000 +6.4534e+000
7 +5.960953093e+006 +5.960953093e+006 +5.960768693e+006 +5.960768693e+006 +1.0665e+001 +9.5956e+000 +8.4897e+000 +1.4441e+001 +5.8071e+000 +1.2511e+001 +5.6219e+000 +6.7518e+000 +5.1051e+000 +1.1289e+001
169 +3.699123710e+006 +3.699123710e+006 +3.698939310e+006 +3.698939310e+006 +1.4962e+001 +3.2615e+000 +5.2355e+000 +9.0206e+000 +4.2372e+000 +4.3094e+000 +6.0095e+000 +6.9942e+000 +6.9109e+000 +1.2245e+001
219 +2.279909335e+006 +2.279909335e+006 +2.279724935e+006 +2.279724935e+006 +7.8851e+000 +9.3684e-001 +5.2355e+000 +2.3189e+000 +4.2372e+000 +4.3094e+000 +6.0095e+000 +6.9942e+000 +6.9109e+000 +6.0227e+000
416 +1.460980977e+006 +1.460980977e+006 +1.460796577e+006 +1.460796577e+006 +9.7733e+000 -6.7735e+000 -4.0540e+000 +4.5330e+000 +6.1454e+000 +1.1184e+001 +4.2674e+000 +3.5402e+000 +4.8928e+000 +2.9585e-001
652 +5.901479447e+005 +5.901479447e+005 +5.899635447e+005 +5.899635447e+005 +9.6054e+000 -7.7610e+000 +2.8282e-001 -1.4602e+000 +3.4240e+000 +1.7633e+000 +2.3743e+000 -4.5406e+000 +3.2156e+000 +1.0870e+001
733 +3.109098441e+005 +3.109098441e+005 +3.107254441e+005 +3.107254441e+005 +3.4604e+000 -6.8119e+000 -5.0329e-001 -4.9640e+000 +1.7721e+000 +4.5019e+000 +2.2745e+000 -4.0670e+000 +3.6549e+000 +8.1969e+000
865 +1.020660748e+005 +1.020660748e+005 +1.018816748e+005 +1.018816748e+005 +1.2728e+000 -7.4443e+000 +5.3004e+000 -1.9207e+000 +4.1403e+000 +5.1324e+000 +2.9339e+000 -1.9495e+000 +6.7646e-001 +2.9825e+000
888 +8.737073023e+004 +8.737073023e+004 +8.718633023e+004 +8.718633023e+004 -4.8889e+000 -1.0746e+001 -2.7516e+000 -9.3574e+000 +7.5065e+000 +9.6340e+000 +6.3324e+000 +2.0984e-001 -3.0000e+000 +8.8573e+000
938 +2.554963630e+004 +2.554963630e+004 +2.536523630e+004 +2.536523630e+004 -7.1122e-001 -7.1319e+000 -2.7516e+000 -2.4065e+000 +7.5065e+000 +7.7887e+000 +1.1118e+001 -1.0437e+001 -3.0000e+000 +7.5109e+000
988 +1.962632043e+004 +1.962632043e+004 +1.944192043e+004 +1.944192043e+004 -7.1122e-001 -7.1319e+000 +1.0204e+000 -3.9553e+000 +4.4363e+000 +7.7887e+000 +9.5507e+000 -1.0437e+001 -2.5042e+000 +7.5109e+000
1194 +2.071788305e+003 +2.071788305e+003 +1.887388305e+003 +1.887388305e+003 +4.5559e+000 -8.8378e+000 -1.1648e+000 -6.4846e+000 +3.5468e+000 +5.5944e+000 +1.3470e+001 -8.3333e+000 -2.3220e+000 +7.2868e+000
1463 +7.166713246e+002 +7.166713246e+002 +5.322713246e+002 +5.322713246e+002 -5.4330e-001 -5.0751e+000 -9.2957e-001 -5.9432e+000 +6.6527e-002 +5.7354e+000 +9.1724e+000 -6.8205e+000 -2.4557e+000 +3.2041e+000
1663 +5.789705313e+002 +5.789705313e+002 +3.945705313e+002 +3.945705313e+002 +8.1738e-001 -5.0751e+000 -9.2957e-001 -5.9432e+000 +6.6527e-002 +5.7354e+000 +9.1724e+000 -6.8205e+000 -4.3385e+000 +7.3276e+000
1671 +3.664265893e+002 +3.664265893e+002 +1.820265893e+002 +1.820265893e+002 -3.2427e+000 -8.5727e+000 -1.0019e-001 -1.1198e+001 +4.3373e+000 +6.1351e-001 +3.4930e+000 -3.4546e+000 -5.6809e+000 +7.1251e+000
1845 +2.378105332e+002 +2.378105332e+002 +5.341053324e+001 +5.341053324e+001 -3.5632e+000 -3.8350e+000 +3.5817e+000 -6.4385e+000 -4.3795e+000 +3.2680e+000 +4.6963e+000 -3.7692e+000 -1.0275e+001 +8.4982e-001
% function evaluation | noise-free fitness - Fopt (-5.188000000000e+001) | best noise-free fitness - Fopt | measured fitness | best measured fitness | x1 | x2...
1 +3.266562598e+006 +3.266562598e+006 +3.266510718e+006 +3.266510718e+006 +9.3799e+000 +1.1898e+001 +1.3002e+001 +1.2317e+001 +1.1161e+001 +1.2021e+001 +1.4458e+001 +1.1979e+001 +9.3166e+000 +1.1182e+001
3 +2.410304267e+006 +2.410304267e+006 +2.410252387e+006 +2.410252387e+006 +7.6027e+000 +6.8461e+000 +1.4826e+001 +1.4378e+001 +8.6896e+000 +1.0419e+001 +1.1749e+001 +1.4558e+001 +8.7868e+000 +8.4132e+000
10 +1.332012409e+006 +1.332012409e+006 +1.331960529e+006 +1.331960529e+006 +6.2008e+000 +6.6858e+000 +7.5385e+000 +1.2967e+001 +6.4752e+000 +9.2548e+000 +8.8691e+000 +8.7897e+000 +7.4377e+000 +1.1131e+001
201 +9.873284944e+005 +9.873284944e+005 +9.872766144e+005 +9.872766144e+005 +4.2690e+000 +6.5306e+000 +6.6338e+000 +4.8346e+000 +5.9116e+000 +1.0016e+001 +8.1665e+000 +7.6941e+000 +7.0437e+000 +6.2342e+000
263 +5.266642826e+005 +5.266642826e+005 +5.266124026e+005 +5.266124026e+005 +5.7315e+000 +9.0793e+000 +9.0334e+000 +5.8975e+000 +1.1582e+000 +1.0995e+001 +9.0001e+000 +8.5553e+000 +6.2559e+000 +1.3045e+001
306 +2.409545369e+005 +2.409545369e+005 +2.409026569e+005 +2.409026569e+005 +3.5895e+000 +5.3723e+000 +7.8776e+000 +4.6781e+000 +2.8471e+000 +1.2258e+001 +4.8790e+000 +5.4500e+000 +5.5871e+000 +2.4125e+001
403 +1.512984003e+005 +1.512984003e+005 +1.512465203e+005 +1.512465203e+005 -1.0148e+000 +9.0133e+000 +2.0490e+000 +2.7558e+000 +1.7601e+000 +1.0851e+001 +8.8405e+000 +5.6638e+000 +9.4449e+000 +1.5726e+001
453 +6.453906819e+004 +6.453906819e+004 +6.448718819e+004 +6.448718819e+004 -1.0148e+000 +8.1625e+000 +8.3869e+000 +2.7558e+000 +2.0847e+000 +1.0851e+001 +2.6774e+000 +3.6498e+000 +8.0849e+000 +1.5632e+001
556 +3.121652926e+004 +3.121652926e+004 +3.116464926e+004 +3.116464926e+004 +2.9842e+000 +5.2136e+000 +7.8776e+000 +4.6781e+000 -7.4267e+000 +1.0593e+001 +5.7382e+000 +1.1346e+001 +1.1504e+001 +2.4125e+001
606 +1.712205421e+003 +1.712205421e+003 +1.660325421e+003 +1.660325421e+003 -7.2652e+000 +1.0070e+001 +7.8776e+000 +4.6781e+000 -7.4267e+000 +9.7942e+000 +5.7382e+000 +6.7158e+000 +1.1504e+001 +2.4125e+001
697 +8.483837473e+002 +8.483837473e+002 +7.965037473e+002 +7.965037473e+002 -6.3142e+000 +1.8421e+000 +4.0969e+000 +2.2247e+000 -3.6116e+000 +8.6740e+000 +1.0756e+001 +7.7706e+000 +3.4054e+000 +1.9781e+001
1348 +4.701342328e+002 +4.701342328e+002 +4.182542328e+002 +4.182542328e+002 -1.2746e+000 -2.7740e+000 +8.4376e-001 +5.8590e+000 -7.9087e+000 +3.8074e+000 +8.8864e+000 +7.1147e+000 +4.6569e+000 +1.5073e+001
2267 +3.956434202e+002 +3.956434202e+002 +3.437634202e+002 +3.437634202e+002 -3.5947e+000 -6.7553e-001 -1.3800e+000 +3.5162e+000 +1.2145e+000 +5.5931e-001 +6.6076e+000 +1.9581e+000 +2.9338e+000 +1.2183e+001
% function evaluation | noise-free fitness - Fopt (6.980000000000e+001) | best noise-free fitness - Fopt | measured fitness | best measured fitness | x1 | x2...
1 +3.407227173e+006 +3.407227173e+006 +3.407296973e+006 +3.407296973e+006 +9.4978e+000 +9.4033e+000 +1.3902e+001 +1.3552e+001 +1.4802e+001 +1.3941e+001 +8.0999e+000 +7.1134e+000 +5.9865e+000 +5.2376e+000
60 +2.138518424e+006 +2.138518424e+006 +2.138588224e+006 +2.138588224e+006 +1.1128e+001 +7.7057e+000 +4.9562e+000 +1.8082e+001 +1.1307e+001 +5.6752e+000 +6.5326e+000 +7.8840e+000 +3.7761e+000 +7.9260e+000
347 +1.071577595e+006 +1.071577595e+006 +1.071647395e+006 +1.071647395e+006 +1.0278e+001 +6.1020e+000 +5.4894e+000 +1.3516e+001 +1.4791e+001 +2.4929e+000 +7.7345e+000 +2.8273e+000 +8.7123e-001 +5.6267e+000
397 +9.958766622e+005 +9.958766622e+005 +9.959464622e+005 +9.959464622e+005 +1.2008e+001 +6.1020e+000 +5.4894e+000 +1.3516e+001 +1.8489e+001 +7.7564e+000 +7.7345e+000 +2.8273e+000 +8.7123e-001 +5.6267e+000
463 +5.981469402e+005 +5.981469402e+005 +5.982167402e+005 +5.982167402e+005 +1.0704e+001 +8.5532e+000 +1.1865e+001 +7.2904e+000 +1.2741e+001 +1.4740e+001 +8.1597e+000 -8.2671e-001 -4.3174e+000 +7.5361e+000
617 +3.234857452e+005 +3.234857452e+005 +3.235555452e+005 +3.235555452e+005 +6.1912e+000 +7.2685e+000 +6.9662e+000 +9.9818e+000 +1.0599e+001 +8.4696e+000 +4.6208e+000 +1.0722e+000 -4.1838e+000 +4.7731e-001
682 +1.005015686e+005 +1.005015686e+005 +1.005713686e+005 +1.005713686e+005 +2.6138e+000 +5.1858e+000 -7.6127e+000 +1.3338e+001 +1.0474e+001 +2.3907e+000 +2.2669e+000 -7.9450e-002 -5.4712e+000 +3.5033e+000
732 +8.190786741e+003 +8.190786741e+003 +8.260586741e+003 +8.260586741e+003 +5.8398e+000 +5.1858e+000 -7.6127e+000 +9.6530e+000 +1.0474e+001 +6.8141e+000 +5.2302e+000 -6.0895e+000 -5.4712e+000 +3.5033e+000
882 +1.921692842e+003 +1.921692842e+003 +1.991492842e+003 +1.991492842e+003 +5.8398e+000 +4.4734e+000 -7.6127e+000 +9.7681e+000 +1.0474e+001 +6.8141e+000 -3.9663e-001 -3.8563e+000 -5.4712e+000 +3.5033e+000
1478 +1.323085598e+003 +1.323085598e+003 +1.392885598e+003 +1.392885598e+003 -6.7173e-001 +1.9980e+000 -4.0136e+000 +3.7629e+000 -3.5555e-001 -4.4837e-001 +2.7233e+000 -6.6932e+000 -9.1441e+000 +3.0523e+000
1754 +8.970920795e+002 +8.970920795e+002 +9.668920795e+002 +9.668920795e+002 +7.6914e-001 +5.5680e+000 -1.7884e+000 +6.9301e+000 +8.1772e-001 +4.8454e+000 +7.6564e+000 -7.8056e+000 -9.1304e+000 -2.1124e+000
2458 +5.191986737e+002 +5.191986737e+002 +5.889986737e+002 +5.889986737e+002 -7.5518e-001 +2.2314e+000 +3.1785e+000 -3.5339e-001 -5.5405e+000 +5.2925e+000 +5.4334e+000 -1.0518e+001 -7.7281e+000 -6.2465e+000
% function evaluation | noise-free fitness - Fopt (1.105400000000e+002) | best noise-free fitness - Fopt | measured fitness | best measured fitness | x1 | x2...
1 +9.625273049e+006 +9.625273049e+006 +9.625383589e+006 +9.625383589e+006 +1.4506e+001 +7.5036e+000 +1.1568e+001 +8.6564e+000 +8.0006e+000 +1.0110e+001 +9.0579e+000 +1.1266e+001 +1.4540e+001 +1.4067e+001
4 +5.420028300e+006 +5.420028300e+006 +5.420138840e+006 +5.420138840e+006 +8.7797e+000 +9.2643e+000 +1.0828e+001 +1.2948e+001 +5.6966e+000 +6.3762e+000 +8.7445e+000 +1.2940e+001 +1.1880e+001 +6.0037e+000
129 +3.942487859e+006 +3.942487859e+006 +3.942598399e+006 +3.942598399e+006 +6.8420e+000 +8.4665e+000 +1.9320e+001 +8.8079e+000 +1.0964e+001 +6.8448e+000 +4.4887e+000 -1.3858e+000 +5.2524e+000 +5.9461e+000
217 +2.309438934e+006 +2.309438934e+006 +2.309549474e+006 +2.309549474e+006 +3.3617e+000 +5.7878e+000 +1.3634e+001 +1.0851e+001 +6.4311e-001 +1.0518e+001 +6.2096e+000 +3.9399e+000 +7.0894e+000 +7.7197e+000
334 +1.025625058e+006 +1.025625058e+006 +1.025735598e+006 +1.025735598e+006 +1.1917e+001 +6.7803e+000 -3.9073e+000 +6.0023e+000 -9.2906e-001 +8.2015e+000 +3.6670e-001 -3.4194e+000 +2.2153e+000 +8.8885e-001
386 +9.136931111e+005 +9.136931111e+005 +9.138036511e+005 +9.138036511e+005 +4.2837e+000 +1.9416e+000 +2.9928e+000 +6.8467e+000 +6.7810e+000 -3.7222e-001 -2.9346e+000 +1.9375e+000 +1.7774e+000 -5.2194e+000
457 +3.649285440e+005 +3.649285440e+005 +3.650390840e+005 +3.650390840e+005 +1.5682e+000 +5.6019e+000 +5.8773e+000 +1.1722e+001 -3.7755e+000 +4.8649e+000 -5.5739e-001 -1.2015e+001 +4.3604e+000 -2.5199e+000
461 +1.927896737e+005 +1.927896737e+005 +1.929002137e+005 +1.929002137e+005 -1.4422e+000 +2.0660e+000 +4.0644e+000 +6.8997e+000 -9.1681e-001 -1.1735e+000 +1.5234e+000 +9.7308e-001 +3.6640e+000 +2.1664e+000
499 +8.391328724e+004 +8.391328724e+004 +8.402382724e+004 +8.402382724e+004 -2.4311e+000 +3.7220e+000 +2.6581e+000 +9.5940e+000 -2.0535e+000 -3.1957e+000 +3.3251e+000 -3.3228e+000 -1.0696e+000 -1.6086e+000
564 +1.274883559e+004 +1.274883559e+004 +1.285937559e+004 +1.285937559e+004 +4.1318e+000 -5.5997e+000 +1.3184e+001 +8.1940e+000 +1.2105e+000 +2.9754e+000 +3.7377e-002 -9.7899e+000 -5.4863e+000 -2.8466e+000
664 +1.280887723e+003 +1.280887723e+003 +1.391427723e+003 +1.391427723e+003 +4.1318e+000 -4.0980e+000 +1.3184e+001 +8.1940e+000 -5.0887e+000 +3.5841e+000 +3.7377e-002 -9.7899e+000 -5.4863e+000 -2.8466e+000
778 +8.344609898e+002 +8.344609898e+002 +9.450009898e+002 +9.450009898e+002 +3.3380e+000 +4.4630e+000 -3.5517e+000 +6.8481e+000 -6.2068e+000 +1.4677e+000 -1.0128e+000 -1.2233e+001 -9.4485e+000 -4.6930e+000
1107 +4.430563326e+002 +4.430563326e+002 +5.535963326e+002 +5.535963326e+002 +5.7211e+000 -2.3452e+000 +2.3777e+000 -9.0993e-001 -3.7755e+000 +3.7106e+000 -7.7268e-001 -7.8688e+000 -2.8835e+000 -8.7629e+000
1646 +2.497739638e+002 +2.497739638e+002 +3.603139638e+002 +3.603139638e+002 +1.3980e+000 +6.2132e+000 -4.8301e-001 -1.6582e+000 -6.3004e+000 -3.3913e-002 -1.8347e+000 -7.3594e+000 -5.1172e+000 -2.4583e+000
% function evaluation | noise-free fitness - Fopt (6.121000000000e+002) | best noise-free fitness - Fopt | measured fitness | best measured fitness | x1 | x2...
1 +3.064020399e+006 +3.064020399e+006 +3.064632499e+006 +3.064632499e+006 +1.0748e+001 +9.6348e+000 +1.2482e+001 +1.2506e+001 +9.9945e+000 +7.0202e+000 +6.4784e+000 +1.1366e+001 +7.1981e+000 +7.2908e+000
18 +2.436433987e+006 +2.436433987e+006 +2.437046087e+006 +2.437046087e+006 +8.1798e+000 +1.4413e+001 +5.2416e+000 +1.2576e+001 +1.2852e+001 +1.3120e+001 +1.1148e+001 +8.1945e+000 +6.2473e+000 +1.1052e+001
210 +1.382588903e+006 +1.382588903e+006 +1.383201003e+006 +1.383201003e+006 +6.0302e+000 +8.1893e+000 +6.6989e+000 +2.8382e+000 +1.2051e+001 +2.4037e+000 +6.9112e+000 +9.1258e+000 +4.4656e+000 +9.3927e+000
351 +5.811484963e+005 +5.811484963e+005 +5.817605963e+005 +5.817605963e+005 -7.9972e+000 +9.3743e+000 +1.1266e+001 +5.1291e+000 +1.1415e+001 +8.1397e+000 +8.1740e+000 +1.4707e+001 +5.0604e+000 +1.5115e+000
456 +3.554195353e+005 +3.554195353e+005 +3.560316353e+005 +3.560316353e+005 +2.1152e-002 +8.9273e+000 +3.0885e+000 +9.5465e-001 +6.9150e+000 +6.6087e+000 +3.2674e+000 +1.2051e+001 +3.7601e+000 +2.6527e-001
545 +6.365664680e+004 +6.365664680e+004 +6.426874680e+004 +6.426874680e+004 -1.1832e+001 +1.7020e+001 +1.4669e+000 +3.1421e+000 +1.0628e+001 +1.0108e+001 +1.0887e+001 +1.7619e+001 -4.6850e+000 -4.6835e-001
608 +6.265042512e+004 +6.265042512e+004 +6.326252512e+004 +6.326252512e+004 -6.2916e+000 +3.2161e+000 -3.0778e+000 +5.6038e+000 +1.2613e+001 +5.2720e+000 +1.0523e+001 +8.9452e+000 -6.9052e-002 +3.6470e+000
747 +3.533044255e+004 +3.533044255e+004 +3.594254255e+004 +3.594254255e+004 -4.9105e+000 +1.0020e+001 -1.9036e+000 +2.0553e+000 +5.7695e+000 +7.3205e+000 +9.0854e+000 +1.0342e+001 -1.2696e+001 -4.7587e+000
764 +1.147019559e+004 +1.147019559e+004 +1.208229559e+004 +1.208229559e+004 +1.5468e-001 +1.2155e+001 -4.1831e+000 +2.6366e+000 +7.6508e+000 +9.7493e+000 +1.0196e+001 +9.9081e+000 -5.6901e+000 +4.3443e+000
823 +5.115505753e+003 +5.115505753e+003 +5.727605753e+003 +5.727605753e+003 -6.4174e-001 +1.0166e+001 -3.8583e+000 +8.0561e-001 +4.0892e+000 +5.5581e+000 +7.4968e+000 +1.0936e+001 -9.0366e+000 -4.0720e+000
910 +7.313452521e+002 +7.313452521e+002 +1.343445252e+003 +1.343445252e+003 -7.2163e+000 +1.2974e+001 +1.8421e+000 +5.0939e-002 +1.2398e+000 +9.1273e+000 +1.0258e+001 +9.4145e+000 -9.9964e+000 -8.4584e+000
1168 +5.990663443e+002 +5.990663443e+002 +1.211166344e+003 +1.211166344e+003 -1.8813e+000 +7.1522e+000 -5.3760e+000 -3.5591e+000 +2.2388e+000 +7.5789e+000 +1.1858e+001 +3.4479e+000 -1.1220e+001 -6.4016e+000
2050 +3.840164338e+002 +3.840164338e+002 +9.961164338e+002 +9.961164338e+002 -1.5879e+000 +1.1480e+001 -2.1520e+000 -5.1514e+000 +1.7000e+000 +2.1433e+000 +9.8058e+000 +7.5000e+000 -7.7714e+000 -4.8044e+000
2111 +2.247035362e+002 +2.247035362e+002 +8.368035362e+002 +8.368035362e+002 -2.0992e+000 +6.7481e+000 -2.5367e+000 -3.5719e+000 +1.5764e+000 +3.1843e+000 +8.7775e+000 +5.0799e+000 -5.3471e+000 +1.7279e+000
% function evaluation | noise-free fitness - Fopt (-4.657200000000e+002) | best noise-free fitness - Fopt | measured fitness | best measured fitness | x1 | x2...
1 +2.212338966e+006 +2.212338966e+006 +2.211873246e+006 +2.211873246e+006 +6.5070e+000 +1.2269e+001 +1.0633e+001 +1.0539e+001 +1.3406e+001 +9.6543e+000 +1.2940e+001 +9.0116e+000 +8.6680e+000 +1.0761e+001
4 +1.427601091e+006 +1.427601091e+006 +1.427135371e+006 +1.427135371e+006 +6.8253e+000 +1.3960e+001 +7.4415e+000 +5.6977e+000 +6.0088e+000 +9.6164e+000 +9.7020e+000 +1.2421e+001 +7.8921e+000 +8.0141e+000
133 +5.890481626e+005 +5.890481626e+005 +5.885824426e+005 +5.885824426e+005 +1.5095e+001 +1.1509e+001 +4.8480e+000 +6.3453e+000 +1.0597e+001 +7.3407e+000 +1.4505e+001 +8.4530e+000 +4.5892e+000 +1.4372e+001
280 +3.422912062e+005 +3.422912062e+005 +3.418254862e+005 +3.418254862e+005 +1.3406e+001 +1.3415e+001 +6.3056e+000 +4.4391e+000 +7.6786e+000 +8.8841e+000 +1.0256e+001 +4.8466e+000 +3.5051e-001 +1.4941e+001
378 +1.901157384e+005 +1.901157384e+005 +1.896500184e+005 +1.896500184e+005 +1.3674e+001 +3.2954e+000 +5.5324e+000 +1.4237e+000 +6.2588e+000 +7.9930e+000 +1.3052e+001 +4.4851e+000 +4.6360e+000 +1.2650e+001
434 +1.238860481e+005 +1.238860481e+005 +1.234203281e+005 +1.234203281e+005 +7.9389e+000 +1.5551e+000 +4.6981e+000 +1.0957e+000 +1.2478e+000 +1.1294e+001 +2.1465e+001 +1.2869e+000 +1.1700e+000 +9.8372e+000
533 +3.781663170e+004 +3.781663170e+004 +3.735091170e+004 +3.735091170e+004 +1.5095e+001 +1.1509e+001 -1.0242e+000 +2.3106e+000 +1.0597e+001 +7.3407e+000 +1.8842e+001 +8.4530e+000 -1.9825e+000 +1.8552e+001
674 +4.709588154e+003 +4.709588154e+003 +4.243868154e+003 +4.243868154e+003 +1.4213e+001 +1.3307e+001 +9.4877e-001 +2.6116e+000 +7.5914e+000 +1.0087e+001 +6.5482e+000 +2.3731e+000 -4.6439e+000 +1.5738e+001
684 +1.939572420e+003 +1.939572420e+003 +1.473852420e+003 +1.473852420e+003 +2.1264e+001 +1.5551e+000 -3.4079e+000 +2.0499e-001 +8.7208e+000 +1.1294e+001 +2.0979e+001 -2.2294e+000 -1.2704e+000 +9.8372e+000
844 +1.457550801e+003 +1.457550801e+003 +9.918308008e+002 +9.918308008e+002 +1.3415e+001 +2.8142e+000 +1.8272e+000 -5.8899e+000 +7.1196e+000 +2.1492e+001 +1.7246e+001 -1.8978e+000 -4.5914e+000 +9.6184e+000
1244 +9.471798618e+002 +9.471798618e+002 +4.814598618e+002 +4.814598618e+002 +6.5382e+000 +1.1004e+001 -1.9860e+000 -5.8899e+000 +7.1196e+000 +7.8385e+000 +1.1865e+001 -9.3907e+000 -4.7325e+000 +8.3114e-001
2063 +5.388734325e+002 +5.388734325e+002 +7.315343249e+001 +7.315343249e+001 +1.0299e+001 +2.9844e+000 +1.2610e+000 -4.2805e+000 -1.6311e+000 +7.9750e+000 +1.0236e+001 -4.0467e+000 +4.0179e+000 +3.9219e+000
% function evaluation | noise-free fitness - Fopt (1.306000000000e+001) | best noise-free fitness - Fopt | measured fitness | best measured fitness | x1 | x2...
1 +2.301128658e+006 +2.301128658e+006 +2.301141718e+006 +2.301141718e+006 +9.0102e+000 +1.2758e+001 +8.4845e+000 +8.7970e+000 +9.9339e+000 +1.0818e+001 +1.2052e+001 +7.6388e+000 +6.9663e+000 +1.2472e+001
24 +1.566752595e+006 +1.566752595e+006 +1.566765655e+006 +1.566765655e+006 +7.3305e+000 +1.0197e+001 +6.5568e+000 +6.8681e+000 +7.5648e+000 +1.0836e+001 +1.1142e+001 +1.3180e+001 +6.3538e+000 +1.2496e+001
203 +8.856736554e+005 +8.856736554e+005 +8.856867154e+005 +8.856867154e+005 +5.2927e+000 +5.1984e+000 +6.2239e+000 +8.0538e+000 +5.5728e+000 +7.5894e+000 -1.9932e+000 +8.7830e+000 +6.4130e+000 +9.5000e+000
234 +5.865852352e+005 +5.865852352e+005 +5.865982952e+005 +5.865982952e+005 +1.4543e+001 +1.8896e+001 +5.0006e+000 +7.4449e+000 -2.7447e+000 +1.7902e+001 +3.4495e+000 +7.4538e+000 +8.5919e+000 +7.0838e+000
392 +3.467133833e+005 +3.467133833e+005 +3.467264433e+005 +3.467264433e+005 +6.2572e+000 +1.3711e+001 +8.5728e+000 +1.5505e+001 -2.7878e-001 +7.8507e+000 +8.6028e-001 +1.4234e+001 -2.1229e+000 +1.2886e+001
396 +2.222384873e+005 +2.222384873e+005 +2.222515473e+005 +2.222515473e+005 -1.9700e-001 +4.1246e+000 +1.5281e+001 +2.8139e+000 -3.2827e+000 +1.5276e+001 +5.0269e+000 +8.4233e+000 +5.0544e+000 +8.7140e+000
467 +3.592899654e+004 +3.592899654e+004 +3.594205654e+004 +3.594205654e+004 +6.0204e+000 +1.2086e+001 +6.6697e+000 +6.2266e+000 -8.8191e+000 +1.2406e+001 +4.9821e+000 +1.1073e+001 +2.6629e+000 +6.8528e+000
581 +1.909768728e+004 +1.909768728e+004 +1.911074728e+004 +1.911074728e+004 +3.4245e+000 +7.1955e+000 +8.9230e+000 +9.3743e+000 -5.7951e+000 +9.9734e+000 -6.1755e+000 +5.1950e+000 +1.2449e+000 +6.5179e+000
711 +3.944455091e+003 +3.944455091e+003 +3.957515091e+003 +3.957515091e+003 +6.6874e-002 +2.5417e+000 +2.4675e+000 +1.0456e+001 -1.9400e+001 +1.6848e+001 +4.0446e+000 +1.1662e+001 -6.4824e+000 +8.1770e+000
715 +2.131073435e+003 +2.131073435e+003 +2.144133435e+003 +2.144133435e+003 +1.1273e+001 +1.1885e+001 +1.2357e+001 +1.1716e+001 -1.9518e+001 +1.6078e+001 -4.4487e+000 +2.0371e+001 +2.4486e+000 +1.3316e+001
737 +1.224839466e+003 +1.224839466e+003 +1.237899466e+003 +1.237899466e+003 +1.1749e-001 +1.9172e+000 +1.2324e+001 +8.8147e+000 -1.4715e+001 +1.7485e+001 +2.1034e+000 +1.2672e+001 -6.4725e+000 +9.5345e+000
880 +8.968561708e+002 +8.968561708e+002 +9.099161708e+002 +9.099161708e+002 +5.4390e+000 +9.9114e-001 +9.2446e+000 +9.0239e+000 -1.1634e+001 +1.5275e+001 -4.1396e+000 +1.0703e+001 -5.2912e+000 +7.3081e+000
1313 +6.218694453e+002 +6.218694453e+002 +6.349294453e+002 +6.349294453e+002 +4.2084e+000 +2.3435e+000 +6.6224e+000 +7.7331e+000 -6.3498e+000 +1.2258e+001 -5.9914e+000 +1.0595e+001 -2.7363e+000 +5.5203e+000
2254 +3.543677684e+002 +3.543677684e+002 +3.674277684e+002 +3.674277684e+002 +1.6034e+000 +6.9922e-001 +9.6769e+000 +4.1530e+000 -3.1761e+000 +7.5477e+000 -6.6044e+000 +4.8515e+000 -2.4461e+000 +2.6379e+000
2461 +2.226684099e+002 +2.226684099e+002 +2.357284099e+002 +2.357284099e+002 -4.5926e-001 -2.7284e+000 +9.4315e-001 +8.6236e-003 -6.1177e+000 +5.9797e+000 -3.6331e+000 +2.8477e+000 -5.5903e+000 +7.0798e-001
% function evaluation | noise-free fitness - Fopt (2.655000000000e+001) | best noise-free fitness - Fopt | measured fitness | best measured fitness | x1 | x2...
1 +5.959693659e+006 +5.959693659e+006 +5.959720209e+006 +5.959720209e+006 +1.0392e+001 +9.6576e+000 +1.4605e+001 +1.2746e+001 +5.4884e+000 +1.2281e+001 +1.3220e+001 +1.2896e+001 +1.4839e+001 +1.4691e+001
4 +3.795740498e+006 +3.795740498e+006 +3.795767048e+006 +3.795767048e+006 +1.2885e+001 +5.3836e+000 +9.7011e+000 +6.2566e+000 +9.1109e+000 +1.2710e+001 +7.7603e+000 +8.3183e+000 +1.1976e+001 +9.0816e+000
9 +2.362372363e+006 +2.362372363e+006 +2.362398913e+006 +2.362398913e+006 +5.5601e+000 +1.1369e+001 +5.2264e+000 +8.5001e+000 +9.3739e+000 +5.8771e+000 +1.3205e+001 +1.1902e+001 +1.4068e+001 +6.4638e+000
249 +1.527235220e+006 +1.527235220e+006 +1.527261770e+006 +1.527261770e+006 +2.9398e+000 +1.5469e+001 +5.3596e+000 +2.9718e+000 +1.0144e+001 +2.7394e+000 +8.6482e+000 +8.0510e+000 +9.5828e+000 +7.6658e+000
307 +8.404418546e+005 +8.404418546e+005 +8.404684046e+005 +8.404684046e+005 +2.8746e+000 +1.0351e+001 +7.0782e+000 +2.0466e+000 +6.0807e+000 -3.9041e+000 +1.1105e+001 +9.1920e+000 +1.5301e+001 +1.0899e+001
357 +5.833658598e+005 +5.833658598e+005 +5.833924098e+005 +5.833924098e+005 -5.6311e+000 +1.1260e+001 +5.7455e+000 +2.0466e+000 +6.0807e+000 -3.9041e+000 +4.1426e+000 +6.3083e+000 +7.5415e+000 +3.4087e+000
531 +3.871513126e+005 +3.871513126e+005 +3.871778626e+005 +3.871778626e+005 -5.2649e-001 +1.3942e+000 +2.4456e+000 +1.4831e+000 +8.3944e+000 -5.4297e+000 +9.4441e+000 +1.2921e+000 +1.1352e+001 +9.2827e+000
563 +2.344156146e+005 +2.344156146e+005 +2.344421646e+005 +2.344421646e+005 +4.7707e+000 +1.5560e+000 +3.1571e+000 +3.0884e+000 +7.6460e+000 -6.0013e+000 +3.5843e+000 +4.9406e+000 +1.3750e+001 +7.9647e+000
634 +7.558044905e+004 +7.558044905e+004 +7.560699905e+004 +7.560699905e+004 +4.7119e+000 +2.4872e+000 +3.5670e+000 -2.2843e+000 +4.5073e+000 -1.4642e+000 +4.8705e-001 +1.2252e+000 +4.2062e+000 +3.1741e+000
695 +6.305881954e+004 +6.305881954e+004 +6.308536954e+004 +6.308536954e+004 +3.2256e+000 -1.8344e+000 -8.1020e-001 -4.9338e+000 +3.0608e+000 -3.3032e+000 +4.7868e+000 +2.5694e+000 +7.8922e+000 +7.5824e+000
794 +1.087034425e+003 +1.087034425e+003 +1.113584425e+003 +1.113584425e+003 +9.1277e+000 +1.0840e+001 +2.1218e+000 -5.2946e+000 +1.7477e-001 -1.3270e+001 +9.1344e-001 +1.4939e+000 +1.4923e+001 +2.9654e+000
1149 +6.726896492e+002 +6.726896492e+002 +6.992396492e+002 +6.992396492e+002 +8.0753e+000 +5.0793e+000 +1.7590e+000 -4.7953e+000 +6.6538e+000 -8.6850e+000 -4.9603e+000 +2.2568e+000 +8.6084e+000 -1.1552e+000
1491 +5.441006151e+002 +5.441006151e+002 +5.706506151e+002 +5.706506151e+002 +9.0370e+000 -1.4035e+000 +5.2750e+000 -7.9672e+000 -9.6975e-002 -7.3753e+000 +2.0435e+000 +8.6751e-001 +1.0541e+001 +1.6366e+000
2311 +3.919944660e+002 +3.919944660e+002 +4.185444660e+002 +4.185444660e+002 +1.3903e+001 +1.2535e+000 +3.7483e+000 -7.2973e+000 +1.2845e+000 -4.4751e+000 +4.9385e-001 +1.0104e+000 +7.8568e+000 -1.2277e-002
