% function evaluation | noise-free fitness - Fopt (-2.098800000000e+002) | best noise-free fitness - Fopt | measured fitness | best measured fitness | x1 | x2...
1 +2.919891630e+006 +2.919891630e+006 +2.919681750e+006 +2.919681750e+006 +3.1345e-001 -6.8421e-001 +1.9725e+000
3 +1.288953017e+006 +1.288953017e+006 +1.288743137e+006 +1.288743137e+006 +4.9466e+000 +4.3997e+000 +4.6229e+000
7 +6.807512162e+004 +6.807512162e+004 +6.786524162e+004 +6.786524162e+004 +2.5551e+000 +1.3299e+000 +3.2942e+000
34 +2.274958302e+004 +2.274958302e+004 +2.253970302e+004 +2.253970302e+004 +1.2685e+000 +1.7956e+000 +3.7042e+000
174 +6.016344620e+003 +6.016344620e+003 +5.806464620e+003 +5.806464620e+003 +2.7442e+000 +1.5532e+000 +3.4798e+000
506 +1.331945703e+003 +1.331945703e+003 +1.122065703e+003 +1.122065703e+003 +4.5249e-001 +1.0313e+000 +3.5866e+000
759 +4.329567757e+002 +4.329567757e+002 +2.230767757e+002 +2.230767757e+002 -9.6809e-001 -1.6871e-001 +3.5643e+000
1198 +3.922597417e+002 +3.922597417e+002 +1.823797417e+002 +1.823797417e+002 +4.7863e-001 +1.0196e+000 +3.5577e+000
1226 +2.224699197e+002 +2.224699197e+002 +1.258991969e+001 +1.258991969e+001 +1.4541e+000 +9.1296e-001 +3.5502e+000
1442 +5.581428472e+001 +5.581428472e+001 -1.540657153e+002 -1.540657153e+002 +3.5601e-002 +2.8980e-001 +3.5497e+000
1534 +3.619305684e+001 +3.619305684e+001 -1.736869432e+002 -1.736869432e+002 +1.5026e+000 +4.7964e-001 +3.5607e+000
1851 +1.035814109e+001 +1.035814109e+001 -1.995218589e+002 -1.995218589e+002 +1.9556e+000 +5.3661e-001 +3.5557e+000
2347 +6.011347962e+000 +6.011347962e+000 -2.038686520e+002 -2.038686520e+002 +1.8767e+000 +4.6529e-001 +3.5565e+000
2349 +1.333017614e+000 +1.333017614e+000 -2.085469824e+002 -2.085469824e+002 +1.5611e+000 +4.8335e-001 +3.5548e+000
2626 +8.727796529e-001 +8.727796529e-001 -2.090072203e+002 -2.090072203e+002 +1.2957e+000 +4.7050e-001 +3.5539e+000
2748 +4.367483187e-001 +4.367483187e-001 -2.094432517e+002 -2.094432517e+002 +1.7786e+000 +4.4189e-001 +3.5543e+000
2941 +1.618335656e-001 +1.618335656e-001 -2.097181664e+002 -2.097181664e+002 +1.2489e+000 +4.3606e-001 +3.5543e+000
3212 +9.095037081e-002 +9.095037081e-002 -2.097890496e+002 -2.097890496e+002 +9.5238e-001 +4.4910e-001 +3.5546e+000
3922 +5.335545951e-002 +5.335545951e-002 -2.098266445e+002 -2.098266445e+002 +1.0089e+000 +4.4703e-001 +3.5545e+000
3953 +3.223668189e-002 +3.223668189e-002 -2.098477633e+002 -2.098477633e+002 +1.2548e+000 +4.5366e-001 +3.5544e+000
3955 +1.481140570e-002 +1.481140570e-002 -2.098651886e+002 -2.098651886e+002 +1.2923e+000 +4.5103e-001 +3.5544e+000
% function evaluation | noise-free fitness - Fopt (-9.209000000000e+001) | best noise-free fitness - Fopt | measured fitness | best measured fitness | x1 | x2...
1 +4.247045721e+004 +4.247045721e+004 +4.237836721e+004 +4.237836721e+004 -3.2764e-001 -1.2655e+000 -6.5229e-002
52 +1.347542275e+004 +1.347542275e+004 +1.338333275e+004 +1.338333275e+004 +3.7276e+000 +0.0000e+000 +0.0000e+000
63 +8.079946423e+003 +8.079946423e+003 +7.987856423e+003 +7.987856423e+003 -7.3085e+000 +3.6172e+000 +0.0000e+000
451 +3.073256613e+003 +3.073256613e+003 +2.981166613e+003 +2.981166613e+003 +6.1826e-001 +2.9389e+000 +3.5485e-002
837 +8.452396796e+002 +8.452396796e+002 +7.531496796e+002 +7.531496796e+002 +3.6379e-001 +2.5681e+000 +1.1791e-001
912 +5.004778840e+002 +5.004778840e+002 +4.083878840e+002 +4.083878840e+002 +5.7575e-001 +2.3670e+000 +1.1134e-001
914 +5.876198729e+001 +5.876198729e+001 -3.332801271e+001 -3.332801271e+001 +5.7395e-001 +2.8517e+000 +9.2628e-002
1625 +1.517643013e+001 +1.517643013e+001 -7.691356987e+001 -7.691356987e+001 +9.0584e-001 +2.5103e+000 +8.8708e-002
2381 +2.153199788e+000 +2.153199788e+000 -8.993680021e+001 -8.993680021e+001 +1.6665e+000 +2.6371e+000 +8.9312e-002
3233 +1.013400315e+000 +1.013400315e+000 -9.107659969e+001 -9.107659969e+001 +5.5626e-001 +2.6555e+000 +9.0327e-002
3306 +3.015118953e-001 +3.015118953e-001 -9.178848810e+001 -9.178848810e+001 +1.2413e+000 +2.6183e+000 +9.0488e-002
3640 +1.184500232e-001 +1.184500232e-001 -9.197154998e+001 -9.197154998e+001 +4.8148e-001 +2.6133e+000 +9.0429e-002
3642 +3.785322401e-002 +3.785322401e-002 -9.205214678e+001 -9.205214678e+001 +8.5413e-001 +2.6209e+000 +9.0254e-002
4102 +1.011729978e-002 +1.011729978e-002 -9.207988270e+001 -9.207988270e+001 +6.9003e-001 +2.6234e+000 +9.0474e-002
% function evaluation | noise-free fitness - Fopt (-8.789000000000e+001) | best noise-free fitness - Fopt | measured fitness | best measured fitness | x1 | x2...
1 +2.627059430e+006 +2.627059430e+006 +2.626971540e+006 +2.626971540e+006 -3.2311e+000 -7.2009e-001 -2.3118e-001
8 +3.821481402e+005 +3.821481402e+005 +3.820602502e+005 +3.820602502e+005 -2.7659e+000 +4.5196e+000 +1.8209e+000
9 +2.918811032e+004 +2.918811032e+004 +2.910022032e+004 +2.910022032e+004 +9.8041e-001 +3.7637e+000 +1.4208e+000
104 +1.856935743e+004 +1.856935743e+004 +1.848146743e+004 +1.848146743e+004 +2.7209e+000 +5.2284e+000 +1.3823e+000
358 +9.785089087e+003 +9.785089087e+003 +9.697199087e+003 +9.697199087e+003 +3.1256e+000 +5.4039e+000 +1.1588e+000
742 +1.333563477e+003 +1.333563477e+003 +1.245673477e+003 +1.245673477e+003 +2.0593e+000 +3.8078e+000 +1.2883e+000
913 +4.068779180e+002 +4.068779180e+002 +3.189879180e+002 +3.189879180e+002 +3.0232e+000 +4.2229e+000 +1.2468e+000
1194 +3.835019472e+002 +3.835019472e+002 +2.956119472e+002 +2.956119472e+002 +2.8651e+000 +3.9833e+000 +1.2663e+000
1200 +9.688142711e+001 +9.688142711e+001 +8.991427110e+000 +8.991427110e+000 +4.6679e+000 +3.3686e+000 +1.2492e+000
1632 +5.619359903e+001 +5.619359903e+001 -3.169640097e+001 -3.169640097e+001 +2.0880e+000 +3.4910e+000 +1.2546e+000
1935 +2.210407376e+000 +2.210407376e+000 -8.567959262e+001 -8.567959262e+001 -1.9627e-001 +3.6275e+000 +1.2509e+000
2693 +5.068013878e-001 +5.068013878e-001 -8.738319861e+001 -8.738319861e+001 +3.4777e-001 +3.6378e+000 +1.2489e+000
3016 +2.069661173e-001 +2.069661173e-001 -8.768303388e+001 -8.768303388e+001 +6.8550e-001 +3.6456e+000 +1.2494e+000
3719 +1.151678906e-001 +1.151678906e-001 -8.777483211e+001 -8.777483211e+001 +4.5398e-001 +3.6404e+000 +1.2494e+000
3723 +6.730827015e-002 +6.730827015e-002 -8.782269173e+001 -8.782269173e+001 +1.6494e-001 +3.6375e+000 +1.2497e+000
3926 +5.570507646e-002 +5.570507646e-002 -8.783429492e+001 -8.783429492e+001 +3.5792e-001 +3.6510e+000 +1.2495e+000
4007 +3.424008501e-002 +3.424008501e-002 -8.785575991e+001 -8.785575991e+001 +8.7540e-002 +3.6432e+000 +1.2497e+000
4157 +6.374226377e-003 +6.374226377e-003 -8.788362577e+001 -8.788362577e+001 +1.6554e-001 +3.6466e+000 +1.2496e+000
% function evaluation | noise-free fitness - Fopt (3.201900000000e+002) | best noise-free fitness - Fopt | measured fitness | best measured fitness | x1 | x2...
1 +4.283365264e+006 +4.283365264e+006 +4.283685454e+006 +4.283685454e+006 -1.7718e+000 -3.4285e+000 -6.6354e-001
3 +8.193513814e+005 +8.193513814e+005 +8.196715714e+005 +8.196715714e+005 +2.0877e-001 +3.9754e+000 +2.3363e+000
10 +3.844675078e+005 +3.844675078e+005 +3.847876978e+005 +3.847876978e+005 +1.0792e+000 +2.6202e+000 +1.9623e+000
12 +1.235208880e+005 +1.235208880e+005 +1.238410780e+005 +1.238410780e+005 -1.7710e+000 -4.3205e+000 +1.7471e+000
23 +5.660646649e+004 +5.660646649e+004 +5.692665649e+004 +5.692665649e+004 -3.9430e+000 -3.4399e-001 +1.6327e+000
58 +3.352714410e+004 +3.352714410e+004 +3.384733410e+004 +3.384733410e+004 -1.5685e-001 +2.6605e-001 +1.5671e+000
124 +8.475517644e+003 +8.475517644e+003 +8.795707644e+003 +8.795707644e+003 -7.1666e+000 -5.3109e+000 +1.3900e+000
281 +1.214744513e+003 +1.214744513e+003 +1.534934513e+003 +1.534934513e+003 -6.8389e+000 -1.5320e+000 +1.3784e+000
489 +9.229806527e+002 +9.229806527e+002 +1.243170653e+003 +1.243170653e+003 -4.2739e+000 -2.5294e+000 +1.4321e+000
600 +1.456672088e+002 +1.456672088e+002 +4.658572088e+002 +4.658572088e+002 -4.0254e+000 -2.1922e+000 +1.3925e+000
1109 +6.464298260e+001 +6.464298260e+001 +3.848329826e+002 +3.848329826e+002 -3.0162e+000 -2.5571e+000 +1.4072e+000
1389 +5.154848254e+001 +5.154848254e+001 +3.717384825e+002 +3.717384825e+002 -2.7752e+000 -2.4624e+000 +1.3971e+000
1708 +1.409938166e+001 +1.409938166e+001 +3.342893817e+002 +3.342893817e+002 -1.7419e+000 -2.2821e+000 +1.4058e+000
2120 +5.103459091e+000 +5.103459091e+000 +3.252934591e+002 +3.252934591e+002 -2.4740e+000 -2.3317e+000 +1.4033e+000
2241 +3.438830796e+000 +3.438830796e+000 +3.236288308e+002 +3.236288308e+002 +3.2491e-001 -2.3239e+000 +1.4046e+000
2517 +1.937713827e+000 +1.937713827e+000 +3.221277138e+002 +3.221277138e+002 +3.2491e-001 -2.3239e+000 +1.4027e+000
2929 +1.553353430e+000 +1.553353430e+000 +3.217433534e+002 +3.217433534e+002 +6.7403e-001 -2.3497e+000 +1.4032e+000
3031 +5.352318330e-001 +5.352318330e-001 +3.207252318e+002 +3.207252318e+002 -7.4252e-001 -2.3807e+000 +1.4030e+000
3143 +3.927999314e-001 +3.927999314e-001 +3.205827999e+002 +3.205827999e+002 +1.1896e-002 -2.3748e+000 +1.4031e+000
3146 +2.153476412e-001 +2.153476412e-001 +3.204053476e+002 +3.204053476e+002 -4.1432e-001 -2.3748e+000 +1.4031e+000
3571 +8.317306783e-002 +8.317306783e-002 +3.202731731e+002 +3.202731731e+002 -4.9686e-001 -2.3527e+000 +1.4031e+000
3857 +1.962358738e-002 +1.962358738e-002 +3.202096236e+002 +3.202096236e+002 -5.3024e-001 -2.3618e+000 +1.4031e+000
% function evaluation | noise-free fitness - Fopt (-1.042400000000e+002) | best noise-free fitness - Fopt | measured fitness | best measured fitness | x1 | x2...
1 +7.057516350e+006 +7.057516350e+006 +7.057412110e+006 +7.057412110e+006 -2.8676e-001 +1.1353e+000 +3.8351e+000
5 +4.528749632e+006 +4.528749632e+006 +4.528645392e+006 +4.528645392e+006 -4.6364e+000 +2.8958e+000 +3.3915e+000
8 +2.520763564e+006 +2.520763564e+006 +2.520659324e+006 +2.520659324e+006 +2.7766e+000 -2.4729e+000 +3.0355e+000
10 +4.722271925e+005 +4.722271925e+005 +4.721229525e+005 +4.721229525e+005 -1.8930e+000 -2.3917e+000 +5.6536e-001
15 +3.424736008e+005 +3.424736008e+005 +3.423693608e+005 +3.423693608e+005 +4.1995e+000 +1.8734e+000 +1.8449e+000
17 +6.640712136e+004 +6.640712136e+004 +6.630288136e+004 +6.630288136e+004 +9.8588e-002 +4.1025e+000 +1.2914e+000
41 +4.910081657e+004 +4.910081657e+004 +4.899657657e+004 +4.899657657e+004 -4.7235e+000 -1.0514e-001 +1.1348e+000
324 +5.126659073e+003 +5.126659073e+003 +5.022419073e+003 +5.022419073e+003 -4.0801e+000 -6.0352e+000 +1.2876e+000
697 +1.922114418e+003 +1.922114418e+003 +1.817874418e+003 +1.817874418e+003 -2.3465e+000 -3.2607e+000 +1.3535e+000
909 +1.210949197e+003 +1.210949197e+003 +1.106709197e+003 +1.106709197e+003 +2.5630e+000 -2.8827e+000 +1.3212e+000
940 +5.017690846e+002 +5.017690846e+002 +3.975290846e+002 +3.975290846e+002 +9.8588e-002 -3.7884e+000 +1.2914e+000
1026 +3.748120844e+002 +3.748120844e+002 +2.705720844e+002 +2.705720844e+002 -7.7319e-001 -3.5461e+000 +1.2984e+000
1444 +2.049793497e+002 +2.049793497e+002 +1.007393497e+002 +1.007393497e+002 -1.0036e+001 -3.6419e+000 +1.3153e+000
1470 +5.869769198e+001 +5.869769198e+001 -4.554230802e+001 -4.554230802e+001 -2.8312e+000 -3.7328e+000 +1.3102e+000
1701 +2.798507496e+001 +2.798507496e+001 -7.625492504e+001 -7.625492504e+001 +1.7750e+000 -3.7573e+000 +1.3142e+000
1714 +1.349485174e+001 +1.349485174e+001 -9.074514826e+001 -9.074514826e+001 -3.2794e+000 -3.9212e+000 +1.3137e+000
2663 +4.424007150e+000 +4.424007150e+000 -9.981599285e+001 -9.981599285e+001 -1.6963e+000 -3.9174e+000 +1.3139e+000
2773 +2.101106488e+000 +2.101106488e+000 -1.021388935e+002 -1.021388935e+002 -3.2156e-001 -3.9573e+000 +1.3133e+000
2870 +1.039265272e+000 +1.039265272e+000 -1.032007347e+002 -1.032007347e+002 -2.2701e-002 -3.9049e+000 +1.3128e+000
3078 +9.940121929e-001 +9.940121929e-001 -1.032459878e+002 -1.032459878e+002 -1.3198e-001 -3.8998e+000 +1.3131e+000
3133 +5.407028552e-001 +5.407028552e-001 -1.036992971e+002 -1.036992971e+002 +4.4151e-001 -3.9200e+000 +1.3144e+000
3359 +2.407755755e-001 +2.407755755e-001 -1.039992244e+002 -1.039992244e+002 +1.8381e-001 -3.9120e+000 +1.3139e+000
3645 +1.232064845e-001 +1.232064845e-001 -1.041167935e+002 -1.041167935e+002 +1.2568e-001 -3.9216e+000 +1.3138e+000
3697 +6.367049830e-002 +6.367049830e-002 -1.041763295e+002 -1.041763295e+002 +3.9602e-001 -3.9274e+000 +1.3135e+000
3954 +3.933214608e-002 +3.933214608e-002 -1.042006679e+002 -1.042006679e+002 +4.9528e-001 -3.9146e+000 +1.3136e+000
% function evaluation | noise-free fitness - Fopt (-1.000000000000e+003) | best noise-free fitness - Fopt | measured fitness | best measured fitness | x1 | x2...
1 +1.936478913e+006 +1.936478913e+006 +1.935478913e+006 +1.935478913e+006 -2.3895e+000 -3.8141e+000 -2.1632e-001
6 +5.380679469e+005 +5.380679469e+005 +5.370679469e+005 +5.370679469e+005 +3.4491e+000 -4.5427e+000 -7.2007e-001
14 +2.338367424e+005 +2.338367424e+005 +2.328367424e+005 +2.328367424e+005 +4.2306e+000 +1.2060e+000 -1.9712e+000
22 +8.321617279e+004 +8.321617279e+004 +8.221617279e+004 +8.221617279e+004 +1.0375e+000 -9.6240e-001 -1.2483e+000
49 +9.005886366e+003 +9.005886366e+003 +8.005886366e+003 +8.005886366e+003 +1.9959e+000 -6.5479e-001 -1.5368e+000
353 +5.658623015e+003 +5.658623015e+003 +4.658623015e+003 +4.658623015e+003 -1.2095e+000 -2.3297e+000 -1.4555e+000
381 +2.038874429e+003 +2.038874429e+003 +1.038874429e+003 +1.038874429e+003 -5.8422e+000 -2.2316e+000 -1.5229e+000
441 +1.296125259e+003 +1.296125259e+003 +2.961252593e+002 +2.961252593e+002 -3.0245e+000 -2.7495e+000 -1.4957e+000
651 +1.667475559e+002 +1.667475559e+002 -8.332524441e+002 -8.332524441e+002 +7.8854e+000 -3.8856e+000 -1.5226e+000
1394 +1.097273618e+002 +1.097273618e+002 -8.902726382e+002 -8.902726382e+002 -3.0256e+000 -3.9222e+000 -1.5134e+000
1483 +4.800334321e+001 +4.800334321e+001 -9.519966568e+002 -9.519966568e+002 -3.4204e+000 -3.4302e+000 -1.5206e+000
1580 +2.092679087e+001 +2.092679087e+001 -9.790732091e+002 -9.790732091e+002 -4.7366e+000 -3.5271e+000 -1.5176e+000
2208 +1.491589121e+001 +1.491589121e+001 -9.850841088e+002 -9.850841088e+002 -3.8037e+000 -3.7319e+000 -1.5217e+000
2336 +6.417636517e+000 +6.417636517e+000 -9.935823635e+002 -9.935823635e+002 -9.2879e-001 -3.6900e+000 -1.5178e+000
2555 +5.565791162e+000 +5.565791162e+000 -9.944342088e+002 -9.944342088e+002 -8.3785e-001 -3.6941e+000 -1.5186e+000
2572 +1.934414978e+000 +1.934414978e+000 -9.980655850e+002 -9.980655850e+002 -2.0973e+000 -3.6781e+000 -1.5187e+000
2721 +9.829234114e-001 +9.829234114e-001 -9.990170766e+002 -9.990170766e+002 -2.7179e+000 -3.6310e+000 -1.5183e+000
2939 +4.592827976e-001 +4.592827976e-001 -9.995407172e+002 -9.995407172e+002 -2.8436e+000 -3.6463e+000 -1.5197e+000
3210 +2.810886870e-001 +2.810886870e-001 -9.997189113e+002 -9.997189113e+002 -2.8514e+000 -3.6416e+000 -1.5188e+000
3522 +1.406006482e-001 +1.406006482e-001 -9.998593994e+002 -9.998593994e+002 -2.7104e+000 -3.6499e+000 -1.5190e+000
3572 +9.687516574e-002 +9.687516574e-002 -9.999031248e+002 -9.999031248e+002 -2.7179e+000 -3.6369e+000 -1.5194e+000
3998 +5.528077670e-002 +5.528077670e-002 -9.999447192e+002 -9.999447192e+002 -2.7184e+000 -3.6411e+000 -1.5191e+000
4032 +1.632588894e-002 +1.632588894e-002 -9.999836741e+002 -9.999836741e+002 -2.5806e+000 -3.6445e+000 -1.5193e+000
4072 +1.304738233e-002 +1.304738233e-002 -9.999869526e+002 -9.999869526e+002 -2.5711e+000 -3.6409e+000 -1.5193e+000
4183 +9.793243019e-003 +9.793243019e-003 -9.999902068e+002 -9.999902068e+002 -2.4282e+000 -3.6425e+000 -1.5192e+000
% function evaluation | noise-free fitness - Fopt (-3.629000000000e+001) | best noise-free fitness - Fopt | measured fitness | best measured fitness | x1 | x2...
1 +4.720090318e+006 +4.720090318e+006 +4.720054028e+006 +4.720054028e+006 -3.4082e+000 +2.8613e+000 +1.8173e+000
3 +1.475447202e+006 +1.475447202e+006 +1.475410912e+006 +1.475410912e+006 -4.3693e+000 +2.9526e+000 -1.4292e+000
8 +5.999637975e+004 +5.999637975e+004 +5.996008975e+004 +5.996008975e+004 -1.6186e-001 +3.2309e+000 -1.5416e-001
27 +2.869011710e+004 +2.869011710e+004 +2.865382710e+004 +2.865382710e+004 -1.5085e+000 -9.3971e-001 -1.3341e-001
176 +8.660756943e+003 +8.660756943e+003 +8.624466943e+003 +8.624466943e+003 +5.4284e+000 -9.3971e-001 -3.5073e-001
712 +3.327847280e+003 +3.327847280e+003 +3.291557280e+003 +3.291557280e+003 +5.2247e+000 -3.1407e+000 -3.5067e-001
1003 +8.081090125e+002 +8.081090125e+002 +7.718190125e+002 +7.718190125e+002 +1.5582e+001 -2.2923e+000 -2.8554e-001
1104 +4.440099353e+002 +4.440099353e+002 +4.077199353e+002 +4.077199353e+002 +1.1963e+001 -3.5438e+000 -2.7652e-001
1165 +3.383773111e+002 +3.383773111e+002 +3.020873111e+002 +3.020873111e+002 +6.2897e+000 -3.3918e+000 -2.7350e-001
1375 +1.094138968e+002 +1.094138968e+002 +7.312389684e+001 +7.312389684e+001 +9.3956e+000 -3.1997e+000 -2.8279e-001
1562 +6.970478151e+001 +6.970478151e+001 +3.341478151e+001 +3.341478151e+001 -2.3185e+000 -2.9986e+000 -2.8545e-001
1705 +1.915166126e+001 +1.915166126e+001 -1.713833874e+001 -1.713833874e+001 +6.7037e+000 -3.2109e+000 -2.9058e-001
1708 +4.040967209e+000 +4.040967209e+000 -3.224903279e+001 -3.224903279e+001 +2.5811e+000 -3.2109e+000 -2.9058e-001
2843 +1.683791713e+000 +1.683791713e+000 -3.460620829e+001 -3.460620829e+001 +2.6240e+000 -3.1099e+000 -2.9129e-001
3031 +9.286164686e-001 +9.286164686e-001 -3.536138353e+001 -3.536138353e+001 +2.7324e+000 -3.1659e+000 -2.8978e-001
3438 +3.152356372e-001 +3.152356372e-001 -3.597476436e+001 -3.597476436e+001 +2.9103e+000 -3.1303e+000 -2.9003e-001
3616 +1.708458671e-001 +1.708458671e-001 -3.611915413e+001 -3.611915413e+001 +3.0940e+000 -3.1367e+000 -2.9020e-001
3618 +1.582615775e-001 +1.582615775e-001 -3.613173842e+001 -3.613173842e+001 +2.5433e+000 -3.1436e+000 -2.9071e-001
3894 +8.469436518e-002 +8.469436518e-002 -3.620530563e+001 -3.620530563e+001 +2.8880e+000 -3.1367e+000 -2.9020e-001
4002 +1.713940458e-002 +1.713940458e-002 -3.627286060e+001 -3.627286060e+001 +2.7238e+000 -3.1393e+000 -2.9033e-001
% function evaluation | noise-free fitness - Fopt (-4.840000000000e+001) | best noise-free fitness - Fopt | measured fitness | best measured fitness | x1 | x2...
1 +5.358043067e+006 +5.358043067e+006 +5.357994667e+006 +5.357994667e+006 -3.5908e-001 +1.5568e+000 -3.3844e+000
3 +4.275645945e+005 +4.275645945e+005 +4.275161945e+005 +4.275161945e+005 +4.1761e+000 -1.9420e+000 -1.7247e+000
5 +6.551795146e+004 +6.551795146e+004 +6.546955146e+004 +6.546955146e+004 -3.8276e+000 +9.9652e-001 -1.2338e+000
18 +1.578170309e+003 +1.578170309e+003 +1.529770309e+003 +1.529770309e+003 -1.9930e+000 -2.2311e+000 -9.7439e-001
851 +5.182788222e+002 +5.182788222e+002 +4.698788222e+002 +4.698788222e+002 -2.6675e+000 -3.0102e+000 -1.0330e+000
1185 +3.215345916e+001 +3.215345916e+001 -1.624654084e+001 -1.624654084e+001 +3.8800e+000 -2.7821e+000 -1.0118e+000
2088 +6.619703038e+000 +6.619703038e+000 -4.178029696e+001 -4.178029696e+001 -3.4041e-001 -2.9707e+000 -1.0124e+000
2523 +3.959409353e+000 +3.959409353e+000 -4.444059065e+001 -4.444059065e+001 +1.8676e+000 -2.9232e+000 -1.0118e+000
2579 +1.233894723e+000 +1.233894723e+000 -4.716610528e+001 -4.716610528e+001 +1.1777e+000 -2.9438e+000 -1.0110e+000
2817 +1.238972549e-001 +1.238972549e-001 -4.827610275e+001 -4.827610275e+001 +4.0095e-001 -2.9310e+000 -1.0107e+000
3379 +8.695218909e-002 +8.695218909e-002 -4.831304781e+001 -4.831304781e+001 +7.1507e-001 -2.9278e+000 -1.0105e+000
3944 +5.554120761e-002 +5.554120761e-002 -4.834445879e+001 -4.834445879e+001 +6.7322e-001 -2.9272e+000 -1.0104e+000
3948 +3.595572307e-002 +3.595572307e-002 -4.836404428e+001 -4.836404428e+001 +6.1829e-001 -2.9264e+000 -1.0103e+000
% function evaluation | noise-free fitness - Fopt (1.000000000000e+003) | best noise-free fitness - Fopt | measured fitness | best measured fitness | x1 | x2...
1 +8.638596776e+006 +8.638596776e+006 +8.639596776e+006 +8.639596776e+006 +6.7487e-001 +4.7707e+000 +4.6910e+000
4 +5.758491002e+005 +5.758491002e+005 +5.768491002e+005 +5.768491002e+005 -1.0122e+000 -4.8802e+000 +2.5597e+000
7 +1.033722459e+005 +1.033722459e+005 +1.043722459e+005 +1.043722459e+005 +2.1149e-001 +1.3589e+000 +1.4385e+000
33 +5.520619662e+004 +5.520619662e+004 +5.620619662e+004 +5.620619662e+004 +2.1030e+000 -3.3771e+000 +1.4925e+000
41 +9.880505453e+003 +9.880505453e+003 +1.088050545e+004 +1.088050545e+004 -3.3796e+000 -4.7595e+000 +1.6400e+000
309 +3.005718978e+003 +3.005718978e+003 +4.005718978e+003 +4.005718978e+003 -6.8678e+000 -3.5312e+000 +1.7751e+000
659 +1.960439686e+003 +1.960439686e+003 +2.960439686e+003 +2.960439686e+003 -5.0011e+000 -1.7471e+000 +1.7160e+000
884 +1.137712069e+003 +1.137712069e+003 +2.137712069e+003 +2.137712069e+003 -5.4335e+000 -3.5624e+000 +1.7545e+000
894 +9.999104378e+002 +9.999104378e+002 +1.999910438e+003 +1.999910438e+003 -3.8388e+000 -2.6652e+000 +1.7569e+000
914 +1.586936652e+002 +1.586936652e+002 +1.158693665e+003 +1.158693665e+003 -4.9477e+000 -2.8361e+000 +1.7154e+000
1251 +1.013874482e+002 +1.013874482e+002 +1.101387448e+003 +1.101387448e+003 -5.2726e+000 -3.2617e+000 +1.7315e+000
1310 +9.104004880e+001 +9.104004880e+001 +1.091040049e+003 +1.091040049e+003 -5.7506e+000 -3.2168e+000 +1.7333e+000
1393 +4.732635959e+001 +4.732635959e+001 +1.047326360e+003 +1.047326360e+003 -7.6212e+000 -2.8149e+000 +1.7274e+000
1490 +2.866574346e+001 +2.866574346e+001 +1.028665743e+003 +1.028665743e+003 -2.6064e+000 -3.1428e+000 +1.7263e+000
1651 +1.853635685e+001 +1.853635685e+001 +1.018536357e+003 +1.018536357e+003 -2.9034e+000 -2.8582e+000 +1.7256e+000
2120 +2.951394591e+000 +2.951394591e+000 +1.002951395e+003 +1.002951395e+003 -3.0251e+000 -2.9606e+000 +1.7258e+000
2405 +2.322664390e+000 +2.322664390e+000 +1.002322664e+003 +1.002322664e+003 -2.5680e+000 -2.9590e+000 +1.7281e+000
2668 +1.438467106e+000 +1.438467106e+000 +1.001438467e+003 +1.001438467e+003 -3.9257e+000 -2.9759e+000 +1.7261e+000
2932 +8.635249218e-001 +8.635249218e-001 +1.000863525e+003 +1.000863525e+003 -3.8397e+000 -3.0105e+000 +1.7276e+000
3183 +2.170635352e-001 +2.170635352e-001 +1.000217064e+003 +1.000217064e+003 -3.2660e+000 -2.9814e+000 +1.7268e+000
3249 +1.476567648e-001 +1.476567648e-001 +1.000147657e+003 +1.000147657e+003 -3.7172e+000 -2.9918e+000 +1.7274e+000
3490 +1.943511522e-003 +1.943511522e-003 +1.000001944e+003 +1.000001944e+003 -3.4658e+000 -2.9878e+000 +1.7272e+000
% function evaluation | noise-free fitness - Fopt (3.261100000000e+002) | best noise-free fitness - Fopt | measured fitness | best measured fitness | x1 | x2...
1 +8.661815763e+006 +8.661815763e+006 +8.662141873e+006 +8.662141873e+006 +2.2820e+000 -2.2915e+000 -2.7013e-001
3 +3.309763246e+006 +3.309763246e+006 +3.310089356e+006 +3.310089356e+006 -4.9416e-001 +7.9892e-001 +4.6354e+000
4 +5.299264530e+005 +5.299264530e+005 +5.302525630e+005 +5.302525630e+005 +3.7769e+000 +1.0556e+000 +3.5271e+000
26 +2.050855528e+005 +2.050855528e+005 +2.054116628e+005 +2.054116628e+005 -4.2579e+000 -2.9918e+000 +2.3319e+000
32 +1.068587458e+005 +1.068587458e+005 +1.071848558e+005 +1.071848558e+005 -4.4152e+000 +2.3436e+000 +2.4203e+000
57 +1.123119563e+003 +1.123119563e+003 +1.449229563e+003 +1.449229563e+003 -1.7241e+000 +3.4719e+000 +2.7443e+000
1176 +6.547281585e+002 +6.547281585e+002 +9.808381585e+002 +9.808381585e+002 -2.0414e+000 +3.3040e+000 +2.7342e+000
1319 +4.762372855e+002 +4.762372855e+002 +8.023472855e+002 +8.023472855e+002 -1.6612e+000 +3.0495e+000 +2.7342e+000
1451 +1.728475111e+002 +1.728475111e+002 +4.989575111e+002 +4.989575111e+002 -2.8234e+000 +2.8181e+000 +2.7342e+000
1712 +1.141091637e+002 +1.141091637e+002 +4.402191637e+002 +4.402191637e+002 -1.4951e+000 +2.7599e+000 +2.7386e+000
1716 +9.450897278e+001 +9.450897278e+001 +4.206189728e+002 +4.206189728e+002 +2.8023e+000 +2.2827e+000 +2.7452e+000
1947 +2.762735896e+001 +2.762735896e+001 +3.537373590e+002 +3.537373590e+002 +1.1082e+000 +2.3599e+000 +2.7414e+000
2240 +1.820977237e+001 +1.820977237e+001 +3.443197724e+002 +3.443197724e+002 +7.1491e-001 +2.4350e+000 +2.7409e+000
2679 +1.485233370e+001 +1.485233370e+001 +3.409623337e+002 +3.409623337e+002 -1.3932e-001 +2.4423e+000 +2.7427e+000
2916 +4.258671678e+000 +4.258671678e+000 +3.303686717e+002 +3.303686717e+002 -1.6322e+000 +2.4749e+000 +2.7408e+000
3126 +2.230081002e+000 +2.230081002e+000 +3.283400810e+002 +3.283400810e+002 -2.1041e+000 +2.4416e+000 +2.7413e+000
3128 +1.350468056e+000 +1.350468056e+000 +3.274604681e+002 +3.274604681e+002 -2.7624e+000 +2.4633e+000 +2.7415e+000
3327 +6.871579654e-001 +6.871579654e-001 +3.267971580e+002 +3.267971580e+002 -2.7321e+000 +2.4322e+000 +2.7409e+000
3350 +5.744788259e-001 +5.744788259e-001 +3.266844788e+002 +3.266844788e+002 -3.2258e+000 +2.4446e+000 +2.7415e+000
3550 +1.263353674e-001 +1.263353674e-001 +3.262363354e+002 +3.262363354e+002 -3.2968e+000 +2.4425e+000 +2.7411e+000
3577 +1.243352270e-002 +1.243352270e-002 +3.261224335e+002 +3.261224335e+002 -3.5913e+000 +2.4410e+000 +2.7408e+000
% function evaluation | noise-free fitness - Fopt (-4.682000000000e+001) | best noise-free fitness - Fopt | measured fitness | best measured fitness | x1 | x2...
1 +6.996715259e+006 +6.996715259e+006 +6.996668439e+006 +6.996668439e+006 +3.0087e+000 +4.2848e+000 -1.5981e-001
4 +3.858488390e+006 +3.858488390e+006 +3.858441570e+006 +3.858441570e+006 -3.5087e-001 -4.8995e+000 +6.5979e-001
6 +1.367945332e+004 +1.367945332e+004 +1.363263332e+004 +1.363263332e+004 +3.2431e-001 +1.2892e+000 +2.6777e+000
40 +4.735631592e+003 +4.735631592e+003 +4.688811592e+003 +4.688811592e+003 -1.3527e+000 +1.9661e+000 +2.6173e+000
105 +1.162453060e+003 +1.162453060e+003 +1.115633060e+003 +1.115633060e+003 +5.4399e+000 +0.0000e+000 +2.5997e+000
694 +2.748064689e+002 +2.748064689e+002 +2.279864689e+002 +2.279864689e+002 +7.8986e+000 +2.4189e-001 +2.5570e+000
1006 +2.157156718e+002 +2.157156718e+002 +1.688956718e+002 +1.688956718e+002 +2.3779e+000 +4.0382e-001 +2.5838e+000
1036 +1.208740811e+002 +1.208740811e+002 +7.405408114e+001 +7.405408114e+001 +4.3871e+000 +7.0458e-001 +2.5777e+000
1317 +8.527069766e+001 +8.527069766e+001 +3.845069766e+001 +3.845069766e+001 +4.9026e+000 +7.0196e-001 +2.5643e+000
1350 +5.686516124e+001 +5.686516124e+001 +1.004516124e+001 +1.004516124e+001 +4.8513e+000 +5.0170e-001 +2.5626e+000
1880 +3.406950100e+001 +3.406950100e+001 -1.275049900e+001 -1.275049900e+001 +4.2794e-001 +5.5306e-001 +2.5754e+000
1970 +1.861037408e+001 +1.861037408e+001 -2.820962592e+001 -2.820962592e+001 +7.3044e-001 +6.4437e-001 +2.5692e+000
1972 +1.526439735e+001 +1.526439735e+001 -3.155560265e+001 -3.155560265e+001 +4.4951e+000 +5.6359e-001 +2.5684e+000
2257 +8.331844801e+000 +8.331844801e+000 -3.848815520e+001 -3.848815520e+001 +2.6102e+000 +5.4765e-001 +2.5675e+000
2385 +5.508311675e+000 +5.508311675e+000 -4.131168833e+001 -4.131168833e+001 +1.2472e+000 +4.9200e-001 +2.5717e+000
2692 +1.080600862e+000 +1.080600862e+000 -4.573939914e+001 -4.573939914e+001 +1.1451e+000 +5.3769e-001 +2.5693e+000
2732 +9.960961403e-001 +9.960961403e-001 -4.582390386e+001 -4.582390386e+001 +1.4009e+000 +4.7785e-001 +2.5691e+000
3072 +5.788392204e-001 +5.788392204e-001 -4.624116078e+001 -4.624116078e+001 +8.3800e-001 +5.1678e-001 +2.5701e+000
3303 +2.782484911e-001 +2.782484911e-001 -4.654175151e+001 -4.654175151e+001 +1.3807e+000 +4.9646e-001 +2.5700e+000
3437 +1.479475799e-001 +1.479475799e-001 -4.667205242e+001 -4.667205242e+001 +1.4066e+000 +5.0704e-001 +2.5699e+000
3771 +7.739012546e-002 +7.739012546e-002 -4.674260987e+001 -4.674260987e+001 +1.4399e+000 +5.0190e-001 +2.5697e+000
4056 +5.471436808e-002 +5.471436808e-002 -4.676528563e+001 -4.676528563e+001 +1.3953e+000 +5.0650e-001 +2.5696e+000
4246 +3.047608299e-002 +3.047608299e-002 -4.678952392e+001 -4.678952392e+001 +1.2328e+000 +5.0283e-001 +2.5694e+000
% function evaluation | noise-free fitness - Fopt (-5.563000000000e+001) | best noise-free fitness - Fopt | measured fitness | best measured fitness | x1 | x2...
1 +1.429497074e+007 +1.429497074e+007 +1.429491511e+007 +1.429491511e+007 -3.0406e-001 -9.4128e-001 +1.4143e+000
4 +6.486185750e+006 +6.486185750e+006 +6.486130120e+006 +6.486130120e+006 -1.9262e+000 +4.6764e+000 -3.7419e-003
5 +5.933711965e+005 +5.933711965e+005 +5.933155665e+005 +5.933155665e+005 -1.3769e+000 -1.2850e+000 -3.2242e+000
50 +3.618185203e+005 +3.618185203e+005 +3.617628903e+005 +3.617628903e+005 -1.4840e+000 +1.3276e+000 -3.0526e+000
51 +3.149096659e+004 +3.149096659e+004 +3.143533659e+004 +3.143533659e+004 +3.9774e+000 -2.1312e+000 -2.2378e+000
83 +9.385898671e+003 +9.385898671e+003 +9.330268671e+003 +9.330268671e+003 +1.8987e+000 -1.3706e+000 -2.4839e+000
134 +3.566529326e+003 +3.566529326e+003 +3.510899326e+003 +3.510899326e+003 +1.5605e+000 +0.0000e+000 -2.3468e+000
280 +6.770223512e+002 +6.770223512e+002 +6.213923512e+002 +6.213923512e+002 +2.9892e+000 -2.4977e-001 -2.4169e+000
1231 +4.430273613e+002 +4.430273613e+002 +3.873973613e+002 +3.873973613e+002 +2.9640e+000 -2.8809e-001 -2.4040e+000
1232 +3.590799542e+002 +3.590799542e+002 +3.034499542e+002 +3.034499542e+002 +8.3986e-001 -2.0492e-001 -2.4040e+000
1535 +1.904655338e+002 +1.904655338e+002 +1.348355338e+002 +1.348355338e+002 -1.9010e+000 +9.4474e-002 -2.3922e+000
1537 +1.124289166e+002 +1.124289166e+002 +5.679891661e+001 +5.679891661e+001 -3.4371e+000 +1.3294e-001 -2.4011e+000
1560 +9.386607966e+001 +9.386607966e+001 +3.823607966e+001 +3.823607966e+001 +8.0776e+000 +3.0185e-001 -2.4063e+000
1893 +6.015233348e+001 +6.015233348e+001 +4.522333483e+000 +4.522333483e+000 +5.4323e+000 +6.3418e-001 -2.4016e+000
2216 +1.034557574e+001 +1.034557574e+001 -4.528442426e+001 -4.528442426e+001 +1.0811e+000 +3.3109e-001 -2.4016e+000
2310 +5.792353184e+000 +5.792353184e+000 -4.983764682e+001 -4.983764682e+001 +1.8656e+000 +4.7206e-001 -2.3983e+000
2580 +3.518792380e+000 +3.518792380e+000 -5.211120762e+001 -5.211120762e+001 +4.3718e-001 +4.0294e-001 -2.4009e+000
2800 +4.316563072e-001 +4.316563072e-001 -5.519834369e+001 -5.519834369e+001 +1.3975e+000 +4.1763e-001 -2.3996e+000
3432 +7.359820558e-002 +7.359820558e-002 -5.555640179e+001 -5.555640179e+001 +1.8607e+000 +4.1782e-001 -2.4002e+000
3434 +4.018854820e-002 +4.018854820e-002 -5.558981145e+001 -5.558981145e+001 +1.9713e+000 +4.2694e-001 -2.4001e+000
4084 +3.590997945e-002 +3.590997945e-002 -5.559409002e+001 -5.559409002e+001 +1.7244e+000 +4.2233e-001 -2.3999e+000
4181 +1.914855470e-002 +1.914855470e-002 -5.561085145e+001 -5.561085145e+001 +1.9895e+000 +4.2188e-001 -2.4001e+000
% function evaluation | noise-free fitness - Fopt (3.460000000000e+001) | best noise-free fitness - Fopt | measured fitness | best measured fitness | x1 | x2...
1 +2.030305022e+006 +2.030305022e+006 +2.030339622e+006 +2.030339622e+006 +4.6114e+000 +1.7071e+000 -3.2363e-001
9 +1.169900970e+005 +1.169900970e+005 +1.170246970e+005 +1.170246970e+005 -2.2892e+000 +8.1854e-001 -2.1004e+000
27 +8.541488808e+004 +8.541488808e+004 +8.544948808e+004 +8.544948808e+004 +3.3430e+000 -1.8065e+000 -2.0409e+000
29 +5.515681044e+004 +5.515681044e+004 +5.519141044e+004 +5.519141044e+004 +4.9348e-001 +1.8767e+000 -1.5322e+000
51 +3.542318668e+004 +3.542318668e+004 +3.545778668e+004 +3.545778668e+004 -3.9727e+000 +2.7437e+000 -1.5859e+000
138 +2.729394857e+003 +2.729394857e+003 +2.763994857e+003 +2.763994857e+003 -2.3677e+000 +1.6837e+000 -1.7197e+000
560 +1.051608038e+003 +1.051608038e+003 +1.086208038e+003 +1.086208038e+003 -9.9982e-001 +7.5123e-001 -1.7437e+000
802 +6.217313851e+002 +6.217313851e+002 +6.563313851e+002 +6.563313851e+002 +1.7452e+000 +8.1949e-001 -1.7834e+000
954 +7.091767067e+001 +7.091767067e+001 +1.055176707e+002 +1.055176707e+002 +1.4454e+000 +1.6837e+000 -1.7711e+000
1117 +4.798082490e+001 +4.798082490e+001 +8.258082490e+001 +8.258082490e+001 +2.6815e+000 +1.3806e+000 -1.7741e+000
1521 +1.127751183e+001 +1.127751183e+001 +4.587751183e+001 +4.587751183e+001 +1.4866e+000 +1.5222e+000 -1.7649e+000
2013 +3.847479547e+000 +3.847479547e+000 +3.844747955e+001 +3.844747955e+001 +2.2300e+000 +1.3911e+000 -1.7673e+000
2864 +2.083864477e+000 +2.083864477e+000 +3.668386448e+001 +3.668386448e+001 +1.8669e+000 +1.4185e+000 -1.7671e+000
2920 +1.222300910e+000 +1.222300910e+000 +3.582230091e+001 +3.582230091e+001 +1.5735e+000 +1.4737e+000 -1.7673e+000
3190 +9.314887431e-001 +9.314887431e-001 +3.553148874e+001 +3.553148874e+001 +2.1835e+000 +1.4469e+000 -1.7681e+000
3236 +5.749515475e-001 +5.749515475e-001 +3.517495155e+001 +3.517495155e+001 +1.8375e+000 +1.4618e+000 -1.7669e+000
3663 +1.325421775e-001 +1.325421775e-001 +3.473254218e+001 +3.473254218e+001 +2.3450e+000 +1.4645e+000 -1.7674e+000
3665 +4.719301259e-002 +4.719301259e-002 +3.464719301e+001 +3.464719301e+001 +2.6705e+000 +1.4581e+000 -1.7670e+000
4001 +3.030669559e-002 +3.030669559e-002 +3.463030670e+001 +3.463030670e+001 +2.5787e+000 +1.4625e+000 -1.7672e+000
% function evaluation | noise-free fitness - Fopt (8.816000000000e+001) | best noise-free fitness - Fopt | measured fitness | best measured fitness | x1 | x2...
1 +4.543698678e+006 +4.543698678e+006 +4.543786838e+006 +4.543786838e+006 +2.8126e+000 -2.3501e-001 +2.8642e+000
5 +3.264318266e+006 +3.264318266e+006 +3.264406426e+006 +3.264406426e+006 -4.0650e+000 -3.5239e+000 +2.6574e+000
8 +2.451338515e+006 +2.451338515e+006 +2.451426675e+006 +2.451426675e+006 +1.1487e+000 +3.3915e+000 +2.4804e+000
19 +6.855324829e+005 +6.855324829e+005 +6.856206429e+005 +6.856206429e+005 -2.1387e+000 +4.6392e+000 -9.3779e-002
43 +1.625704264e+005 +1.625704264e+005 +1.626585864e+005 +1.626585864e+005 +9.2887e-001 -4.9853e+000 +4.8898e-001
54 +6.077843859e+004 +6.077843859e+004 +6.086659859e+004 +6.086659859e+004 +3.5122e-001 -3.4928e+000 +8.8344e-001
64 +3.608308699e+004 +3.608308699e+004 +3.617124699e+004 +3.617124699e+004 +2.3142e+000 +3.8516e+000 +5.9629e-001
258 +2.059026374e+004 +2.059026374e+004 +2.067842374e+004 +2.067842374e+004 +5.3178e+000 +1.4451e+000 +9.0347e-001
341 +8.024462912e+003 +8.024462912e+003 +8.112622912e+003 +8.112622912e+003 -1.1660e+000 +3.8191e+000 +6.8413e-001
343 +4.889157048e+003 +4.889157048e+003 +4.977317048e+003 +4.977317048e+003 +8.1450e-001 +4.3286e+000 +8.5356e-001
570 +1.517773859e+003 +1.517773859e+003 +1.605933859e+003 +1.605933859e+003 +1.4505e+001 +3.3862e+000 +7.4806e-001
847 +7.032623253e+002 +7.032623253e+002 +7.914223253e+002 +7.914223253e+002 +3.5122e-001 +3.2641e+000 +7.9959e-001
956 +2.696827730e+002 +2.696827730e+002 +3.578427730e+002 +3.578427730e+002 +6.7210e+000 +4.2574e+000 +7.7078e-001
1140 +9.979873224e+001 +9.979873224e+001 +1.879587322e+002 +1.879587322e+002 +9.7904e+000 +3.8211e+000 +7.8179e-001
1760 +1.978596506e+001 +1.978596506e+001 +1.079459651e+002 +1.079459651e+002 -1.5183e+000 +3.7132e+000 +7.7874e-001
2210 +1.213819061e+001 +1.213819061e+001 +1.002981906e+002 +1.002981906e+002 -3.4424e+000 +3.8074e+000 +7.7759e-001
2584 +5.496759852e+000 +5.496759852e+000 +9.365675985e+001 +9.365675985e+001 -2.3701e+000 +3.8740e+000 +7.7821e-001
2734 +3.213443351e+000 +3.213443351e+000 +9.137344335e+001 +9.137344335e+001 -6.6471e-001 +3.8854e+000 +7.8033e-001
2924 +2.128379114e+000 +2.128379114e+000 +9.028837911e+001 +9.028837911e+001 +1.2887e-001 +3.8415e+000 +7.7791e-001
3150 +3.944571796e-001 +3.944571796e-001 +8.855445718e+001 +8.855445718e+001 -1.2868e-002 +3.8428e+000 +7.7956e-001
3580 +1.863917106e-001 +1.863917106e-001 +8.834639171e+001 +8.834639171e+001 -2.7887e-001 +3.8326e+000 +7.7902e-001
3749 +6.639636281e-002 +6.639636281e-002 +8.822639636e+001 +8.822639636e+001 -2.8324e-001 +3.8442e+000 +7.7931e-001
4052 +1.371587473e-002 +1.371587473e-002 +8.817371587e+001 +8.817371587e+001 -5.5314e-001 +3.8464e+000 +7.7926e-001
% function evaluation | noise-free fitness - Fopt (-1.866200000000e+002) | best noise-free fitness - Fopt | measured fitness | best measured fitness | x1 | x2...
1 +8.710965588e+005 +8.710965588e+005 +8.709099388e+005 +8.709099388e+005 -2.7488e+000 +2.0718e+000 +3.1125e+000
3 +2.360587775e+005 +2.360587775e+005 +2.358721575e+005 +2.358721575e+005 -1.7231e+000 +1.8501e+000 +1.6981e+000
14 +4.544006882e+004 +4.544006882e+004 +4.525344882e+004 +4.525344882e+004 +2.1571e+000 -1.4581e+000 +1.9507e+000
33 +7.168786479e+003 +7.168786479e+003 +6.982166479e+003 +6.982166479e+003 +3.1243e-001 -4.6619e+000 +2.2087e+000
61 +1.033066351e+003 +1.033066351e+003 +8.464463511e+002 +8.464463511e+002 -4.0040e+000 -2.0098e+000 +2.1336e+000
581 +9.614079786e+002 +9.614079786e+002 +7.747879786e+002 +7.747879786e+002 -4.1506e+000 -2.5124e+000 +2.1846e+000
961 +5.558258527e+002 +5.558258527e+002 +3.692058527e+002 +3.692058527e+002 +3.6138e+000 -2.3086e+000 +2.1366e+000
1027 +3.299301244e+002 +3.299301244e+002 +1.433101244e+002 +1.433101244e+002 +6.4291e+000 -2.6802e+000 +2.1743e+000
1451 +2.100934246e+002 +2.100934246e+002 +2.347342456e+001 +2.347342456e+001 +7.5343e+000 -2.9253e+000 +2.1681e+000
1712 +1.151093877e+002 +1.151093877e+002 -7.151061231e+001 -7.151061231e+001 +9.4985e+000 -2.9477e+000 +2.1598e+000
1830 +7.785870511e+001 +7.785870511e+001 -1.087612949e+002 -1.087612949e+002 +7.7550e+000 -2.7290e+000 +2.1489e+000
1837 +3.875538717e+001 +3.875538717e+001 -1.478646128e+002 -1.478646128e+002 +6.8252e+000 -2.8724e+000 +2.1570e+000
1852 +1.105407042e+001 +1.105407042e+001 -1.755659296e+002 -1.755659296e+002 -9.0447e-001 -2.7297e+000 +2.1576e+000
2467 +9.060161602e+000 +9.060161602e+000 -1.775598384e+002 -1.775598384e+002 +1.8859e+000 -2.7108e+000 +2.1532e+000
2690 +1.595718639e+000 +1.595718639e+000 -1.850242814e+002 -1.850242814e+002 +1.3275e+000 -2.7211e+000 +2.1565e+000
2711 +1.083565812e-001 +1.083565812e-001 -1.865116434e+002 -1.865116434e+002 +2.1138e+000 -2.7421e+000 +2.1559e+000
3537 +8.069267292e-002 +8.069267292e-002 -1.865393073e+002 -1.865393073e+002 +2.0878e+000 -2.7590e+000 +2.1558e+000
3817 +6.188823394e-002 +6.188823394e-002 -1.865581118e+002 -1.865581118e+002 +1.9209e+000 -2.7582e+000 +2.1559e+000
3820 +3.702988820e-002 +3.702988820e-002 -1.865829701e+002 -1.865829701e+002 +2.0878e+000 -2.7569e+000 +2.1559e+000
3882 +9.384970953e-003 +9.384970953e-003 -1.866106150e+002 -1.866106150e+002 +2.0159e+000 -2.7489e+000 +2.1560e+000
4133 +4.965052511e-003 +4.965052511e-003 -1.866150349e+002 -1.866150349e+002 +2.0713e+000 -2.7501e+000 +2.1560e+000
