% function evaluation | noise-free fitness - Fopt (7.135000000000e+001) | best noise-free fitness - Fopt | measured fitness | best measured fitness | x1 | x2...
1 +7.350811198e+001 +7.350811198e+001 +1.448581120e+002 +1.448581120e+002 +3.2690e-001 +3.5084e+000
4 +1.501277251e+001 +1.501277251e+001 +8.636277251e+001 +8.636277251e+001 +2.4558e+000 +1.9107e+000
7 +4.497537988e+000 +4.497537988e+000 +7.584753799e+001 +7.584753799e+001 +1.2557e+000 -3.1273e+000
79 +1.051122052e+000 +1.051122052e+000 +7.240112205e+001 +7.240112205e+001 +2.3230e+000 -5.1515e+000
516 +9.699797345e-001 +9.699797345e-001 +7.231997973e+001 +7.231997973e+001 +2.2676e+000 -5.1515e+000
529 +1.652256698e-001 +1.652256698e-001 +7.151522567e+001 +7.151522567e+001 +1.3038e+000 +1.8320e+000
783 +1.263416857e-002 +1.263416857e-002 +7.136263417e+001 +7.136263417e+001 +1.2666e+000 +2.9700e+000
1987 +5.739549796e-003 +5.739549796e-003 +7.135573955e+001 +7.135573955e+001 +1.2757e+000 +2.9739e+000
2081 +1.095770849e-003 +1.095770849e-003 +7.135109577e+001 +7.135109577e+001 +1.2890e+000 +2.9711e+000
2493 +1.191953038e-004 +1.191953038e-004 +7.135011920e+001 +7.135011920e+001 +1.2868e+000 +2.9716e+000
2758 +5.601053826e-005 +5.601053826e-005 +7.135005601e+001 +7.135005601e+001 +1.2846e+000 +2.9722e+000
3851 +2.520441264e-005 +2.520441264e-005 +7.135002520e+001 +7.135002520e+001 +1.2867e+000 +2.9720e+000
4219 +1.392036451e-005 +1.392036451e-005 +7.135001392e+001 +7.135001392e+001 +1.2870e+000 +2.9720e+000
4586 +5.789163012e-006 +5.789163012e-006 +7.135000579e+001 +7.135000579e+001 +1.2865e+000 +2.9723e+000
4612 +9.008332569e-007 +9.008332569e-007 +7.135000090e+001 +7.135000090e+001 +1.2870e+000 +2.9723e+000
5068 +5.946602641e-007 +5.946602641e-007 +7.135000059e+001 +7.135000059e+001 +1.2871e+000 +2.9722e+000
5162 +1.590667011e-007 +1.590667011e-007 +7.135000016e+001 +7.135000016e+001 +1.2870e+000 +2.9722e+000
5440 +1.995748278e-008 +1.995748278e-008 +7.135000002e+001 +7.135000002e+001 +1.2870e+000 +2.9722e+000
5540 +2.210484240e-009 +2.210484240e-009 +7.135000000e+001 +7.135000000e+001 +1.2870e+000 +2.9722e+000
% function evaluation | noise-free fitness - Fopt (-3.552200000000e+002) | best noise-free fitness - Fopt | measured fitness | best measured fitness | x1 | x2...
1 +6.196275139e+001 +6.196275139e+001 -2.932572486e+002 -2.932572486e+002 -3.6780e+000 -2.1342e+000
8 +2.436814812e+000 +2.436814812e+000 -3.527831852e+002 -3.527831852e+002 -2.8607e+000 +3.1223e+000
78 +1.052303349e+000 +1.052303349e+000 -3.541676967e+002 -3.541676967e+002 -5.2025e-001 +2.8446e+000
429 +7.272122271e-001 +7.272122271e-001 -3.544927878e+002 -3.544927878e+002 -3.0734e+000 +2.9674e+000
629 +1.341077137e-003 +1.341077137e-003 -3.552186589e+002 -3.552186589e+002 -2.6542e+000 +3.1372e+000
2193 +7.879618419e-004 +7.879618419e-004 -3.552192120e+002 -3.552192120e+002 -2.6386e+000 +3.1409e+000
2261 +9.136966406e-005 +9.136966406e-005 -3.552199086e+002 -3.552199086e+002 -2.6396e+000 +3.1420e+000
3254 +5.883151914e-005 +5.883151914e-005 -3.552199412e+002 -3.552199412e+002 -2.6440e+000 +3.1402e+000
3389 +2.162346789e-006 +2.162346789e-006 -3.552199978e+002 -3.552199978e+002 -2.6427e+000 +3.1409e+000
4019 +1.292222237e-006 +1.292222237e-006 -3.552199987e+002 -3.552199987e+002 -2.6420e+000 +3.1411e+000
4134 +3.861600817e-009 +3.861600817e-009 -3.552200000e+002 -3.552200000e+002 -2.6425e+000 +3.1410e+000
% function evaluation | noise-free fitness - Fopt (9.917000000000e+001) | best noise-free fitness - Fopt | measured fitness | best measured fitness | x1 | x2...
1 +3.678552580e+001 +3.678552580e+001 +1.359555258e+002 +1.359555258e+002 +9.3373e-001 -4.4612e+000
4 +9.918755510e+000 +9.918755510e+000 +1.090887555e+002 +1.090887555e+002 -2.2273e+000 +2.5697e+000
36 +5.892202697e+000 +5.892202697e+000 +1.050622027e+002 +1.050622027e+002 -4.5825e+000 -2.1303e+000
53 +1.742197207e+000 +1.742197207e+000 +1.009121972e+002 +1.009121972e+002 +1.1358e+000 -4.9467e+000
109 +1.542264686e+000 +1.542264686e+000 +1.007122647e+002 +1.007122647e+002 -4.5825e+000 +3.8224e+000
1038 +9.693938343e-001 +9.693938343e-001 +1.001393938e+002 +1.001393938e+002 -4.2625e+000 +3.3566e+000
1164 +2.503622997e-001 +2.503622997e-001 +9.942036230e+001 +9.942036230e+001 -3.0407e+000 +3.0322e+000
2078 +6.210580009e-003 +6.210580009e-003 +9.917621058e+001 +9.917621058e+001 -2.9396e+000 +2.9135e+000
2779 +1.710185047e-003 +1.710185047e-003 +9.917171019e+001 +9.917171019e+001 -2.9497e+000 +2.9192e+000
2856 +2.773647539e-004 +2.773647539e-004 +9.917027736e+001 +9.917027736e+001 -2.9478e+000 +2.9197e+000
3466 +1.904959195e-004 +1.904959195e-004 +9.917019050e+001 +9.917019050e+001 -2.9444e+000 +2.9158e+000
3540 +1.419051628e-004 +1.419051628e-004 +9.917014191e+001 +9.917014191e+001 -2.9448e+000 +2.9161e+000
3559 +5.339928879e-005 +5.339928879e-005 +9.917005340e+001 +9.917005340e+001 -2.9431e+000 +2.9136e+000
3753 +3.601303999e-005 +3.601303999e-005 +9.917003601e+001 +9.917003601e+001 -2.9426e+000 +2.9128e+000
4469 +5.984335701e-006 +5.984335701e-006 +9.917000598e+001 +9.917000598e+001 -2.9438e+000 +2.9143e+000
4882 +3.639783586e-006 +3.639783586e-006 +9.917000364e+001 +9.917000364e+001 -2.9443e+000 +2.9151e+000
5060 +2.218817258e-006 +2.218817258e-006 +9.917000222e+001 +9.917000222e+001 -2.9437e+000 +2.9143e+000
5386 +1.509943957e-007 +1.509943957e-007 +9.917000015e+001 +9.917000015e+001 -2.9438e+000 +2.9143e+000
5666 +2.527700360e-008 +2.527700360e-008 +9.917000003e+001 +9.917000003e+001 -2.9439e+000 +2.9144e+000
6036 +1.344369593e-008 +1.344369593e-008 +9.917000001e+001 +9.917000001e+001 -2.9439e+000 +2.9144e+000
6062 +7.443617278e-009 +7.443617278e-009 +9.917000001e+001 +9.917000001e+001 -2.9439e+000 +2.9145e+000
6107 +5.160231353e-009 +5.160231353e-009 +9.917000001e+001 +9.917000001e+001 -2.9439e+000 +2.9145e+000
6125 +2.532686949e-009 +2.532686949e-009 +9.917000000e+001 +9.917000000e+001 -2.9439e+000 +2.9145e+000
% function evaluation | noise-free fitness - Fopt (-5.179100000000e+002) | best noise-free fitness - Fopt | measured fitness | best measured fitness | x1 | x2...
1 +1.466866990e+002 +1.466866990e+002 -3.712233010e+002 -3.712233010e+002 -3.9185e+000 +3.1737e+000
4 +1.010497483e+001 +1.010497483e+001 -5.078050252e+002 -5.078050252e+002 +6.8838e-001 -7.3210e-001
36 +1.714331994e+000 +1.714331994e+000 -5.161956680e+002 -5.161956680e+002 +3.8951e-001 +3.5040e+000
386 +8.152874825e-001 +8.152874825e-001 -5.170947125e+002 -5.170947125e+002 +1.4742e-001 +3.4374e+000
784 +5.302536053e-001 +5.302536053e-001 -5.173797464e+002 -5.173797464e+002 +7.8960e-001 +3.7791e+000
1120 +2.554262274e-001 +2.554262274e-001 -5.176545738e+002 -5.176545738e+002 +7.6650e-001 +3.7451e+000
1341 +1.988053640e-001 +1.988053640e-001 -5.177111946e+002 -5.177111946e+002 +4.5898e+000 -3.5019e+000
1827 +1.066692424e-001 +1.066692424e-001 -5.178033308e+002 -5.178033308e+002 +4.5006e+000 -3.5581e+000
2250 +4.486549193e-002 +4.486549193e-002 -5.178651345e+002 -5.178651345e+002 +4.4154e+000 -3.5951e+000
2620 +2.294813992e-002 +2.294813992e-002 -5.178870519e+002 -5.178870519e+002 +6.5801e-001 +3.6489e+000
3882 +3.533759877e-003 +3.533759877e-003 -5.179064662e+002 -5.179064662e+002 +6.4265e-001 +3.6354e+000
4427 +1.056696638e-003 +1.056696638e-003 -5.179089433e+002 -5.179089433e+002 +6.2535e-001 +3.6210e+000
4453 +5.841108724e-004 +5.841108724e-004 -5.179094159e+002 -5.179094159e+002 +6.2449e-001 +3.6218e+000
4490 +1.898443322e-004 +1.898443322e-004 -5.179098102e+002 -5.179098102e+002 +6.3194e-001 +3.6259e+000
4830 +1.198310580e-004 +1.198310580e-004 -5.179098802e+002 -5.179098802e+002 +6.3501e-001 +3.6286e+000
4973 +5.676968499e-006 +5.676968499e-006 -5.179099943e+002 -5.179099943e+002 +6.2987e-001 +3.6249e+000
5840 +1.244110308e-006 +1.244110308e-006 -5.179099988e+002 -5.179099988e+002 +6.3034e-001 +3.6253e+000
6157 +1.761861768e-007 +1.761861768e-007 -5.179099998e+002 -5.179099998e+002 +6.3052e-001 +3.6253e+000
6538 +5.578442597e-008 +5.578442597e-008 -5.179099999e+002 -5.179099999e+002 +6.3053e-001 +3.6253e+000
6767 +3.718469088e-008 +3.718469088e-008 -5.179100000e+002 -5.179100000e+002 +6.3049e-001 +3.6253e+000
6801 +1.104933745e-008 +1.104933745e-008 -5.179100000e+002 -5.179100000e+002 +6.3049e-001 +3.6253e+000
6856 +5.041897566e-009 +5.041897566e-009 -5.179100000e+002 -5.179100000e+002 +6.3047e-001 +3.6253e+000
% function evaluation | noise-free fitness - Fopt (-5.721000000000e+001) | best noise-free fitness - Fopt | measured fitness | best measured fitness | x1 | x2...
1 +1.084458743e+002 +1.084458743e+002 +5.123587430e+001 +5.123587430e+001 -4.2623e+000 -2.1852e+000
3 +8.824519833e+001 +8.824519833e+001 +3.103519833e+001 +3.103519833e+001 +4.7542e+000 -2.2135e-001
5 +2.057124789e+001 +2.057124789e+001 -3.663875211e+001 -3.663875211e+001 -4.8811e+000 -2.3129e+000
9 +1.331518443e+001 +1.331518443e+001 -4.389481557e+001 -4.389481557e+001 -2.6376e+000 -3.4189e+000
41 +5.107588495e+000 +5.107588495e+000 -5.210241150e+001 -5.210241150e+001 -3.3699e+000 -4.1069e+000
46 +7.689392637e-001 +7.689392637e-001 -5.644106074e+001 -5.644106074e+001 -4.5807e+000 +3.5504e+000
505 +6.237624265e-002 +6.237624265e-002 -5.714762376e+001 -5.714762376e+001 +4.0673e+000 +4.4504e+000
2163 +3.593219584e-002 +3.593219584e-002 -5.717406780e+001 -5.717406780e+001 +4.0716e+000 +4.4522e+000
2267 +7.416442338e-003 +7.416442338e-003 -5.720258356e+001 -5.720258356e+001 +4.0717e+000 +4.4350e+000
2460 +4.318355432e-003 +4.318355432e-003 -5.720568164e+001 -5.720568164e+001 +4.0723e+000 +4.4265e+000
2553 +3.153663413e-003 +3.153663413e-003 -5.720684634e+001 -5.720684634e+001 +4.0871e+000 +4.4103e+000
3173 +1.481984600e-003 +1.481984600e-003 -5.720851802e+001 -5.720851802e+001 +4.0791e+000 +4.4166e+000
3196 +1.517566843e-004 +1.517566843e-004 -5.720984824e+001 -5.720984824e+001 +4.0814e+000 +4.4156e+000
3333 +9.802360465e-005 +9.802360465e-005 -5.720990198e+001 -5.720990198e+001 +4.0823e+000 +4.4149e+000
3873 +1.268304981e-005 +1.268304981e-005 -5.720998732e+001 -5.720998732e+001 +4.0801e+000 +4.4181e+000
4071 +4.375265114e-006 +4.375265114e-006 -5.720999562e+001 -5.720999562e+001 +4.0801e+000 +4.4179e+000
4461 +2.485570917e-006 +2.485570917e-006 -5.720999751e+001 -5.720999751e+001 +4.0800e+000 +4.4181e+000
4505 +7.112967708e-007 +7.112967708e-007 -5.720999929e+001 -5.720999929e+001 +4.0803e+000 +4.4176e+000
4554 +5.571440411e-007 +5.571440411e-007 -5.720999944e+001 -5.720999944e+001 +4.0802e+000 +4.4178e+000
4747 +3.315431485e-007 +3.315431485e-007 -5.720999967e+001 -5.720999967e+001 +4.0803e+000 +4.4177e+000
5130 +1.212160399e-007 +1.212160399e-007 -5.720999988e+001 -5.720999988e+001 +4.0802e+000 +4.4178e+000
5132 +9.966144887e-008 +9.966144887e-008 -5.720999990e+001 -5.720999990e+001 +4.0802e+000 +4.4178e+000
5314 +5.422010219e-008 +5.422010219e-008 -5.720999995e+001 -5.720999995e+001 +4.0802e+000 +4.4177e+000
5316 +4.329130832e-009 +4.329130832e-009 -5.721000000e+001 -5.721000000e+001 +4.0802e+000 +4.4178e+000
% function evaluation | noise-free fitness - Fopt (6.770000000000e+000) | best noise-free fitness - Fopt | measured fitness | best measured fitness | x1 | x2...
1 +1.025133215e+002 +1.025133215e+002 +1.092833215e+002 +1.092833215e+002 -5.5138e-001 +2.3638e+000
3 +2.810217277e+001 +2.810217277e+001 +3.487217277e+001 +3.487217277e+001 -6.4237e-001 -2.6140e+000
13 +2.123016001e+001 +2.123016001e+001 +2.800016001e+001 +2.800016001e+001 -8.4804e-001 -1.8138e+000
25 +7.931873770e+000 +7.931873770e+000 +1.470187377e+001 +1.470187377e+001 -1.3992e+000 -3.5949e+000
45 +7.038600165e-001 +7.038600165e-001 +7.473860017e+000 +7.473860017e+000 -7.5815e-001 -1.9345e+000
293 +1.381229847e-001 +1.381229847e-001 +6.908122985e+000 +6.908122985e+000 -2.8499e-001 -2.9426e+000
1396 +8.961229235e-002 +8.961229235e-002 +6.859612292e+000 +6.859612292e+000 -4.7083e-001 -3.0259e+000
1539 +4.258271175e-002 +4.258271175e-002 +6.812582712e+000 +6.812582712e+000 -2.7715e+000 +2.4402e-001
1666 +9.736108346e-003 +9.736108346e-003 +6.779736108e+000 +6.779736108e+000 -4.1643e-001 -2.9989e+000
2904 +4.826976376e-003 +4.826976376e-003 +6.774826976e+000 +6.774826976e+000 -3.8782e-001 -2.9880e+000
3128 +1.657316037e-003 +1.657316037e-003 +6.771657316e+000 +6.771657316e+000 -3.8512e-001 -2.9850e+000
3183 +5.626392419e-004 +5.626392419e-004 +6.770562639e+000 +6.770562639e+000 -3.6555e-001 -2.9769e+000
3223 +3.714003803e-004 +3.714003803e-004 +6.770371400e+000 +6.770371400e+000 -3.7976e-001 -2.9829e+000
3320 +7.960735950e-006 +7.960735950e-006 +6.770007961e+000 +6.770007961e+000 -3.7633e-001 -2.9816e+000
4175 +5.089182626e-006 +5.089182626e-006 +6.770005089e+000 +6.770005089e+000 -3.7487e-001 -2.9809e+000
4256 +2.690589442e-006 +2.690589442e-006 +6.770002691e+000 +6.770002691e+000 -3.7492e-001 -2.9810e+000
4625 +3.196974161e-007 +3.196974161e-007 +6.770000320e+000 +6.770000320e+000 -3.7492e-001 -2.9810e+000
4712 +3.548718475e-008 +3.548718475e-008 +6.770000035e+000 +6.770000035e+000 -3.7493e-001 -2.9810e+000
5175 +4.286615507e-011 +4.286615507e-011 +6.770000000e+000 +6.770000000e+000 -3.7500e-001 -2.9810e+000
% function evaluation | noise-free fitness - Fopt (-1.078000000000e+001) | best noise-free fitness - Fopt | measured fitness | best measured fitness | x1 | x2...
1 +2.137673437e+001 +2.137673437e+001 +1.059673437e+001 +1.059673437e+001 +1.8388e+000 -1.1069e+000
11 +5.046809873e+000 +5.046809873e+000 -5.733190127e+000 -5.733190127e+000 -7.5873e-001 +4.5504e+000
24 +1.196339995e+000 +1.196339995e+000 -9.583660005e+000 -9.583660005e+000 +2.3573e+000 +1.6685e+000
328 +1.314408118e-001 +1.314408118e-001 -1.064855919e+001 -1.064855919e+001 +2.7884e+000 -1.7907e+000
1505 +3.781964894e-002 +3.781964894e-002 -1.074218035e+001 -1.074218035e+001 +2.6824e+000 -1.8279e+000
1754 +5.716865243e-003 +5.716865243e-003 -1.077428313e+001 -1.077428313e+001 +2.6646e+000 -1.8360e+000
2141 +1.824182160e-003 +1.824182160e-003 -1.077817582e+001 -1.077817582e+001 +2.6561e+000 -1.8389e+000
2521 +2.239236514e-004 +2.239236514e-004 -1.077977608e+001 -1.077977608e+001 +2.6597e+000 -1.8390e+000
2846 +1.414690032e-004 +1.414690032e-004 -1.077985853e+001 -1.077985853e+001 +2.6636e+000 -1.8379e+000
3469 +3.169381352e-005 +3.169381352e-005 -1.077996831e+001 -1.077996831e+001 +2.6624e+000 -1.8378e+000
3728 +4.737009737e-006 +4.737009737e-006 -1.077999526e+001 -1.077999526e+001 +2.6626e+000 -1.8378e+000
3896 +1.067775379e-008 +1.067775379e-008 -1.077999999e+001 -1.077999999e+001 +2.6629e+000 -1.8378e+000
4445 +9.486589292e-009 +9.486589292e-009 -1.077999999e+001 -1.077999999e+001 +2.6629e+000 -1.8378e+000
% function evaluation | noise-free fitness - Fopt (-1.645900000000e+002) | best noise-free fitness - Fopt | measured fitness | best measured fitness | x1 | x2...
1 +2.409365818e+002 +2.409365818e+002 +7.634658179e+001 +7.634658179e+001 -2.8992e-001 -2.5070e+000
3 +8.933238010e+001 +8.933238010e+001 -7.525761990e+001 -7.525761990e+001 +4.4208e+000 -4.8757e+000
4 +5.920712930e+001 +5.920712930e+001 -1.053828707e+002 -1.053828707e+002 -3.8851e-001 -1.0357e+000
11 +3.182513394e+001 +3.182513394e+001 -1.327648661e+002 -1.327648661e+002 +2.5134e+000 +3.9952e+000
14 +2.040229999e+001 +2.040229999e+001 -1.441877000e+002 -1.441877000e+002 +4.9534e+000 -3.2826e+000
35 +3.192536802e+000 +3.192536802e+000 -1.613974632e+002 -1.613974632e+002 -1.7120e+000 +3.7390e+000
335 +7.109578828e-001 +7.109578828e-001 -1.638790421e+002 -1.638790421e+002 -4.5752e+000 +2.0257e+000
1159 +1.671865752e-002 +1.671865752e-002 -1.645732813e+002 -1.645732813e+002 -4.6153e+000 +2.0037e+000
2207 +7.610466030e-004 +7.610466030e-004 -1.645892390e+002 -1.645892390e+002 -4.6478e+000 +1.9973e+000
2693 +6.078161266e-004 +6.078161266e-004 -1.645893922e+002 -1.645893922e+002 -4.6455e+000 +1.9990e+000
3300 +1.397691554e-004 +1.397691554e-004 -1.645898602e+002 -1.645898602e+002 -4.6431e+000 +1.9990e+000
3320 +3.155086523e-005 +3.155086523e-005 -1.645899684e+002 -1.645899684e+002 -4.6460e+000 +1.9985e+000
3516 +8.198310582e-006 +8.198310582e-006 -1.645899918e+002 -1.645899918e+002 -4.6442e+000 +1.9988e+000
3787 +8.514886645e-007 +8.514886645e-007 -1.645899991e+002 -1.645899991e+002 -4.6448e+000 +1.9986e+000
4163 +5.867863138e-007 +5.867863138e-007 -1.645899994e+002 -1.645899994e+002 -4.6449e+000 +1.9986e+000
4517 +2.208991816e-007 +2.208991816e-007 -1.645899998e+002 -1.645899998e+002 -4.6448e+000 +1.9986e+000
4625 +1.814257189e-008 +1.814257189e-008 -1.645900000e+002 -1.645900000e+002 -4.6450e+000 +1.9986e+000
4721 +9.825214420e-009 +9.825214420e-009 -1.645900000e+002 -1.645900000e+002 -4.6450e+000 +1.9986e+000
% function evaluation | noise-free fitness - Fopt (-1.429800000000e+002) | best noise-free fitness - Fopt | measured fitness | best measured fitness | x1 | x2...
1 +1.196000977e+001 +1.196000977e+001 -1.310199902e+002 -1.310199902e+002 -3.7731e+000 +4.3944e+000
11 +3.210283835e+000 +3.210283835e+000 -1.397697162e+002 -1.397697162e+002 -1.6795e+000 +1.2016e+000
94 +2.503886953e+000 +2.503886953e+000 -1.404761130e+002 -1.404761130e+002 -2.1005e+000 +8.7665e-002
225 +1.524024436e+000 +1.524024436e+000 -1.414559756e+002 -1.414559756e+002 -1.9356e+000 +3.5095e-001
642 +5.688409620e-001 +5.688409620e-001 -1.424111590e+002 -1.424111590e+002 -3.5622e+000 -1.4649e+000
1031 +3.928692497e-001 +3.928692497e-001 -1.425871308e+002 -1.425871308e+002 -3.5467e+000 -1.3390e+000
1792 +1.427986279e-002 +1.427986279e-002 -1.429657201e+002 -1.429657201e+002 -3.6100e+000 -1.5238e+000
2404 +8.090331831e-003 +8.090331831e-003 -1.429719097e+002 -1.429719097e+002 -3.6311e+000 -1.5830e+000
2624 +3.260116643e-003 +3.260116643e-003 -1.429767399e+002 -1.429767399e+002 -3.6242e+000 -1.5649e+000
2986 +4.727061964e-004 +4.727061964e-004 -1.429795273e+002 -1.429795273e+002 -3.6202e+000 -1.5545e+000
3384 +2.007746270e-004 +2.007746270e-004 -1.429797992e+002 -1.429797992e+002 -3.6186e+000 -1.5498e+000
3487 +5.495768420e-006 +5.495768420e-006 -1.429799945e+002 -1.429799945e+002 -3.6185e+000 -1.5504e+000
3926 +3.812027074e-006 +3.812027074e-006 -1.429799962e+002 -1.429799962e+002 -3.6185e+000 -1.5507e+000
4391 +2.223694025e-006 +2.223694025e-006 -1.429799978e+002 -1.429799978e+002 -3.6184e+000 -1.5504e+000
4821 +1.457956131e-006 +1.457956131e-006 -1.429799985e+002 -1.429799985e+002 -3.6182e+000 -1.5499e+000
4897 +6.572749385e-007 +6.572749385e-007 -1.429799993e+002 -1.429799993e+002 -3.6184e+000 -1.5503e+000
5005 +6.023029755e-007 +6.023029755e-007 -1.429799994e+002 -1.429799994e+002 -3.6184e+000 -1.5505e+000
5023 +9.758119290e-008 +9.758119290e-008 -1.429799999e+002 -1.429799999e+002 -3.6184e+000 -1.5505e+000
5566 +1.015678208e-009 +1.015678208e-009 -1.429800000e+002 -1.429800000e+002 -3.6184e+000 -1.5504e+000
% function evaluation | noise-free fitness - Fopt (2.468600000000e+002) | best noise-free fitness - Fopt | measured fitness | best measured fitness | x1 | x2...
1 +2.189904170e+000 +2.189904170e+000 +2.490499042e+002 +2.490499042e+002 -3.6812e+000 +1.7799e+000
211 +8.061161680e-001 +8.061161680e-001 +2.476661162e+002 +2.476661162e+002 +1.2727e-002 -3.7311e-001
664 +5.497482663e-001 +5.497482663e-001 +2.474097483e+002 +2.474097483e+002 +1.0978e+000 -6.6797e-001
1229 +3.738859754e-001 +3.738859754e-001 +2.472338860e+002 +2.472338860e+002 +2.5839e+000 -1.4443e+000
1514 +2.220163018e-001 +2.220163018e-001 +2.470820163e+002 +2.470820163e+002 -3.6937e+000 +1.6867e+000
1527 +6.999496668e-002 +6.999496668e-002 +2.469299950e+002 +2.469299950e+002 +3.9293e+000 -2.1710e+000
1579 +4.406362543e-002 +4.406362543e-002 +2.469040636e+002 +2.469040636e+002 +2.6506e+000 -1.6219e+000
1609 +2.719311624e-006 +2.719311624e-006 +2.468600027e+002 +2.468600027e+002 +3.9137e+000 -2.1399e+000
4035 +7.619854898e-007 +7.619854898e-007 +2.468600008e+002 +2.468600008e+002 +3.9137e+000 -2.1399e+000
5308 +3.714881984e-007 +3.714881984e-007 +2.468600004e+002 +2.468600004e+002 +3.9137e+000 -2.1399e+000
5508 +7.929315871e-008 +7.929315871e-008 +2.468600001e+002 +2.468600001e+002 +3.9137e+000 -2.1397e+000
5692 +9.543498436e-009 +9.543498436e-009 +2.468600000e+002 +2.468600000e+002 +3.9137e+000 -2.1398e+000
% function evaluation | noise-free fitness - Fopt (1.392300000000e+002) | best noise-free fitness - Fopt | measured fitness | best measured fitness | x1 | x2...
1 +2.854420451e+001 +2.854420451e+001 +1.677742045e+002 +1.677742045e+002 -2.9230e+000 +1.4196e+000
6 +1.754326940e+001 +1.754326940e+001 +1.567732694e+002 +1.567732694e+002 -2.4885e+000 +2.3962e+000
19 +1.531556066e+001 +1.531556066e+001 +1.545455607e+002 +1.545455607e+002 +3.3941e+000 -1.2352e+000
53 +1.822730005e+000 +1.822730005e+000 +1.410527300e+002 +1.410527300e+002 +3.7516e+000 +1.2286e+000
205 +8.477754040e-001 +8.477754040e-001 +1.400777754e+002 +1.400777754e+002 +5.8788e-001 +1.3224e+000
305 +5.404051202e-001 +5.404051202e-001 +1.397704051e+002 +1.397704051e+002 +6.1118e-001 +1.3235e+000
1044 +2.121403996e-002 +2.121403996e-002 +1.392512140e+002 +1.392512140e+002 +6.7793e-001 +1.4907e+000
1138 +8.469539389e-004 +8.469539389e-004 +1.392308470e+002 +1.392308470e+002 +6.6376e-001 +1.5717e+000
1921 +5.442874436e-004 +5.442874436e-004 +1.392305443e+002 +1.392305443e+002 +6.6761e-001 +1.5601e+000
2739 +2.597349992e-004 +2.597349992e-004 +1.392302597e+002 +1.392302597e+002 +6.6590e-001 +1.5734e+000
2886 +1.029580792e-004 +1.029580792e-004 +1.392301030e+002 +1.392301030e+002 +6.6526e-001 +1.5784e+000
3501 +4.578443136e-005 +4.578443136e-005 +1.392300458e+002 +1.392300458e+002 +6.6543e-001 +1.5751e+000
3534 +1.443234251e-005 +1.443234251e-005 +1.392300144e+002 +1.392300144e+002 +6.6539e-001 +1.5747e+000
3594 +7.267571362e-006 +7.267571362e-006 +1.392300073e+002 +1.392300073e+002 +6.6531e-001 +1.5752e+000
3794 +8.846759840e-007 +8.846759840e-007 +1.392300009e+002 +1.392300009e+002 +6.6514e-001 +1.5762e+000
4032 +1.239846199e-007 +1.239846199e-007 +1.392300001e+002 +1.392300001e+002 +6.6504e-001 +1.5767e+000
4412 +3.525158832e-008 +3.525158832e-008 +1.392300000e+002 +1.392300000e+002 +6.6507e-001 +1.5767e+000
4566 +2.474442340e-008 +2.474442340e-008 +1.392300000e+002 +1.392300000e+002 +6.6505e-001 +1.5768e+000
4656 +3.603844334e-009 +3.603844334e-009 +1.392300000e+002 +1.392300000e+002 +6.6505e-001 +1.5768e+000
% function evaluation | noise-free fitness - Fopt (-1.838000000000e+001) | best noise-free fitness - Fopt | measured fitness | best measured fitness | x1 | x2...
1 +7.854252505e+001 +7.854252505e+001 +6.016252505e+001 +6.016252505e+001 -4.4916e+000 -2.2816e+000
5 +1.185294649e+001 +1.185294649e+001 -6.527053507e+000 -6.527053507e+000 +2.5602e+000 -4.5166e+000
10 +8.563525382e+000 +8.563525382e+000 -9.816474618e+000 -9.816474618e+000 -1.0460e+000 -1.7615e+000
86 +1.572899000e+000 +1.572899000e+000 -1.680710100e+001 -1.680710100e+001 -2.3592e+000 -1.4230e+000
684 +6.500819626e-001 +6.500819626e-001 -1.772991804e+001 -1.772991804e+001 -2.2211e+000 -1.4796e+000
922 +5.914269355e-001 +5.914269355e-001 -1.778857306e+001 -1.778857306e+001 -2.1904e+000 -1.4552e+000
1017 +9.603856077e-002 +9.603856077e-002 -1.828396144e+001 -1.828396144e+001 -2.0997e+000 -1.4787e+000
1210 +4.951730925e-002 +4.951730925e-002 -1.833048269e+001 -1.833048269e+001 -2.0626e+000 -1.4883e+000
1606 +3.749782501e-002 +3.749782501e-002 -1.834250217e+001 -1.834250217e+001 -1.9946e+000 -1.5355e+000
1690 +1.747155801e-002 +1.747155801e-002 -1.836252844e+001 -1.836252844e+001 -2.0305e+000 -1.5066e+000
1891 +9.410850961e-003 +9.410850961e-003 -1.837058915e+001 -1.837058915e+001 -2.0620e+000 -1.4986e+000
2017 +6.248145719e-003 +6.248145719e-003 -1.837375185e+001 -1.837375185e+001 -2.0451e+000 -1.5004e+000
2176 +3.949963645e-003 +3.949963645e-003 -1.837605004e+001 -1.837605004e+001 -2.0557e+000 -1.4986e+000
2260 +6.360309353e-004 +6.360309353e-004 -1.837936397e+001 -1.837936397e+001 -2.0590e+000 -1.4962e+000
2722 +9.198183294e-005 +9.198183294e-005 -1.837990802e+001 -1.837990802e+001 -2.0688e+000 -1.4940e+000
2767 +6.975598470e-006 +6.975598470e-006 -1.837999302e+001 -1.837999302e+001 -2.0677e+000 -1.4946e+000
3550 +5.892910014e-006 +5.892910014e-006 -1.837999411e+001 -1.837999411e+001 -2.0673e+000 -1.4946e+000
3685 +3.306230120e-006 +3.306230120e-006 -1.837999669e+001 -1.837999669e+001 -2.0671e+000 -1.4947e+000
3779 +1.362497581e-006 +1.362497581e-006 -1.837999864e+001 -1.837999864e+001 -2.0670e+000 -1.4947e+000
4416 +3.249436951e-007 +3.249436951e-007 -1.837999968e+001 -1.837999968e+001 -2.0672e+000 -1.4946e+000
4495 +9.590636196e-008 +9.590636196e-008 -1.837999990e+001 -1.837999990e+001 -2.0672e+000 -1.4946e+000
4820 +9.297803416e-009 +9.297803416e-009 -1.837999999e+001 -1.837999999e+001 -2.0672e+000 -1.4946e+000
4861 +2.575873737e-009 +2.575873737e-009 -1.838000000e+001 -1.838000000e+001 -2.0673e+000 -1.4946e+000
% function evaluation | noise-free fitness - Fopt (-3.928400000000e+002) | best noise-free fitness - Fopt | measured fitness | best measured fitness | x1 | x2...
1 +5.908114984e+001 +5.908114984e+001 -3.337588502e+002 -3.337588502e+002 +4.2327e-001 +4.7262e+000
4 +2.476592514e+001 +2.476592514e+001 -3.680740749e+002 -3.680740749e+002 -3.7772e+000 -2.0764e+000
22 +1.412527808e+001 +1.412527808e+001 -3.787147219e+002 -3.787147219e+002 -3.9540e+000 +2.5169e+000
28 +5.880111589e+000 +5.880111589e+000 -3.869598884e+002 -3.869598884e+002 -2.9061e+000 +2.5764e+000
85 +3.138641861e+000 +3.138641861e+000 -3.897013581e+002 -3.897013581e+002 -3.4327e+000 -1.9782e+000
160 +1.049618923e+000 +1.049618923e+000 -3.917903811e+002 -3.917903811e+002 -4.2817e+000 -1.8797e+000
173 +6.574420862e-001 +6.574420862e-001 -3.921825579e+002 -3.921825579e+002 +2.1720e-001 +1.3396e+000
369 +1.832765534e-001 +1.832765534e-001 -3.926567234e+002 -3.926567234e+002 -4.0002e+000 -1.9146e+000
710 +7.360417471e-002 +7.360417471e-002 -3.927663958e+002 -3.927663958e+002 +2.7566e-001 -8.8704e-001
1782 +2.848489706e-002 +2.848489706e-002 -3.928115151e+002 -3.928115151e+002 +2.5391e-001 -9.0064e-001
2347 +1.414690356e-002 +1.414690356e-002 -3.928258531e+002 -3.928258531e+002 +2.4730e-001 -8.9469e-001
2572 +7.321811808e-003 +7.321811808e-003 -3.928326782e+002 -3.928326782e+002 +2.4515e-001 -8.9592e-001
3337 +5.595898030e-003 +5.595898030e-003 -3.928344041e+002 -3.928344041e+002 +2.3615e-001 -8.9969e-001
3343 +2.917026380e-003 +2.917026380e-003 -3.928370830e+002 -3.928370830e+002 +2.3630e-001 -9.0041e-001
3353 +1.964856140e-004 +1.964856140e-004 -3.928398035e+002 -3.928398035e+002 +2.1792e-001 -9.0628e-001
3926 +4.129206246e-005 +4.129206246e-005 -3.928399587e+002 -3.928399587e+002 +2.2144e-001 -9.0520e-001
4122 +1.641984369e-005 +1.641984369e-005 -3.928399836e+002 -3.928399836e+002 +2.2051e-001 -9.0520e-001
4422 +1.172802871e-005 +1.172802871e-005 -3.928399883e+002 -3.928399883e+002 +2.1790e-001 -9.0591e-001
4514 +3.100103186e-006 +3.100103186e-006 -3.928399969e+002 -3.928399969e+002 +2.1921e-001 -9.0560e-001
4939 +8.816001014e-007 +8.816001014e-007 -3.928399991e+002 -3.928399991e+002 +2.1886e-001 -9.0572e-001
5078 +4.797132078e-007 +4.797132078e-007 -3.928399995e+002 -3.928399995e+002 +2.1966e-001 -9.0554e-001
5295 +3.408351290e-007 +3.408351290e-007 -3.928399997e+002 -3.928399997e+002 +2.1903e-001 -9.0569e-001
5401 +5.289371074e-008 +5.289371074e-008 -3.928399999e+002 -3.928399999e+002 +2.1927e-001 -9.0561e-001
5678 +9.629331998e-009 +9.629331998e-009 -3.928400000e+002 -3.928400000e+002 +2.1917e-001 -9.0564e-001
% function evaluation | noise-free fitness - Fopt (2.292200000000e+002) | best noise-free fitness - Fopt | measured fitness | best measured fitness | x1 | x2...
1 +8.741615878e+001 +8.741615878e+001 +3.166361588e+002 +3.166361588e+002 -1.8563e+000 -2.2369e+000
3 +4.340219430e+001 +4.340219430e+001 +2.726221943e+002 +2.726221943e+002 +4.5036e+000 -3.4815e+000
5 +2.345251985e+001 +2.345251985e+001 +2.526725199e+002 +2.526725199e+002 -4.4088e-001 -3.5669e+000
16 +4.550009402e+000 +4.550009402e+000 +2.337700094e+002 +2.337700094e+002 -3.6029e+000 -3.4554e+000
62 +2.427609164e+000 +2.427609164e+000 +2.316476092e+002 +2.316476092e+002 -3.5065e+000 -2.8803e+000
326 +1.180326739e+000 +1.180326739e+000 +2.304003267e+002 +2.304003267e+002 +1.9668e+000 -3.5375e+000
740 +7.590759614e-001 +7.590759614e-001 +2.299790760e+002 +2.299790760e+002 +2.0399e+000 -2.8870e+000
1190 +3.214359932e-001 +3.214359932e-001 +2.295414360e+002 +2.295414360e+002 +2.0513e+000 -3.2148e+000
1218 +8.499539779e-002 +8.499539779e-002 +2.293049954e+002 +2.293049954e+002 +2.0216e+000 -2.9917e+000
1311 +3.370608124e-002 +3.370608124e-002 +2.292537061e+002 +2.292537061e+002 +2.0267e+000 -3.0763e+000
1507 +7.902678381e-003 +7.902678381e-003 +2.292279027e+002 +2.292279027e+002 +2.0287e+000 -3.1109e+000
2492 +6.068186163e-003 +6.068186163e-003 +2.292260682e+002 +2.292260682e+002 +2.0292e+000 -3.0994e+000
2758 +3.398222872e-003 +3.398222872e-003 +2.292233982e+002 +2.292233982e+002 +2.0298e+000 -3.0948e+000
2907 +3.346833882e-004 +3.346833882e-004 +2.292203347e+002 +2.292203347e+002 +2.0324e+000 -3.0566e+000
2946 +1.103835809e-004 +1.103835809e-004 +2.292201104e+002 +2.292201104e+002 +2.0323e+000 -3.0590e+000
3532 +6.963377015e-005 +6.963377015e-005 +2.292200696e+002 +2.292200696e+002 +2.0320e+000 -3.0651e+000
3699 +6.220188601e-005 +6.220188601e-005 +2.292200622e+002 +2.292200622e+002 +2.0324e+000 -3.0633e+000
3825 +1.830849396e-005 +1.830849396e-005 +2.292200183e+002 +2.292200183e+002 +2.0323e+000 -3.0633e+000
4151 +1.006858287e-005 +1.006858287e-005 +2.292200101e+002 +2.292200101e+002 +2.0323e+000 -3.0634e+000
4478 +8.001573406e-006 +8.001573406e-006 +2.292200080e+002 +2.292200080e+002 +2.0320e+000 -3.0624e+000
4590 +1.986555645e-006 +1.986555645e-006 +2.292200020e+002 +2.292200020e+002 +2.0321e+000 -3.0625e+000
4913 +1.084827488e-006 +1.084827488e-006 +2.292200011e+002 +2.292200011e+002 +2.0322e+000 -3.0624e+000
5046 +8.716657476e-007 +8.716657476e-007 +2.292200009e+002 +2.292200009e+002 +2.0321e+000 -3.0627e+000
5077 +2.409377089e-007 +2.409377089e-007 +2.292200002e+002 +2.292200002e+002 +2.0322e+000 -3.0629e+000
5407 +9.238877396e-008 +9.238877396e-008 +2.292200001e+002 +2.292200001e+002 +2.0322e+000 -3.0629e+000
5484 +4.892902439e-008 +4.892902439e-008 +2.292200000e+002 +2.292200000e+002 +2.0321e+000 -3.0629e+000
5570 +3.885969591e-008 +3.885969591e-008 +2.292200000e+002 +2.292200000e+002 +2.0321e+000 -3.0629e+000
5640 +3.281286354e-010 +3.281286354e-010 +2.292200000e+002 +2.292200000e+002 +2.0321e+000 -3.0629e+000
% function evaluation | noise-free fitness - Fopt (-2.444600000000e+002) | best noise-free fitness - Fopt | measured fitness | best measured fitness | x1 | x2...
1 +7.338231665e+001 +7.338231665e+001 -1.710776834e+002 -1.710776834e+002 +4.5820e+000 -2.7463e+000
8 +5.004380669e+001 +5.004380669e+001 -1.944161933e+002 -1.944161933e+002 +1.0359e+000 +1.8172e+000
9 +3.826277762e+001 +3.826277762e+001 -2.061972224e+002 -2.061972224e+002 -4.1293e+000 +3.8259e+000
27 +1.010677410e+000 +1.010677410e+000 -2.434493226e+002 -2.434493226e+002 +3.2492e+000 -3.6243e+000
87 +8.266229285e-001 +8.266229285e-001 -2.436333771e+002 -2.436333771e+002 +3.5468e+000 +2.7463e+000
837 +3.213033391e-001 +3.213033391e-001 -2.441386967e+002 -2.441386967e+002 +3.4263e+000 +2.5870e+000
1135 +1.170837556e-001 +1.170837556e-001 -2.443429162e+002 -2.443429162e+002 +3.3802e+000 +2.5869e+000
1222 +4.102797807e-002 +4.102797807e-002 -2.444189720e+002 -2.444189720e+002 +3.3850e+000 +2.5869e+000
1904 +3.470184332e-002 +3.470184332e-002 -2.444252982e+002 -2.444252982e+002 +3.3864e+000 +2.5894e+000
2535 +2.013793463e-002 +2.013793463e-002 -2.444398621e+002 -2.444398621e+002 +3.4040e+000 +2.5871e+000
2615 +1.299682083e-002 +1.299682083e-002 -2.444470032e+002 -2.444470032e+002 +3.3755e+000 +2.5649e+000
2756 +8.064436414e-003 +8.064436414e-003 -2.444519356e+002 -2.444519356e+002 +3.3371e+000 +2.5354e+000
2779 +3.621170000e-003 +3.621170000e-003 -2.444563788e+002 -2.444563788e+002 +3.3569e+000 +2.5544e+000
2871 +2.276813746e-003 +2.276813746e-003 -2.444577232e+002 -2.444577232e+002 +3.3342e+000 +2.5353e+000
3205 +6.849422586e-004 +6.849422586e-004 -2.444593151e+002 -2.444593151e+002 +3.3497e+000 +2.5461e+000
3329 +5.790131304e-004 +5.790131304e-004 -2.444594210e+002 -2.444594210e+002 +3.3485e+000 +2.5447e+000
3419 +2.817809961e-004 +2.817809961e-004 -2.444597182e+002 -2.444597182e+002 +3.3557e+000 +2.5514e+000
3508 +1.184156983e-004 +1.184156983e-004 -2.444598816e+002 -2.444598816e+002 +3.3492e+000 +2.5461e+000
3768 +3.812774054e-006 +3.812774054e-006 -2.444599962e+002 -2.444599962e+002 +3.3498e+000 +2.5468e+000
4320 +1.754839616e-007 +1.754839616e-007 -2.444599998e+002 -2.444599998e+002 +3.3502e+000 +2.5471e+000
5018 +1.251668493e-007 +1.251668493e-007 -2.444599999e+002 -2.444599999e+002 +3.3500e+000 +2.5470e+000
5130 +3.411324201e-008 +3.411324201e-008 -2.444600000e+002 -2.444600000e+002 +3.3502e+000 +2.5471e+000
5390 +6.483418247e-009 +6.483418247e-009 -2.444600000e+002 -2.444600000e+002 +3.3501e+000 +2.5471e+000
