% function evaluation | noise-free fitness - Fopt (7.135000000000e+001) | best noise-free fitness - Fopt | measured fitness | best measured fitness | x1 | x2...
1 +1.067339890e+002 +1.067339890e+002 +1.780839890e+002 +1.780839890e+002 +3.8184e+000 +4.5879e+000 +3.7977e+000 +1.1213e+000 -3.9624e+000 +3.7543e+000 +9.9989e-001 +2.7800e+000 -1.9885e+000 -1.3745e+000
3 +5.117018505e+001 +5.117018505e+001 +1.225201851e+002 +1.225201851e+002 -4.6235e+000 -6.5695e-001 -4.7642e+000 +4.8476e+000 +1.2680e+000 -2.2013e+000 -3.5636e+000 +3.7571e-001 +2.9186e+000 -3.4782e+000
14 +3.211027170e+001 +3.211027170e+001 +1.034602717e+002 +1.034602717e+002 +2.7887e+000 -4.3081e+000 -2.5200e-001 -4.3900e+000 -2.0883e-001 +2.4461e+000 +3.1297e+000 +2.7391e-001 +2.7521e+000 -1.3507e+000
34 +2.416460414e+001 +2.416460414e+001 +9.551460414e+001 +9.551460414e+001 +7.9613e-001 +3.9749e+000 +4.4066e+000 +1.4961e+000 -4.4267e+000 +1.8251e-001 -6.3593e-001 +1.9007e+000 +4.6786e+000 -8.9975e-002
373 +1.113127947e+001 +1.113127947e+001 +8.248127947e+001 +8.248127947e+001 +1.8454e+000 +2.8569e+000 +4.0320e+000 +3.0640e+000 -4.3212e+000 -3.0742e-002 -6.0519e-001 +2.4171e+000 +4.6640e+000 +6.4370e-001
1556 +9.956731075e+000 +9.956731075e+000 +8.130673108e+001 +8.130673108e+001 +1.8348e+000 +2.7766e+000 +4.1474e+000 +3.2674e+000 -4.3741e+000 -5.0735e-002 -5.8780e-001 +2.3735e+000 +4.7366e+000 +5.6575e-001
2270 +5.308459370e+000 +5.308459370e+000 +7.665845937e+001 +7.665845937e+001 +1.7384e+000 +2.9023e+000 +4.1237e+000 +3.1940e+000 -4.4843e+000 -2.3953e-001 -1.5046e-001 +2.2524e+000 +4.8962e+000 +5.8926e-001
3619 +3.920974625e+000 +3.920974625e+000 +7.527097463e+001 +7.527097463e+001 +1.7224e+000 +2.9729e+000 +4.1101e+000 +3.1493e+000 -4.4654e+000 -3.3454e-001 -2.4629e-001 +2.2657e+000 +4.8942e+000 +5.5464e-001
5172 +2.462341613e+000 +2.462341613e+000 +7.381234161e+001 +7.381234161e+001 +1.6414e+000 +3.0026e+000 +4.0742e+000 +3.2174e+000 -4.4877e+000 -3.5186e-001 -2.3257e-001 +2.3902e+000 +4.9705e+000 +7.5074e-001
6390 +1.572329744e+000 +1.572329744e+000 +7.292232974e+001 +7.292232974e+001 +1.5243e+000 +3.0526e+000 +4.0443e+000 +3.2185e+000 -4.5285e+000 -4.1414e-001 -1.9043e-001 +2.4828e+000 +5.0000e+000 +8.9566e-001
11308 +9.957598065e-001 +9.957598065e-001 +7.234575981e+001 +7.234575981e+001 +1.5132e+000 +3.0537e+000 +4.0502e+000 +3.2151e+000 -4.5152e+000 -4.2024e-001 -1.8269e-001 +2.4782e+000 +4.9983e+000 +8.9504e-001
% function evaluation | noise-free fitness - Fopt (-3.552200000000e+002) | best noise-free fitness - Fopt | measured fitness | best measured fitness | x1 | x2...
1 +7.147220642e+001 +7.147220642e+001 -2.837477936e+002 -2.837477936e+002 +4.3131e+000 -2.1227e-001 +3.0288e+000 -3.0657e-002 -4.1223e+000 -3.7657e+000 +2.2449e+000 +3.7371e+000 -3.9057e-001 +2.4280e-001
3 +2.801815574e+001 +2.801815574e+001 -3.272018443e+002 -3.272018443e+002 -1.2785e+000 +3.7189e+000 +2.9806e+000 +1.6942e-001 +2.1444e+000 +1.7863e+000 -1.8522e+000 +4.7276e+000 +6.2034e-001 +1.4835e+000
403 +2.357342322e+001 +2.357342322e+001 -3.316465768e+002 -3.316465768e+002 -3.0252e+000 -2.2896e+000 +7.6660e-001 +2.8133e+000 -5.5471e+000 +4.3394e+000 +6.3064e+000 +2.4307e+000 +3.1327e-001 -3.0168e-001
2418 +1.580799695e+001 +1.580799695e+001 -3.394120030e+002 -3.394120030e+002 -4.0175e+000 -3.8764e+000 -4.6861e-001 +2.9567e+000 -5.4290e+000 +4.1898e+000 -6.4072e+000 +3.2171e+000 +2.8747e+000 -1.9608e+000
4109 +9.952278344e+000 +9.952278344e+000 -3.452677217e+002 -3.452677217e+002 -3.9937e+000 -3.8525e+000 -4.8685e-001 +2.9068e+000 -5.5199e+000 +4.1508e+000 -6.6154e+000 +3.3442e+000 +2.7774e+000 -1.9872e+000
% function evaluation | noise-free fitness - Fopt (9.917000000000e+001) | best noise-free fitness - Fopt | measured fitness | best measured fitness | x1 | x2...
1 +1.528820514e+002 +1.528820514e+002 +2.520520514e+002 +2.520520514e+002 -4.2107e+000 -3.8901e+000 -4.4170e+000 +3.6187e+000 -1.8749e+000 +8.1973e-001 +4.0934e+000 -3.7106e-001 +3.7414e+000 +3.3692e+000
3 +6.671056228e+001 +6.671056228e+001 +1.658805623e+002 +1.658805623e+002 +1.9183e-001 +1.5933e+000 +1.0953e+000 +1.4663e+000 +2.3519e+000 -3.3000e-001 +1.4484e+000 -4.5566e+000 +2.5951e+000 -3.6543e+000
4 +5.120994000e+001 +5.120994000e+001 +1.503799400e+002 +1.503799400e+002 -2.8460e+000 +1.8187e+000 +4.7276e+000 -3.9930e+000 -3.6286e+000 +3.8612e+000 +1.7527e+000 +2.4634e+000 -3.4123e+000 +3.7156e+000
5 +3.573904085e+001 +3.573904085e+001 +1.349090409e+002 +1.349090409e+002 +3.5227e+000 -1.8578e+000 +2.6917e+000 -3.7582e+000 +2.5450e+000 -1.1568e+000 +2.2361e+000 +1.1346e+000 -1.8221e+000 +4.5989e+000
18 +2.113953809e+001 +2.113953809e+001 +1.203095381e+002 +1.203095381e+002 +4.6548e+000 +3.3404e+000 -1.1090e+000 +3.0185e+000 +1.3669e+000 +3.2160e+000 -1.3544e+000 +4.6666e+000 +1.6672e+000 -3.0929e+000
778 +1.581106592e+001 +1.581106592e+001 +1.149810659e+002 +1.149810659e+002 -1.8808e+000 -2.4042e+000 +4.9562e+000 -4.1464e-001 +7.7028e-001 -1.6412e+000 +1.7834e+000 +2.7246e+000 -1.7733e+000 -3.1076e+000
3197 +9.912319473e+000 +9.912319473e+000 +1.090823195e+002 +1.090823195e+002 -2.1171e+000 -2.3859e+000 +4.9960e+000 -3.3672e-001 +6.6459e-001 -1.7482e+000 +1.6634e+000 +2.7218e+000 -1.8030e+000 -3.0621e+000
3459 +6.255839149e+000 +6.255839149e+000 +1.054258391e+002 +1.054258391e+002 -2.0550e+000 -2.3759e+000 +4.5464e+000 -2.9538e-001 +8.2212e-001 -1.8694e+000 +1.7530e+000 +2.7500e+000 -1.4516e+000 -3.0731e+000
4172 +3.834932876e+000 +3.834932876e+000 +1.030049329e+002 +1.030049329e+002 -2.1865e+000 -2.5019e+000 +4.6807e+000 -2.8627e-001 +8.7221e-001 -1.8263e+000 +1.7885e+000 +2.7750e+000 -1.3992e+000 -3.1347e+000
4648 +2.142758325e+000 +2.142758325e+000 +1.013127583e+002 +1.013127583e+002 -2.2365e+000 -2.5208e+000 +4.5693e+000 -2.2573e-001 +9.6807e-001 -1.8225e+000 +1.7395e+000 +2.7295e+000 -1.2506e+000 -3.1079e+000
5831 +1.525878881e+000 +1.525878881e+000 +1.006958789e+002 +1.006958789e+002 -2.2511e+000 -2.5081e+000 +4.5627e+000 -2.2261e-001 +1.0063e+000 -1.8095e+000 +1.7167e+000 +2.7257e+000 -1.2409e+000 -3.1000e+000
% function evaluation | noise-free fitness - Fopt (-5.179100000000e+002) | best noise-free fitness - Fopt | measured fitness | best measured fitness | x1 | x2...
1 +7.299626731e+001 +7.299626731e+001 -4.449137327e+002 -4.449137327e+002 +5.2911e-001 -3.3329e+000 -4.5451e+000 +2.9498e+000 +4.3055e+000 +3.8916e+000 -7.1047e-001 +2.4304e+000 -3.0770e+000 -3.8638e-001
10 +4.688040614e+001 +4.688040614e+001 -4.710295939e+002 -4.710295939e+002 +2.0698e+000 -3.5638e+000 -4.4120e+000 -2.0615e+000 +4.1672e+000 -3.8752e-001 +8.0301e-001 -2.0560e+000 -1.0295e+000 -4.2586e+000
23 +3.414984450e+001 +3.414984450e+001 -4.837601555e+002 -4.837601555e+002 -3.8778e+000 -1.3136e-001 +4.1070e+000 -4.7339e+000 -6.3125e-001 +3.0219e+000 +1.9693e+000 -2.5261e+000 +3.7908e+000 -3.3500e+000
395 +1.928759829e+001 +1.928759829e+001 -4.986224017e+002 -4.986224017e+002 -4.0755e+000 +3.3653e+000 +6.0769e+000 +4.3684e+000 +1.9420e-001 -1.2045e+000 -5.5339e+000 -2.6834e+000 -3.9642e+000 +7.3102e-001
2502 +1.570986485e+001 +1.570986485e+001 -5.022001351e+002 -5.022001351e+002 -4.1095e+000 +3.4281e+000 +6.1992e+000 +4.3942e+000 +1.8473e-001 -1.1613e+000 -5.6178e+000 -2.7116e+000 -4.0088e+000 +7.3238e-001
7791 +9.727087368e+000 +9.727087368e+000 -5.081829126e+002 -5.081829126e+002 -3.9412e+000 +3.2395e+000 +6.1203e+000 +4.3963e+000 +1.6058e-001 -1.1054e+000 -5.6571e+000 -2.7794e+000 -3.9745e+000 +7.2785e-001
% function evaluation | noise-free fitness - Fopt (-5.721000000000e+001) | best noise-free fitness - Fopt | measured fitness | best measured fitness | x1 | x2...
1 +2.999200669e+001 +2.999200669e+001 -2.721799331e+001 -2.721799331e+001 -4.9290e+000 +2.9580e+000 -2.7506e+000 -3.0042e+000 +3.8611e+000 -1.0161e+000 +2.0487e+000 -3.3422e+000 -1.4188e+000 +2.0135e+000
81 +2.033526984e+001 +2.033526984e+001 -3.687473016e+001 -3.687473016e+001 +1.7337e+000 -4.5202e+000 +4.4007e+000 +8.4422e-001 +2.1144e+000 +4.9022e+000 -4.8189e+000 -2.8897e+000 -6.2248e+000 +4.6227e+000
2773 +1.579165821e+001 +1.579165821e+001 -4.141834179e+001 -4.141834179e+001 -6.5293e+000 +1.2416e+000 +3.8492e+000 +2.7870e+000 +1.2294e+000 -4.2138e+000 +2.9884e+000 -4.4481e+000 -4.4731e+000 -1.3982e+000
6902 +9.039835637e+000 +9.039835637e+000 -4.817016436e+001 -4.817016436e+001 -6.5174e+000 +1.2505e+000 +3.9601e+000 +2.7645e+000 +1.2263e+000 -3.6613e+000 +2.9940e+000 -4.1505e+000 -4.5750e+000 -1.0825e+000
9359 +6.206303732e+000 +6.206303732e+000 -5.100369627e+001 -5.100369627e+001 -6.5730e+000 +1.1895e+000 +3.9095e+000 +2.8465e+000 +1.2702e+000 -3.9504e+000 +2.9305e+000 -4.3015e+000 -4.5568e+000 -1.1738e+000
% function evaluation | noise-free fitness - Fopt (6.770000000000e+000) | best noise-free fitness - Fopt | measured fitness | best measured fitness | x1 | x2...
1 +8.244912442e+001 +8.244912442e+001 +8.921912442e+001 +8.921912442e+001 +1.3656e+000 -6.0208e-001 -1.6887e+000 -2.4726e+000 +1.0103e+000 -9.8032e-001 +3.8943e-001 -1.8227e+000 +1.0972e+000 -4.4386e+000
7 +5.528350265e+001 +5.528350265e+001 +6.205350265e+001 +6.205350265e+001 +1.7517e+000 +3.8534e+000 +3.7032e+000 +3.4843e+000 -2.3902e+000 -3.6927e+000 +2.4482e+000 -3.0661e+000 -1.1950e+000 +7.5074e-001
38 +2.398097063e+001 +2.398097063e+001 +3.075097063e+001 +3.075097063e+001 +3.8695e+000 +2.2341e+000 -2.5749e+000 -4.9966e+000 -3.1185e+000 +1.3591e+000 -4.2994e+000 +2.2563e+000 +1.2444e+000 +1.6569e+000
718 +1.150279646e+001 +1.150279646e+001 +1.827279646e+001 +1.827279646e+001 +1.3638e+000 +9.7994e-001 +6.6302e-001 -2.0591e+000 -2.6048e+000 +1.3770e-001 -2.6733e+000 +5.1343e+000 -1.2010e-001 +1.9749e+000
2094 +8.436641320e+000 +8.436641320e+000 +1.520664132e+001 +1.520664132e+001 +1.2829e+000 +8.9173e-001 +7.1534e-001 -2.1368e+000 -2.5106e+000 +1.4165e-001 -2.6678e+000 +5.0469e+000 -1.5050e-001 +1.8592e+000
2586 +6.243575908e+000 +6.243575908e+000 +1.301357591e+001 +1.301357591e+001 +1.3521e+000 +1.0307e+000 +8.1800e-001 -2.2247e+000 -2.7015e+000 +1.3934e-001 -2.6347e+000 +5.2108e+000 -2.7958e-001 +1.8486e+000
7862 +3.938759879e+000 +3.938759879e+000 +1.070875988e+001 +1.070875988e+001 +1.3728e+000 +1.0195e+000 +8.3684e-001 -2.1944e+000 -2.7094e+000 +9.8196e-002 -2.6349e+000 +5.1445e+000 -2.4820e-001 +1.8144e+000
9908 +2.501738975e+000 +2.501738975e+000 +9.271738975e+000 +9.271738975e+000 +1.3628e+000 +9.5665e-001 +8.4653e-001 -2.1130e+000 -2.7247e+000 +4.2161e-002 -2.6021e+000 +5.0545e+000 -2.0936e-001 +1.8190e+000
11513 +1.572129066e+000 +1.572129066e+000 +8.342129066e+000 +8.342129066e+000 +1.3591e+000 +9.5763e-001 +8.3509e-001 -2.0983e+000 -2.7207e+000 +6.6330e-002 -2.6108e+000 +5.0585e+000 -1.9333e-001 +1.8002e+000
% function evaluation | noise-free fitness - Fopt (-1.078000000000e+001) | best noise-free fitness - Fopt | measured fitness | best measured fitness | x1 | x2...
1 +9.727298434e+001 +9.727298434e+001 +8.649298434e+001 +8.649298434e+001 -4.6377e+000 -8.5401e-001 +3.4151e+000 +5.1542e-001 +3.0222e+000 -1.0896e+000 +2.8426e+000 -2.7641e+000 +2.5205e+000 +3.5701e+000
9 +5.575575103e+001 +5.575575103e+001 +4.497575103e+001 +4.497575103e+001 -1.8581e+000 +3.8485e+000 +1.3374e+000 -3.0013e+000 +3.3965e+000 +3.1702e+000 -4.3702e+000 -1.0272e+000 +2.5887e+000 +3.6674e+000
24 +3.832344700e+001 +3.832344700e+001 +2.754344700e+001 +2.754344700e+001 -3.8061e+000 +3.7261e+000 -4.1557e+000 +1.7881e+000 +3.9039e+000 +1.0412e+000 -3.3400e+000 -1.9136e-001 -1.1501e+000 +1.5088e+000
66 +2.269603231e+001 +2.269603231e+001 +1.191603231e+001 +1.191603231e+001 -2.7995e+000 -1.7714e+000 +4.0914e+000 -4.3494e-001 -9.4740e-001 -2.8130e+000 +2.7650e+000 +1.0489e+000 -1.5724e+000 -3.1313e+000
2050 +1.072409865e+001 +1.072409865e+001 -5.590135062e-002 -5.590135062e-002 -4.8256e+000 -1.5166e+000 -2.2324e+000 -3.9635e+000 -5.2026e+000 -5.4262e+000 +4.0458e+000 +5.4352e+000 +1.5742e+000 -3.5428e+000
2574 +9.535033316e+000 +9.535033316e+000 -1.244966684e+000 -1.244966684e+000 -4.6144e+000 -1.9259e+000 -1.6391e+000 -3.8661e+000 -4.9940e+000 -5.4714e+000 +3.8485e+000 +5.2418e+000 +1.6570e+000 -3.6681e+000
3262 +5.809970546e+000 +5.809970546e+000 -4.970029454e+000 -4.970029454e+000 -4.7165e+000 -1.6552e+000 -1.9571e+000 -3.7195e+000 -4.7760e+000 -4.9503e+000 +3.9818e+000 +5.1364e+000 +1.5646e+000 -3.4976e+000
3913 +3.485400034e+000 +3.485400034e+000 -7.294599966e+000 -7.294599966e+000 -4.7416e+000 -1.7969e+000 -1.8305e+000 -3.4345e+000 -4.7431e+000 -5.0457e+000 +3.9748e+000 +5.2001e+000 +1.5508e+000 -3.4930e+000
5896 +2.273826579e+000 +2.273826579e+000 -8.506173421e+000 -8.506173421e+000 -4.7116e+000 -1.9122e+000 -1.6400e+000 -3.5354e+000 -4.8646e+000 -5.2828e+000 +3.9354e+000 +5.1109e+000 +1.6112e+000 -3.5496e+000
7936 +1.529691635e+000 +1.529691635e+000 -9.250308365e+000 -9.250308365e+000 -4.6929e+000 -1.9181e+000 -1.6316e+000 -3.5425e+000 -4.9201e+000 -5.2502e+000 +3.9255e+000 +5.0541e+000 +1.6161e+000 -3.5399e+000
% function evaluation | noise-free fitness - Fopt (-1.645900000000e+002) | best noise-free fitness - Fopt | measured fitness | best measured fitness | x1 | x2...
1 +1.381149084e+002 +1.381149084e+002 -2.647509157e+001 -2.647509157e+001 +1.0158e+000 -2.6421e+000 -4.1286e+000 -3.1717e+000 -3.0468e+000 +4.5211e+000 +1.3139e+000 -2.9199e-001 -2.3863e+000 -2.9969e+000
3 +6.877456563e+001 +6.877456563e+001 -9.581543437e+001 -9.581543437e+001 +1.2202e+000 -2.7972e+000 -1.4296e+000 +5.0262e-001 -4.3000e+000 +1.6756e+000 -6.7476e-001 -2.5592e+000 -1.2794e+000 +3.2641e+000
5 +6.220634299e+001 +6.220634299e+001 -1.023836570e+002 -1.023836570e+002 +5.4754e-001 -4.1675e+000 +6.5378e-001 -4.1237e+000 +2.5053e+000 +2.4602e+000 -3.4716e+000 -4.6964e+000 +1.6426e+000 +3.0818e+000
10 +3.901415883e+001 +3.901415883e+001 -1.255758412e+002 -1.255758412e+002 -3.7617e+000 -3.3427e+000 +2.1849e+000 -1.2581e+000 +2.1389e+000 -4.2271e+000 +1.6957e+000 +3.9718e+000 +3.1231e+000 -1.1882e+000
433 +2.434691796e+001 +2.434691796e+001 -1.402430820e+002 -1.402430820e+002 -2.4962e+000 -2.5761e+000 -2.7573e+000 -1.1004e+000 +3.4080e-001 -2.9526e+000 +6.4229e+000 -8.4224e-001 +4.4718e+000 +1.3807e+000
1232 +1.537555513e+001 +1.537555513e+001 -1.492144449e+002 -1.492144449e+002 -4.7341e+000 -1.2490e+000 -3.5844e-001 +4.1522e+000 +4.6801e+000 -8.7276e-001 +2.5256e+000 -2.9743e+000 +6.4959e+000 +3.2418e+000
2490 +9.409019455e+000 +9.409019455e+000 -1.551809805e+002 -1.551809805e+002 -4.6927e+000 +1.5515e-002 +9.1659e-002 +4.0548e+000 +4.6001e+000 -1.6099e+000 +2.5983e+000 -3.6631e+000 +6.4590e+000 +4.7957e+000
5960 +6.237677526e+000 +6.237677526e+000 -1.583523225e+002 -1.583523225e+002 -4.6655e+000 -5.1004e-002 +7.6309e-002 +4.0484e+000 +4.6329e+000 -1.6194e+000 +2.6133e+000 -3.6603e+000 +6.4260e+000 +4.7200e+000
% function evaluation | noise-free fitness - Fopt (-1.429800000000e+002) | best noise-free fitness - Fopt | measured fitness | best measured fitness | x1 | x2...
1 +8.605845962e+001 +8.605845962e+001 -5.692154038e+001 -5.692154038e+001 +3.3345e+000 -1.4969e+000 -2.4711e+000 -1.4711e+000 -3.1151e+000 +2.5739e+000 -3.9082e-001 +3.1685e+000 -1.0832e+000 -1.8520e+000
27 +4.439693662e+001 +4.439693662e+001 -9.858306338e+001 -9.858306338e+001 +4.1578e+000 +4.0800e+000 -4.4065e+000 -4.1807e-001 -3.0458e+000 +3.3693e+000 +4.7601e+000 -3.8625e+000 +2.9299e+000 +3.3921e+000
32 +2.927230805e+001 +2.927230805e+001 -1.137076920e+002 -1.137076920e+002 -2.4403e+000 +7.3148e-001 +2.0578e+000 +4.4543e+000 -3.4067e+000 -2.9879e+000 -1.1653e-001 +2.6046e-001 +1.2282e+000 +4.8537e+000
903 +1.958531832e+001 +1.958531832e+001 -1.233946817e+002 -1.233946817e+002 -4.4075e+000 -4.9595e-001 +4.1644e+000 +4.6817e+000 -4.9252e+000 +6.9093e-001 +8.2580e-001 -6.3196e-001 +1.7045e+000 +7.6564e+000
966 +1.310624949e+001 +1.310624949e+001 -1.298737505e+002 -1.298737505e+002 -5.3046e+000 -2.3708e-001 +5.0472e+000 +3.3056e+000 -3.4536e+000 -1.9741e+000 -1.3769e+000 +1.9376e+000 -3.4340e-002 +4.1839e+000
2610 +9.283711570e+000 +9.283711570e+000 -1.336962884e+002 -1.336962884e+002 -5.4911e+000 -2.2093e-002 +5.2543e+000 +3.2745e+000 -3.8464e+000 -2.0430e+000 -1.5692e+000 +2.2093e+000 +1.6030e-001 +4.5106e+000
3318 +5.185201064e+000 +5.185201064e+000 -1.377947989e+002 -1.377947989e+002 -5.5763e+000 -2.4189e-001 +5.0854e+000 +3.4397e+000 -3.4479e+000 -2.1974e+000 -1.4971e+000 +2.4113e+000 +2.4954e-001 +4.5555e+000
5760 +3.923804849e+000 +3.923804849e+000 -1.390561952e+002 -1.390561952e+002 -5.5415e+000 -2.3387e-001 +5.1217e+000 +3.4125e+000 -3.4670e+000 -2.1799e+000 -1.4974e+000 +2.4658e+000 +2.6565e-001 +4.5708e+000
% function evaluation | noise-free fitness - Fopt (2.468600000000e+002) | best noise-free fitness - Fopt | measured fitness | best measured fitness | x1 | x2...
1 +6.717994765e+001 +6.717994765e+001 +3.140399476e+002 +3.140399476e+002 -8.0382e-001 -3.1748e+000 +4.3546e+000 -2.5436e+000 -3.2701e+000 +1.3042e+000 -3.2261e+000 -1.2321e+000 -4.7308e+000 +3.5573e+000
3 +3.630885905e+001 +3.630885905e+001 +2.831688591e+002 +2.831688591e+002 +2.6264e+000 -5.1998e-001 -3.7479e+000 +6.7648e-001 +3.8201e-001 -3.5158e+000 +2.9709e+000 -2.6055e+000 +3.7257e+000 -2.8943e+000
139 +2.348486611e+001 +2.348486611e+001 +2.703448661e+002 +2.703448661e+002 +1.4004e+000 -2.3389e+000 -2.9354e+000 -1.0776e+000 +1.3605e+000 -5.3635e+000 +2.8057e+000 -5.7625e+000 +1.8982e+000 +2.0452e+000
1090 +1.485436037e+001 +1.485436037e+001 +2.617143604e+002 +2.617143604e+002 -3.7805e+000 +4.0743e+000 -2.1740e+000 -5.0183e+000 +6.3086e+000 -1.9233e+000 -2.8532e+000 +1.9261e+000 +2.7262e+000 -4.8973e-001
2797 +9.495369350e+000 +9.495369350e+000 +2.563553693e+002 +2.563553693e+002 -2.2760e+000 +2.4081e+000 -1.2237e+000 -4.0905e+000 +5.2466e+000 -2.5979e+000 -2.8049e+000 +1.7967e+000 +2.9389e+000 +3.9041e-001
3540 +5.508507437e+000 +5.508507437e+000 +2.523685074e+002 +2.523685074e+002 -2.6144e+000 +2.0910e+000 -2.3015e+000 -3.3735e+000 +5.4891e+000 -4.7747e-001 -2.7631e+000 +9.4159e-001 +2.5290e+000 +6.4823e-001
3946 +3.137571854e+000 +3.137571854e+000 +2.499975719e+002 +2.499975719e+002 -2.6904e+000 +2.4000e+000 -1.8776e+000 -3.7033e+000 +5.5477e+000 -1.4106e+000 -2.7354e+000 +1.1714e+000 +2.6465e+000 +4.4946e-001
4284 +2.336906726e+000 +2.336906726e+000 +2.491969067e+002 +2.491969067e+002 -2.6956e+000 +2.4411e+000 -1.7423e+000 -3.7561e+000 +5.5442e+000 -1.6319e+000 -2.7107e+000 +1.2312e+000 +2.7117e+000 +4.1450e-001
5448 +1.547734334e+000 +1.547734334e+000 +2.484077343e+002 +2.484077343e+002 -2.7898e+000 +2.4444e+000 -1.6746e+000 -3.7239e+000 +5.6647e+000 -1.5346e+000 -2.7126e+000 +1.2324e+000 +2.8787e+000 +3.5374e-001
6223 +9.464924693e-001 +9.464924693e-001 +2.478064925e+002 +2.478064925e+002 -2.7275e+000 +2.3999e+000 -1.5360e+000 -3.7334e+000 +5.6326e+000 -1.4828e+000 -2.7143e+000 +1.2359e+000 +3.1009e+000 +3.4806e-001
7203 +5.984169587e-001 +5.984169587e-001 +2.474584170e+002 +2.474584170e+002 -2.7475e+000 +2.3824e+000 -1.4206e+000 -3.6916e+000 +5.6081e+000 -1.4956e+000 -2.8124e+000 +1.2387e+000 +3.0739e+000 +3.5441e-001
% function evaluation | noise-free fitness - Fopt (1.392300000000e+002) | best noise-free fitness - Fopt | measured fitness | best measured fitness | x1 | x2...
1 +1.200420143e+002 +1.200420143e+002 +2.592720143e+002 +2.592720143e+002 +4.4712e+000 +4.9632e+000 -1.9714e+000 +3.5951e+000 +1.7544e+000 +2.6467e+000 -3.1376e-001 -1.2092e+000 +6.2430e-001 -1.4041e+000
3 +9.402146743e+001 +9.402146743e+001 +2.332514674e+002 +2.332514674e+002 +3.7777e+000 -3.7536e+000 -3.9867e-001 +3.4613e+000 +3.8773e+000 -4.8750e+000 +4.7229e+000 +3.8245e+000 +1.7680e+000 -1.0205e+000
8 +3.825020335e+001 +3.825020335e+001 +1.774802033e+002 +1.774802033e+002 -2.2895e+000 +1.9261e+000 -3.3441e+000 +3.4669e+000 -8.1627e-001 -3.4002e+000 +3.6591e-001 +3.8676e+000 +3.6333e+000 -3.3256e+000
70 +1.727344127e+001 +1.727344127e+001 +1.565034413e+002 +1.565034413e+002 -3.5339e+000 +5.1712e+000 +3.7479e+000 +2.3083e+000 +4.7267e+000 -1.2194e+000 -2.5629e+000 -1.8917e-001 -3.3287e+000 +1.0724e+000
1524 +1.027923188e+001 +1.027923188e+001 +1.495092319e+002 +1.495092319e+002 -3.5696e+000 +5.1129e+000 +3.8302e+000 +2.4336e+000 +4.5434e+000 -1.7579e+000 -2.6743e+000 -1.1483e-001 -3.8450e+000 +1.1163e+000
2167 +9.983249425e+000 +9.983249425e+000 +1.492132494e+002 +1.492132494e+002 -3.6061e+000 +5.1278e+000 +3.8178e+000 +2.5198e+000 +4.6489e+000 -1.4936e+000 -2.6779e+000 -2.6403e-002 -3.8066e+000 +1.1750e+000
8595 +6.293405967e+000 +6.293405967e+000 +1.455234060e+002 +1.455234060e+002 -3.6323e+000 +5.1398e+000 +3.7974e+000 +2.5145e+000 +4.6932e+000 -1.4471e+000 -2.6798e+000 -9.3222e-003 -3.7950e+000 +1.2036e+000
% function evaluation | noise-free fitness - Fopt (-1.838000000000e+001) | best noise-free fitness - Fopt | measured fitness | best measured fitness | x1 | x2...
1 +4.433705904e+001 +4.433705904e+001 +2.595705904e+001 +2.595705904e+001 +2.1150e+000 -3.3842e+000 +3.5800e+000 +1.7072e+000 +3.3764e+000 +4.4604e+000 +4.9603e+000 +4.7928e+000 +4.9540e+000 +2.9255e+000
9 +2.223353200e+001 +2.223353200e+001 +3.853532002e+000 +3.853532002e+000 +3.3497e+000 -3.1914e-001 -4.4952e+000 -1.4065e+000 +3.2805e+000 +1.9538e+000 +2.9184e+000 +2.0771e+000 -1.5347e+000 +3.4061e+000
2072 +1.308537775e+001 +1.308537775e+001 -5.294622253e+000 -5.294622253e+000 -1.2888e+000 -2.0982e+000 +3.8434e+000 -5.5915e+000 +3.1040e+000 +1.3660e+000 -1.4485e+000 +2.3940e+000 +8.6141e-001 +2.0015e+000
2098 +8.123025532e+000 +8.123025532e+000 -1.025697447e+001 -1.025697447e+001 -1.1828e+000 -1.9358e+000 +3.4829e+000 -5.4164e+000 +3.0030e+000 +1.3730e+000 -1.4813e+000 +2.3154e+000 +7.4375e-001 +2.0156e+000
2402 +6.301488248e+000 +6.301488248e+000 -1.207851175e+001 -1.207851175e+001 -1.1740e+000 -1.9501e+000 +3.5285e+000 -5.4310e+000 +2.9997e+000 +1.3751e+000 -1.4298e+000 +2.3225e+000 +7.5933e-001 +2.0383e+000
4919 +3.972496617e+000 +3.972496617e+000 -1.440750338e+001 -1.440750338e+001 -1.1880e+000 -1.9951e+000 +3.5987e+000 -5.4341e+000 +2.9617e+000 +1.3676e+000 -1.4289e+000 +2.2872e+000 +7.5279e-001 +2.0662e+000
7642 +2.509358524e+000 +2.509358524e+000 -1.587064148e+001 -1.587064148e+001 -1.1937e+000 -1.9855e+000 +3.5469e+000 -5.3333e+000 +2.9845e+000 +1.3730e+000 -1.3985e+000 +2.2891e+000 +7.6626e-001 +2.0617e+000
% function evaluation | noise-free fitness - Fopt (-3.928400000000e+002) | best noise-free fitness - Fopt | measured fitness | best measured fitness | x1 | x2...
1 +5.297207964e+001 +5.297207964e+001 -3.398679204e+002 -3.398679204e+002 -2.4062e+000 +4.6720e+000 -1.2745e+000 -4.1372e-001 -1.2244e+000 +1.7822e+000 +3.6858e+000 -4.7327e+000 -1.3962e+000 +2.5334e+000
8 +3.297718653e+001 +3.297718653e+001 -3.598628135e+002 -3.598628135e+002 -2.9976e+000 +1.4971e+000 -2.2435e+000 +9.8675e-001 -1.8682e+000 -3.6431e+000 +8.5781e-001 +2.0277e+000 -3.4474e+000 -4.2414e+000
325 +2.269969362e+001 +2.269969362e+001 -3.701403064e+002 -3.701403064e+002 +1.3659e+000 +1.3688e+000 -2.9693e+000 +2.4873e+000 +2.4924e+000 +6.1062e+000 -4.5775e+000 +2.3743e+000 +2.8772e+000 +2.3050e+000
3654 +1.581324742e+001 +1.581324742e+001 -3.770267526e+002 -3.770267526e+002 +1.0049e+000 -7.2227e-001 +2.6834e+000 -2.8130e+000 +1.9430e+000 -1.9517e+000 -3.5900e+000 -1.2473e+000 +4.8641e+000 +2.6350e+000
13369 +8.865227610e+000 +8.865227610e+000 -3.839747724e+002 -3.839747724e+002 +1.9700e+000 -3.0803e-002 +1.9939e+000 +8.5352e-001 +1.5979e+000 -4.3496e+000 +3.1320e-001 -2.5524e+000 +4.0282e-001 +1.0312e+000
19340 +6.299714214e+000 +6.299714214e+000 -3.865402858e+002 -3.865402858e+002 +2.0238e+000 -2.2982e-002 +1.9891e+000 +8.5019e-001 +1.6028e+000 -4.4285e+000 +3.2710e-001 -2.5415e+000 +4.7069e-001 +1.0603e+000
% function evaluation | noise-free fitness - Fopt (2.292200000000e+002) | best noise-free fitness - Fopt | measured fitness | best measured fitness | x1 | x2...
1 +1.346672770e+002 +1.346672770e+002 +3.638872770e+002 +3.638872770e+002 -4.6284e+000 +4.2911e+000 +2.0915e+000 +3.6322e-001 +1.5287e-001 -4.9239e-001 +2.2217e+000 -1.6337e+000 +1.8358e+000 +1.5312e+000
3 +4.939695617e+001 +4.939695617e+001 +2.786169562e+002 +2.786169562e+002 +1.7685e+000 +3.1257e+000 -2.0749e+000 -2.6714e+000 -2.9892e+000 -4.6487e+000 -1.7446e+000 -3.5567e+000 +1.2322e+000 -4.3135e+000
7 +2.917828207e+001 +2.917828207e+001 +2.583982821e+002 +2.583982821e+002 +4.5437e+000 +2.5309e+000 +1.1897e-001 +3.0054e+000 -4.4591e+000 -2.4292e+000 -1.2399e+000 +1.0181e+000 -1.7931e+000 +2.6926e+000
24 +1.597191605e+001 +1.597191605e+001 +2.451919161e+002 +2.451919161e+002 -2.2609e+000 -4.2852e+000 +2.4224e+000 +1.3273e+000 +6.8351e-001 +4.8871e+000 -2.8040e+000 -9.7238e-002 -4.2753e+000 +1.3077e+000
728 +1.353145878e+001 +1.353145878e+001 +2.427514588e+002 +2.427514588e+002 -2.1743e+000 -4.3586e+000 +2.3371e+000 +1.2286e+000 +7.7210e-001 +4.7789e+000 -2.7317e+000 -1.3054e-001 -4.4004e+000 +1.3325e+000
4532 +9.714882493e+000 +9.714882493e+000 +2.389348825e+002 +2.389348825e+002 -2.6924e+000 +4.9877e+000 +4.1487e+000 +7.1291e-001 +1.0832e+000 +5.4493e+000 -3.6766e+000 +3.6338e-001 -5.0469e+000 +1.5456e+000
7768 +6.239703476e+000 +6.239703476e+000 +2.354597035e+002 +2.354597035e+002 -2.6538e+000 +5.0483e+000 +4.1250e+000 +6.6919e-001 +1.0896e+000 +5.4616e+000 -3.6583e+000 +4.1758e-001 -5.0408e+000 +1.5473e+000
% function evaluation | noise-free fitness - Fopt (-2.444600000000e+002) | best noise-free fitness - Fopt | measured fitness | best measured fitness | x1 | x2...
1 +1.355006475e+002 +1.355006475e+002 -1.089593525e+002 -1.089593525e+002 -1.0046e+000 +3.0217e+000 -2.1188e+000 -5.1655e-001 -3.6860e+000 -2.6562e+000 -4.0357e+000 -4.5929e-001 +2.1749e+000 +2.6526e+000
3 +7.968093742e+001 +7.968093742e+001 -1.647790626e+002 -1.647790626e+002 +2.4804e+000 +2.1940e+000 +9.6770e-001 +2.6978e+000 -2.7071e+000 +4.5176e+000 +1.1014e+000 +9.8150e-001 +4.3099e+000 +4.4870e+000
8 +5.902221491e+001 +5.902221491e+001 -1.854377851e+002 -1.854377851e+002 -2.6988e+000 +4.3110e+000 +3.6798e+000 +9.0335e-001 -4.8346e+000 +1.4223e+000 +1.1665e+000 -2.2930e+000 -9.3720e-001 +4.8058e+000
9 +1.791668434e+001 +1.791668434e+001 -2.265433157e+002 -2.265433157e+002 +1.9751e+000 -3.2683e+000 +2.5261e-001 +4.6223e+000 -2.6567e+000 -4.6514e+000 -4.9931e+000 -3.4095e+000 -4.5244e+000 +4.8140e+000
2831 +1.332842600e+001 +1.332842600e+001 -2.311315740e+002 -2.311315740e+002 +5.8578e+000 -4.9552e+000 +1.2464e+000 +6.9926e+000 -9.7472e-001 -4.1615e+000 -5.2616e+000 -1.3134e+000 -2.2599e+000 +3.6825e+000
8386 +9.981911148e+000 +9.981911148e+000 -2.344780889e+002 -2.344780889e+002 +5.8140e+000 -4.9796e+000 +1.2325e+000 +7.0215e+000 -9.8810e-001 -4.2032e+000 -5.3194e+000 -1.3250e+000 -2.2953e+000 +3.7196e+000
