% function evaluation | noise-free fitness - Fopt (-6.211100000000e+002) | best noise-free fitness - Fopt | measured fitness | best measured fitness | x1 | x2...
1 +2.299663520e+010 +2.299663520e+010 +2.299663458e+010 +2.299663458e+010 -1.3947e+000 -4.0128e+000
3 +3.093629472e+008 +3.093629472e+008 +3.093623261e+008 +3.093623261e+008 -4.4034e+000 -1.6013e-001
6 +6.888672561e+006 +6.888672561e+006 +6.888051451e+006 +6.888051451e+006 -4.9093e+000 +2.1940e+000
10 +5.089051361e+006 +5.089051361e+006 +5.088430251e+006 +5.088430251e+006 +2.2985e+000 +2.3604e+000
11 +9.128822877e+005 +9.128822877e+005 +9.122611777e+005 +9.122611777e+005 -1.8929e+000 +4.9417e+000
12 +1.857772468e+005 +1.857772468e+005 +1.851561368e+005 +1.851561368e+005 +3.7498e+000 +4.4453e+000
20 +1.194240458e+004 +1.194240458e+004 +1.132129458e+004 +1.132129458e+004 -4.8598e+000 +4.0807e+000
113 +2.308850856e+003 +2.308850856e+003 +1.687740856e+003 +1.687740856e+003 +2.5941e+000 +3.9447e+000
132 +3.036692225e+002 +3.036692225e+002 -3.174407775e+002 -3.174407775e+002 -9.8749e-002 +4.0126e+000
206 +6.709807719e+001 +6.709807719e+001 -5.540119228e+002 -5.540119228e+002 +1.8510e+000 +4.0126e+000
370 +2.888206996e+001 +2.888206996e+001 -5.922279300e+002 -5.922279300e+002 -6.2409e+000 +3.9598e+000
456 +1.728954882e+001 +1.728954882e+001 -6.038204512e+002 -6.038204512e+002 -4.8310e+000 +3.9671e+000
488 +1.230704221e+001 +1.230704221e+001 -6.088029578e+002 -6.088029578e+002 +5.9906e-001 +3.9954e+000
731 +8.647353393e+000 +8.647353393e+000 -6.124626466e+002 -6.124626466e+002 -6.3365e-001 +3.9892e+000
833 +3.374135005e-001 +3.374135005e-001 -6.207725865e+002 -6.207725865e+002 -6.2908e-001 +3.9920e+000
1780 +1.784169153e-002 +1.784169153e-002 -6.210921583e+002 -6.210921583e+002 -1.0186e+000 +3.9906e+000
2079 +3.778050008e-003 +3.778050008e-003 -6.211062219e+002 -6.211062219e+002 -9.4527e-001 +3.9910e+000
2412 +6.134559248e-004 +6.134559248e-004 -6.211093865e+002 -6.211093865e+002 -9.0033e-001 +3.9911e+000
2635 +7.744967274e-005 +7.744967274e-005 -6.211099226e+002 -6.211099226e+002 -8.8349e-001 +3.9912e+000
2738 +2.600924927e-005 +2.600924927e-005 -6.211099740e+002 -6.211099740e+002 -8.8730e-001 +3.9912e+000
2953 +7.428447930e-006 +7.428447930e-006 -6.211099926e+002 -6.211099926e+002 -8.9434e-001 +3.9912e+000
3613 +3.675232165e-006 +3.675232165e-006 -6.211099963e+002 -6.211099963e+002 -8.9390e-001 +3.9912e+000
3632 +1.189326213e-006 +1.189326213e-006 -6.211099988e+002 -6.211099988e+002 -8.9251e-001 +3.9912e+000
3810 +7.695221029e-007 +7.695221029e-007 -6.211099992e+002 -6.211099992e+002 -8.9158e-001 +3.9912e+000
3979 +3.942243438e-007 +3.942243438e-007 -6.211099996e+002 -6.211099996e+002 -8.9169e-001 +3.9912e+000
4336 +3.665718395e-008 +3.665718395e-008 -6.211100000e+002 -6.211100000e+002 -8.9184e-001 +3.9912e+000
4541 +1.188186616e-008 +1.188186616e-008 -6.211100000e+002 -6.211100000e+002 -8.9208e-001 +3.9912e+000
4695 +1.849116416e-009 +1.849116416e-009 -6.211100000e+002 -6.211100000e+002 -8.9199e-001 +3.9912e+000
4753 +1.109128789e-009 +1.109128789e-009 -6.211100000e+002 -6.211100000e+002 -8.9203e-001 +3.9912e+000
% function evaluation | noise-free fitness - Fopt (-2.548200000000e+002) | best noise-free fitness - Fopt | measured fitness | best measured fitness | x1 | x2...
1 +1.889296817e+008 +1.889296817e+008 +1.889294268e+008 +1.889294268e+008 -2.0069e+000 +3.5165e+000
5 +1.745177813e+007 +1.745177813e+007 +1.745152331e+007 +1.745152331e+007 +1.6630e+000 +1.6022e+000
7 +2.040359879e+006 +2.040359879e+006 +2.040105059e+006 +2.040105059e+006 +3.1299e+000 +2.3943e+000
18 +1.533744961e+006 +1.533744961e+006 +1.533490141e+006 +1.533490141e+006 +4.8082e+000 +4.9992e+000
40 +7.399447915e+005 +7.399447915e+005 +7.396899715e+005 +7.396899715e+005 +4.3518e+000 +4.6210e+000
55 +1.799790711e+004 +1.799790711e+004 +1.774308711e+004 +1.774308711e+004 +7.0359e+000 +3.8949e+000
113 +1.485392969e+004 +1.485392969e+004 +1.459910969e+004 +1.459910969e+004 +7.4503e+000 +3.6390e+000
242 +5.864860454e+001 +5.864860454e+001 -1.961713955e+002 -1.961713955e+002 +1.0494e+001 +3.7572e+000
684 +1.283946048e+001 +1.283946048e+001 -2.419805395e+002 -2.419805395e+002 +3.8282e+000 +3.7644e+000
814 +9.734284374e+000 +9.734284374e+000 -2.450857156e+002 -2.450857156e+002 +2.6888e+000 +3.7416e+000
993 +1.625473339e+000 +1.625473339e+000 -2.531945267e+002 -2.531945267e+002 +4.9596e+000 +3.7604e+000
1358 +1.505663715e+000 +1.505663715e+000 -2.533143363e+002 -2.533143363e+002 +3.9812e+000 +3.7596e+000
1385 +4.279563759e-001 +4.279563759e-001 -2.543920436e+002 -2.543920436e+002 +4.3204e+000 +3.7611e+000
1674 +7.284072851e-002 +7.284072851e-002 -2.547471593e+002 -2.547471593e+002 +3.9647e+000 +3.7610e+000
2016 +5.681805735e-002 +5.681805735e-002 -2.547631819e+002 -2.547631819e+002 +3.9723e+000 +3.7607e+000
2176 +2.772332615e-003 +2.772332615e-003 -2.548172277e+002 -2.548172277e+002 +3.7696e+000 +3.7608e+000
2532 +2.437412731e-003 +2.437412731e-003 -2.548175626e+002 -2.548175626e+002 +3.7398e+000 +3.7608e+000
2782 +1.040287209e-003 +1.040287209e-003 -2.548189597e+002 -2.548189597e+002 +3.7370e+000 +3.7606e+000
2965 +2.689177665e-004 +2.689177665e-004 -2.548197311e+002 -2.548197311e+002 +3.7563e+000 +3.7608e+000
3066 +1.679301718e-004 +1.679301718e-004 -2.548198321e+002 -2.548198321e+002 +3.7515e+000 +3.7608e+000
3192 +3.668824050e-005 +3.668824050e-005 -2.548199633e+002 -2.548199633e+002 +3.7426e+000 +3.7608e+000
3489 +9.586771114e-006 +9.586771114e-006 -2.548199904e+002 -2.548199904e+002 +3.7416e+000 +3.7608e+000
3727 +4.866682474e-006 +4.866682474e-006 -2.548199951e+002 -2.548199951e+002 +3.7408e+000 +3.7608e+000
3810 +3.524493025e-006 +3.524493025e-006 -2.548199965e+002 -2.548199965e+002 +3.7408e+000 +3.7608e+000
3890 +2.058808946e-006 +2.058808946e-006 -2.548199979e+002 -2.548199979e+002 +3.7412e+000 +3.7608e+000
4187 +1.071667015e-006 +1.071667015e-006 -2.548199989e+002 -2.548199989e+002 +3.7417e+000 +3.7608e+000
4227 +5.005484525e-007 +5.005484525e-007 -2.548199995e+002 -2.548199995e+002 +3.7408e+000 +3.7608e+000
4329 +2.318990653e-007 +2.318990653e-007 -2.548199998e+002 -2.548199998e+002 +3.7411e+000 +3.7608e+000
4689 +1.017646696e-007 +1.017646696e-007 -2.548199999e+002 -2.548199999e+002 +3.7407e+000 +3.7608e+000
5019 +7.755298270e-008 +7.755298270e-008 -2.548199999e+002 -2.548199999e+002 +3.7407e+000 +3.7608e+000
5056 +4.789703212e-008 +4.789703212e-008 -2.548200000e+002 -2.548200000e+002 +3.7410e+000 +3.7608e+000
5282 +1.533254590e-008 +1.533254590e-008 -2.548200000e+002 -2.548200000e+002 +3.7408e+000 +3.7608e+000
5445 +6.789122153e-009 +6.789122153e-009 -2.548200000e+002 -2.548200000e+002 +3.7408e+000 +3.7608e+000
% function evaluation | noise-free fitness - Fopt (5.661000000000e+001) | best noise-free fitness - Fopt | measured fitness | best measured fitness | x1 | x2...
1 +6.228861040e+006 +6.228861040e+006 +6.228917650e+006 +6.228917650e+006 +3.7928e+000 -4.9494e+000
8 +1.017001214e+006 +1.017001214e+006 +1.017057824e+006 +1.017057824e+006 -2.6954e+000 -1.8073e+000
12 +3.292030150e+005 +3.292030150e+005 +3.292596250e+005 +3.292596250e+005 -2.8096e+000 -2.2353e+000
55 +8.006728714e+004 +8.006728714e+004 +8.012389714e+004 +8.012389714e+004 -5.5092e+000 -1.2522e+000
73 +2.045267423e+003 +2.045267423e+003 +2.101877423e+003 +2.101877423e+003 +1.7628e-001 -5.2812e+000
100 +4.563219686e+001 +4.563219686e+001 +1.022421969e+002 +1.022421969e+002 -3.1000e-001 -4.9749e+000
536 +3.863500930e+001 +3.863500930e+001 +9.524500930e+001 +9.524500930e+001 +1.0999e+000 -6.0387e+000
866 +8.357862988e+000 +8.357862988e+000 +6.496786299e+001 +6.496786299e+001 -4.3206e+000 -1.8252e+000
947 +1.179664636e-001 +1.179664636e-001 +5.672796646e+001 +5.672796646e+001 -4.1056e+000 -2.0309e+000
2204 +5.370776580e-002 +5.370776580e-002 +5.666370777e+001 +5.666370777e+001 -3.9868e+000 -2.1487e+000
2578 +1.720852074e-002 +1.720852074e-002 +5.662720852e+001 +5.662720852e+001 -3.9175e+000 -2.2182e+000
2826 +1.258421282e-002 +1.258421282e-002 +5.662258421e+001 +5.662258421e+001 -3.9004e+000 -2.2351e+000
3018 +5.523695853e-003 +5.523695853e-003 +5.661552370e+001 +5.661552370e+001 -3.9010e+000 -2.2342e+000
3437 +2.759278832e-003 +2.759278832e-003 +5.661275928e+001 +5.661275928e+001 -3.8832e+000 -2.2517e+000
3638 +2.205356299e-003 +2.205356299e-003 +5.661220536e+001 +5.661220536e+001 -3.8815e+000 -2.2533e+000
3734 +1.190025654e-003 +1.190025654e-003 +5.661119003e+001 +5.661119003e+001 -3.8777e+000 -2.2569e+000
4122 +9.589723965e-004 +9.589723965e-004 +5.661095897e+001 +5.661095897e+001 -3.8750e+000 -2.2595e+000
4695 +4.954128553e-004 +4.954128553e-004 +5.661049541e+001 +5.661049541e+001 -3.8648e+000 -2.2689e+000
4732 +3.830266368e-004 +3.830266368e-004 +5.661038303e+001 +5.661038303e+001 -3.8658e+000 -2.2680e+000
5593 +1.988636349e-004 +1.988636349e-004 +5.661019886e+001 +5.661019886e+001 -3.8618e+000 -2.2717e+000
5886 +1.507278392e-004 +1.507278392e-004 +5.661015073e+001 +5.661015073e+001 -3.8605e+000 -2.2729e+000
6264 +8.669898721e-005 +8.669898721e-005 +5.661008670e+001 +5.661008670e+001 -3.8583e+000 -2.2748e+000
6389 +5.492262699e-005 +5.492262699e-005 +5.661005492e+001 +5.661005492e+001 -3.8570e+000 -2.2759e+000
6654 +3.937327114e-005 +3.937327114e-005 +5.661003937e+001 +5.661003937e+001 -3.8560e+000 -2.2768e+000
6874 +1.456459653e-005 +1.456459653e-005 +5.661001456e+001 +5.661001456e+001 -3.8540e+000 -2.2785e+000
7406 +9.613317019e-006 +9.613317019e-006 +5.661000961e+001 +5.661000961e+001 -3.8533e+000 -2.2791e+000
7738 +5.068233811e-006 +5.068233811e-006 +5.661000507e+001 +5.661000507e+001 -3.8530e+000 -2.2794e+000
7781 +3.948488185e-006 +3.948488185e-006 +5.661000395e+001 +5.661000395e+001 -3.8527e+000 -2.2796e+000
7930 +2.197975697e-006 +2.197975697e-006 +5.661000220e+001 +5.661000220e+001 -3.8521e+000 -2.2800e+000
8490 +1.381413938e-006 +1.381413938e-006 +5.661000138e+001 +5.661000138e+001 -3.8521e+000 -2.2801e+000
8678 +8.973643233e-007 +8.973643233e-007 +5.661000090e+001 +5.661000090e+001 -3.8519e+000 -2.2803e+000
8814 +5.046507923e-007 +5.046507923e-007 +5.661000050e+001 +5.661000050e+001 -3.8517e+000 -2.2804e+000
8981 +3.424691855e-007 +3.424691855e-007 +5.661000034e+001 +5.661000034e+001 -3.8516e+000 -2.2805e+000
9077 +2.240509502e-007 +2.240509502e-007 +5.661000022e+001 +5.661000022e+001 -3.8515e+000 -2.2806e+000
9222 +8.549331199e-008 +8.549331199e-008 +5.661000009e+001 +5.661000009e+001 -3.8512e+000 -2.2808e+000
9271 +6.306064648e-008 +6.306064648e-008 +5.661000006e+001 +5.661000006e+001 -3.8514e+000 -2.2806e+000
9439 +3.938246351e-008 +3.938246351e-008 +5.661000004e+001 +5.661000004e+001 -3.8513e+000 -2.2807e+000
10122 +1.300496422e-008 +1.300496422e-008 +5.661000001e+001 +5.661000001e+001 -3.8512e+000 -2.2808e+000
10216 +6.697199240e-009 +6.697199240e-009 +5.661000001e+001 +5.661000001e+001 -3.8512e+000 -2.2808e+000
% function evaluation | noise-free fitness - Fopt (-1.810000000000e+001) | best noise-free fitness - Fopt | measured fitness | best measured fitness | x1 | x2...
1 +6.848704188e+005 +6.848704188e+005 +6.848523188e+005 +6.848523188e+005 -2.3217e+000 +3.1481e-001
7 +1.898375000e+003 +1.898375000e+003 +1.880275000e+003 +1.880275000e+003 +4.0173e-001 +4.5248e-001
104 +3.486739702e+001 +3.486739702e+001 +1.676739702e+001 +1.676739702e+001 +2.6689e+000 -3.5307e-003
725 +2.136975771e+001 +2.136975771e+001 +3.269757706e+000 +3.269757706e+000 +3.8996e+000 -2.6774e-001
1017 +3.709389191e+000 +3.709389191e+000 -1.439061081e+001 -1.439061081e+001 +9.9531e-001 +3.6628e-001
1250 +2.371731702e-001 +2.371731702e-001 -1.786282683e+001 -1.786282683e+001 -5.6254e-001 +7.0737e-001
1710 +6.330497736e-002 +6.330497736e-002 -1.803669502e+001 -1.803669502e+001 -6.7029e-001 +7.2987e-001
2232 +3.360227221e-002 +3.360227221e-002 -1.806639773e+001 -1.806639773e+001 -6.8813e-001 +7.3304e-001
2494 +1.268193367e-002 +1.268193367e-002 -1.808731807e+001 -1.808731807e+001 -6.7478e-001 +7.3033e-001
2899 +4.334778193e-003 +4.334778193e-003 -1.809566522e+001 -1.809566522e+001 -6.7832e-001 +7.3113e-001
2995 +2.963450088e-003 +2.963450088e-003 -1.809703655e+001 -1.809703655e+001 -6.7205e-001 +7.2990e-001
3220 +7.912601901e-004 +7.912601901e-004 -1.809920874e+001 -1.809920874e+001 -6.4273e-001 +7.2459e-001
3315 +4.577280252e-004 +4.577280252e-004 -1.809954227e+001 -1.809954227e+001 -6.3428e-001 +7.2299e-001
3620 +2.445990588e-005 +2.445990588e-005 -1.809997554e+001 -1.809997554e+001 -6.1794e-001 +7.1992e-001
4329 +1.375222591e-005 +1.375222591e-005 -1.809998625e+001 -1.809998625e+001 -6.1633e-001 +7.1959e-001
4383 +2.918064020e-006 +2.918064020e-006 -1.809999708e+001 -1.809999708e+001 -6.1624e-001 +7.1958e-001
4481 +1.559954626e-006 +1.559954626e-006 -1.809999844e+001 -1.809999844e+001 -6.1515e-001 +7.1936e-001
5788 +6.919301363e-007 +6.919301363e-007 -1.809999931e+001 -1.809999931e+001 -6.1361e-001 +7.1903e-001
5803 +5.801816840e-007 +5.801816840e-007 -1.809999942e+001 -1.809999942e+001 -6.1369e-001 +7.1904e-001
5992 +3.400923561e-007 +3.400923561e-007 -1.809999966e+001 -1.809999966e+001 -6.1397e-001 +7.1910e-001
6228 +2.426627219e-007 +2.426627219e-007 -1.809999976e+001 -1.809999976e+001 -6.1406e-001 +7.1913e-001
6474 +9.046883420e-008 +9.046883420e-008 -1.809999991e+001 -1.809999991e+001 -6.1413e-001 +7.1914e-001
6708 +4.122790997e-008 +4.122790997e-008 -1.809999996e+001 -1.809999996e+001 -6.1420e-001 +7.1916e-001
6745 +1.277581063e-008 +1.277581063e-008 -1.809999999e+001 -1.809999999e+001 -6.1441e-001 +7.1920e-001
6763 +7.266073965e-009 +7.266073965e-009 -1.809999999e+001 -1.809999999e+001 -6.1432e-001 +7.1918e-001
% function evaluation | noise-free fitness - Fopt (3.777000000000e+001) | best noise-free fitness - Fopt | measured fitness | best measured fitness | x1 | x2...
1 +2.213443072e+007 +2.213443072e+007 +2.213446849e+007 +2.213446849e+007 +4.6732e+000 -2.6069e+000
3 +9.247382037e+005 +9.247382037e+005 +9.247759737e+005 +9.247759737e+005 -3.3035e+000 +1.0976e+000
5 +1.020430754e+005 +1.020430754e+005 +1.020808454e+005 +1.020808454e+005 -4.0618e+000 +1.7398e+000
10 +2.876787524e+003 +2.876787524e+003 +2.914557524e+003 +2.914557524e+003 -6.1274e-001 +2.1769e+000
54 +1.234957471e+003 +1.234957471e+003 +1.272727471e+003 +1.272727471e+003 -3.8317e+000 +2.0242e+000
218 +8.440168076e+002 +8.440168076e+002 +8.817868076e+002 +8.817868076e+002 -1.5894e+000 +2.0882e+000
226 +5.517277088e+002 +5.517277088e+002 +5.894977088e+002 +5.894977088e+002 +1.2426e+000 +1.8316e+000
434 +3.153896032e+001 +3.153896032e+001 +6.930896032e+001 +6.930896032e+001 -5.4963e+000 +2.0625e+000
598 +1.383384374e+001 +1.383384374e+001 +5.160384374e+001 +5.160384374e+001 +8.3167e-001 +1.9548e+000
707 +5.477790127e+000 +5.477790127e+000 +4.324779013e+001 +4.324779013e+001 -2.6788e+000 +2.0608e+000
968 +2.565173306e+000 +2.565173306e+000 +4.033517331e+001 +4.033517331e+001 -1.9004e+000 +2.0579e+000
991 +1.270998956e+000 +1.270998956e+000 +3.904099896e+001 +3.904099896e+001 -1.4099e+000 +2.0602e+000
1226 +9.325273472e-002 +9.325273472e-002 +3.786325273e+001 +3.786325273e+001 -1.0694e+000 +2.0595e+000
1394 +4.130706346e-003 +4.130706346e-003 +3.777413071e+001 +3.777413071e+001 -1.0334e+000 +2.0592e+000
1898 +2.185133830e-003 +2.185133830e-003 +3.777218513e+001 +3.777218513e+001 -1.0230e+000 +2.0592e+000
2303 +1.394786369e-003 +1.394786369e-003 +3.777139479e+001 +3.777139479e+001 -1.0083e+000 +2.0592e+000
2310 +2.655300353e-004 +2.655300353e-004 +3.777026553e+001 +3.777026553e+001 -9.7992e-001 +2.0592e+000
2470 +1.028764141e-004 +1.028764141e-004 +3.777010288e+001 +3.777010288e+001 -9.8826e-001 +2.0592e+000
2561 +1.307267938e-005 +1.307267938e-005 +3.777001307e+001 +3.777001307e+001 -9.8211e-001 +2.0592e+000
2990 +2.101665814e-006 +2.101665814e-006 +3.777000210e+001 +3.777000210e+001 -9.7992e-001 +2.0592e+000
3497 +6.562493269e-007 +6.562493269e-007 +3.777000066e+001 +3.777000066e+001 -9.7992e-001 +2.0592e+000
3800 +3.131363471e-007 +3.131363471e-007 +3.777000031e+001 +3.777000031e+001 -9.7973e-001 +2.0592e+000
3820 +1.656152193e-007 +1.656152193e-007 +3.777000017e+001 +3.777000017e+001 -9.7946e-001 +2.0592e+000
3828 +8.597849899e-008 +8.597849899e-008 +3.777000009e+001 +3.777000009e+001 -9.7920e-001 +2.0592e+000
4148 +1.568985653e-008 +1.568985653e-008 +3.777000002e+001 +3.777000002e+001 -9.7927e-001 +2.0592e+000
4687 +2.950812927e-009 +2.950812927e-009 +3.777000000e+001 +3.777000000e+001 -9.7925e-001 +2.0592e+000
4700 +1.924803428e-009 +1.924803428e-009 +3.777000000e+001 +3.777000000e+001 -9.7920e-001 +2.0592e+000
% function evaluation | noise-free fitness - Fopt (-6.720000000000e+001) | best noise-free fitness - Fopt | measured fitness | best measured fitness | x1 | x2...
1 +2.322509952e+006 +2.322509952e+006 +2.322442752e+006 +2.322442752e+006 +4.5544e+000 -2.8048e+000
13 +1.227549299e+005 +1.227549299e+005 +1.226877299e+005 +1.226877299e+005 +2.1241e+000 -2.5352e+000
28 +4.211472144e+004 +4.211472144e+004 +4.204752144e+004 +4.204752144e+004 +9.9846e-001 -2.8412e+000
42 +3.578749566e+004 +3.578749566e+004 +3.572029566e+004 +3.572029566e+004 -9.3941e-001 -3.6665e+000
102 +1.916465017e+003 +1.916465017e+003 +1.849265017e+003 +1.849265017e+003 +1.5670e+000 -2.4328e+000
170 +4.356100369e+002 +4.356100369e+002 +3.684100369e+002 +3.684100369e+002 -1.4597e+000 -3.8566e+000
171 +5.155146457e+001 +5.155146457e+001 -1.564853543e+001 -1.564853543e+001 +5.2484e+000 -8.7680e-001
651 +3.396962544e+001 +3.396962544e+001 -3.323037456e+001 -3.323037456e+001 +4.7745e+000 -1.0700e+000
981 +1.993186539e+001 +1.993186539e+001 -4.726813461e+001 -4.726813461e+001 +1.8008e+000 -2.2938e+000
1082 +1.275724167e+000 +1.275724167e+000 -6.592427583e+001 -6.592427583e+001 +1.1461e+000 -2.5592e+000
1484 +9.977631979e-001 +9.977631979e-001 -6.620223680e+001 -6.620223680e+001 +1.1731e+000 -2.5474e+000
1615 +2.224437128e-001 +2.224437128e-001 -6.697755629e+001 -6.697755629e+001 +2.9615e-002 -3.0028e+000
1663 +1.038538539e-001 +1.038538539e-001 -6.709614615e+001 -6.709614615e+001 -1.4593e-001 -3.0683e+000
3559 +7.182633273e-005 +7.182633273e-005 -6.719992817e+001 -6.719992817e+001 +2.4911e-001 -2.9274e+000
5134 +2.693128560e-005 +2.693128560e-005 -6.719997307e+001 -6.719997307e+001 +2.4827e-001 -2.9277e+000
5982 +1.072476745e-005 +1.072476745e-005 -6.719998928e+001 -6.719998928e+001 +2.4913e-001 -2.9274e+000
6018 +9.728455439e-006 +9.728455439e-006 -6.719999027e+001 -6.719999027e+001 +2.4858e-001 -2.9276e+000
6118 +2.029989744e-006 +2.029989744e-006 -6.719999797e+001 -6.719999797e+001 +2.4878e-001 -2.9275e+000
6214 +4.799617273e-007 +4.799617273e-007 -6.719999952e+001 -6.719999952e+001 +2.4891e-001 -2.9275e+000
8466 +3.912205813e-007 +3.912205813e-007 -6.719999961e+001 -6.719999961e+001 +2.4899e-001 -2.9274e+000
8630 +2.289056340e-007 +2.289056340e-007 -6.719999977e+001 -6.719999977e+001 +2.4912e-001 -2.9274e+000
8691 +1.340023488e-007 +1.340023488e-007 -6.719999987e+001 -6.719999987e+001 +2.4924e-001 -2.9273e+000
8726 +8.868877899e-008 +8.868877899e-008 -6.719999991e+001 -6.719999991e+001 +2.4931e-001 -2.9273e+000
8939 +3.017437677e-008 +3.017437677e-008 -6.719999997e+001 -6.719999997e+001 +2.4943e-001 -2.9273e+000
9087 +2.194714455e-008 +2.194714455e-008 -6.719999998e+001 -6.719999998e+001 +2.4949e-001 -2.9272e+000
9387 +5.088494959e-009 +5.088494959e-009 -6.719999999e+001 -6.719999999e+001 +2.4958e-001 -2.9272e+000
% function evaluation | noise-free fitness - Fopt (-7.010000000000e+000) | best noise-free fitness - Fopt | measured fitness | best measured fitness | x1 | x2...
1 +1.643635477e+009 +1.643635477e+009 +1.643635470e+009 +1.643635470e+009 -2.7060e+000 -1.7647e+000
3 +1.226557178e+008 +1.226557178e+008 +1.226557108e+008 +1.226557108e+008 +3.2476e+000 +6.2058e-001
4 +1.195800992e+005 +1.195800992e+005 +1.195730892e+005 +1.195730892e+005 -1.5901e+000 +4.0709e+000
34 +3.234406462e+004 +3.234406462e+004 +3.233705462e+004 +3.233705462e+004 -2.9579e+000 +3.7526e+000
47 +3.372725866e+003 +3.372725866e+003 +3.365715866e+003 +3.365715866e+003 -2.5788e+000 +3.6335e+000
176 +2.113007088e+003 +2.113007088e+003 +2.105997088e+003 +2.105997088e+003 -5.8287e-001 +3.7526e+000
198 +9.558979014e+001 +9.558979014e+001 +8.857979014e+001 +8.857979014e+001 -1.9591e+000 +3.6469e+000
409 +1.305583617e+001 +1.305583617e+001 +6.045836167e+000 +6.045836167e+000 -3.5388e+000 +3.4281e+000
853 +8.881498509e+000 +8.881498509e+000 +1.871498509e+000 +1.871498509e+000 +9.3928e-001 +3.9999e+000
869 +4.878622729e+000 +4.878622729e+000 -2.131377271e+000 -2.131377271e+000 -1.1836e+000 +3.7412e+000
1151 +3.042322221e+000 +3.042322221e+000 -3.967677779e+000 -3.967677779e+000 +1.2344e+000 +4.0367e+000
1508 +2.067728698e+000 +2.067728698e+000 -4.942271302e+000 -4.942271302e+000 +2.4481e-001 +3.9245e+000
1542 +5.061965280e-001 +5.061965280e-001 -6.503803472e+000 -6.503803472e+000 +3.6604e-001 +3.9400e+000
1732 +7.356695512e-002 +7.356695512e-002 -6.936433045e+000 -6.936433045e+000 -6.9908e-002 +3.8903e+000
1942 +3.702436245e-002 +3.702436245e-002 -6.972975638e+000 -6.972975638e+000 +5.9142e-002 +3.9052e+000
2402 +1.402350200e-002 +1.402350200e-002 -6.995976498e+000 -6.995976498e+000 +1.1330e-001 +3.9115e+000
2408 +3.778157916e-003 +3.778157916e-003 -7.006221842e+000 -7.006221842e+000 -3.4286e-002 +3.8945e+000
2661 +1.271561943e-004 +1.271561943e-004 -7.009872844e+000 -7.009872844e+000 +1.5539e-002 +3.9005e+000
3544 +6.457956835e-005 +6.457956835e-005 -7.009935420e+000 -7.009935420e+000 +2.6093e-002 +3.9018e+000
3642 +6.049583926e-006 +6.049583926e-006 -7.009993950e+000 -7.009993950e+000 +2.3904e-002 +3.9015e+000
4417 +3.640011214e-006 +3.640011214e-006 -7.009996360e+000 -7.009996360e+000 +2.3249e-002 +3.9014e+000
4593 +2.314484513e-006 +2.314484513e-006 -7.009997686e+000 -7.009997686e+000 +2.3702e-002 +3.9015e+000
4812 +1.264020291e-006 +1.264020291e-006 -7.009998736e+000 -7.009998736e+000 +2.4239e-002 +3.9015e+000
4875 +7.633821504e-007 +7.633821504e-007 -7.009999237e+000 -7.009999237e+000 +2.4305e-002 +3.9015e+000
4912 +3.710412653e-007 +3.710412653e-007 -7.009999629e+000 -7.009999629e+000 +2.4490e-002 +3.9016e+000
5381 +1.373017868e-007 +1.373017868e-007 -7.009999863e+000 -7.009999863e+000 +2.4437e-002 +3.9016e+000
5568 +4.643157325e-008 +4.643157325e-008 -7.009999954e+000 -7.009999954e+000 +2.4661e-002 +3.9016e+000
5809 +2.725216497e-008 +2.725216497e-008 -7.009999973e+000 -7.009999973e+000 +2.4951e-002 +3.9016e+000
6122 +1.224791202e-008 +1.224791202e-008 -7.009999988e+000 -7.009999988e+000 +2.4910e-002 +3.9016e+000
6218 +6.501994498e-009 +6.501994498e-009 -7.009999993e+000 -7.009999993e+000 +2.4871e-002 +3.9016e+000
6274 +5.460447206e-009 +5.460447206e-009 -7.009999995e+000 -7.009999995e+000 +2.4872e-002 +3.9016e+000
% function evaluation | noise-free fitness - Fopt (-1.297300000000e+002) | best noise-free fitness - Fopt | measured fitness | best measured fitness | x1 | x2...
1 +2.772870657e+006 +2.772870657e+006 +2.772740927e+006 +2.772740927e+006 -4.1261e+000 -2.4533e+000
7 +5.514848993e+003 +5.514848993e+003 +5.385118993e+003 +5.385118993e+003 -4.0974e+000 -4.1922e+000
51 +2.444404878e+002 +2.444404878e+002 +1.147104878e+002 +1.147104878e+002 -4.7389e+000 -4.1225e+000
63 +1.099602299e+001 +1.099602299e+001 -1.187339770e+002 -1.187339770e+002 +3.5834e+000 -3.9087e+000
276 +9.019837827e+000 +9.019837827e+000 -1.207101622e+002 -1.207101622e+002 +5.7666e+000 -3.8388e+000
885 +8.869135737e-001 +8.869135737e-001 -1.288430864e+002 -1.288430864e+002 +4.5916e+000 -3.8855e+000
1591 +4.252570621e-001 +4.252570621e-001 -1.293047429e+002 -1.293047429e+002 +4.5503e+000 -3.8876e+000
1634 +2.783775368e-001 +2.783775368e-001 -1.294516225e+002 -1.294516225e+002 +3.8366e+000 -3.9057e+000
1874 +4.837659340e-002 +4.837659340e-002 -1.296816234e+002 -1.296816234e+002 +3.8021e+000 -3.9064e+000
2095 +1.671271340e-002 +1.671271340e-002 -1.297132873e+002 -1.297132873e+002 +3.9163e+000 -3.9032e+000
2255 +1.322827061e-002 +1.322827061e-002 -1.297167717e+002 -1.297167717e+002 +3.7633e+000 -3.9071e+000
3032 +8.322863614e-003 +8.322863614e-003 -1.297216771e+002 -1.297216771e+002 +3.7641e+000 -3.9072e+000
3049 +2.794974048e-003 +2.794974048e-003 -1.297272050e+002 -1.297272050e+002 +3.8575e+000 -3.9046e+000
3265 +1.517754003e-003 +1.517754003e-003 -1.297284822e+002 -1.297284822e+002 +3.8373e+000 -3.9052e+000
3538 +2.516684785e-004 +2.516684785e-004 -1.297297483e+002 -1.297297483e+002 +3.8383e+000 -3.9052e+000
3761 +2.714845408e-006 +2.714845408e-006 -1.297299973e+002 -1.297299973e+002 +3.8538e+000 -3.9048e+000
4677 +1.113403727e-006 +1.113403727e-006 -1.297299989e+002 -1.297299989e+002 +3.8530e+000 -3.9048e+000
4741 +3.392915460e-007 +3.392915460e-007 -1.297299997e+002 -1.297299997e+002 +3.8516e+000 -3.9048e+000
5214 +1.968853951e-007 +1.968853951e-007 -1.297299998e+002 -1.297299998e+002 +3.8521e+000 -3.9048e+000
5216 +1.158179828e-007 +1.158179828e-007 -1.297299999e+002 -1.297299999e+002 +3.8518e+000 -3.9048e+000
5255 +3.267166448e-008 +3.267166448e-008 -1.297300000e+002 -1.297300000e+002 +3.8522e+000 -3.9048e+000
5469 +4.565407608e-009 +4.565407608e-009 -1.297300000e+002 -1.297300000e+002 +3.8520e+000 -3.9048e+000
% function evaluation | noise-free fitness - Fopt (1.000000000000e+003) | best noise-free fitness - Fopt | measured fitness | best measured fitness | x1 | x2...
1 +7.089337982e+005 +7.089337982e+005 +7.099337982e+005 +7.099337982e+005 -3.9463e-001 -6.7049e-001
5 +1.803202287e+005 +1.803202287e+005 +1.813202287e+005 +1.813202287e+005 +2.7329e+000 -1.9779e+000
47 +1.028058442e+005 +1.028058442e+005 +1.038058442e+005 +1.038058442e+005 -4.1575e+000 +3.0875e+000
49 +2.873161480e+004 +2.873161480e+004 +2.973161480e+004 +2.973161480e+004 +2.4344e+000 -2.0792e+000
107 +2.292420402e+003 +2.292420402e+003 +3.292420402e+003 +3.292420402e+003 -3.9292e+000 +3.2450e+000
121 +6.625358449e+002 +6.625358449e+002 +1.662535845e+003 +1.662535845e+003 -1.8875e+000 +1.1716e+000
195 +2.336441929e+002 +2.336441929e+002 +1.233644193e+003 +1.233644193e+003 -1.5605e+000 +8.3660e-001
349 +2.258613336e+001 +2.258613336e+001 +1.022586133e+003 +1.022586133e+003 +9.0062e-001 -1.0351e+000
940 +9.416517756e-001 +9.416517756e-001 +1.000941652e+003 +1.000941652e+003 -1.9687e+000 +1.2168e+000
2412 +5.441085741e-001 +5.441085741e-001 +1.000544109e+003 +1.000544109e+003 -2.1037e+000 +1.3634e+000
3102 +3.543589314e-001 +3.543589314e-001 +1.000354359e+003 +1.000354359e+003 -2.2031e+000 +1.4771e+000
3551 +2.377707349e-001 +2.377707349e-001 +1.000237771e+003 +1.000237771e+003 -2.2743e+000 +1.5626e+000
4109 +1.495768278e-001 +1.495768278e-001 +1.000149577e+003 +1.000149577e+003 -2.3413e+000 +1.6462e+000
4813 +8.438768934e-002 +8.438768934e-002 +1.000084388e+003 +1.000084388e+003 -2.4034e+000 +1.7269e+000
5302 +6.278113840e-002 +6.278113840e-002 +1.000062781e+003 +1.000062781e+003 -2.4311e+000 +1.7642e+000
5444 +3.899063970e-002 +3.899063970e-002 +1.000038991e+003 +1.000038991e+003 -2.4602e+000 +1.8034e+000
5666 +2.340471152e-002 +2.340471152e-002 +1.000023405e+003 +1.000023405e+003 -2.5141e+000 +1.8772e+000
5765 +7.116741125e-003 +7.116741125e-003 +1.000007117e+003 +1.000007117e+003 -2.5337e+000 +1.9043e+000
5925 +3.568720153e-003 +3.568720153e-003 +1.000003569e+003 +1.000003569e+003 -2.5573e+000 +1.9364e+000
6310 +3.821276092e-004 +3.821276092e-004 +1.000000382e+003 +1.000000382e+003 -2.5741e+000 +1.9581e+000
8655 +2.466001470e-004 +2.466001470e-004 +1.000000247e+003 +1.000000247e+003 -2.5769e+000 +1.9616e+000
9231 +1.315653785e-004 +1.315653785e-004 +1.000000132e+003 +1.000000132e+003 -2.5795e+000 +1.9647e+000
9510 +3.904201276e-005 +3.904201276e-005 +1.000000039e+003 +1.000000039e+003 -2.5836e+000 +1.9696e+000
9537 +1.851980767e-005 +1.851980767e-005 +1.000000019e+003 +1.000000019e+003 -2.5845e+000 +1.9706e+000
9824 +1.107761557e-005 +1.107761557e-005 +1.000000011e+003 +1.000000011e+003 -2.5852e+000 +1.9714e+000
10928 +9.063066159e-006 +9.063066159e-006 +1.000000009e+003 +1.000000009e+003 -2.5852e+000 +1.9715e+000
11448 +6.238057381e-006 +6.238057381e-006 +1.000000006e+003 +1.000000006e+003 -2.5855e+000 +1.9717e+000
11719 +3.973265962e-006 +3.973265962e-006 +1.000000004e+003 +1.000000004e+003 -2.5860e+000 +1.9723e+000
12165 +2.314984840e-006 +2.314984840e-006 +1.000000002e+003 +1.000000002e+003 -2.5862e+000 +1.9725e+000
12458 +1.448411467e-006 +1.448411467e-006 +1.000000001e+003 +1.000000001e+003 -2.5864e+000 +1.9728e+000
12702 +9.472342981e-007 +9.472342981e-007 +1.000000001e+003 +1.000000001e+003 -2.5867e+000 +1.9730e+000
12797 +5.556131555e-007 +5.556131555e-007 +1.000000001e+003 +1.000000001e+003 -2.5867e+000 +1.9731e+000
13134 +1.845934321e-007 +1.845934321e-007 +1.000000000e+003 +1.000000000e+003 -2.5869e+000 +1.9733e+000
13301 +3.944899163e-008 +3.944899163e-008 +1.000000000e+003 +1.000000000e+003 -2.5871e+000 +1.9735e+000
13396 +1.822286322e-008 +1.822286322e-008 +1.000000000e+003 +1.000000000e+003 -2.5871e+000 +1.9735e+000
13492 +1.401849659e-008 +1.401849659e-008 +1.000000000e+003 +1.000000000e+003 -2.5872e+000 +1.9736e+000
14573 +7.440007721e-009 +7.440007721e-009 +1.000000000e+003 +1.000000000e+003 -2.5871e+000 +1.9735e+000
14579 +7.761400411e-010 +7.761400411e-010 +1.000000000e+003 +1.000000000e+003 -2.5872e+000 +1.9736e+000
% function evaluation | noise-free fitness - Fopt (-1.152000000000e+002) | best noise-free fitness - Fopt | measured fitness | best measured fitness | x1 | x2...
1 +1.172175126e+007 +1.172175126e+007 +1.172163606e+007 +1.172163606e+007 -3.5068e+000 +9.7596e-001
3 +9.154006763e+006 +9.154006763e+006 +9.153891563e+006 +9.153891563e+006 -8.3167e-001 -2.2826e+000
4 +2.377184250e+006 +2.377184250e+006 +2.377069050e+006 +2.377069050e+006 -4.1278e+000 -4.7070e+000
18 +7.211992798e+005 +7.211992798e+005 +7.210840798e+005 +7.210840798e+005 -2.4029e+000 -3.0216e+000
27 +1.071531840e+005 +1.071531840e+005 +1.070379840e+005 +1.070379840e+005 -4.6839e+000 -1.9952e+000
40 +2.342478823e+004 +2.342478823e+004 +2.330958823e+004 +2.330958823e+004 -2.8486e+000 -3.5131e+000
67 +1.341715258e+004 +1.341715258e+004 +1.330195258e+004 +1.330195258e+004 -2.4879e+000 -4.2436e+000
71 +5.733041718e+003 +5.733041718e+003 +5.617841718e+003 +5.617841718e+003 -8.1147e+000 +1.8111e-001
98 +2.867332041e+003 +2.867332041e+003 +2.752132041e+003 +2.752132041e+003 -5.3396e+000 -1.8580e+000
154 +2.154260757e+003 +2.154260757e+003 +2.039060757e+003 +2.039060757e+003 -3.1428e+000 -3.5324e+000
160 +3.421062017e+001 +3.421062017e+001 -8.098937983e+001 -8.098937983e+001 -2.0016e+000 -4.8582e+000
1196 +6.985589357e+000 +6.985589357e+000 -1.082144106e+002 -1.082144106e+002 -2.2239e+000 -4.4475e+000
1280 +8.575382271e-001 +8.575382271e-001 -1.143424618e+002 -1.143424618e+002 -4.1967e+000 -2.7520e+000
1940 +5.604002951e-001 +5.604002951e-001 -1.146395997e+002 -1.146395997e+002 -4.1967e+000 -2.7528e+000
2634 +7.158507590e-002 +7.158507590e-002 -1.151284149e+002 -1.151284149e+002 -3.6639e+000 -3.1387e+000
3057 +2.335727354e-002 +2.335727354e-002 -1.151766427e+002 -1.151766427e+002 -3.5349e+000 -3.2250e+000
3471 +1.218076023e-002 +1.218076023e-002 -1.151878192e+002 -1.151878192e+002 -3.6054e+000 -3.1815e+000
3853 +1.450272427e-003 +1.450272427e-003 -1.151985497e+002 -1.151985497e+002 -3.5682e+000 -3.2054e+000
3975 +7.926751353e-004 +7.926751353e-004 -1.151992073e+002 -1.151992073e+002 -3.6014e+000 -3.1843e+000
4719 +2.191312111e-004 +2.191312111e-004 -1.151997809e+002 -1.151997809e+002 -3.5981e+000 -3.1867e+000
5918 +9.281109529e-005 +9.281109529e-005 -1.151999072e+002 -1.151999072e+002 -3.5982e+000 -3.1866e+000
5957 +2.126855766e-005 +2.126855766e-005 -1.151999787e+002 -1.151999787e+002 -3.5982e+000 -3.1867e+000
6077 +9.657791608e-006 +9.657791608e-006 -1.151999903e+002 -1.151999903e+002 -3.5965e+000 -3.1878e+000
6267 +5.252452894e-006 +5.252452894e-006 -1.151999947e+002 -1.151999947e+002 -3.5955e+000 -3.1886e+000
7185 +3.299123421e-006 +3.299123421e-006 -1.151999967e+002 -1.151999967e+002 -3.5961e+000 -3.1882e+000
7217 +5.947149617e-007 +5.947149617e-007 -1.151999994e+002 -1.151999994e+002 -3.5957e+000 -3.1884e+000
7529 +4.470039983e-008 +4.470039983e-008 -1.152000000e+002 -1.152000000e+002 -3.5951e+000 -3.1889e+000
8343 +1.435364538e-008 +1.435364538e-008 -1.152000000e+002 -1.152000000e+002 -3.5952e+000 -3.1888e+000
8376 +3.949168104e-009 +3.949168104e-009 -1.152000000e+002 -1.152000000e+002 -3.5952e+000 -3.1888e+000
% function evaluation | noise-free fitness - Fopt (2.616400000000e+002) | best noise-free fitness - Fopt | measured fitness | best measured fitness | x1 | x2...
1 +1.938147647e+007 +1.938147647e+007 +1.938173811e+007 +1.938173811e+007 -2.8258e+000 -7.4818e-002
3 +2.136693827e+006 +2.136693827e+006 +2.136955467e+006 +2.136955467e+006 +3.1089e+000 +3.1185e+000
5 +2.304190700e+005 +2.304190700e+005 +2.306807100e+005 +2.306807100e+005 +9.4363e-001 -2.7526e+000
11 +1.278823038e+004 +1.278823038e+004 +1.304987038e+004 +1.304987038e+004 +4.6564e-001 -4.3272e+000
94 +1.299544538e+003 +1.299544538e+003 +1.561184538e+003 +1.561184538e+003 +1.9387e-001 -4.8669e+000
115 +1.323537715e+002 +1.323537715e+002 +3.939937715e+002 +3.939937715e+002 +1.6888e+000 +4.5765e+000
608 +3.004125845e+001 +3.004125845e+001 +2.916812584e+002 +2.916812584e+002 +1.1590e+000 -3.0209e+000
768 +1.308402092e+001 +1.308402092e+001 +2.747240209e+002 +2.747240209e+002 +1.6453e+000 +2.9953e+000
1077 +5.043890596e+000 +5.043890596e+000 +2.666838906e+002 +2.666838906e+002 +1.6174e+000 +1.7746e+000
1316 +3.031740436e+000 +3.031740436e+000 +2.646717404e+002 +2.646717404e+002 +1.5854e+000 +2.0765e-001
1741 +9.821792919e-001 +9.821792919e-001 +2.626221793e+002 +2.626221793e+002 +1.5720e+000 -2.8920e-001
2143 +5.878601469e-001 +5.878601469e-001 +2.622278601e+002 +2.622278601e+002 +1.5842e+000 +2.4343e-001
2159 +2.790096911e-001 +2.790096911e-001 +2.619190097e+002 +2.619190097e+002 +1.5785e+000 -2.3128e-002
2203 +1.353280168e-002 +1.353280168e-002 +2.616535328e+002 +2.616535328e+002 +1.5704e+000 -4.0420e-001
2487 +3.175065124e-004 +3.175065124e-004 +2.616403175e+002 +2.616403175e+002 +1.5700e+000 -4.2972e-001
4142 +1.473059539e-004 +1.473059539e-004 +2.616401473e+002 +2.616401473e+002 +1.5697e+000 -4.4078e-001
4276 +2.707222393e-007 +2.707222393e-007 +2.616400003e+002 +2.616400003e+002 +1.5696e+000 -4.4684e-001
5866 +2.014268716e-007 +2.014268716e-007 +2.616400002e+002 +2.616400002e+002 +1.5696e+000 -4.4685e-001
7443 +1.133242904e-007 +1.133242904e-007 +2.616400001e+002 +2.616400001e+002 +1.5696e+000 -4.4607e-001
7793 +9.049011851e-008 +9.049011851e-008 +2.616400001e+002 +2.616400001e+002 +1.5696e+000 -4.4617e-001
7874 +3.234299584e-008 +3.234299584e-008 +2.616400000e+002 +2.616400000e+002 +1.5696e+000 -4.4624e-001
8267 +8.590347989e-009 +8.590347989e-009 +2.616400000e+002 +2.616400000e+002 +1.5696e+000 -4.4646e-001
% function evaluation | noise-free fitness - Fopt (1.000000000000e+003) | best noise-free fitness - Fopt | measured fitness | best measured fitness | x1 | x2...
1 +4.153054095e+006 +4.153054095e+006 +4.154054095e+006 +4.154054095e+006 +3.7487e+000 +4.8307e+000
4 +3.756289393e+004 +3.756289393e+004 +3.856289393e+004 +3.856289393e+004 +4.8405e-001 +2.5238e+000
19 +9.092283422e+003 +9.092283422e+003 +1.009228342e+004 +1.009228342e+004 +1.3681e-001 +2.6594e+000
87 +5.165282202e+003 +5.165282202e+003 +6.165282202e+003 +6.165282202e+003 -4.4993e+000 +2.6882e+000
124 +8.813046084e+000 +8.813046084e+000 +1.008813046e+003 +1.008813046e+003 -4.0621e+000 +2.7890e+000
620 +4.307300498e+000 +4.307300498e+000 +1.004307300e+003 +1.004307300e+003 -3.1925e+000 +2.7906e+000
667 +4.956542436e-001 +4.956542436e-001 +1.000495654e+003 +1.000495654e+003 -4.0621e+000 +2.7920e+000
1195 +3.130263793e-001 +3.130263793e-001 +1.000313026e+003 +1.000313026e+003 -3.9922e+000 +2.7922e+000
1452 +2.264785621e-002 +2.264785621e-002 +1.000022648e+003 +1.000022648e+003 -3.4487e+000 +2.7928e+000
1722 +1.584269120e-002 +1.584269120e-002 +1.000015843e+003 +1.000015843e+003 -3.5194e+000 +2.7927e+000
1758 +8.429293132e-003 +8.429293132e-003 +1.000008429e+003 +1.000008429e+003 -3.5721e+000 +2.7927e+000
1890 +4.892280612e-003 +4.892280612e-003 +1.000004892e+003 +1.000004892e+003 -3.5295e+000 +2.7928e+000
2011 +1.129882660e-003 +1.129882660e-003 +1.000001130e+003 +1.000001130e+003 -3.5676e+000 +2.7928e+000
2101 +8.927350406e-004 +8.927350406e-004 +1.000000893e+003 +1.000000893e+003 -3.5778e+000 +2.7928e+000
2429 +2.565902413e-004 +2.565902413e-004 +1.000000257e+003 +1.000000257e+003 -3.5997e+000 +2.7928e+000
2591 +1.885541113e-004 +1.885541113e-004 +1.000000189e+003 +1.000000189e+003 -3.5865e+000 +2.7928e+000
2613 +9.908056654e-005 +9.908056654e-005 +1.000000099e+003 +1.000000099e+003 -3.5992e+000 +2.7928e+000
2640 +4.088676496e-005 +4.088676496e-005 +1.000000041e+003 +1.000000041e+003 -3.6045e+000 +2.7928e+000
2931 +3.115063259e-005 +3.115063259e-005 +1.000000031e+003 +1.000000031e+003 -3.5936e+000 +2.7928e+000
2996 +1.566987521e-006 +1.566987521e-006 +1.000000002e+003 +1.000000002e+003 -3.5981e+000 +2.7928e+000
3156 +7.670590776e-007 +7.670590776e-007 +1.000000001e+003 +1.000000001e+003 -3.5998e+000 +2.7928e+000
3471 +6.240376251e-007 +6.240376251e-007 +1.000000001e+003 +1.000000001e+003 -3.5998e+000 +2.7928e+000
3555 +2.632363021e-007 +2.632363021e-007 +1.000000000e+003 +1.000000000e+003 -3.5990e+000 +2.7928e+000
3586 +1.196247013e-007 +1.196247013e-007 +1.000000000e+003 +1.000000000e+003 -3.5993e+000 +2.7928e+000
3709 +1.651187631e-009 +1.651187631e-009 +1.000000000e+003 +1.000000000e+003 -3.5992e+000 +2.7928e+000
% function evaluation | noise-free fitness - Fopt (1.737000000000e+001) | best noise-free fitness - Fopt | measured fitness | best measured fitness | x1 | x2...
1 +6.357253437e+007 +6.357253437e+007 +6.357255174e+007 +6.357255174e+007 +1.9863e-001 -4.6372e+000
3 +1.196512806e+007 +1.196512806e+007 +1.196514543e+007 +1.196514543e+007 +3.3504e+000 +4.2594e+000
6 +6.346582985e+006 +6.346582985e+006 +6.346600355e+006 +6.346600355e+006 +4.9001e+000 -1.5871e+000
8 +2.559525729e+006 +2.559525729e+006 +2.559543099e+006 +2.559543099e+006 -3.2942e+000 -8.8439e-001
11 +1.031803941e+005 +1.031803941e+005 +1.031977641e+005 +1.031977641e+005 -3.9209e+000 -3.3554e+000
17 +5.124838936e+003 +5.124838936e+003 +5.142208936e+003 +5.142208936e+003 +1.6870e+000 -4.0920e-001
25 +2.671459519e+003 +2.671459519e+003 +2.688829519e+003 +2.688829519e+003 -1.5405e+000 -1.7757e+000
33 +1.139528825e+003 +1.139528825e+003 +1.156898825e+003 +1.156898825e+003 -2.8880e+000 -2.5037e+000
88 +7.503176847e+002 +7.503176847e+002 +7.676876847e+002 +7.676876847e+002 -1.5405e+000 -1.8629e+000
177 +1.060414844e+002 +1.060414844e+002 +1.234114844e+002 +1.234114844e+002 -1.1071e-002 -1.1097e+000
272 +5.733546769e+000 +5.733546769e+000 +2.310354677e+001 +2.310354677e+001 +1.2152e-002 -1.1110e+000
852 +3.953528919e-001 +3.953528919e-001 +1.776535289e+001 +1.776535289e+001 -2.1963e+000 -2.1607e+000
1067 +1.805288697e-001 +1.805288697e-001 +1.755052887e+001 +1.755052887e+001 -1.8387e+000 -1.9720e+000
1410 +1.091585725e-001 +1.091585725e-001 +1.747915857e+001 +1.747915857e+001 -1.7081e+000 -1.9109e+000
2557 +4.487147552e-002 +4.487147552e-002 +1.741487148e+001 +1.741487148e+001 -1.7989e+000 -1.9531e+000
2590 +2.303644845e-002 +2.303644845e-002 +1.739303645e+001 +1.739303645e+001 -1.8716e+000 -1.9870e+000
2842 +5.462798891e-003 +5.462798891e-003 +1.737546280e+001 +1.737546280e+001 -1.9200e+000 -2.0094e+000
2910 +1.431376816e-003 +1.431376816e-003 +1.737143138e+001 +1.737143138e+001 -1.9717e+000 -2.0334e+000
3183 +3.175906659e-004 +3.175906659e-004 +1.737031759e+001 +1.737031759e+001 -1.9696e+000 -2.0325e+000
3832 +1.648543911e-004 +1.648543911e-004 +1.737016485e+001 +1.737016485e+001 -1.9724e+000 -2.0338e+000
3945 +1.555818147e-004 +1.555818147e-004 +1.737015558e+001 +1.737015558e+001 -1.9762e+000 -2.0356e+000
3972 +6.341374340e-005 +6.341374340e-005 +1.737006341e+001 +1.737006341e+001 -1.9778e+000 -2.0363e+000
4122 +2.883730054e-005 +2.883730054e-005 +1.737002884e+001 +1.737002884e+001 -1.9792e+000 -2.0370e+000
4220 +1.292977085e-006 +1.292977085e-006 +1.737000129e+001 +1.737000129e+001 -1.9835e+000 -2.0390e+000
4223 +6.726250845e-007 +6.726250845e-007 +1.737000067e+001 +1.737000067e+001 -1.9834e+000 -2.0389e+000
4693 +5.194068109e-008 +5.194068109e-008 +1.737000005e+001 +1.737000005e+001 -1.9838e+000 -2.0391e+000
4891 +1.990002829e-008 +1.990002829e-008 +1.737000002e+001 +1.737000002e+001 -1.9839e+000 -2.0392e+000
5828 +1.422163010e-008 +1.422163010e-008 +1.737000001e+001 +1.737000001e+001 -1.9840e+000 -2.0392e+000
5924 +9.273968260e-009 +9.273968260e-009 +1.737000001e+001 +1.737000001e+001 -1.9840e+000 -2.0392e+000
% function evaluation | noise-free fitness - Fopt (1.541700000000e+002) | best noise-free fitness - Fopt | measured fitness | best measured fitness | x1 | x2...
1 +5.317582333e+006 +5.317582333e+006 +5.317736503e+006 +5.317736503e+006 -3.5452e+000 +9.2601e-001
5 +2.051498021e+005 +2.051498021e+005 +2.053039721e+005 +2.053039721e+005 +2.8402e+000 +3.7838e+000
10 +5.184457442e+004 +5.184457442e+004 +5.199874442e+004 +5.199874442e+004 +3.4760e-001 +3.0043e+000
26 +3.018761930e+004 +3.018761930e+004 +3.034178930e+004 +3.034178930e+004 +1.5116e+000 +3.0583e+000
32 +3.319450960e+003 +3.319450960e+003 +3.473620960e+003 +3.473620960e+003 -2.2895e+000 +3.3301e+000
42 +5.464075169e+002 +5.464075169e+002 +7.005775169e+002 +7.005775169e+002 -1.2929e+000 +3.2890e+000
207 +2.983345650e+000 +2.983345650e+000 +1.571533457e+002 +1.571533457e+002 -3.4117e+000 +3.2375e+000
500 +9.775212051e-001 +9.775212051e-001 +1.551475212e+002 +1.551475212e+002 -3.2549e+000 +3.2374e+000
791 +2.057408982e-001 +2.057408982e-001 +1.543757409e+002 +1.543757409e+002 -3.8576e+000 +3.2329e+000
1500 +4.821966455e-002 +4.821966455e-002 +1.542182197e+002 +1.542182197e+002 -3.8517e+000 +3.2322e+000
1569 +9.090521244e-003 +9.090521244e-003 +1.541790905e+002 +1.541790905e+002 -4.0413e+000 +3.2319e+000
2425 +2.099575513e-003 +2.099575513e-003 +1.541720996e+002 +1.541720996e+002 -4.0078e+000 +3.2320e+000
2502 +5.513944766e-004 +5.513944766e-004 +1.541705514e+002 +1.541705514e+002 -3.9670e+000 +3.2320e+000
3057 +3.248011094e-004 +3.248011094e-004 +1.541703248e+002 +1.541703248e+002 -3.9857e+000 +3.2320e+000
3317 +3.533654737e-005 +3.533654737e-005 +1.541700353e+002 +1.541700353e+002 -3.9709e+000 +3.2320e+000
3331 +2.410381589e-005 +2.410381589e-005 +1.541700241e+002 +1.541700241e+002 -3.9695e+000 +3.2320e+000
3881 +3.759693982e-006 +3.759693982e-006 +1.541700038e+002 +1.541700038e+002 -3.9747e+000 +3.2320e+000
4092 +3.285517778e-007 +3.285517778e-007 +1.541700003e+002 +1.541700003e+002 -3.9725e+000 +3.2320e+000
4663 +2.238675165e-007 +2.238675165e-007 +1.541700002e+002 +1.541700002e+002 -3.9723e+000 +3.2320e+000
4690 +7.344755204e-008 +7.344755204e-008 +1.541700001e+002 +1.541700001e+002 -3.9727e+000 +3.2320e+000
4850 +9.155684211e-009 +9.155684211e-009 +1.541700000e+002 +1.541700000e+002 -3.9727e+000 +3.2320e+000
% function evaluation | noise-free fitness - Fopt (4.983000000000e+001) | best noise-free fitness - Fopt | measured fitness | best measured fitness | x1 | x2...
1 +6.990940046e+006 +6.990940046e+006 +6.990989876e+006 +6.990989876e+006 +1.0275e+000 +3.0986e+000
4 +2.467169729e+006 +2.467169729e+006 +2.467219559e+006 +2.467219559e+006 -2.0647e-001 +4.7805e+000
7 +8.493093233e+005 +8.493093233e+005 +8.493591533e+005 +8.493591533e+005 -9.5825e-001 -3.2960e+000
11 +6.817106822e+004 +6.817106822e+004 +6.822089822e+004 +6.822089822e+004 -1.2144e+000 -1.9921e+000
17 +1.090928562e+004 +1.090928562e+004 +1.095911562e+004 +1.095911562e+004 -1.1646e-001 -1.0224e+000
18 +3.619783835e+003 +3.619783835e+003 +3.669613835e+003 +3.669613835e+003 -3.6734e+000 -4.1350e+000
129 +3.293575943e+001 +3.293575943e+001 +8.276575943e+001 +8.276575943e+001 -4.7230e-001 -1.5118e+000
396 +1.218946703e+001 +1.218946703e+001 +6.201946703e+001 +6.201946703e+001 -1.3614e+000 -2.4319e+000
1192 +1.732318161e+000 +1.732318161e+000 +5.156231816e+001 +5.156231816e+001 -1.1576e+000 -2.2824e+000
1195 +9.996458468e-001 +9.996458468e-001 +5.082964585e+001 +5.082964585e+001 -1.4649e+000 -2.5064e+000
1531 +3.880219499e-001 +3.880219499e-001 +5.021802195e+001 +5.021802195e+001 -1.5187e+000 -2.5437e+000
1755 +1.160325280e-001 +1.160325280e-001 +4.994603253e+001 +4.994603253e+001 -1.8226e+000 -2.7588e+000
1939 +1.533161688e-002 +1.533161688e-002 +4.984533162e+001 +4.984533162e+001 -1.5325e+000 -2.5519e+000
3298 +8.605649949e-003 +8.605649949e-003 +4.983860565e+001 +4.983860565e+001 -1.6242e+000 -2.6100e+000
3317 +5.450474069e-003 +5.450474069e-003 +4.983545047e+001 +4.983545047e+001 -1.6450e+000 -2.6233e+000
3363 +3.585060625e-003 +3.585060625e-003 +4.983358506e+001 +4.983358506e+001 -1.6601e+000 -2.6329e+000
3757 +1.956687477e-004 +1.956687477e-004 +4.983019567e+001 +4.983019567e+001 -1.6668e+000 -2.6372e+000
4275 +5.611671459e-005 +5.611671459e-005 +4.983005612e+001 +4.983005612e+001 -1.6695e+000 -2.6390e+000
5060 +2.970987741e-005 +2.970987741e-005 +4.983002971e+001 +4.983002971e+001 -1.6714e+000 -2.6403e+000
5080 +2.502150706e-005 +2.502150706e-005 +4.983002502e+001 +4.983002502e+001 -1.6733e+000 -2.6415e+000
5854 +1.346971290e-005 +1.346971290e-005 +4.983001347e+001 +4.983001347e+001 -1.6734e+000 -2.6416e+000
6778 +9.935371310e-006 +9.935371310e-006 +4.983000994e+001 +4.983000994e+001 -1.6738e+000 -2.6419e+000
6862 +4.687799830e-006 +4.687799830e-006 +4.983000469e+001 +4.983000469e+001 -1.6748e+000 -2.6426e+000
7611 +3.658035808e-006 +3.658035808e-006 +4.983000366e+001 +4.983000366e+001 -1.6750e+000 -2.6427e+000
7792 +2.304709156e-006 +2.304709156e-006 +4.983000230e+001 +4.983000230e+001 -1.6754e+000 -2.6430e+000
7841 +6.984695986e-007 +6.984695986e-007 +4.983000070e+001 +4.983000070e+001 -1.6761e+000 -2.6435e+000
8222 +6.208192218e-007 +6.208192218e-007 +4.983000062e+001 +4.983000062e+001 -1.6762e+000 -2.6435e+000
8617 +3.522455856e-007 +3.522455856e-007 +4.983000035e+001 +4.983000035e+001 -1.6763e+000 -2.6436e+000
8643 +2.268968018e-007 +2.268968018e-007 +4.983000023e+001 +4.983000023e+001 -1.6764e+000 -2.6437e+000
8808 +1.169363060e-007 +1.169363060e-007 +4.983000012e+001 +4.983000012e+001 -1.6765e+000 -2.6438e+000
9025 +9.504968546e-008 +9.504968546e-008 +4.983000010e+001 +4.983000010e+001 -1.6766e+000 -2.6438e+000
9411 +5.623473243e-008 +5.623473243e-008 +4.983000006e+001 +4.983000006e+001 -1.6767e+000 -2.6439e+000
9639 +1.586661824e-008 +1.586661824e-008 +4.983000002e+001 +4.983000002e+001 -1.6767e+000 -2.6439e+000
9661 +1.023490626e-008 +1.023490626e-008 +4.983000001e+001 +4.983000001e+001 -1.6767e+000 -2.6439e+000
9794 +7.325901663e-009 +7.325901663e-009 +4.983000001e+001 +4.983000001e+001 -1.6767e+000 -2.6439e+000
