% function evaluation | noise-free fitness - Fopt (1.238300000000e+002) | best noise-free fitness - Fopt | measured fitness | best measured fitness | x1 | x2...
1 +1.566606903e+007 +1.566606903e+007 +1.566619286e+007 +1.566619286e+007 +1.1487e+001 +9.0901e+000 +6.9723e+000 +1.3635e+001 +1.3687e+001
5 +4.602698828e+006 +4.602698828e+006 +4.602822658e+006 +4.602822658e+006 +5.1483e+000 +9.0836e+000 +9.1856e+000 +1.2368e+001 +5.1582e+000
66 +2.111380013e+006 +2.111380013e+006 +2.111503843e+006 +2.111503843e+006 +1.2023e+001 +9.2136e+000 +2.7502e+000 +3.3405e+000 +8.0738e+000
190 +1.511624587e+006 +1.511624587e+006 +1.511748417e+006 +1.511748417e+006 +5.4207e+000 +2.6340e+000 +5.1757e+000 +8.7282e+000 +3.9954e+000
364 +5.552465810e+005 +5.552465810e+005 +5.553704110e+005 +5.553704110e+005 +5.6844e+000 +4.9483e+000 +5.9031e+000 +3.9228e+000 +1.7374e+000
443 +3.554923787e+005 +3.554923787e+005 +3.556162087e+005 +3.556162087e+005 +4.3380e+000 +7.1667e+000 +2.7502e+000 +5.6406e+000 +7.4380e-001
598 +2.344620375e+005 +2.344620375e+005 +2.345858675e+005 +2.345858675e+005 +4.3889e+000 +7.2315e+000 +6.3630e-001 +4.3771e+000 +4.8479e-001
679 +1.291208476e+005 +1.291208476e+005 +1.292446776e+005 +1.292446776e+005 +3.3774e+000 +6.3323e+000 -9.5416e-001 +3.8749e+000 -1.9435e+000
735 +8.970696834e+004 +8.970696834e+004 +8.983079834e+004 +8.983079834e+004 +4.2144e+000 +2.6542e+000 +1.6766e+000 +3.5638e+000 -3.8082e+000
836 +6.109971297e+004 +6.109971297e+004 +6.122354297e+004 +6.122354297e+004 -7.1672e-001 +3.7174e+000 +1.6398e+000 +4.1408e+000 -9.6312e+000
882 +1.242802013e+004 +1.242802013e+004 +1.255185013e+004 +1.255185013e+004 -2.1533e+000 +3.4859e+000 +1.3322e+000 +4.7467e+000 -1.8720e+000
1076 +6.483768884e+003 +6.483768884e+003 +6.607598884e+003 +6.607598884e+003 -2.2743e+000 +3.4375e+000 +2.2384e-001 -2.1628e-001 -2.7978e+000
1089 +2.682749839e+003 +2.682749839e+003 +2.806579839e+003 +2.806579839e+003 -3.2372e+000 +1.5986e+000 -6.8614e-001 +2.9029e+000 -3.4423e+000
1184 +2.290734455e+003 +2.290734455e+003 +2.414564455e+003 +2.414564455e+003 -3.2971e+000 +2.2818e+000 -2.1842e-001 +1.9099e+000 -2.5181e+000
1263 +1.550165248e+003 +1.550165248e+003 +1.673995248e+003 +1.673995248e+003 -2.2794e+000 +1.5677e+000 -5.8555e-001 +2.3233e+000 -2.7078e+000
1346 +9.621610712e+002 +9.621610712e+002 +1.085991071e+003 +1.085991071e+003 -2.2282e+000 +1.3785e+000 -5.8398e-001 +1.5438e+000 -2.1565e+000
1423 +2.031588234e+002 +2.031588234e+002 +3.269888234e+002 +3.269888234e+002 -9.3598e-001 +1.1636e+000 -1.4590e+000 +1.7690e-001 +4.1732e-002
1600 +1.032985031e+002 +1.032985031e+002 +2.271285031e+002 +2.271285031e+002 -1.2608e+000 +4.5100e-001 -2.7050e-001 -4.5189e-001 -6.2816e-001
1649 +4.298526507e+001 +4.298526507e+001 +1.668152651e+002 +1.668152651e+002 -1.0326e+000 +5.9883e-001 -9.9212e-001 +4.0069e-001 -3.2337e-001
1691 +2.394924834e+001 +2.394924834e+001 +1.477792483e+002 +1.477792483e+002 -7.4965e-001 +6.9074e-001 -1.0105e+000 +3.6084e-001 -1.8753e-001
1784 +1.169066870e+001 +1.169066870e+001 +1.355206687e+002 +1.355206687e+002 -7.5005e-001 +3.6906e-001 -1.0433e+000 +3.3186e-001 -2.4642e-002
2002 +9.426141107e+000 +9.426141107e+000 +1.332561411e+002 +1.332561411e+002 -5.2774e-001 +2.5727e-002 -1.2014e+000 +4.2870e-001 -5.9952e-003
% function evaluation | noise-free fitness - Fopt (4.751000000000e+001) | best noise-free fitness - Fopt | measured fitness | best measured fitness | x1 | x2...
1 +1.431446327e+006 +1.431446327e+006 +1.431493837e+006 +1.431493837e+006 +8.5575e+000 +1.0483e+001 +7.7205e+000 +9.9106e+000 +5.7753e+000
5 +7.494416601e+005 +7.494416601e+005 +7.494891701e+005 +7.494891701e+005 +1.3927e+001 +1.0068e+001 +7.8893e+000 +5.6663e+000 +7.1214e+000
99 +3.315276788e+005 +3.315276788e+005 +3.315751888e+005 +3.315751888e+005 +1.2954e+001 +7.5171e+000 +6.2228e+000 +1.0099e+001 +2.1265e+000
169 +2.392340825e+005 +2.392340825e+005 +2.392815925e+005 +2.392815925e+005 +1.6438e+001 +7.5171e+000 +6.2228e+000 +5.6072e+000 +2.6623e+000
332 +4.807284703e+004 +4.807284703e+004 +4.812035703e+004 +4.812035703e+004 +1.1497e+001 +8.7095e+000 +3.9777e+000 +5.4534e+000 -2.8760e+000
380 +2.111510314e+004 +2.111510314e+004 +2.116261314e+004 +2.116261314e+004 +1.4368e+001 +1.2862e+001 +1.8575e+000 +7.2145e+000 +7.7700e-001
476 +7.559188087e+003 +7.559188087e+003 +7.606698087e+003 +7.606698087e+003 +1.1497e+001 +8.7095e+000 +2.7623e+000 +5.4534e+000 -6.7050e-001
579 +3.197377874e+003 +3.197377874e+003 +3.244887874e+003 +3.244887874e+003 +1.4632e+001 +9.5915e+000 +1.4811e+000 +7.1625e+000 -7.2264e-001
827 +2.354518898e+003 +2.354518898e+003 +2.402028898e+003 +2.402028898e+003 +1.4632e+001 +9.5915e+000 +1.4811e+000 +7.1625e+000 +7.8981e-001
1252 +1.486512328e+003 +1.486512328e+003 +1.534022328e+003 +1.534022328e+003 +1.1135e+001 +6.9366e+000 +5.6405e-001 +6.6344e+000 -3.4329e-001
1639 +9.769944275e+002 +9.769944275e+002 +1.024504428e+003 +1.024504428e+003 +6.6468e+000 +3.8073e+000 +4.7423e-001 +5.1935e+000 -4.7935e-001
1899 +6.262451529e+002 +6.262451529e+002 +6.737551529e+002 +6.737551529e+002 +3.8068e+000 +2.5909e+000 +4.4185e-001 +3.8589e+000 -5.1287e-001
% function evaluation | noise-free fitness - Fopt (5.534000000000e+001) | best noise-free fitness - Fopt | measured fitness | best measured fitness | x1 | x2...
1 +3.744925545e+007 +3.744925545e+007 +3.744931079e+007 +3.744931079e+007 +1.1298e+001 +1.2102e+001 +1.0393e+001 +1.2048e+001 +1.4600e+001
3 +1.368384809e+007 +1.368384809e+007 +1.368390343e+007 +1.368390343e+007 +1.3040e+001 +8.4637e+000 +7.1832e+000 +1.1535e+001 +7.0014e+000
4 +9.116460705e+006 +9.116460705e+006 +9.116516045e+006 +9.116516045e+006 +7.0923e+000 +1.0377e+001 +6.9082e+000 +6.0048e+000 +9.4404e+000
44 +6.272847165e+006 +6.272847165e+006 +6.272902505e+006 +6.272902505e+006 +1.2339e+001 +6.1144e+000 +9.3566e+000 +6.1196e+000 +7.2119e+000
139 +2.805066789e+006 +2.805066789e+006 +2.805122129e+006 +2.805122129e+006 +5.5732e+000 +4.2126e+000 +1.0918e+001 +9.9913e+000 +4.2598e+000
145 +2.231902580e+006 +2.231902580e+006 +2.231957920e+006 +2.231957920e+006 +3.9815e+000 +4.8821e+000 +8.7726e+000 +6.8473e+000 +7.1136e+000
164 +1.115729670e+006 +1.115729670e+006 +1.115785010e+006 +1.115785010e+006 +1.9084e+000 +3.0005e+000 +7.7499e+000 +1.0068e+001 +4.1355e+000
242 +4.883945731e+005 +4.883945731e+005 +4.884499131e+005 +4.884499131e+005 +3.7977e+000 +3.9901e+000 +4.7387e+000 +5.2391e+000 +2.3998e+000
320 +3.440509826e+005 +3.440509826e+005 +3.441063226e+005 +3.441063226e+005 +5.8005e+000 -2.0566e+000 +4.2066e+000 +3.8084e+000 +5.1808e+000
470 +2.262098640e+005 +2.262098640e+005 +2.262652040e+005 +2.262652040e+005 +5.8005e+000 +5.7394e-001 +1.0569e+000 +3.3648e+000 +5.1808e+000
556 +1.388385640e+005 +1.388385640e+005 +1.388939040e+005 +1.388939040e+005 +4.6428e-001 +2.9508e+000 +6.3900e+000 +4.6674e+000 +6.1694e-001
613 +3.213659044e+004 +3.213659044e+004 +3.219193044e+004 +3.219193044e+004 +3.6685e+000 +2.9141e-001 +4.0814e+000 -8.1589e-001 +5.5881e-001
789 +2.089537966e+004 +2.089537966e+004 +2.095071966e+004 +2.095071966e+004 +3.7898e+000 +3.9850e-001 +3.1188e+000 -2.4361e+000 +1.7061e+000
862 +1.544371747e+004 +1.544371747e+004 +1.549905747e+004 +1.549905747e+004 +4.7909e+000 +1.1698e+000 -7.1203e-002 -9.6749e-001 +5.0154e-001
901 +7.665500900e+003 +7.665500900e+003 +7.720840900e+003 +7.720840900e+003 +5.7261e-001 +5.8409e-001 +3.6091e+000 +3.2889e-001 -2.5403e+000
936 +5.354026078e+003 +5.354026078e+003 +5.409366078e+003 +5.409366078e+003 +1.7865e+000 +7.5821e-001 +1.5757e+000 +6.9376e-001 +1.0582e+000
947 +3.111678493e+003 +3.111678493e+003 +3.167018493e+003 +3.167018493e+003 +1.5917e+000 +4.1410e-001 -2.1020e+000 +1.6152e-001 +2.6989e+000
994 +1.805758210e+003 +1.805758210e+003 +1.861098210e+003 +1.861098210e+003 +3.1320e-001 +4.7892e-001 +8.1142e-001 -4.5706e-001 +2.8291e+000
1007 +1.099240074e+003 +1.099240074e+003 +1.154580074e+003 +1.154580074e+003 +1.8585e+000 +5.7549e-001 +3.2302e-001 -3.1041e-001 +5.8355e-001
1011 +5.850198934e+002 +5.850198934e+002 +6.403598934e+002 +6.403598934e+002 +1.7843e+000 +2.9671e-002 +4.5932e-001 -1.1902e+000 +1.0784e+000
1071 +2.422368381e+002 +2.422368381e+002 +2.975768381e+002 +2.975768381e+002 +3.1320e-001 -2.0337e-001 +3.0448e-001 +1.0620e+000 -7.6207e-001
1077 +1.225847098e+002 +1.225847098e+002 +1.779247098e+002 +1.779247098e+002 +2.1934e-001 -3.2738e-002 +3.4177e-001 +7.7580e-001 -6.0445e-001
1314 +3.801249769e+001 +3.801249769e+001 +9.335249769e+001 +9.335249769e+001 +3.4411e-001 -4.4676e-001 +6.0803e-002 +5.9114e-002 -3.0283e-001
1491 +2.390095251e+001 +2.390095251e+001 +7.924095251e+001 +7.924095251e+001 +8.1510e-002 -1.9947e-001 +1.0086e+000 +2.5640e-001 -6.0560e-001
1609 +6.863086294e+000 +6.863086294e+000 +6.220308629e+001 +6.220308629e+001 -4.6875e-002 -3.2424e-001 +7.6332e-001 +1.2542e-001 -3.8551e-001
1666 +4.715745457e+000 +4.715745457e+000 +6.005574546e+001 +6.005574546e+001 -1.0766e-001 -7.7939e-001 +6.7447e-001 +2.3074e-001 -2.0043e-001
% function evaluation | noise-free fitness - Fopt (-9.033000000000e+001) | best noise-free fitness - Fopt | measured fitness | best measured fitness | x1 | x2...
1 +1.033241107e+007 +1.033241107e+007 +1.033232074e+007 +1.033232074e+007 +1.0629e+001 +5.1913e+000 +1.4383e+001 +5.9624e+000 +1.4686e+001
6 +8.139454153e+006 +8.139454153e+006 +8.139363823e+006 +8.139363823e+006 +8.7052e+000 +1.1273e+001 +1.1542e+001 +6.8174e+000 +8.3328e+000
10 +3.091568161e+006 +3.091568161e+006 +3.091477831e+006 +3.091477831e+006 +8.5992e+000 +6.9088e+000 +9.4333e+000 +8.5194e+000 +5.2838e+000
161 +1.878494001e+006 +1.878494001e+006 +1.878403671e+006 +1.878403671e+006 +8.8119e+000 +4.6029e+000 +7.0399e+000 +9.1956e+000 +5.0059e+000
182 +7.927814772e+005 +7.927814772e+005 +7.926911472e+005 +7.926911472e+005 +8.6931e+000 +2.1293e+000 +5.7257e+000 +7.1039e+000 +6.2627e+000
342 +2.430963494e+005 +2.430963494e+005 +2.430060194e+005 +2.430060194e+005 +4.9734e+000 +3.6041e+000 -5.2294e+000 +4.6526e+000 +1.5334e-001
443 +1.221225385e+005 +1.221225385e+005 +1.220322085e+005 +1.220322085e+005 +3.5911e+000 +2.3351e+000 -1.8933e+000 +4.5321e-002 +4.4924e+000
495 +5.069601626e+004 +5.069601626e+004 +5.060568626e+004 +5.060568626e+004 +4.3562e+000 +3.6041e+000 -9.0632e-001 -8.6864e-001 +1.5334e-001
505 +2.244179058e+004 +2.244179058e+004 +2.235146058e+004 +2.235146058e+004 +4.1496e+000 +3.2691e+000 -1.6397e+000 -2.1337e+000 -1.7199e+000
626 +6.723733122e+003 +6.723733122e+003 +6.633403122e+003 +6.633403122e+003 +9.4018e-001 +2.9108e+000 +8.3484e-001 -2.5740e-001 +8.5485e-002
724 +2.284261544e+003 +2.284261544e+003 +2.193931544e+003 +2.193931544e+003 +8.6946e-001 +1.3810e+000 +2.4554e+000 -2.2878e+000 -1.0474e+000
754 +1.122718752e+003 +1.122718752e+003 +1.032388752e+003 +1.032388752e+003 +1.2074e+000 -6.9104e-001 -4.8021e-001 +1.4518e+000 +1.5640e+000
812 +6.369290810e+002 +6.369290810e+002 +5.465990810e+002 +5.465990810e+002 +1.1698e+000 +3.4153e-002 -9.5029e-001 -7.5068e-001 -8.8951e-001
817 +5.474000763e+002 +5.474000763e+002 +4.570700763e+002 +4.570700763e+002 -4.3867e-001 +1.6099e+000 +9.9238e-001 -8.9046e-001 +5.4341e-001
890 +1.971728667e+002 +1.971728667e+002 +1.068428667e+002 +1.068428667e+002 -1.5405e-001 -6.9800e-001 -6.7372e-001 -1.0428e+000 -5.2994e-001
1036 +1.350182959e+002 +1.350182959e+002 +4.468829594e+001 +4.468829594e+001 -1.1660e+000 +5.1173e-001 -8.1416e-001 +4.2437e-001 -5.8806e-001
1185 +7.690286169e+001 +7.690286169e+001 -1.342713831e+001 -1.342713831e+001 -5.9478e-002 +6.7611e-001 +1.9369e-001 -4.8963e-001 -2.3909e-001
1222 +5.947051345e+001 +5.947051345e+001 -3.085948655e+001 -3.085948655e+001 -7.5187e-001 +1.2180e+000 +4.4018e-001 +3.8471e-001 -1.0155e+000
1233 +9.419064991e+000 +9.419064991e+000 -8.091093501e+001 -8.091093501e+001 -6.2730e-001 -4.5169e-001 -5.7664e-001 +6.0742e-001 -1.4424e-002
1617 +5.943634018e+000 +5.943634018e+000 -8.438636598e+001 -8.438636598e+001 -3.5133e-001 -6.2252e-001 -6.3523e-001 +8.8118e-002 -9.4314e-002
2035 +3.491027580e+000 +3.491027580e+000 -8.683897242e+001 -8.683897242e+001 -1.4782e-001 -6.5552e-001 -5.8329e-001 +2.0549e-001 +2.6688e-002
% function evaluation | noise-free fitness - Fopt (6.561000000000e+001) | best noise-free fitness - Fopt | measured fitness | best measured fitness | x1 | x2...
1 +8.757064347e+006 +8.757064347e+006 +8.757129957e+006 +8.757129957e+006 +1.0055e+001 +1.0116e+001 +8.3318e+000 +6.8201e+000 +1.1085e+001
45 +1.810623504e+006 +1.810623504e+006 +1.810689114e+006 +1.810689114e+006 +6.1998e+000 +7.0915e+000 +7.2206e+000 +6.1083e+000 +5.4091e+000
222 +7.939902275e+005 +7.939902275e+005 +7.940558375e+005 +7.940558375e+005 +6.2773e+000 +3.5440e+000 +4.5116e+000 +6.0336e+000 +5.9126e+000
289 +5.208702972e+005 +5.208702972e+005 +5.209359072e+005 +5.209359072e+005 +7.0435e+000 +1.9979e+000 +3.5253e+000 +7.1190e+000 +3.4793e+000
306 +3.420079908e+005 +3.420079908e+005 +3.420736008e+005 +3.420736008e+005 +8.3081e+000 -4.7254e-001 +1.2895e+000 +5.2860e+000 +3.2607e+000
377 +6.178948377e+004 +6.178948377e+004 +6.185509377e+004 +6.185509377e+004 +5.0006e+000 +2.2601e+000 +2.9666e-001 +1.6171e+000 +4.5455e+000
599 +3.167219023e+003 +3.167219023e+003 +3.232829023e+003 +3.232829023e+003 -3.9990e-001 -3.0847e+000 +1.4497e+000 -8.4171e-002 +6.7960e-001
740 +1.931915346e+002 +1.931915346e+002 +2.588015346e+002 +2.588015346e+002 -4.2757e-001 -3.4626e-001 -4.6369e-001 -8.4171e-002 +6.7960e-001
896 +1.269972751e+002 +1.269972751e+002 +1.926072751e+002 +1.926072751e+002 +2.8514e-001 -5.3774e-001 +4.3126e-001 +5.7404e-001 +8.8193e-001
1157 +9.145734765e+001 +9.145734765e+001 +1.570673477e+002 +1.570673477e+002 +3.3871e-001 +9.7017e-002 -2.6262e-001 -3.0437e-001 +1.2295e-001
1206 +3.724527127e+001 +3.724527127e+001 +1.028552713e+002 +1.028552713e+002 -2.0897e-001 +2.5092e-001 -2.4756e-001 -3.3930e-001 -1.8699e-001
1314 +1.107076414e+001 +1.107076414e+001 +7.668076414e+001 +7.668076414e+001 +1.0277e-001 +2.3992e-001 +7.1421e-001 +3.3461e-001 +7.6317e-002
1539 +5.643965623e+000 +5.643965623e+000 +7.125396562e+001 +7.125396562e+001 +4.0094e-001 +1.7608e-001 +9.3516e-001 +5.7965e-001 -4.0436e-003
1750 +3.096573765e+000 +3.096573765e+000 +6.870657377e+001 +6.870657377e+001 -2.6822e-002 -1.0594e-001 +7.8173e-001 +2.3338e-001 -4.4354e-002
% function evaluation | noise-free fitness - Fopt (-1.536000000000e+001) | best noise-free fitness - Fopt | measured fitness | best measured fitness | x1 | x2...
1 +1.097433094e+007 +1.097433094e+007 +1.097431558e+007 +1.097431558e+007 +5.4824e+000 +1.2624e+001 +8.2307e+000 +1.2108e+001 +1.1044e+001
4 +4.432460877e+006 +4.432460877e+006 +4.432445517e+006 +4.432445517e+006 +5.8634e+000 +9.2157e+000 +1.0643e+001 +7.5238e+000 +9.6868e+000
11 +3.721378508e+006 +3.721378508e+006 +3.721363148e+006 +3.721363148e+006 +7.5946e+000 +7.2294e+000 +5.8800e+000 +1.0940e+001 +1.0681e+001
17 +2.284777963e+006 +2.284777963e+006 +2.284762603e+006 +2.284762603e+006 +6.2723e+000 +5.7732e+000 +1.2523e+001 +8.9413e+000 +8.0095e+000
40 +1.170472466e+006 +1.170472466e+006 +1.170457106e+006 +1.170457106e+006 +7.5407e+000 +9.5459e+000 +5.0521e+000 +6.3946e+000 +5.0972e+000
173 +8.935639363e+005 +8.935639363e+005 +8.935485763e+005 +8.935485763e+005 +1.0829e+001 +2.4355e+000 +3.6634e+000 +7.2969e+000 +4.6309e+000
182 +3.809753925e+005 +3.809753925e+005 +3.809600325e+005 +3.809600325e+005 +7.5407e+000 +3.7985e+000 +5.0521e+000 +6.3946e+000 +5.0972e+000
309 +2.467609703e+005 +2.467609703e+005 +2.467456103e+005 +2.467456103e+005 +9.0366e+000 +6.4446e+000 +1.2612e+001 +1.2967e-001 +1.8896e+000
515 +1.418019714e+005 +1.418019714e+005 +1.417866114e+005 +1.417866114e+005 +5.3001e+000 +2.8222e-001 +1.3296e+000 +3.1397e+000 +5.8891e+000
520 +9.165831744e+004 +9.165831744e+004 +9.164295744e+004 +9.164295744e+004 +9.3685e+000 +4.0556e+000 +1.0124e+001 -1.6738e+000 +4.0437e-001
597 +6.238449926e+004 +6.238449926e+004 +6.236913926e+004 +6.236913926e+004 +7.9295e+000 +2.6199e+000 +8.9959e+000 -2.7628e+000 +2.3930e-001
746 +3.153767660e+004 +3.153767660e+004 +3.152231660e+004 +3.152231660e+004 +1.1544e+001 +3.2212e+000 +1.1531e+001 +2.4503e+000 -6.0179e+000
751 +1.246932220e+004 +1.246932220e+004 +1.245396220e+004 +1.245396220e+004 +6.2043e+000 -9.3516e-002 +6.0229e+000 +1.2065e+000 -4.6944e+000
901 +9.991006697e+003 +9.991006697e+003 +9.975646697e+003 +9.975646697e+003 +5.9432e+000 +2.8463e-001 +6.4057e+000 -6.9276e-001 -3.9073e+000
1069 +5.536331509e+003 +5.536331509e+003 +5.520971509e+003 +5.520971509e+003 +4.7731e+000 +1.1430e+000 +4.2916e+000 -1.0812e+000 -3.1495e+000
1195 +3.477027427e+003 +3.477027427e+003 +3.461667427e+003 +3.461667427e+003 +3.2728e+000 -7.7306e-002 +4.3016e+000 -1.3545e+000 -2.0536e+000
1402 +2.435733596e+003 +2.435733596e+003 +2.420373596e+003 +2.420373596e+003 +2.5093e+000 +4.3053e-002 +3.6180e+000 -8.0163e-001 -1.9447e+000
1479 +1.501908066e+003 +1.501908066e+003 +1.486548066e+003 +1.486548066e+003 +2.0627e+000 +2.5014e-001 +3.3965e+000 -1.0991e+000 -1.0627e+000
1491 +9.376059656e+002 +9.376059656e+002 +9.222459656e+002 +9.222459656e+002 +1.8259e+000 -1.7328e+000 +5.8942e-001 -4.2109e-001 -8.0800e-001
1571 +5.676553224e+002 +5.676553224e+002 +5.522953224e+002 +5.522953224e+002 +1.1893e+000 -2.2022e-001 +1.9961e+000 -1.0883e+000 -9.5040e-001
1579 +3.781787479e+002 +3.781787479e+002 +3.628187479e+002 +3.628187479e+002 +2.1743e-001 -1.0653e-003 +7.6771e-001 -7.6006e-001 -1.2445e+000
1590 +2.363676542e+002 +2.363676542e+002 +2.210076542e+002 +2.210076542e+002 +6.9237e-001 -7.3745e-001 +3.2233e-001 -4.9504e-001 -1.0218e+000
1675 +1.424908318e+002 +1.424908318e+002 +1.271308318e+002 +1.271308318e+002 +3.6862e-001 -7.9249e-001 +2.6538e-001 -1.1413e+000 -5.8203e-001
1687 +9.546119330e+001 +9.546119330e+001 +8.010119330e+001 +8.010119330e+001 -2.3313e-002 -5.7506e-001 +9.2625e-001 -9.6076e-001 +6.6503e-002
1760 +6.091845048e+001 +6.091845048e+001 +4.555845048e+001 +4.555845048e+001 +3.1474e-001 -6.9083e-001 -1.8591e-001 -4.3652e-001 -4.2006e-001
1902 +2.881419286e+001 +2.881419286e+001 +1.345419286e+001 +1.345419286e+001 +4.3490e-001 -4.0835e-001 +4.6557e-001 -1.9260e-001 +1.0758e-001
% function evaluation | noise-free fitness - Fopt (-1.318000000000e+001) | best noise-free fitness - Fopt | measured fitness | best measured fitness | x1 | x2...
1 +3.155965735e+006 +3.155965735e+006 +3.155952555e+006 +3.155952555e+006 +5.4151e+000 +1.4921e+001 +8.0257e+000 +5.7116e+000 +6.6405e+000
3 +1.642172351e+006 +1.642172351e+006 +1.642159171e+006 +1.642159171e+006 +1.0815e+001 +8.3779e+000 +8.0363e+000 +1.4544e+001 +6.9629e+000
4 +1.200997663e+006 +1.200997663e+006 +1.200984483e+006 +1.200984483e+006 +1.1605e+001 +8.6673e+000 +8.7554e+000 +1.2880e+001 +5.9043e+000
18 +7.244346060e+005 +7.244346060e+005 +7.244214260e+005 +7.244214260e+005 +1.3109e+001 +5.4052e+000 +8.5385e+000 +9.6616e+000 +1.3298e+001
26 +5.077898537e+005 +5.077898537e+005 +5.077766737e+005 +5.077766737e+005 +1.4290e+001 +7.0997e+000 +1.0811e+001 +1.0383e+001 +9.9301e+000
157 +3.396739700e+005 +3.396739700e+005 +3.396607900e+005 +3.396607900e+005 +1.0441e+001 +6.0361e+000 +8.5385e+000 -6.7664e-001 +1.8229e-002
190 +1.271377711e+005 +1.271377711e+005 +1.271245911e+005 +1.271245911e+005 +1.1468e+001 +4.1863e+000 +6.1109e+000 -3.5339e-002 +1.7973e+000
328 +7.266041442e+004 +7.266041442e+004 +7.264723442e+004 +7.264723442e+004 +1.2309e+001 +4.3787e+000 +7.3042e+000 +4.8278e+000 +4.1955e+000
422 +5.785695133e+004 +5.785695133e+004 +5.784377133e+004 +5.784377133e+004 +9.1511e+000 +2.4904e+000 +8.0424e+000 +5.9506e+000 +6.0084e+000
640 +3.726258599e+004 +3.726258599e+004 +3.724940599e+004 +3.724940599e+004 +1.3453e+001 -2.4225e+000 +9.0100e+000 +8.3929e+000 +4.5425e+000
700 +2.233789650e+004 +2.233789650e+004 +2.232471650e+004 +2.232471650e+004 +1.2148e+001 +7.6867e-001 +6.0052e+000 +4.9250e+000 +4.0746e+000
947 +1.407944671e+004 +1.407944671e+004 +1.406626671e+004 +1.406626671e+004 +9.3041e+000 -1.7453e+000 +4.5745e+000 +3.5425e+000 +2.4360e+000
1107 +9.402368428e+003 +9.402368428e+003 +9.389188428e+003 +9.389188428e+003 +8.2832e+000 -1.2349e+000 +4.3429e+000 +3.5429e+000 +1.7264e+000
1278 +5.911201969e+003 +5.911201969e+003 +5.898021969e+003 +5.898021969e+003 +6.7284e+000 -2.4915e-001 +2.8985e+000 +2.1053e+000 +1.7254e+000
1322 +3.321624483e+003 +3.321624483e+003 +3.308444483e+003 +3.308444483e+003 +5.1112e+000 -3.3365e-001 +1.6587e+000 +2.9920e+000 +9.0800e-001
1406 +2.097857720e+003 +2.097857720e+003 +2.084677720e+003 +2.084677720e+003 +3.3599e+000 -8.7378e-001 +9.8350e-001 +3.3463e+000 +3.8641e-001
1453 +1.345888854e+003 +1.345888854e+003 +1.332708854e+003 +1.332708854e+003 +2.7622e+000 -1.3492e+000 +1.4013e+000 +2.5373e+000 +5.4038e-001
1569 +7.060859525e+002 +7.060859525e+002 +6.929059525e+002 +6.929059525e+002 +2.0426e+000 -1.1974e+000 +6.4077e-001 +2.2331e+000 +1.9733e-001
1619 +4.526909634e+002 +4.526909634e+002 +4.395109634e+002 +4.395109634e+002 +1.7127e+000 -1.1457e+000 +4.9664e-001 +1.8844e+000 -1.6910e-001
1642 +2.873922426e+002 +2.873922426e+002 +2.742122426e+002 +2.742122426e+002 +1.7483e+000 -4.5010e-001 +2.8082e-001 +1.7456e+000 -7.7101e-003
1698 +1.413065772e+002 +1.413065772e+002 +1.281265772e+002 +1.281265772e+002 +1.0511e+000 -8.2948e-001 -1.4356e-001 +1.6834e+000 -2.3832e-001
1720 +8.780137253e+001 +8.780137253e+001 +7.462137253e+001 +7.462137253e+001 +1.0197e+000 -8.0909e-001 -6.2217e-002 +1.4716e+000 -3.2104e-001
1747 +3.134279807e+001 +3.134279807e+001 +1.816279807e+001 +1.816279807e+001 +5.1760e-001 -6.4737e-001 -5.5230e-001 +1.3288e+000 -1.5107e-001
1816 +1.156929374e+001 +1.156929374e+001 -1.610706262e+000 -1.610706262e+000 +3.9309e-001 -5.9318e-001 -2.2320e-001 +7.5394e-001 -3.4971e-001
1882 +7.029041441e+000 +7.029041441e+000 -6.150958559e+000 -6.150958559e+000 +5.7384e-001 -7.8629e-001 -1.7824e-001 +9.6479e-001 -3.2432e-001
2037 +5.558313528e+000 +5.558313528e+000 -7.621686472e+000 -7.621686472e+000 +4.5556e-001 -7.3986e-001 -2.7240e-001 +8.9544e-001 -3.5755e-001
% function evaluation | noise-free fitness - Fopt (-6.052000000000e+001) | best noise-free fitness - Fopt | measured fitness | best measured fitness | x1 | x2...
1 +4.587534992e+005 +4.587534992e+005 +4.586929792e+005 +4.586929792e+005 +9.9624e+000 +9.2593e+000 +8.5418e+000 +8.1151e+000 +7.0536e+000
19 +3.073660257e+004 +3.073660257e+004 +3.067608257e+004 +3.067608257e+004 +1.1821e+001 +8.6035e+000 +5.5581e+000 +5.5683e+000 +8.8094e+000
81 +9.023082734e+003 +9.023082734e+003 +8.962562734e+003 +8.962562734e+003 +1.1829e+001 +5.3887e+000 +4.0492e+000 +5.6541e+000 +7.9186e+000
240 +6.296890680e+003 +6.296890680e+003 +6.236370680e+003 +6.236370680e+003 +1.4871e+001 +7.2280e+000 +2.9798e+000 +3.1460e+000 +1.2351e+001
436 +3.974846141e+003 +3.974846141e+003 +3.914326141e+003 +3.914326141e+003 +1.7280e+001 +8.2384e+000 +5.9704e+000 +5.1901e+000 +1.3099e+001
872 +2.210646768e+003 +2.210646768e+003 +2.150126768e+003 +2.150126768e+003 +1.5989e+001 +7.8722e+000 +4.8114e+000 +2.6478e+000 +1.0519e+001
1924 +1.518591336e+003 +1.518591336e+003 +1.458071336e+003 +1.458071336e+003 +1.0564e+001 +5.2380e+000 +2.1118e+000 +9.6678e-001 +5.4789e+000
% function evaluation | noise-free fitness - Fopt (1.844000000000e+002) | best noise-free fitness - Fopt | measured fitness | best measured fitness | x1 | x2...
1 +7.536815409e+006 +7.536815409e+006 +7.536999809e+006 +7.536999809e+006 +1.4666e+001 +9.4308e+000 +1.4665e+001 +8.6477e+000 +5.5400e+000
4 +4.817049234e+006 +4.817049234e+006 +4.817233634e+006 +4.817233634e+006 +5.4234e+000 +1.4118e+001 +8.0774e+000 +7.9082e+000 +1.0166e+001
6 +2.569433140e+006 +2.569433140e+006 +2.569617540e+006 +2.569617540e+006 +5.0518e+000 +6.7905e+000 +6.1702e+000 +1.1061e+001 +5.6865e+000
14 +2.262589157e+006 +2.262589157e+006 +2.262773557e+006 +2.262773557e+006 +1.1604e+001 +7.4500e+000 +1.2412e+001 +5.8919e+000 +7.9282e+000
176 +1.146866299e+006 +1.146866299e+006 +1.147050699e+006 +1.147050699e+006 +8.2447e+000 +6.3235e+000 +8.9014e+000 +5.2979e+000 +1.0220e+001
216 +9.379328682e+005 +9.379328682e+005 +9.381172682e+005 +9.381172682e+005 +5.3153e+000 +6.7905e+000 +6.1702e+000 +6.3840e+000 +7.5300e+000
274 +3.253501677e+005 +3.253501677e+005 +3.255345677e+005 +3.255345677e+005 +5.0180e+000 +7.1068e+000 +1.0676e+001 +8.9108e-001 +9.7463e+000
296 +1.212715900e+005 +1.212715900e+005 +1.214559900e+005 +1.214559900e+005 +1.4756e+000 +5.7996e+000 +1.0796e+001 -9.3202e-001 +8.3311e+000
440 +7.137116389e+004 +7.137116389e+004 +7.155556389e+004 +7.155556389e+004 +4.8788e+000 -1.6599e-001 +8.6323e+000 -3.9700e+000 +1.0139e+001
450 +3.293734862e+004 +3.293734862e+004 +3.312174862e+004 +3.312174862e+004 +3.0950e+000 +2.6569e-001 +7.5158e+000 -8.0475e+000 +6.6664e+000
515 +2.418807152e+004 +2.418807152e+004 +2.437247152e+004 +2.437247152e+004 +1.3602e+000 -1.6599e-001 +8.4566e+000 -3.9700e+000 +7.1520e+000
555 +6.866767384e+003 +6.866767384e+003 +7.051167384e+003 +7.051167384e+003 +6.1918e+000 +4.7412e-001 +9.0405e+000 -4.6314e+000 +6.3318e+000
709 +1.335318291e+003 +1.335318291e+003 +1.519718291e+003 +1.519718291e+003 +7.7122e+000 +2.3764e+000 +1.2271e+001 -7.4481e+000 +6.8884e+000
776 +8.941968432e+002 +8.941968432e+002 +1.078596843e+003 +1.078596843e+003 +5.3296e+000 +1.1571e+000 +1.0675e+001 -4.4951e+000 +6.7956e+000
1166 +6.185910859e+002 +6.185910859e+002 +8.029910859e+002 +8.029910859e+002 +6.9714e+000 +1.8839e+000 +1.1622e+001 -7.3915e+000 +6.1335e+000
1820 +3.910452598e+002 +3.910452598e+002 +5.754452598e+002 +5.754452598e+002 +6.0001e+000 +1.4662e+000 +1.0925e+001 -5.8564e+000 +6.3946e+000
% function evaluation | noise-free fitness - Fopt (2.277700000000e+002) | best noise-free fitness - Fopt | measured fitness | best measured fitness | x1 | x2...
1 +2.335648702e+006 +2.335648702e+006 +2.335876472e+006 +2.335876472e+006 +5.4955e+000 +7.5085e+000 +1.4802e+001 +6.1878e+000 +7.8296e+000
44 +1.387786055e+006 +1.387786055e+006 +1.388013825e+006 +1.388013825e+006 +5.6267e+000 +9.6430e+000 +5.5465e+000 +7.5567e+000 +6.6075e+000
120 +9.053638071e+005 +9.053638071e+005 +9.055915771e+005 +9.055915771e+005 +5.6267e+000 +9.6430e+000 +5.5465e+000 +3.9949e+000 +5.3870e+000
191 +6.171721637e+005 +6.171721637e+005 +6.173999337e+005 +6.173999337e+005 +5.6267e+000 +4.2264e+000 +5.5465e+000 +5.0856e+000 +8.3920e+000
248 +2.806074659e+005 +2.806074659e+005 +2.808352359e+005 +2.808352359e+005 +1.6865e+000 +3.8937e+000 +9.9598e+000 +4.3085e+000 +7.9791e+000
523 +1.503948282e+005 +1.503948282e+005 +1.506225982e+005 +1.506225982e+005 -7.7513e-001 +4.2961e+000 +1.5445e+001 +8.4438e-001 +9.6167e+000
602 +2.106610636e+004 +2.106610636e+004 +2.129387636e+004 +2.129387636e+004 -7.7513e-001 -4.2237e-001 +6.2375e+000 +9.5422e-001 +6.3272e+000
901 +7.715137364e+002 +7.715137364e+002 +9.992837364e+002 +9.992837364e+002 -9.7275e-002 -1.3090e+000 -2.8480e+000 +1.4781e+000 -1.5582e-001
1090 +1.304006977e+002 +1.304006977e+002 +3.581706977e+002 +3.581706977e+002 +2.5010e-001 +4.2198e-001 -3.5395e-001 +1.3865e-001 -2.8191e-001
1253 +6.603726845e+001 +6.603726845e+001 +2.938072684e+002 +2.938072684e+002 +3.3939e-002 +5.8381e-001 +6.1422e-002 -1.0242e+000 -3.0858e-001
1332 +3.116573619e+001 +3.116573619e+001 +2.589357362e+002 +2.589357362e+002 -6.0107e-001 +8.6688e-001 +6.0048e-002 -4.2437e-001 -1.8396e-001
1602 +2.355471153e+001 +2.355471153e+001 +2.513247115e+002 +2.513247115e+002 -7.6427e-001 +2.5587e-001 -1.3143e-002 +1.9972e-001 +4.6535e-001
1799 +1.484078545e+001 +1.484078545e+001 +2.426107855e+002 +2.426107855e+002 -7.3612e-001 +5.4154e-001 +3.1756e-001 -1.5902e-001 +3.5089e-001
1865 +6.919787344e+000 +6.919787344e+000 +2.346897873e+002 +2.346897873e+002 -6.0050e-001 +2.9066e-001 +3.1142e-001 +7.2163e-002 +3.7464e-001
1922 +3.991008536e+000 +3.991008536e+000 +2.317610085e+002 +2.317610085e+002 -5.5116e-001 +2.7570e-001 +2.5216e-001 -2.2414e-001 +2.6055e-001
2045 +3.095255975e+000 +3.095255975e+000 +2.308652560e+002 +2.308652560e+002 -5.3730e-001 +1.6203e-001 +5.3351e-002 +6.9386e-002 +2.7186e-001
% function evaluation | noise-free fitness - Fopt (9.640000000000e+001) | best noise-free fitness - Fopt | measured fitness | best measured fitness | x1 | x2...
1 +1.014275530e+007 +1.014275530e+007 +1.014285170e+007 +1.014285170e+007 +1.2221e+001 +9.3814e+000 +7.1777e+000 +7.3834e+000 +1.3819e+001
3 +2.704848234e+006 +2.704848234e+006 +2.704944634e+006 +2.704944634e+006 +9.4486e+000 +5.5823e+000 +1.4239e+001 +8.8422e+000 +1.0689e+001
11 +1.501264881e+006 +1.501264881e+006 +1.501361281e+006 +1.501361281e+006 +5.5910e+000 +6.1502e+000 +1.2904e+001 +1.0567e+001 +5.8459e+000
104 +8.762674822e+005 +8.762674822e+005 +8.763638822e+005 +8.763638822e+005 +6.2544e+000 +5.0931e+000 +5.8704e+000 +5.9243e+000 +8.0063e+000
277 +6.271284862e+005 +6.271284862e+005 +6.272248862e+005 +6.272248862e+005 +5.8067e+000 +2.8342e+000 +9.9358e+000 +8.9147e+000 +8.6062e+000
377 +1.338540177e+005 +1.338540177e+005 +1.339504177e+005 +1.339504177e+005 -2.4963e+000 +1.5586e+000 +8.5460e+000 +3.6387e+000 +4.3151e+000
452 +3.792920863e+004 +3.792920863e+004 +3.802560863e+004 +3.802560863e+004 +3.1295e+000 +1.8041e+000 +2.2747e+000 +3.9774e+000 +2.8805e+000
487 +1.050765364e+004 +1.050765364e+004 +1.060405364e+004 +1.060405364e+004 +5.7852e+000 -1.6558e+000 +7.5455e+000 +2.8292e+000 +3.5399e+000
753 +9.889775720e+003 +9.889775720e+003 +9.986175720e+003 +9.986175720e+003 +4.6364e+000 -1.4620e+000 +7.4676e+000 +1.6566e+000 +4.9116e+000
851 +3.675788462e+003 +3.675788462e+003 +3.772188462e+003 +3.772188462e+003 +6.4429e+000 -4.0439e+000 +7.9862e+000 +3.6797e+000 +1.6176e+000
890 +2.177596772e+003 +2.177596772e+003 +2.273996772e+003 +2.273996772e+003 +5.5313e+000 -5.0286e+000 +9.1456e+000 +3.5586e+000 +3.6920e+000
902 +1.342358314e+003 +1.342358314e+003 +1.438758314e+003 +1.438758314e+003 +5.5159e+000 -4.0930e+000 +9.7512e+000 +5.4936e+000 +3.9521e+000
1023 +3.375425105e+002 +3.375425105e+002 +4.339425105e+002 +4.339425105e+002 +4.7689e+000 -5.4198e+000 +8.8535e+000 +3.1842e+000 +5.1218e+000
1396 +2.154230740e+002 +2.154230740e+002 +3.118230740e+002 +3.118230740e+002 +2.6806e+000 -2.6056e+000 +5.6451e+000 +2.5505e+000 +3.6890e+000
1427 +1.583266424e+002 +1.583266424e+002 +2.547266424e+002 +2.547266424e+002 +2.4331e+000 -1.6026e+000 +5.9209e+000 +2.3102e+000 +3.9540e+000
1531 +7.139803806e+001 +7.139803806e+001 +1.677980381e+002 +1.677980381e+002 +4.9958e-001 -1.4037e+000 +2.1196e+000 +1.6967e+000 +2.4765e+000
1601 +1.552571684e+001 +1.552571684e+001 +1.119257168e+002 +1.119257168e+002 +6.1708e-001 -1.8164e+000 +2.2764e+000 +1.7923e+000 +2.7061e+000
% function evaluation | noise-free fitness - Fopt (-9.045000000000e+001) | best noise-free fitness - Fopt | measured fitness | best measured fitness | x1 | x2...
1 +9.588458023e+006 +9.588458023e+006 +9.588367573e+006 +9.588367573e+006 +8.1536e+000 +1.4466e+001 +6.3596e+000 +1.2092e+001 +1.2852e+001
3 +4.638668457e+006 +4.638668457e+006 +4.638578007e+006 +4.638578007e+006 +1.3302e+001 +8.3754e+000 +7.7486e+000 +6.3384e+000 +6.8971e+000
17 +3.011831204e+006 +3.011831204e+006 +3.011740754e+006 +3.011740754e+006 +1.1614e+001 +9.7633e+000 +6.4566e+000 +9.5700e+000 +5.0102e+000
48 +2.212147179e+006 +2.212147179e+006 +2.212056729e+006 +2.212056729e+006 +7.2605e+000 +1.1146e+001 +6.1430e+000 +9.1389e+000 +5.8118e+000
106 +1.321593288e+006 +1.321593288e+006 +1.321502838e+006 +1.321502838e+006 +5.2738e+000 +7.8032e+000 +5.1526e+000 +4.8165e+000 +8.7274e+000
169 +6.990823607e+005 +6.990823607e+005 +6.989919107e+005 +6.989919107e+005 +6.9306e+000 +7.9246e+000 +2.0060e+000 +6.2774e+000 +4.7254e+000
225 +6.107878146e+005 +6.107878146e+005 +6.106973646e+005 +6.106973646e+005 +5.9772e+000 +7.7307e+000 -6.9844e-001 +3.6817e+000 +4.6097e+000
229 +2.621951107e+005 +2.621951107e+005 +2.621046607e+005 +2.621046607e+005 +1.5937e+000 +5.2108e+000 +2.5518e+000 +6.4527e+000 +5.0888e+000
339 +6.853257681e+004 +6.853257681e+004 +6.844212681e+004 +6.844212681e+004 +5.2793e+000 +3.5397e+000 -2.0117e+000 +3.3123e+000 +1.0150e+000
342 +2.238779292e+004 +2.238779292e+004 +2.229734292e+004 +2.229734292e+004 +4.2946e+000 +2.0581e+000 -1.9242e+000 +4.0975e+000 -2.1777e-001
580 +1.332000013e+004 +1.332000013e+004 +1.322955013e+004 +1.322955013e+004 +3.4367e+000 +3.5659e+000 -1.8565e+000 +5.3177e+000 -2.9147e+000
728 +6.936113858e+003 +6.936113858e+003 +6.845663858e+003 +6.845663858e+003 +3.4725e+000 +2.0581e+000 -1.9242e+000 +4.0975e+000 -1.4203e+000
800 +4.416609758e+003 +4.416609758e+003 +4.326159758e+003 +4.326159758e+003 +3.6640e+000 +1.6317e+000 -1.0508e+000 +4.6410e+000 -2.5899e+000
838 +1.107023842e+003 +1.107023842e+003 +1.016573842e+003 +1.016573842e+003 +2.2216e-001 +1.1081e+000 +1.8455e-001 +2.5074e+000 -2.4403e+000
993 +6.586513190e+002 +6.586513190e+002 +5.682013190e+002 +5.682013190e+002 +3.8039e-001 -3.2916e-001 -1.0779e+000 +1.5618e+000 -2.1561e+000
1071 +5.353239325e+002 +5.353239325e+002 +4.448739325e+002 +4.448739325e+002 -1.6943e+000 -9.7495e-001 -4.9060e-001 +2.5967e-001 -1.0938e+000
1174 +3.325527048e+002 +3.325527048e+002 +2.421027048e+002 +2.421027048e+002 +3.6196e-001 +2.9282e-001 +4.5534e-001 +2.4124e+000 -1.4053e-001
1216 +8.683868421e+001 +8.683868421e+001 -3.611315792e+000 -3.611315792e+000 -4.6129e-001 -4.7359e-001 +2.1822e-001 +1.0210e+000 -1.5517e-001
1378 +5.531866385e+001 +5.531866385e+001 -3.513133615e+001 -3.513133615e+001 -3.3598e-001 +3.9428e-001 -2.5330e-001 +2.2471e-001 +1.1494e-001
1382 +3.921958726e+001 +3.921958726e+001 -5.123041274e+001 -5.123041274e+001 -4.4071e-002 -1.2674e-001 -1.9083e-001 +7.7606e-001 -9.4280e-001
1403 +2.259433152e+001 +2.259433152e+001 -6.785566848e+001 -6.785566848e+001 -2.1044e-001 +6.6465e-002 -4.3694e-001 +1.1875e+000 -6.5489e-001
1486 +1.526676858e+001 +1.526676858e+001 -7.518323142e+001 -7.518323142e+001 -2.2282e-001 -3.1092e-001 -4.1531e-001 +6.4821e-001 -8.7633e-001
1640 +8.294211392e+000 +8.294211392e+000 -8.215578861e+001 -8.215578861e+001 -2.7841e-001 -1.6036e-001 -4.0172e-001 +2.3825e-001 -8.8927e-001
1915 +6.238840504e+000 +6.238840504e+000 -8.421115950e+001 -8.421115950e+001 -2.3839e-001 -3.1067e-002 -4.8513e-001 +4.8273e-001 -6.9457e-001
2016 +3.956481497e+000 +3.956481497e+000 -8.649351850e+001 -8.649351850e+001 -2.0745e-001 -2.0050e-001 -3.9218e-001 +2.6224e-001 -7.0641e-001
% function evaluation | noise-free fitness - Fopt (3.995000000000e+001) | best noise-free fitness - Fopt | measured fitness | best measured fitness | x1 | x2...
1 +1.290038278e+006 +1.290038278e+006 +1.290078228e+006 +1.290078228e+006 +9.7225e+000 +1.1641e+001 +7.1969e+000 +1.0993e+001 +5.7626e+000
22 +6.383848473e+005 +6.383848473e+005 +6.384247973e+005 +6.384247973e+005 +6.7686e+000 +8.8265e+000 +6.6366e+000 +5.1255e+000 +7.8475e+000
88 +3.759522650e+005 +3.759522650e+005 +3.759922150e+005 +3.759922150e+005 +6.8423e+000 +1.3527e+001 +6.8005e+000 +3.9965e+000 +6.7274e+000
178 +2.481012734e+005 +2.481012734e+005 +2.481412234e+005 +2.481412234e+005 +6.2912e+000 +1.3312e+001 +5.1390e+000 +1.4147e+000 +5.1711e+000
277 +1.425467414e+005 +1.425467414e+005 +1.425866914e+005 +1.425866914e+005 +3.9271e+000 +2.7219e+001 +4.7803e+000 +1.1169e+001 +9.6315e+000
311 +7.610001532e+004 +7.610001532e+004 +7.613996532e+004 +7.613996532e+004 +2.6765e+000 +1.4732e+001 +5.3321e+000 +9.1282e+000 +6.1906e+000
369 +2.846794207e+004 +2.846794207e+004 +2.850789207e+004 +2.850789207e+004 +2.9754e+000 +4.4047e+000 +2.8360e+000 +1.5469e+000 +4.2121e+000
635 +1.703418243e+004 +1.703418243e+004 +1.707413243e+004 +1.707413243e+004 +1.4583e-001 +9.7997e+000 +4.0744e-001 +4.3785e+000 +5.8309e+000
705 +1.496002085e+004 +1.496002085e+004 +1.499997085e+004 +1.499997085e+004 +1.9298e+000 +4.4651e+000 +8.8752e-001 -1.4778e-001 +4.6438e+000
785 +5.012850511e+003 +5.012850511e+003 +5.052800511e+003 +5.052800511e+003 +1.2137e+000 +3.0510e+000 +7.3444e-001 -6.9194e-001 +3.1717e+000
805 +3.489391021e+003 +3.489391021e+003 +3.529341021e+003 +3.529341021e+003 +1.2188e+000 +2.4442e+000 +2.4481e+000 +1.9592e+000 +8.3480e-001
870 +8.735363276e+002 +8.735363276e+002 +9.134863276e+002 +9.134863276e+002 +4.9521e-001 +2.0331e+000 +4.7802e-001 +3.3213e-001 +2.2633e+000
924 +4.089916222e+002 +4.089916222e+002 +4.489416222e+002 +4.489416222e+002 -3.9875e-001 -6.6109e-001 -1.6372e-001 +4.3982e-001 +1.4243e+000
945 +3.042762210e+002 +3.042762210e+002 +3.442262210e+002 +3.442262210e+002 -9.4469e-002 +9.9034e-001 +2.2072e-001 +1.0032e+000 +1.5600e+000
1002 +2.345892862e+002 +2.345892862e+002 +2.745392862e+002 +2.745392862e+002 -3.9875e-001 -6.6109e-001 -2.5680e-001 +4.3982e-001 +9.9734e-001
1116 +8.055428960e+001 +8.055428960e+001 +1.205042896e+002 +1.205042896e+002 -4.4749e-001 +7.1119e-001 +6.5118e-001 -4.5787e-001 +1.1092e+000
1281 +5.437613675e+001 +5.437613675e+001 +9.432613675e+001 +9.432613675e+001 -6.4889e-001 -2.6567e-003 +2.1981e-001 +5.2411e-001 +8.4949e-001
1364 +3.552504206e+001 +3.552504206e+001 +7.547504206e+001 +7.547504206e+001 -5.8864e-001 +6.2444e-003 +3.8766e-001 +9.0284e-002 +8.1238e-001
1539 +1.107030697e+001 +1.107030697e+001 +5.102030697e+001 +5.102030697e+001 -1.9990e-001 +3.0691e-001 +8.6158e-001 +2.4656e-001 +5.6111e-001
1548 +6.918485654e+000 +6.918485654e+000 +4.686848565e+001 +4.686848565e+001 -3.5253e-001 +2.5139e-001 +1.1585e+000 +5.8819e-002 +5.3252e-001
2071 +6.018382782e+000 +6.018382782e+000 +4.596838278e+001 +4.596838278e+001 -1.8504e-001 +2.2217e-001 +7.4221e-001 -1.6595e-001 +6.3108e-001
% function evaluation | noise-free fitness - Fopt (7.762000000000e+001) | best noise-free fitness - Fopt | measured fitness | best measured fitness | x1 | x2...
1 +7.666168242e+006 +7.666168242e+006 +7.666245862e+006 +7.666245862e+006 +9.5247e+000 +7.7875e+000 +1.1725e+001 +1.0870e+001 +1.4901e+001
4 +4.964943366e+006 +4.964943366e+006 +4.965020986e+006 +4.965020986e+006 +8.7885e+000 +9.4054e+000 +5.1998e+000 +9.6779e+000 +8.6993e+000
5 +2.650800574e+006 +2.650800574e+006 +2.650878194e+006 +2.650878194e+006 +9.5781e+000 +5.5288e+000 +1.2182e+001 +6.2653e+000 +5.7990e+000
8 +1.476082172e+006 +1.476082172e+006 +1.476159792e+006 +1.476159792e+006 +5.0503e+000 +6.8318e+000 +7.7429e+000 +6.8942e+000 +8.4301e+000
156 +1.764666671e+005 +1.764666671e+005 +1.765442871e+005 +1.765442871e+005 +7.6807e+000 +5.9191e+000 +3.0822e+000 +1.1157e+000 +6.4825e+000
297 +1.374527379e+005 +1.374527379e+005 +1.375303579e+005 +1.375303579e+005 +9.0803e+000 +3.5803e+000 -3.2540e-001 +4.3565e-001 +5.3339e+000
320 +7.081813705e+004 +7.081813705e+004 +7.089575705e+004 +7.089575705e+004 +1.8503e+001 +1.8027e+000 +1.1578e+001 -6.7758e+000 +7.4000e+000
524 +2.436477037e+004 +2.436477037e+004 +2.444239037e+004 +2.444239037e+004 +6.7885e+000 +4.8200e-001 +9.1491e-001 -3.5269e+000 +2.3233e+000
621 +1.135370605e+004 +1.135370605e+004 +1.143132605e+004 +1.143132605e+004 +8.8624e+000 -5.4965e+000 +8.2720e+000 -5.6467e+000 +3.4165e+000
654 +9.960954208e+003 +9.960954208e+003 +1.003857421e+004 +1.003857421e+004 +6.3758e+000 -1.7367e+000 +4.4771e+000 -5.0319e+000 +1.4797e+000
698 +4.662628818e+003 +4.662628818e+003 +4.740248818e+003 +4.740248818e+003 +8.8624e+000 -5.4965e+000 +5.3343e+000 -5.0248e+000 +3.4165e+000
712 +2.938675591e+003 +2.938675591e+003 +3.016295591e+003 +3.016295591e+003 +5.2023e+000 +3.4489e-001 +7.6326e+000 -5.3332e+000 +3.6985e+000
781 +1.140250935e+003 +1.140250935e+003 +1.217870935e+003 +1.217870935e+003 +1.1800e+001 +2.6964e+000 +7.4949e+000 -7.1773e+000 +7.0543e+000
966 +6.551297596e+002 +6.551297596e+002 +7.327497596e+002 +7.327497596e+002 +1.2514e+001 +3.6179e+000 +7.7354e+000 -6.3316e+000 +7.0352e+000
1083 +4.709799945e+002 +4.709799945e+002 +5.485999945e+002 +5.485999945e+002 +1.0177e+001 +2.4813e+000 +7.4957e+000 -7.9575e+000 +4.1384e+000
1138 +1.403893655e+002 +1.403893655e+002 +2.180093655e+002 +2.180093655e+002 +1.2273e+001 +3.4973e+000 +7.8334e+000 -6.9868e+000 +7.2420e+000
1587 +9.955195215e+001 +9.955195215e+001 +1.771719522e+002 +1.771719522e+002 +1.2381e+001 +3.3828e+000 +7.8552e+000 -7.0281e+000 +7.0447e+000
1970 +5.001659274e+001 +5.001659274e+001 +1.276365927e+002 +1.276365927e+002 +1.3030e+001 +3.5532e+000 +8.2490e+000 -7.2664e+000 +7.6420e+000
% function evaluation | noise-free fitness - Fopt (-1.092400000000e+002) | best noise-free fitness - Fopt | measured fitness | best measured fitness | x1 | x2...
1 +9.458667200e+006 +9.458667200e+006 +9.458557960e+006 +9.458557960e+006 +1.2582e+001 +7.1513e+000 +5.5801e+000 +7.3735e+000 +5.9530e+000
38 +5.581941275e+006 +5.581941275e+006 +5.581832035e+006 +5.581832035e+006 +7.3522e+000 +7.4795e+000 +9.6154e+000 +6.5467e+000 +6.9488e+000
59 +1.924977140e+006 +1.924977140e+006 +1.924867900e+006 +1.924867900e+006 +7.9239e+000 +6.5499e+000 +3.6614e+000 +3.7386e+000 +5.7895e+000
170 +1.325278784e+006 +1.325278784e+006 +1.325169544e+006 +1.325169544e+006 +3.4290e+000 +6.5800e+000 +4.4765e+000 +1.5295e+000 +1.1711e+001
344 +6.317930131e+005 +6.317930131e+005 +6.316837731e+005 +6.316837731e+005 +5.9662e-001 +2.7154e+000 +2.3021e+000 +8.6522e+000 +6.5858e+000
383 +3.297980916e+005 +3.297980916e+005 +3.296888516e+005 +3.296888516e+005 +5.4696e+000 +3.7506e+000 -3.7226e-001 -3.1573e-001 +7.8918e+000
580 +1.939912039e+005 +1.939912039e+005 +1.938819639e+005 +1.938819639e+005 -6.9552e-001 +6.8413e+000 +1.0351e+000 +2.8949e+000 +7.8417e+000
596 +6.646327847e+003 +6.646327847e+003 +6.537087847e+003 +6.537087847e+003 +3.2504e+000 -1.1427e+000 +6.7944e-001 +7.0704e-001 +1.0232e+000
775 +5.755784768e+002 +5.755784768e+002 +4.663384768e+002 +4.663384768e+002 +1.6695e+000 +9.1537e-001 -5.7513e-001 +7.6146e-001 +1.1964e+000
1141 +3.938982050e+002 +3.938982050e+002 +2.846582050e+002 +2.846582050e+002 +1.2925e-001 +2.6978e-001 -1.2423e+000 -3.0325e-001 +6.1202e-001
1192 +7.530138930e+001 +7.530138930e+001 -3.393861070e+001 -3.393861070e+001 +8.2054e-001 -4.3735e-001 +9.7429e-001 -3.9931e-001 +2.9384e-001
1243 +3.620786586e+001 +3.620786586e+001 -7.303213414e+001 -7.303213414e+001 +5.4535e-001 -3.3934e-001 +5.7340e-001 +4.0764e-001 +2.9452e-001
1462 +1.234759339e+001 +1.234759339e+001 -9.689240661e+001 -9.689240661e+001 +1.0048e-001 -5.7863e-001 -4.2313e-001 +3.4409e-001 -6.0052e-002
1564 +6.386274617e+000 +6.386274617e+000 -1.028537254e+002 -1.028537254e+002 +1.0677e-001 -6.2018e-003 +9.8373e-001 -1.9911e-001 +2.1996e-001
