% function evaluation | noise-free fitness - Fopt (-1.000000000000e+003) | best noise-free fitness - Fopt | measured fitness | best measured fitness | x1 | x2...
1 +8.469213475e+001 +8.469213475e+001 -9.153078653e+002 -9.153078653e+002 +2.1075e+000 -3.6282e+000 -2.8331e+000 +6.4834e-002 +3.0271e-002
9 +2.736726466e+001 +2.736726466e+001 -9.726327353e+002 -9.726327353e+002 +4.4659e+000 -3.8748e+000 +4.9038e+000 -2.7775e-002 -1.5916e+000
39 +2.302209665e+001 +2.302209665e+001 -9.769779034e+002 -9.769779034e+002 -3.7527e+000 +4.9309e+000 +1.7936e+000 -2.5153e+000 -1.5289e+000
199 +1.177562310e+001 +1.177562310e+001 -9.882243769e+002 -9.882243769e+002 -3.4792e+000 +2.3149e+000 +4.2704e+000 -4.3104e+000 +2.4966e-001
276 +5.800952198e+000 +5.800952198e+000 -9.941990478e+002 -9.941990478e+002 -3.7852e+000 +3.3422e+000 -6.3948e-001 -2.0832e+000 -1.0299e+000
619 +3.046460967e+000 +3.046460967e+000 -9.969535390e+002 -9.969535390e+002 -4.4469e+000 +4.0285e+000 -4.3724e-001 -2.9838e+000 -1.7917e+000
858 +2.034037774e+000 +2.034037774e+000 -9.979659622e+002 -9.979659622e+002 -3.8603e+000 +3.7178e+000 -6.5939e-001 -2.4654e+000 -1.4656e+000
989 +1.541362422e+000 +1.541362422e+000 -9.984586376e+002 -9.984586376e+002 -3.3711e+000 +3.8007e+000 -1.0140e+000 -3.0700e+000 -8.8172e-001
1643 +9.908981208e-001 +9.908981208e-001 -9.990091019e+002 -9.990091019e+002 -3.8875e+000 +4.2045e+000 -2.5616e-001 -2.8791e+000 -1.3178e+000
% function evaluation | noise-free fitness - Fopt (1.000000000000e+003) | best noise-free fitness - Fopt | measured fitness | best measured fitness | x1 | x2...
1 +8.466356754e+001 +8.466356754e+001 +1.084663568e+003 +1.084663568e+003 +2.3897e-001 +4.7561e+000 -4.3580e+000 -4.4439e+000 -3.2616e+000
5 +2.125194960e+001 +2.125194960e+001 +1.021251950e+003 +1.021251950e+003 -5.8712e-001 -1.4410e+000 -4.2245e+000 -2.8843e+000 -2.0440e+000
17 +6.639544328e+000 +6.639544328e+000 +1.006639544e+003 +1.006639544e+003 -1.4020e+000 -2.0434e+000 -3.8339e+000 +1.0466e+000 -3.1904e+000
431 +4.003643351e+000 +4.003643351e+000 +1.004003643e+003 +1.004003643e+003 +6.9284e-003 -7.8284e-001 -1.7340e+000 +2.4768e+000 -4.1357e+000
696 +2.433020616e+000 +2.433020616e+000 +1.002433021e+003 +1.002433021e+003 -1.4157e+000 -2.5372e+000 -2.5094e+000 +1.2245e+000 -4.9471e+000
766 +9.336130606e-001 +9.336130606e-001 +1.000933613e+003 +1.000933613e+003 -1.2808e+000 -1.4624e+000 -2.3883e+000 +1.6834e+000 -4.9225e+000
1449 +5.222730950e-001 +5.222730950e-001 +1.000522273e+003 +1.000522273e+003 -6.2176e-001 -1.2709e+000 -2.2177e+000 +1.9814e+000 -4.3335e+000
1528 +2.933279292e-001 +2.933279292e-001 +1.000293328e+003 +1.000293328e+003 -8.0602e-001 -1.4624e+000 -2.3883e+000 +2.1520e+000 -2.8166e+000
1585 +1.374407381e-001 +1.374407381e-001 +1.000137441e+003 +1.000137441e+003 -1.0201e+000 -1.1268e+000 -2.4438e+000 +2.4435e+000 -2.8890e+000
1690 +7.079797881e-002 +7.079797881e-002 +1.000070798e+003 +1.000070798e+003 -8.7534e-001 -1.1935e+000 -2.3981e+000 +2.4771e+000 -2.9291e+000
1786 +4.911365525e-002 +4.911365525e-002 +1.000049114e+003 +1.000049114e+003 -8.4413e-001 -1.2802e+000 -2.4305e+000 +2.5187e+000 -2.5722e+000
1933 +3.026058759e-002 +3.026058759e-002 +1.000030261e+003 +1.000030261e+003 -1.0333e+000 -1.4737e+000 -2.6060e+000 +2.4423e+000 -1.7881e+000
2072 +2.097090949e-002 +2.097090949e-002 +1.000020971e+003 +1.000020971e+003 -9.8279e-001 -1.4532e+000 -2.5752e+000 +2.4703e+000 -1.8700e+000
2220 +1.572573439e-002 +1.572573439e-002 +1.000015726e+003 +1.000015726e+003 -1.0333e+000 -1.4737e+000 -2.4895e+000 +2.4931e+000 -1.7881e+000
2364 +3.921488764e-003 +3.921488764e-003 +1.000003921e+003 +1.000003921e+003 -9.3707e-001 -1.4590e+000 -2.4298e+000 +2.4750e+000 -2.1051e+000
2482 +1.082460886e-003 +1.082460886e-003 +1.000001082e+003 +1.000001082e+003 -6.9006e-001 -1.3314e+000 -2.0754e+000 +2.8378e+000 -1.7784e+000
2549 +4.232654171e-004 +4.232654171e-004 +1.000000423e+003 +1.000000423e+003 -6.0496e-001 -1.2852e+000 -1.9055e+000 +2.7577e+000 -2.4170e+000
2766 +2.009830959e-004 +2.009830959e-004 +1.000000201e+003 +1.000000201e+003 -7.6957e-001 -1.3439e+000 -2.1253e+000 +2.6342e+000 -2.2381e+000
2798 +7.999076183e-005 +7.999076183e-005 +1.000000080e+003 +1.000000080e+003 -6.9640e-001 -1.3182e+000 -2.0420e+000 +2.6462e+000 -2.4340e+000
3411 +2.589227120e-005 +2.589227120e-005 +1.000000026e+003 +1.000000026e+003 -6.4849e-001 -1.3152e+000 -2.0052e+000 +2.7480e+000 -2.1107e+000
3611 +1.662512102e-005 +1.662512102e-005 +1.000000017e+003 +1.000000017e+003 -6.7139e-001 -1.3338e+000 -2.0252e+000 +2.7308e+000 -2.0973e+000
3625 +6.439983736e-006 +6.439983736e-006 +1.000000006e+003 +1.000000006e+003 -6.8376e-001 -1.3374e+000 -2.0282e+000 +2.7274e+000 -2.1117e+000
3635 +4.513955673e-006 +4.513955673e-006 +1.000000005e+003 +1.000000005e+003 -6.9329e-001 -1.3381e+000 -2.0480e+000 +2.7023e+000 -2.1937e+000
3886 +2.381731633e-006 +2.381731633e-006 +1.000000002e+003 +1.000000002e+003 -6.9038e-001 -1.3465e+000 -2.0240e+000 +2.6923e+000 -2.2556e+000
4041 +1.278966238e-006 +1.278966238e-006 +1.000000001e+003 +1.000000001e+003 -7.1847e-001 -1.3818e+000 -2.0452e+000 +2.6347e+000 -2.3315e+000
4158 +7.729450999e-007 +7.729450999e-007 +1.000000001e+003 +1.000000001e+003 -7.0408e-001 -1.3897e+000 -2.0235e+000 +2.6349e+000 -2.3506e+000
4262 +4.187987770e-007 +4.187987770e-007 +1.000000000e+003 +1.000000000e+003 -7.0931e-001 -1.3989e+000 -2.0341e+000 +2.6376e+000 -2.3089e+000
4546 +3.969738600e-007 +3.969738600e-007 +1.000000000e+003 +1.000000000e+003 -7.3234e-001 -1.4286e+000 -2.0603e+000 +2.5952e+000 -2.3357e+000
4655 +1.488909902e-007 +1.488909902e-007 +1.000000000e+003 +1.000000000e+003 -7.2814e-001 -1.4171e+000 -2.0715e+000 +2.6058e+000 -2.3205e+000
4808 +6.150730769e-008 +6.150730769e-008 +1.000000000e+003 +1.000000000e+003 -7.2560e-001 -1.4084e+000 -2.0684e+000 +2.6187e+000 -2.2936e+000
4970 +3.154116257e-008 +3.154116257e-008 +1.000000000e+003 +1.000000000e+003 -7.2509e-001 -1.4075e+000 -2.0629e+000 +2.6167e+000 -2.3088e+000
4998 +1.233104285e-008 +1.233104285e-008 +1.000000000e+003 +1.000000000e+003 -7.2293e-001 -1.4046e+000 -2.0617e+000 +2.6178e+000 -2.3156e+000
5096 +1.436774255e-009 +1.436774255e-009 +1.000000000e+003 +1.000000000e+003 -7.1669e-001 -1.4095e+000 -2.0551e+000 +2.6046e+000 -2.3564e+000
% function evaluation | noise-free fitness - Fopt (-4.913000000000e+001) | best noise-free fitness - Fopt | measured fitness | best measured fitness | x1 | x2...
1 +7.950125803e+001 +7.950125803e+001 +3.037125803e+001 +3.037125803e+001 -2.4360e+000 +3.7211e+000 -3.5270e-001 -3.2130e+000 -4.6754e+000
9 +6.092413050e+001 +6.092413050e+001 +1.179413050e+001 +1.179413050e+001 +8.9669e-001 -8.3433e-001 +2.0458e+000 -2.0381e+000 -3.7033e-001
22 +2.513540563e+000 +2.513540563e+000 -4.661645944e+001 -4.661645944e+001 +1.5722e+000 -7.1537e-001 +1.6160e+000 -4.0571e-001 +7.7961e-001
503 +2.257523978e+000 +2.257523978e+000 -4.687247602e+001 -4.687247602e+001 +1.6419e+000 -6.0952e-001 +1.3233e+000 -4.2473e-001 +8.2227e-001
682 +1.351475147e+000 +1.351475147e+000 -4.777852485e+001 -4.777852485e+001 +3.0274e+000 -1.1393e-001 +1.8585e+000 -1.0020e-001 +1.4973e+000
688 +5.455519035e-001 +5.455519035e-001 -4.858444810e+001 -4.858444810e+001 +2.9912e+000 +2.6812e-001 +1.7156e+000 -1.0818e+000 +1.2617e+000
740 +3.726864912e-001 +3.726864912e-001 -4.875731351e+001 -4.875731351e+001 +3.9288e+000 +2.5780e+000 +2.6353e+000 -1.3510e+000 +1.2462e+000
1258 +1.481173340e-001 +1.481173340e-001 -4.898188267e+001 -4.898188267e+001 +4.4905e+000 +3.1404e+000 +3.1746e+000 -8.1271e-001 +1.3643e+000
1352 +8.582453240e-002 +8.582453240e-002 -4.904417547e+001 -4.904417547e+001 +3.9268e+000 +2.4863e+000 +2.6486e+000 -9.0981e-001 +1.2354e+000
1354 +5.765729202e-002 +5.765729202e-002 -4.907234271e+001 -4.907234271e+001 +4.2387e+000 +3.3308e+000 +3.0354e+000 -7.4488e-001 +1.2371e+000
1367 +3.324815436e-002 +3.324815436e-002 -4.909675185e+001 -4.909675185e+001 +4.0838e+000 +3.7986e+000 +3.4760e+000 -2.3440e-001 +9.5831e-001
1654 +3.739936134e-003 +3.739936134e-003 -4.912626006e+001 -4.912626006e+001 +3.9981e+000 +3.3352e+000 +3.3253e+000 -3.2072e-001 +1.0089e+000
1821 +8.366045626e-004 +8.366045626e-004 -4.912916340e+001 -4.912916340e+001 +3.9876e+000 +3.1746e+000 +3.5686e+000 +1.7572e-002 +9.6249e-001
2007 +1.582760136e-004 +1.582760136e-004 -4.912984172e+001 -4.912984172e+001 +3.8811e+000 +2.8698e+000 +3.3359e+000 -1.8788e-001 +9.9337e-001
2587 +9.865420221e-005 +9.865420221e-005 -4.912990135e+001 -4.912990135e+001 +3.8757e+000 +2.9821e+000 +3.3581e+000 -1.7214e-001 +9.6506e-001
2608 +5.471809713e-005 +5.471809713e-005 -4.912994528e+001 -4.912994528e+001 +3.8441e+000 +2.9457e+000 +3.4488e+000 -2.7367e-002 +9.2129e-001
2668 +1.385172370e-005 +1.385172370e-005 -4.912998615e+001 -4.912998615e+001 +3.8149e+000 +2.8546e+000 +3.4046e+000 +9.2678e-003 +9.3674e-001
2861 +1.527531310e-007 +1.527531310e-007 -4.912999985e+001 -4.912999985e+001 +3.7507e+000 +2.6014e+000 +3.2971e+000 -2.9317e-002 +9.6712e-001
3343 +2.553500877e-008 +2.553500877e-008 -4.912999997e+001 -4.912999997e+001 +3.7746e+000 +2.6478e+000 +3.3213e+000 -1.9180e-002 +9.6666e-001
3634 +1.014282702e-008 +1.014282702e-008 -4.912999999e+001 -4.912999999e+001 +3.7532e+000 +2.6273e+000 +3.3106e+000 -1.8155e-002 +9.6031e-001
3648 +7.519815881e-010 +7.519815881e-010 -4.913000000e+001 -4.913000000e+001 +3.7636e+000 +2.6532e+000 +3.3292e+000 -2.9793e-003 +9.5707e-001
% function evaluation | noise-free fitness - Fopt (2.977300000000e+002) | best noise-free fitness - Fopt | measured fitness | best measured fitness | x1 | x2...
1 +5.211261364e+001 +5.211261364e+001 +3.498426136e+002 +3.498426136e+002 +3.1731e+000 +1.8347e+000 +1.6708e+000 -3.1325e+000 +8.5375e-001
87 +2.547780924e+001 +2.547780924e+001 +3.232078092e+002 +3.232078092e+002 -1.4677e+000 +6.3492e+000 +3.3496e+000 +1.3539e+000 -4.1605e+000
214 +1.864649033e+001 +1.864649033e+001 +3.163764903e+002 +3.163764903e+002 +3.6568e+000 -3.9748e+000 -3.7516e+000 +3.2809e+000 +9.4293e-001
262 +6.077567209e+000 +6.077567209e+000 +3.038075672e+002 +3.038075672e+002 +2.6046e+000 +4.2132e+000 -3.2157e+000 -1.8952e+000 -4.5808e+000
% function evaluation | noise-free fitness - Fopt (5.157000000000e+001) | best noise-free fitness - Fopt | measured fitness | best measured fitness | x1 | x2...
1 +8.287323264e+001 +8.287323264e+001 +1.344432326e+002 +1.344432326e+002 +1.0798e+000 -4.9748e+000 -3.3719e+000 +4.1392e+000 -2.1908e+000
9 +4.888725696e+001 +4.888725696e+001 +1.004572570e+002 +1.004572570e+002 -4.1822e+000 -1.0493e+000 +6.5046e-002 -4.8991e+000 +2.6395e-001
76 +2.388866757e+001 +2.388866757e+001 +7.545866757e+001 +7.545866757e+001 +3.9004e+000 -3.6574e+000 -2.8811e+000 -3.3920e+000 +2.8777e+000
110 +1.247480648e+001 +1.247480648e+001 +6.404480648e+001 +6.404480648e+001 +1.6765e-001 +1.0687e-001 -1.2972e+000 +3.8638e+000 -3.7755e+000
111 +8.797454815e+000 +8.797454815e+000 +6.036745481e+001 +6.036745481e+001 -3.9607e+000 -2.8530e+000 -6.0834e-001 -3.1101e+000 +2.1095e+000
196 +4.538659036e+000 +4.538659036e+000 +5.610865904e+001 +5.610865904e+001 -2.2059e+000 -2.9468e+000 -1.3197e+000 -3.0221e+000 +9.5029e-001
361 +2.099925637e+000 +2.099925637e+000 +5.366992564e+001 +5.366992564e+001 -2.7592e+000 -3.1183e+000 -9.0982e-001 -2.9813e+000 +1.5691e+000
1079 +9.030240463e-001 +9.030240463e-001 +5.247302405e+001 +5.247302405e+001 -2.5795e+000 -2.9723e+000 -4.5455e-001 -3.3105e+000 +8.3223e-001
% function evaluation | noise-free fitness - Fopt (1.495000000000e+001) | best noise-free fitness - Fopt | measured fitness | best measured fitness | x1 | x2...
1 +1.770955113e+001 +1.770955113e+001 +3.265955113e+001 +3.265955113e+001 -1.5542e+000 -2.9181e+000 +8.3425e-001 +9.3505e-001 -1.7438e+000
108 +1.385536434e+001 +1.385536434e+001 +2.880536434e+001 +2.880536434e+001 -7.3834e-001 -1.9052e+000 +6.9940e-001 +4.3714e+000 -7.5993e-001
380 +8.448157869e+000 +8.448157869e+000 +2.339815787e+001 +2.339815787e+001 -3.1233e+000 -2.4435e+000 +1.2346e+000 +2.5528e+000 -3.2684e+000
1640 +3.960790839e+000 +3.960790839e+000 +1.891079084e+001 +1.891079084e+001 -2.1342e+000 -4.1284e+000 +1.0811e+000 +7.4620e-001 -1.0703e+000
% function evaluation | noise-free fitness - Fopt (6.938000000000e+001) | best noise-free fitness - Fopt | measured fitness | best measured fitness | x1 | x2...
1 +5.889863782e+001 +5.889863782e+001 +1.282786378e+002 +1.282786378e+002 +2.9268e+000 -2.6836e-001 +3.5397e-001 +1.1180e+000 -9.6974e-002
43 +3.228502571e+001 +3.228502571e+001 +1.016650257e+002 +1.016650257e+002 +1.5000e+000 -1.6254e-001 -7.5718e-001 +9.1051e-001 -2.5034e+000
53 +2.439093415e+001 +2.439093415e+001 +9.377093415e+001 +9.377093415e+001 -1.4968e+000 +6.6921e-001 +6.3189e-002 +6.1417e-001 -1.1320e+000
93 +8.292742244e+000 +8.292742244e+000 +7.767274224e+001 +7.767274224e+001 -1.3862e+000 -8.8937e-001 +7.3105e-001 +3.5028e+000 -1.9949e+000
1213 +6.004171566e+000 +6.004171566e+000 +7.538417157e+001 +7.538417157e+001 -1.9355e+000 -1.3549e+000 +2.4771e-001 +3.6909e+000 -2.1688e+000
% function evaluation | noise-free fitness - Fopt (7.255000000000e+001) | best noise-free fitness - Fopt | measured fitness | best measured fitness | x1 | x2...
1 +8.214188123e+001 +8.214188123e+001 +1.546918812e+002 +1.546918812e+002 +6.2196e-001 -5.6192e-001 -2.2817e+000 +1.6760e+000 +2.6403e+000
6 +3.148593720e+001 +3.148593720e+001 +1.040359372e+002 +1.040359372e+002 -1.0584e+000 -3.6000e+000 +4.4522e-001 +2.2990e+000 +1.0352e+000
27 +2.419920035e+001 +2.419920035e+001 +9.674920035e+001 +9.674920035e+001 -3.3417e+000 +2.4782e+000 -2.3327e+000 +3.7407e+000 -2.6074e+000
78 +1.415493203e+001 +1.415493203e+001 +8.670493203e+001 +8.670493203e+001 -3.0851e+000 +4.0489e+000 -3.0055e+000 -2.1368e+000 -2.8677e+000
281 +9.558837124e+000 +9.558837124e+000 +8.210883712e+001 +8.210883712e+001 -3.0028e+000 +3.8628e+000 -2.4917e+000 -1.4911e+000 -2.3830e+000
838 +2.792127953e+000 +2.792127953e+000 +7.534212795e+001 +7.534212795e+001 -3.0375e+000 +1.9808e-001 +1.1420e+000 +4.3144e+000 -2.3150e+000
1082 +2.009844774e+000 +2.009844774e+000 +7.455984477e+001 +7.455984477e+001 -2.2174e+000 +2.7867e-001 +3.4521e-003 +2.0727e+000 -1.4662e+000
1086 +5.533171970e-001 +5.533171970e-001 +7.310331720e+001 +7.310331720e+001 -2.4128e+000 +2.4980e-001 +1.8698e-001 +2.8539e+000 -1.6529e+000
1363 +3.615835737e-001 +3.615835737e-001 +7.291158357e+001 +7.291158357e+001 -2.4025e+000 -1.5921e-002 +3.6366e-001 +3.8965e+000 -1.3764e+000
1442 +1.903794141e-001 +1.903794141e-001 +7.274037941e+001 +7.274037941e+001 -2.4926e+000 -3.0986e-001 +6.4686e-001 +3.8957e+000 -1.4712e+000
1811 +1.497188668e-002 +1.497188668e-002 +7.256497189e+001 +7.256497189e+001 -2.4820e+000 -4.0369e-001 +5.6375e-001 +4.0319e+000 -1.3950e+000
2329 +5.191604758e-003 +5.191604758e-003 +7.255519160e+001 +7.255519160e+001 -2.6275e+000 -3.0633e-001 +7.3518e-001 +4.4470e+000 -1.6469e+000
2479 +3.519961504e-003 +3.519961504e-003 +7.255351996e+001 +7.255351996e+001 -2.5488e+000 -8.9742e-002 +6.2730e-001 +4.1163e+000 -1.5196e+000
2818 +1.443169282e-003 +1.443169282e-003 +7.255144317e+001 +7.255144317e+001 -2.4876e+000 -1.0368e-001 +5.1874e-001 +3.8250e+000 -1.3365e+000
3006 +9.012576809e-004 +9.012576809e-004 +7.255090126e+001 +7.255090126e+001 -2.4733e+000 -3.7589e-001 +3.5430e-001 +3.3970e+000 -1.2017e+000
3107 +6.199924103e-004 +6.199924103e-004 +7.255061999e+001 +7.255061999e+001 -2.5166e+000 -6.2659e-001 +2.5254e-001 +3.1431e+000 -1.1193e+000
3227 +2.423135835e-004 +2.423135835e-004 +7.255024231e+001 +7.255024231e+001 -2.5326e+000 -6.7370e-001 +2.3458e-001 +3.0875e+000 -1.1646e+000
3359 +1.309452709e-004 +1.309452709e-004 +7.255013095e+001 +7.255013095e+001 -2.6151e+000 -8.9142e-001 +2.0815e-001 +2.9386e+000 -1.2122e+000
3742 +4.516644459e-005 +4.516644459e-005 +7.255004517e+001 +7.255004517e+001 -2.6541e+000 -7.7914e-001 +3.2846e-001 +3.2299e+000 -1.3111e+000
3864 +1.678563308e-005 +1.678563308e-005 +7.255001679e+001 +7.255001679e+001 -2.6007e+000 -6.1602e-001 +3.3670e-001 +3.2841e+000 -1.3066e+000
4033 +8.028714959e-006 +8.028714959e-006 +7.255000803e+001 +7.255000803e+001 -2.6587e+000 -7.6712e-001 +3.3144e-001 +3.2526e+000 -1.3576e+000
4065 +5.504638793e-006 +5.504638793e-006 +7.255000550e+001 +7.255000550e+001 -2.6572e+000 -7.8010e-001 +3.5161e-001 +3.3334e+000 -1.3684e+000
4095 +1.948149986e-006 +1.948149986e-006 +7.255000195e+001 +7.255000195e+001 -2.5952e+000 -6.3646e-001 +3.5098e-001 +3.3635e+000 -1.3274e+000
4453 +1.566330070e-006 +1.566330070e-006 +7.255000157e+001 +7.255000157e+001 -2.6239e+000 -7.0977e-001 +3.4878e-001 +3.3602e+000 -1.3499e+000
4645 +5.622009951e-007 +5.622009951e-007 +7.255000056e+001 +7.255000056e+001 -2.6154e+000 -7.4643e-001 +3.0950e-001 +3.2319e+000 -1.3085e+000
4646 +3.661192522e-007 +3.661192522e-007 +7.255000037e+001 +7.255000037e+001 -2.6243e+000 -7.0113e-001 +3.4118e-001 +3.3060e+000 -1.3515e+000
4656 +1.280690753e-008 +1.280690753e-008 +7.255000001e+001 +7.255000001e+001 -2.6189e+000 -7.4570e-001 +3.0692e-001 +3.2347e+000 -1.3165e+000
4940 +4.340265036e-009 +4.340265036e-009 +7.255000000e+001 +7.255000000e+001 -2.6251e+000 -7.5765e-001 +3.0352e-001 +3.2153e+000 -1.3196e+000
% function evaluation | noise-free fitness - Fopt (-5.473100000000e+002) | best noise-free fitness - Fopt | measured fitness | best measured fitness | x1 | x2...
1 +6.862803884e+001 +6.862803884e+001 -4.786819612e+002 -4.786819612e+002 -2.0419e+000 -4.9768e+000 +2.4105e+000 +1.6658e+000 +5.9295e-001
6 +5.197538296e+001 +5.197538296e+001 -4.953346170e+002 -4.953346170e+002 +5.3199e-001 -2.3158e-001 +1.1644e-001 +1.8126e+000 +3.3380e-001
17 +3.424910619e+001 +3.424910619e+001 -5.130608938e+002 -5.130608938e+002 +4.1085e+000 +3.0221e+000 -2.0282e+000 +2.4803e-002 -2.6206e+000
26 +9.443565854e+000 +9.443565854e+000 -5.378664341e+002 -5.378664341e+002 +2.8938e-001 +2.8098e+000 +1.0594e+000 -4.7747e+000 +1.4436e+000
515 +5.506252494e+000 +5.506252494e+000 -5.418037475e+002 -5.418037475e+002 -3.2535e+000 -3.8157e+000 +2.4181e+000 +2.6023e+000 +3.0083e+000
529 +2.003586875e+000 +2.003586875e+000 -5.453064131e+002 -5.453064131e+002 -4.1525e+000 -3.7638e+000 +3.6786e+000 +2.2749e+000 +4.0372e+000
790 +1.492397220e+000 +1.492397220e+000 -5.458176028e+002 -5.458176028e+002 -3.9797e+000 -3.3292e+000 +3.2779e+000 +2.3319e+000 +3.5001e+000
1204 +9.868283773e-001 +9.868283773e-001 -5.463231716e+002 -5.463231716e+002 -4.0625e+000 -3.6509e+000 +3.0148e+000 +2.3015e+000 +3.4129e+000
% function evaluation | noise-free fitness - Fopt (1.000000000000e+003) | best noise-free fitness - Fopt | measured fitness | best measured fitness | x1 | x2...
1 +7.664818133e+001 +7.664818133e+001 +1.076648181e+003 +1.076648181e+003 +2.6356e+000 -8.0514e-001 +1.9123e+000 -1.2423e+000 +8.2648e-001
10 +5.393728319e+001 +5.393728319e+001 +1.053937283e+003 +1.053937283e+003 -2.3256e+000 -4.6865e+000 -4.6682e+000 +1.6326e+000 +3.8894e+000
27 +3.744769384e+001 +3.744769384e+001 +1.037447694e+003 +1.037447694e+003 -1.1155e+000 -5.7985e-001 -2.8303e+000 -2.3845e+000 -1.9619e+000
105 +5.339965450e+000 +5.339965450e+000 +1.005339965e+003 +1.005339965e+003 +1.3301e+000 -1.6185e+000 -1.2147e+000 -9.8450e-001 +2.2636e-001
616 +2.586459499e+000 +2.586459499e+000 +1.002586459e+003 +1.002586459e+003 +1.2448e+000 -2.0162e+000 -9.0372e-001 -1.0834e+000 +4.8182e-001
720 +2.016342316e+000 +2.016342316e+000 +1.002016342e+003 +1.002016342e+003 +1.5331e+000 -3.9068e+000 -3.2761e-001 -1.0935e+000 -2.8706e-001
1014 +9.977300046e-001 +9.977300046e-001 +1.000997730e+003 +1.000997730e+003 +1.4801e+000 -3.3822e+000 -1.4946e-001 -1.1500e+000 -1.5723e-001
1362 +6.045359258e-001 +6.045359258e-001 +1.000604536e+003 +1.000604536e+003 +1.5275e+000 -2.6292e+000 +2.6830e-001 -7.8415e-001 +3.0197e-001
1481 +1.376658906e-001 +1.376658906e-001 +1.000137666e+003 +1.000137666e+003 +1.0215e+000 -1.5792e+000 +1.7299e+000 -8.9049e-001 +1.3503e+000
1575 +6.242287575e-002 +6.242287575e-002 +1.000062423e+003 +1.000062423e+003 +5.7751e-001 -1.0053e+000 +2.9272e+000 -1.0237e+000 +2.5833e+000
1647 +4.456301721e-003 +4.456301721e-003 +1.000004456e+003 +1.000004456e+003 +4.3566e-001 -1.4168e-001 +2.9656e+000 -8.1293e-001 +2.6670e+000
1750 +2.946438584e-003 +2.946438584e-003 +1.000002946e+003 +1.000002946e+003 +4.4060e-001 -1.0450e-001 +3.3767e+000 -7.8970e-001 +2.8092e+000
1860 +9.140400988e-004 +9.140400988e-004 +1.000000914e+003 +1.000000914e+003 +3.2535e-001 -3.8237e-002 +3.5116e+000 -8.8179e-001 +2.9148e+000
2379 +3.964100393e-004 +3.964100393e-004 +1.000000396e+003 +1.000000396e+003 +4.3851e-001 -3.4887e-001 +3.2589e+000 -8.8658e-001 +2.6872e+000
2467 +2.811157685e-005 +2.811157685e-005 +1.000000028e+003 +1.000000028e+003 +3.4749e-001 -5.0753e-001 +3.3259e+000 -1.0449e+000 +2.7947e+000
2607 +2.197845004e-005 +2.197845004e-005 +1.000000022e+003 +1.000000022e+003 +2.8107e-001 -3.0207e-001 +3.5540e+000 -1.0158e+000 +2.9961e+000
2713 +7.106638577e-006 +7.106638577e-006 +1.000000007e+003 +1.000000007e+003 +3.1191e-001 -4.7465e-001 +3.4878e+000 -1.0380e+000 +2.8874e+000
2824 +2.426953642e-006 +2.426953642e-006 +1.000000002e+003 +1.000000002e+003 +3.2378e-001 -4.8864e-001 +3.4295e+000 -1.0378e+000 +2.8522e+000
3144 +1.499677751e-006 +1.499677751e-006 +1.000000001e+003 +1.000000001e+003 +3.1098e-001 -4.3076e-001 +3.4663e+000 -1.0204e+000 +2.8876e+000
3162 +3.589734661e-007 +3.589734661e-007 +1.000000000e+003 +1.000000000e+003 +3.3403e-001 -4.7141e-001 +3.3736e+000 -1.0229e+000 +2.8297e+000
3197 +1.533636578e-007 +1.533636578e-007 +1.000000000e+003 +1.000000000e+003 +3.1687e-001 -4.2906e-001 +3.4387e+000 -1.0204e+000 +2.8713e+000
3558 +7.327150797e-008 +7.327150797e-008 +1.000000000e+003 +1.000000000e+003 +3.2389e-001 -4.0549e-001 +3.4004e+000 -1.0073e+000 +2.8485e+000
3663 +4.962146249e-008 +4.962146249e-008 +1.000000000e+003 +1.000000000e+003 +3.1966e-001 -3.8915e-001 +3.4330e+000 -1.0014e+000 +2.8712e+000
3862 +3.240973001e-008 +3.240973001e-008 +1.000000000e+003 +1.000000000e+003 +3.3435e-001 -4.1766e-001 +3.3753e+000 -1.0040e+000 +2.8293e+000
3993 +2.436638624e-008 +2.436638624e-008 +1.000000000e+003 +1.000000000e+003 +3.3105e-001 -4.0948e-001 +3.4118e+000 -1.0010e+000 +2.8433e+000
4150 +1.524904292e-008 +1.524904292e-008 +1.000000000e+003 +1.000000000e+003 +3.4082e-001 -4.0957e-001 +3.3768e+000 -9.9401e-001 +2.8321e+000
4239 +8.731944945e-009 +8.731944945e-009 +1.000000000e+003 +1.000000000e+003 +3.2669e-001 -3.9545e-001 +3.4198e+000 -9.9957e-001 +2.8559e+000
4245 +8.852794053e-010 +8.852794053e-010 +1.000000000e+003 +1.000000000e+003 +3.3303e-001 -4.0943e-001 +3.4007e+000 -1.0002e+000 +2.8423e+000
% function evaluation | noise-free fitness - Fopt (2.935800000000e+002) | best noise-free fitness - Fopt | measured fitness | best measured fitness | x1 | x2...
1 +8.206532783e+001 +8.206532783e+001 +3.756453278e+002 +3.756453278e+002 +1.4393e+000 -3.5080e+000 +3.5636e+000 +1.8776e+000 +4.3888e+000
6 +5.259070309e+001 +5.259070309e+001 +3.461707031e+002 +3.461707031e+002 +4.3078e+000 -5.1382e-001 -3.4853e+000 -2.1488e+000 -1.2956e+000
22 +3.264054801e+001 +3.264054801e+001 +3.262205480e+002 +3.262205480e+002 -3.2993e+000 -1.2799e+000 -4.9527e+000 +2.1485e+000 -2.5223e+000
37 +9.177455619e+000 +9.177455619e+000 +3.027574556e+002 +3.027574556e+002 -3.5875e-001 -1.1385e+000 -2.1783e+000 -2.6727e+000 -2.6562e+000
286 +2.245376494e+000 +2.245376494e+000 +2.958253765e+002 +2.958253765e+002 +2.7422e+000 +1.4536e-001 -3.7310e+000 +2.2989e-001 +2.3904e+000
962 +1.346479954e+000 +1.346479954e+000 +2.949264800e+002 +2.949264800e+002 +3.3775e+000 -1.5119e-001 -3.5939e+000 +3.5256e-001 +1.4434e+000
1474 +4.485038814e-001 +4.485038814e-001 +2.940285039e+002 +2.940285039e+002 +3.1369e+000 -3.3936e-001 -3.4958e+000 +4.5413e-001 +1.8224e+000
1562 +3.317675271e-001 +3.317675271e-001 +2.939117675e+002 +2.939117675e+002 +2.8316e+000 -5.2133e-001 -3.7733e+000 +6.7096e-001 +1.7940e+000
1602 +1.214289287e-001 +1.214289287e-001 +2.937014289e+002 +2.937014289e+002 +2.6169e+000 -6.7744e-001 -3.5151e+000 +9.1855e-001 +2.0556e+000
1663 +9.198327969e-002 +9.198327969e-002 +2.936719833e+002 +2.936719833e+002 +2.4497e+000 -6.2144e-001 -3.6128e+000 +9.5442e-001 +2.3073e+000
1838 +5.975498031e-002 +5.975498031e-002 +2.936397550e+002 +2.936397550e+002 +2.5748e+000 -7.9506e-001 -3.7244e+000 +1.1287e+000 +1.8218e+000
2032 +3.669192531e-003 +3.669192531e-003 +2.935836692e+002 +2.935836692e+002 +2.8558e+000 -7.0310e-001 -3.3332e+000 +1.0717e+000 +1.8884e+000
2124 +1.916562478e-003 +1.916562478e-003 +2.935819166e+002 +2.935819166e+002 +3.1228e+000 -6.2456e-001 -3.0271e+000 +1.0211e+000 +1.8867e+000
2325 +8.818920051e-004 +8.818920051e-004 +2.935808819e+002 +2.935808819e+002 +3.2493e+000 -7.4924e-001 -3.0079e+000 +1.2027e+000 +1.4258e+000
2333 +4.738369367e-004 +4.738369367e-004 +2.935804738e+002 +2.935804738e+002 +3.5150e+000 -9.5967e-001 -2.9496e+000 +1.4073e+000 +7.4079e-001
2402 +1.400086585e-004 +1.400086585e-004 +2.935801400e+002 +2.935801400e+002 +3.5693e+000 -8.8624e-001 -2.9000e+000 +1.2896e+000 +8.1530e-001
2765 +7.884904051e-005 +7.884904051e-005 +2.935800788e+002 +2.935800788e+002 +3.4712e+000 -9.4348e-001 -2.9783e+000 +1.3270e+000 +8.6269e-001
2873 +5.148197596e-005 +5.148197596e-005 +2.935800515e+002 +2.935800515e+002 +3.5198e+000 -8.8408e-001 -2.9349e+000 +1.2844e+000 +9.1548e-001
2948 +6.700941128e-006 +6.700941128e-006 +2.935800067e+002 +2.935800067e+002 +3.4526e+000 -8.9059e-001 -2.9901e+000 +1.2898e+000 +9.4830e-001
3172 +4.299629211e-006 +4.299629211e-006 +2.935800043e+002 +2.935800043e+002 +3.4169e+000 -8.5748e-001 -3.0244e+000 +1.2654e+000 +1.0309e+000
3262 +1.123005688e-006 +1.123005688e-006 +2.935800011e+002 +2.935800011e+002 +3.4462e+000 -8.5668e-001 -3.0069e+000 +1.2570e+000 +9.8948e-001
3294 +7.395539114e-007 +7.395539114e-007 +2.935800007e+002 +2.935800007e+002 +3.3814e+000 -8.3958e-001 -3.0533e+000 +1.2522e+000 +1.0804e+000
3358 +5.624861501e-007 +5.624861501e-007 +2.935800006e+002 +2.935800006e+002 +3.3502e+000 -8.2715e-001 -3.0799e+000 +1.2383e+000 +1.1247e+000
3484 +3.454056241e-007 +3.454056241e-007 +2.935800003e+002 +2.935800003e+002 +3.3296e+000 -8.1730e-001 -3.1015e+000 +1.2232e+000 +1.1436e+000
3793 +5.115123258e-008 +5.115123258e-008 +2.935800001e+002 +2.935800001e+002 +3.3796e+000 -8.2890e-001 -3.0651e+000 +1.2293e+000 +1.0772e+000
4207 +1.559180873e-008 +1.559180873e-008 +2.935800000e+002 +2.935800000e+002 +3.3791e+000 -8.2822e-001 -3.0636e+000 +1.2371e+000 +1.0816e+000
4565 +3.756611022e-009 +3.756611022e-009 +2.935800000e+002 +2.935800000e+002 +3.3796e+000 -8.3654e-001 -3.0575e+000 +1.2412e+000 +1.0772e+000
% function evaluation | noise-free fitness - Fopt (3.712600000000e+002) | best noise-free fitness - Fopt | measured fitness | best measured fitness | x1 | x2...
1 +7.692700948e+001 +7.692700948e+001 +4.481870095e+002 +4.481870095e+002 +4.9526e+000 +7.9127e-001 +1.1279e+000 +2.8019e+000 +2.5654e-001
4 +6.087359122e+001 +6.087359122e+001 +4.321335912e+002 +4.321335912e+002 -8.8273e-001 +5.8288e-001 -2.3734e+000 -2.5660e+000 -3.7284e+000
19 +6.890024763e+000 +6.890024763e+000 +3.781500248e+002 +3.781500248e+002 +5.7599e-002 +4.7348e+000 +8.3576e-001 +4.8525e+000 +4.4545e+000
668 +2.864424291e+000 +2.864424291e+000 +3.741244243e+002 +3.741244243e+002 +1.1490e+000 +4.0310e+000 +7.7491e-001 +4.0731e+000 +4.2282e+000
738 +2.236104400e+000 +2.236104400e+000 +3.734961044e+002 +3.734961044e+002 +1.1184e+000 +4.3868e+000 +1.2914e+000 +4.3429e+000 +4.8589e+000
967 +1.189506512e+000 +1.189506512e+000 +3.724495065e+002 +3.724495065e+002 +1.2828e+000 +4.3331e+000 +4.0172e-001 +4.7350e+000 +4.5965e+000
1143 +9.410774789e-001 +9.410774789e-001 +3.722010775e+002 +3.722010775e+002 +1.2152e+000 +4.4629e+000 +3.1798e-001 +4.9208e+000 +4.8185e+000
% function evaluation | noise-free fitness - Fopt (5.226000000000e+001) | best noise-free fitness - Fopt | measured fitness | best measured fitness | x1 | x2...
1 +8.651216706e+001 +8.651216706e+001 +1.387721671e+002 +1.387721671e+002 -1.2460e+000 +4.2092e+000 +4.8595e+000 -4.4514e+000 -2.3602e-001
7 +4.622882100e+001 +4.622882100e+001 +9.848882100e+001 +9.848882100e+001 +2.3823e+000 +1.8384e+000 -9.2082e-001 -1.5400e+000 +2.0898e+000
15 +2.146941101e+001 +2.146941101e+001 +7.372941101e+001 +7.372941101e+001 +2.2702e+000 +1.8144e+000 +1.1299e+000 -6.8170e-001 +3.2460e+000
81 +5.154776714e+000 +5.154776714e+000 +5.741477671e+001 +5.741477671e+001 +2.1516e+000 +6.4468e-001 +4.5314e-001 +1.0056e+000 +1.4066e-001
622 +3.217087143e+000 +3.217087143e+000 +5.547708714e+001 +5.547708714e+001 +2.0221e+000 +3.1136e-001 +2.9014e-001 +1.0809e+000 +1.7342e-001
696 +2.011962265e+000 +2.011962265e+000 +5.427196226e+001 +5.427196226e+001 +1.8879e+000 +1.0428e-001 +4.6378e-001 +1.0293e+000 +1.7141e-001
1199 +1.501494923e+000 +1.501494923e+000 +5.376149492e+001 +5.376149492e+001 +7.4623e-001 -6.7619e-001 -2.6851e-001 +7.8979e-001 +3.8192e-002
1280 +7.603710685e-001 +7.603710685e-001 +5.302037107e+001 +5.302037107e+001 +1.4484e+000 -2.8599e-001 -6.0621e-001 +3.2174e-001 -2.5231e-001
1292 +2.926483767e-001 +2.926483767e-001 +5.255264838e+001 +5.255264838e+001 +7.3234e-002 -1.0356e+000 -1.1993e+000 +4.1756e-001 -5.5864e-001
1550 +1.500962205e-001 +1.500962205e-001 +5.241009622e+001 +5.241009622e+001 -8.1170e-002 -1.0199e+000 -1.0460e+000 +6.2738e-001 -6.0957e-001
1649 +7.633535947e-002 +7.633535947e-002 +5.233633536e+001 +5.233633536e+001 -4.8150e-001 -8.8072e-001 -2.8783e-001 +1.4566e+000 -6.7119e-001
1697 +4.465855721e-002 +4.465855721e-002 +5.230465856e+001 +5.230465856e+001 -3.0511e-003 -7.9660e-001 -5.1930e-001 +1.0049e+000 -5.3620e-001
1742 +2.810166913e-002 +2.810166913e-002 +5.228810167e+001 +5.228810167e+001 -2.8088e-001 -9.1828e-001 -5.5732e-001 +1.1919e+000 -5.0883e-001
1794 +1.224278878e-002 +1.224278878e-002 +5.227224279e+001 +5.227224279e+001 -2.0558e-001 -7.5387e-001 -2.1735e-001 +1.4242e+000 -4.8099e-001
1817 +1.238711479e-003 +1.238711479e-003 +5.226123871e+001 +5.226123871e+001 -3.3022e-001 -6.6006e-001 +4.5976e-001 +1.9678e+000 -3.2195e-001
2320 +8.516228637e-004 +8.516228637e-004 +5.226085162e+001 +5.226085162e+001 -2.1454e-001 -7.0722e-001 +9.7305e-003 +1.6238e+000 -3.3005e-001
2322 +5.983984155e-004 +5.983984155e-004 +5.226059840e+001 +5.226059840e+001 -9.6922e-002 -5.9962e-001 +1.5718e-001 +1.7228e+000 -2.4523e-001
2624 +7.166100245e-005 +7.166100245e-005 +5.226007166e+001 +5.226007166e+001 -2.4268e-001 -7.1254e-001 -2.6952e-001 +1.5939e+000 -1.9068e-001
2948 +2.533249199e-005 +2.533249199e-005 +5.226002533e+001 +5.226002533e+001 -3.7256e-001 -7.5080e-001 -1.2615e-001 +1.7535e+000 -1.8555e-001
2968 +7.277248329e-006 +7.277248329e-006 +5.226000728e+001 +5.226000728e+001 -3.1441e-001 -7.4788e-001 -2.4875e-001 +1.6179e+000 -2.2119e-001
3105 +3.614239596e-006 +3.614239596e-006 +5.226000361e+001 +5.226000361e+001 -4.3484e-001 -7.7789e-001 -1.9068e-001 +1.7363e+000 -2.2508e-001
3146 +2.156695835e-006 +2.156695835e-006 +5.226000216e+001 +5.226000216e+001 -4.1056e-001 -7.8211e-001 -2.2425e-001 +1.6726e+000 -2.6011e-001
3462 +1.579731126e-006 +1.579731126e-006 +5.226000158e+001 +5.226000158e+001 -4.1950e-001 -7.7611e-001 -1.5217e-001 +1.7246e+000 -2.5436e-001
3568 +5.615449084e-008 +5.615449084e-008 +5.226000006e+001 +5.226000006e+001 -3.8153e-001 -7.5096e-001 -1.2834e-001 +1.7368e+000 -2.3211e-001
3956 +7.721787654e-009 +7.721787654e-009 +5.226000001e+001 +5.226000001e+001 -3.7344e-001 -7.3975e-001 -8.4980e-002 +1.7491e+000 -2.4199e-001
3969 +3.684462513e-009 +3.684462513e-009 +5.226000000e+001 +5.226000000e+001 -3.6551e-001 -7.3305e-001 -7.9017e-002 +1.7522e+000 -2.3923e-001
% function evaluation | noise-free fitness - Fopt (5.034000000000e+001) | best noise-free fitness - Fopt | measured fitness | best measured fitness | x1 | x2...
1 +7.297598076e+001 +7.297598076e+001 +1.233159808e+002 +1.233159808e+002 +9.0103e-001 +4.9318e+000 -1.9707e+000 +9.8326e-001 -3.8178e-001
4 +4.520126878e+001 +4.520126878e+001 +9.554126878e+001 +9.554126878e+001 -4.5083e+000 -9.0748e-001 -1.0846e+000 +4.1209e+000 -3.1179e+000
48 +2.186720767e+001 +2.186720767e+001 +7.220720767e+001 +7.220720767e+001 +4.1186e+000 +4.3955e+000 -9.0376e-001 +4.8346e+000 -2.2622e+000
306 +9.553375526e+000 +9.553375526e+000 +5.989337553e+001 +5.989337553e+001 +4.1186e+000 +2.6659e+000 -9.0376e-001 +4.8346e+000 -7.8622e-001
% function evaluation | noise-free fitness - Fopt (-2.314000000000e+001) | best noise-free fitness - Fopt | measured fitness | best measured fitness | x1 | x2...
1 +8.488203062e+001 +8.488203062e+001 +6.174203062e+001 +6.174203062e+001 +6.9862e-001 -1.9045e+000 -5.0261e-002 +1.1326e+000 +4.2772e+000
14 +6.138903637e+001 +6.138903637e+001 +3.824903637e+001 +3.824903637e+001 -7.7707e-001 +4.7886e+000 +1.3239e+000 -1.6533e+000 +3.1118e+000
33 +3.073675682e+001 +3.073675682e+001 +7.596756822e+000 +7.596756822e+000 -2.3440e+000 +3.0514e+000 -4.4210e+000 +5.0447e-001 +3.2989e+000
111 +2.090573991e+001 +2.090573991e+001 -2.234260092e+000 -2.234260092e+000 -2.8083e+000 +3.1488e+000 -1.9385e+000 -8.8659e-001 +3.1949e+000
159 +1.530029763e+001 +1.530029763e+001 -7.839702375e+000 -7.839702375e+000 +1.0873e+000 +1.3865e+000 -2.6364e+000 -3.2071e+000 -3.3907e-001
294 +6.328642682e+000 +6.328642682e+000 -1.681135732e+001 -1.681135732e+001 -2.3479e+000 +1.1482e+000 +1.7518e-001 -8.7969e-001 +1.5338e+000
525 +3.702569744e+000 +3.702569744e+000 -1.943743026e+001 -1.943743026e+001 -3.3337e+000 +2.1518e+000 +8.7827e-001 +7.3911e-002 +2.8031e+000
892 +1.993190512e+000 +1.993190512e+000 -2.114680949e+001 -2.114680949e+001 -2.3684e+000 +1.6571e+000 +2.1907e+000 -1.0872e-001 +2.6832e+000
1181 +9.137509205e-001 +9.137509205e-001 -2.222624908e+001 -2.222624908e+001 -2.2288e+000 +2.1958e+000 +1.2630e+000 -4.8962e-001 +2.5654e+000
