% function evaluation | noise-free fitness - Fopt (2.997000000000e+001) | best noise-free fitness - Fopt | measured fitness | best measured fitness | x1 | x2...
1 +5.119135718e+003 +5.119135718e+003 +5.149105718e+003 +5.149105718e+003 +5.5932e+000 +9.6670e+000 +1.1655e+001
14 +2.987280550e+003 +2.987280550e+003 +3.017250550e+003 +3.017250550e+003 +5.5788e+000 +7.0721e+000 +5.3174e+000
71 +2.395373595e+003 +2.395373595e+003 +2.425343595e+003 +2.425343595e+003 +7.5163e+000 +5.9552e+000 +1.5588e+000
273 +1.413072573e+003 +1.413072573e+003 +1.443042573e+003 +1.443042573e+003 +4.9445e+000 +3.4655e+000 -1.5368e-001
421 +2.321257281e+002 +2.321257281e+002 +2.620957281e+002 +2.620957281e+002 +1.5338e+000 -7.2069e-001 -4.8445e+000
546 +9.884086123e+001 +9.884086123e+001 +1.288108612e+002 +1.288108612e+002 +9.9371e-001 -1.5934e+000 -4.3516e+000
716 +6.167879625e+001 +6.167879625e+001 +9.164879625e+001 +9.164879625e+001 +6.5549e-001 -7.5402e-001 -4.3259e+000
982 +2.665639369e+001 +2.665639369e+001 +5.662639369e+001 +5.662639369e+001 +7.0439e-001 -1.1866e+000 -3.9552e+000
1201 +2.074771012e+001 +2.074771012e+001 +5.071771012e+001 +5.071771012e+001 +2.8291e-001 -9.4628e-001 -4.3014e+000
% function evaluation | noise-free fitness - Fopt (-5.171000000000e+001) | best noise-free fitness - Fopt | measured fitness | best measured fitness | x1 | x2...
1 +4.749985638e+003 +4.749985638e+003 +4.698275638e+003 +4.698275638e+003 +1.0696e+001 +7.5236e+000 +1.3162e+001
4 +3.502632098e+003 +3.502632098e+003 +3.450922098e+003 +3.450922098e+003 +1.3695e+001 +7.1692e+000 +6.1428e+000
68 +2.257574277e+003 +2.257574277e+003 +2.205864277e+003 +2.205864277e+003 +1.0640e+001 +2.8977e+000 +5.6691e+000
167 +1.502885973e+003 +1.502885973e+003 +1.451175973e+003 +1.451175973e+003 +6.1818e+000 +5.2701e-001 +4.8816e+000
350 +9.228503723e+002 +9.228503723e+002 +8.711403723e+002 +8.711403723e+002 +2.0107e+000 -2.3549e-001 +1.4019e+000
536 +5.389144136e+002 +5.389144136e+002 +4.872044136e+002 +4.872044136e+002 +1.0551e+001 -5.2110e-001 -1.5628e-001
740 +2.726246821e+002 +2.726246821e+002 +2.209146821e+002 +2.209146821e+002 +8.5041e+000 +7.0162e-001 -1.7771e+000
801 +1.403527602e+002 +1.403527602e+002 +8.864276017e+001 +8.864276017e+001 +5.6763e+000 +2.3097e+000 -3.1943e+000
824 +8.000485331e+001 +8.000485331e+001 +2.829485331e+001 +2.829485331e+001 +7.6770e+000 +9.8678e-001 -2.9700e+000
1018 +5.953035658e+001 +5.953035658e+001 +7.820356576e+000 +7.820356576e+000 +7.9987e+000 +7.2183e-001 -2.8129e+000
% function evaluation | noise-free fitness - Fopt (-2.799500000000e+002) | best noise-free fitness - Fopt | measured fitness | best measured fitness | x1 | x2...
1 +4.569485354e+003 +4.569485354e+003 +4.289535354e+003 +4.289535354e+003 +1.3992e+001 +1.3516e+001 +1.3431e+001
3 +3.453955948e+003 +3.453955948e+003 +3.174005948e+003 +3.174005948e+003 +1.3751e+001 +8.2239e+000 +8.8644e+000
18 +2.486035553e+003 +2.486035553e+003 +2.206085553e+003 +2.206085553e+003 +6.1976e+000 +6.3512e+000 +9.6113e+000
174 +1.481427994e+003 +1.481427994e+003 +1.201477994e+003 +1.201477994e+003 +5.7673e+000 +1.3261e+000 +1.1106e+001
389 +8.392205901e+002 +8.392205901e+002 +5.592705901e+002 +5.592705901e+002 +3.1916e+000 -2.0003e+000 +4.4237e+000
545 +5.523001865e+002 +5.523001865e+002 +2.723501865e+002 +2.723501865e+002 -1.4675e+000 -2.0613e+000 +7.4784e+000
590 +3.713551791e+002 +3.713551791e+002 +9.140517911e+001 +9.140517911e+001 -5.2905e+000 -2.9848e-001 +6.8250e+000
659 +1.686732665e+002 +1.686732665e+002 -1.112767335e+002 -1.112767335e+002 -4.1822e+000 -2.8040e+000 +5.3923e+000
759 +6.399059572e+001 +6.399059572e+001 -2.159594043e+002 -2.159594043e+002 -3.9521e+000 -4.0963e+000 +3.3551e+000
963 +5.434562976e+001 +5.434562976e+001 -2.256043702e+002 -2.256043702e+002 -3.0914e+000 -3.8848e+000 +3.3831e+000
1238 +2.834346962e+001 +2.834346962e+001 -2.516065304e+002 -2.516065304e+002 -4.0887e+000 -3.8167e+000 +3.4667e+000
% function evaluation | noise-free fitness - Fopt (9.319900000000e+002) | best noise-free fitness - Fopt | measured fitness | best measured fitness | x1 | x2...
1 +1.328509277e+003 +1.328509277e+003 +2.260499277e+003 +2.260499277e+003 +7.1899e+000 +8.0745e+000 +1.1178e+001
34 +9.475059753e+002 +9.475059753e+002 +1.879495975e+003 +1.879495975e+003 +6.6623e+000 +5.9432e+000 +6.3584e+000
181 +3.983121413e+002 +3.983121413e+002 +1.330302141e+003 +1.330302141e+003 +4.3085e+000 +4.9631e+000 +3.1102e+000
285 +3.628420237e+002 +3.628420237e+002 +1.294832024e+003 +1.294832024e+003 +2.8829e+000 +5.5649e+000 +2.4201e-001
362 +1.515793451e+002 +1.515793451e+002 +1.083569345e+003 +1.083569345e+003 +2.5076e+000 +3.0388e+000 +3.4516e+000
772 +8.011265558e+001 +8.011265558e+001 +1.012102656e+003 +1.012102656e+003 +7.0202e-001 -3.6982e-001 +2.6045e+000
839 +3.968546637e+001 +3.968546637e+001 +9.716754664e+002 +9.716754664e+002 +1.2448e+000 +1.0835e+000 +3.0019e+000
851 +2.125972589e+001 +2.125972589e+001 +9.532497259e+002 +9.532497259e+002 +1.4296e+000 +1.3127e+000 +2.8454e+000
1189 +1.072119520e+001 +1.072119520e+001 +9.427111952e+002 +9.427111952e+002 +1.2964e+000 +7.2057e-001 +2.8794e+000
% function evaluation | noise-free fitness - Fopt (1.133100000000e+002) | best noise-free fitness - Fopt | measured fitness | best measured fitness | x1 | x2...
1 +5.032627017e+003 +5.032627017e+003 +5.145937017e+003 +5.145937017e+003 +1.3168e+001 +1.2023e+001 +1.4625e+001
4 +2.974596147e+003 +2.974596147e+003 +3.087906147e+003 +3.087906147e+003 +6.1133e+000 +8.4291e+000 +1.2890e+001
7 +2.297521708e+003 +2.297521708e+003 +2.410831708e+003 +2.410831708e+003 +7.3238e+000 +8.0213e+000 +7.9266e+000
48 +1.402787950e+003 +1.402787950e+003 +1.516097950e+003 +1.516097950e+003 +5.7319e+000 +5.2027e+000 +5.2998e+000
214 +6.279569234e+002 +6.279569234e+002 +7.412669234e+002 +7.412669234e+002 +2.9576e+000 +6.1695e+000 +2.3171e+000
453 +3.250637576e+002 +3.250637576e+002 +4.383737576e+002 +4.383737576e+002 +2.8617e+000 +1.3246e+000 +3.4506e+000
507 +1.607182320e+002 +1.607182320e+002 +2.740282320e+002 +2.740282320e+002 +1.4457e+000 +3.4584e+000 +2.1251e+000
510 +1.165143606e+002 +1.165143606e+002 +2.298243606e+002 +2.298243606e+002 +1.8612e+000 +1.5940e+000 +1.5620e+000
523 +9.007409452e+001 +9.007409452e+001 +2.033840945e+002 +2.033840945e+002 +1.8208e+000 +1.0294e+000 +2.8850e+000
782 +4.729036322e+001 +4.729036322e+001 +1.606003632e+002 +1.606003632e+002 +2.2121e+000 +1.7344e+000 +1.8635e+000
1011 +3.262517783e+001 +3.262517783e+001 +1.459351778e+002 +1.459351778e+002 +1.9011e+000 +2.8092e+000 +1.1908e+000
1085 +2.358594749e+001 +2.358594749e+001 +1.368959475e+002 +1.368959475e+002 +2.1365e+000 +2.8626e+000 +6.6138e-001
1209 +1.381422343e+001 +1.381422343e+001 +1.271242234e+002 +1.271242234e+002 +2.1633e+000 +2.7329e+000 +1.0466e+000
% function evaluation | noise-free fitness - Fopt (-9.519000000000e+001) | best noise-free fitness - Fopt | measured fitness | best measured fitness | x1 | x2...
1 +5.029975070e+003 +5.029975070e+003 +4.934785070e+003 +4.934785070e+003 +1.3095e+001 +5.9304e+000 +1.1498e+001
4 +3.511809793e+003 +3.511809793e+003 +3.416619793e+003 +3.416619793e+003 +5.5220e+000 +1.1381e+001 +1.2975e+001
78 +1.065847057e+003 +1.065847057e+003 +9.706570570e+002 +9.706570570e+002 +7.8258e-001 +6.7312e+000 +4.7680e+000
159 +9.832913167e+002 +9.832913167e+002 +8.881013167e+002 +8.881013167e+002 -1.7978e+000 +8.7659e+000 +8.8995e-001
330 +5.331090749e+002 +5.331090749e+002 +4.379190749e+002 +4.379190749e+002 -5.7036e+000 +1.1169e+001 +8.2439e+000
443 +3.931871180e+002 +3.931871180e+002 +2.979971180e+002 +2.979971180e+002 -3.4508e+000 +8.2367e+000 +5.5188e+000
461 +1.148838318e+002 +1.148838318e+002 +1.969383184e+001 +1.969383184e+001 -2.1983e+000 +4.7972e+000 +2.8930e+000
905 +9.858063529e+001 +9.858063529e+001 +3.390635288e+000 +3.390635288e+000 -1.2208e+000 +2.7169e+000 +1.2530e+000
1087 +3.348108872e+001 +3.348108872e+001 -6.170891128e+001 -6.170891128e+001 +1.0384e+000 +7.1475e-002 -1.1626e+000
1159 +2.338047652e+001 +2.338047652e+001 -7.180952348e+001 -7.180952348e+001 +1.6420e+000 -1.1017e+000 -1.9635e+000
% function evaluation | noise-free fitness - Fopt (-7.663000000000e+001) | best noise-free fitness - Fopt | measured fitness | best measured fitness | x1 | x2...
1 +3.441672496e+003 +3.441672496e+003 +3.365042496e+003 +3.365042496e+003 +7.0202e+000 +1.4666e+001 +9.2047e+000
3 +2.439485167e+003 +2.439485167e+003 +2.362855167e+003 +2.362855167e+003 +5.1526e+000 +1.1640e+001 +6.5782e+000
6 +1.142073572e+003 +1.142073572e+003 +1.065443572e+003 +1.065443572e+003 +1.4723e+001 +6.5788e+000 +7.5686e+000
37 +8.261284320e+002 +8.261284320e+002 +7.494984320e+002 +7.494984320e+002 +1.2410e+001 +8.0845e+000 +5.0998e+000
148 +4.974568967e+002 +4.974568967e+002 +4.208268967e+002 +4.208268967e+002 +8.4710e+000 +2.2222e+000 +5.7900e+000
479 +3.732721303e+002 +3.732721303e+002 +2.966421303e+002 +2.966421303e+002 +7.2765e+000 +1.1264e+000 +4.7285e+000
855 +2.056507672e+002 +2.056507672e+002 +1.290207672e+002 +1.290207672e+002 +7.2197e+000 +3.2163e+000 +4.0999e+000
986 +1.282226080e+002 +1.282226080e+002 +5.159260801e+001 +5.159260801e+001 +5.7773e+000 +1.9936e+000 +4.1700e+000
1211 +9.197705516e+001 +9.197705516e+001 +1.534705516e+001 +1.534705516e+001 +4.6351e+000 +1.2544e+000 +4.1048e+000
% function evaluation | noise-free fitness - Fopt (1.152600000000e+002) | best noise-free fitness - Fopt | measured fitness | best measured fitness | x1 | x2...
1 +4.752728479e+003 +4.752728479e+003 +4.867988479e+003 +4.867988479e+003 +1.1682e+001 +1.4404e+001 +1.4167e+001
4 +3.331158513e+003 +3.331158513e+003 +3.446418513e+003 +3.446418513e+003 +5.6063e+000 +1.0277e+001 +9.7481e+000
5 +2.341102844e+003 +2.341102844e+003 +2.456362844e+003 +2.456362844e+003 +7.1313e+000 +7.1107e+000 +5.1364e+000
230 +1.423272940e+003 +1.423272940e+003 +1.538532940e+003 +1.538532940e+003 +5.7312e+000 +1.3024e+000 +3.8716e+000
348 +8.463505878e+002 +8.463505878e+002 +9.616105878e+002 +9.616105878e+002 +3.8626e+000 -5.7609e-001 +1.8756e+000
462 +5.106988414e+002 +5.106988414e+002 +6.259588414e+002 +6.259588414e+002 +2.8470e-001 -2.4801e+000 +7.3283e-001
679 +2.632776316e+002 +2.632776316e+002 +3.785376316e+002 +3.785376316e+002 +2.0039e+000 -2.4801e+000 -8.6518e-001
818 +2.286532016e+002 +2.286532016e+002 +3.439132016e+002 +3.439132016e+002 +2.4692e+000 -2.7969e+000 -4.4239e-001
852 +1.562666328e+002 +1.562666328e+002 +2.715266328e+002 +2.715266328e+002 +5.0232e-003 -2.7278e+000 -6.1249e-001
891 +8.768544449e+001 +8.768544449e+001 +2.029454445e+002 +2.029454445e+002 +1.7408e-001 -2.9111e+000 -1.1676e+000
959 +1.177818514e+001 +1.177818514e+001 +1.270381851e+002 +1.270381851e+002 -4.7298e-001 -3.1657e+000 -1.1762e+000
% function evaluation | noise-free fitness - Fopt (-1.000000000000e-001) | best noise-free fitness - Fopt | measured fitness | best measured fitness | x1 | x2...
1 +3.201252394e+003 +3.201252394e+003 +3.201152394e+003 +3.201152394e+003 +1.4332e+001 +7.9273e+000 +1.0241e+001
3 +2.471215693e+003 +2.471215693e+003 +2.471115693e+003 +2.471115693e+003 +1.2033e+001 +5.9612e+000 +1.0317e+001
119 +1.518990896e+003 +1.518990896e+003 +1.518890896e+003 +1.518890896e+003 +7.7706e+000 +4.2644e+000 +1.6765e+001
269 +9.691740747e+002 +9.691740747e+002 +9.690740747e+002 +9.690740747e+002 +7.8260e+000 +2.2118e+000 +1.5970e+001
358 +5.029912487e+002 +5.029912487e+002 +5.028912487e+002 +5.028912487e+002 +6.5473e+000 +6.7750e-001 +1.3330e+001
526 +2.454891551e+002 +2.454891551e+002 +2.453891551e+002 +2.453891551e+002 +5.9320e+000 -1.1258e+000 +7.2934e+000
973 +1.112035954e+002 +1.112035954e+002 +1.111035954e+002 +1.111035954e+002 +5.0492e+000 -9.8677e-001 +7.6272e+000
1052 +9.217006823e+001 +9.217006823e+001 +9.207006823e+001 +9.207006823e+001 +4.6528e+000 -1.0291e+000 +8.2345e+000
1181 +5.644331612e+001 +5.644331612e+001 +5.634331612e+001 +5.634331612e+001 +3.8854e+000 -1.7384e+000 +2.3866e+000
% function evaluation | noise-free fitness - Fopt (-1.502400000000e+002) | best noise-free fitness - Fopt | measured fitness | best measured fitness | x1 | x2...
1 +4.614894882e+003 +4.614894882e+003 +4.464654882e+003 +4.464654882e+003 +5.3697e+000 +1.3544e+001 +8.3479e+000
3 +3.809204604e+003 +3.809204604e+003 +3.658964604e+003 +3.658964604e+003 +1.3349e+001 +1.1685e+001 +8.3302e+000
10 +2.409295891e+003 +2.409295891e+003 +2.259055891e+003 +2.259055891e+003 +5.5527e+000 +5.2643e+000 +1.2688e+001
52 +1.557865300e+003 +1.557865300e+003 +1.407625300e+003 +1.407625300e+003 +5.3697e+000 +2.0241e+000 +8.3479e+000
475 +8.255930334e+002 +8.255930334e+002 +6.753530334e+002 +6.753530334e+002 +1.1745e+001 -1.4565e+000 +9.2044e-001
709 +6.179178823e+002 +6.179178823e+002 +4.676778823e+002 +4.676778823e+002 +1.0256e+001 -1.6546e+000 -1.6030e-001
849 +3.481014063e+002 +3.481014063e+002 +1.978614063e+002 +1.978614063e+002 +8.6915e+000 -1.9788e+000 -2.1097e+000
1041 +2.048237334e+002 +2.048237334e+002 +5.458373343e+001 +5.458373343e+001 +6.6787e+000 -2.7782e+000 -2.6144e+000
1090 +1.312586311e+002 +1.312586311e+002 -1.898136886e+001 -1.898136886e+001 +6.2698e+000 -2.6865e+000 -3.6916e+000
% function evaluation | noise-free fitness - Fopt (7.470000000000e+001) | best noise-free fitness - Fopt | measured fitness | best measured fitness | x1 | x2...
1 +3.237945066e+003 +3.237945066e+003 +3.312645066e+003 +3.312645066e+003 +1.4130e+001 +7.9531e+000 +6.2780e+000
6 +2.443815003e+003 +2.443815003e+003 +2.518515003e+003 +2.518515003e+003 +9.9482e+000 +9.7235e+000 +1.0306e+001
19 +1.173147770e+003 +1.173147770e+003 +1.247847770e+003 +1.247847770e+003 +6.8642e+000 +5.6459e+000 +5.9131e+000
40 +9.418573598e+002 +9.418573598e+002 +1.016557360e+003 +1.016557360e+003 +5.8318e+000 +5.4924e+000 +6.3002e+000
91 +6.301002817e+002 +6.301002817e+002 +7.048002817e+002 +7.048002817e+002 +5.4391e+000 +5.2473e+000 +3.3534e+000
114 +2.632960700e+002 +2.632960700e+002 +3.379960700e+002 +3.379960700e+002 +4.3046e+000 +5.0553e+000 +1.5105e+000
256 +1.560447972e+002 +1.560447972e+002 +2.307447972e+002 +2.307447972e+002 +4.2763e+000 +2.8523e+000 +6.1745e-001
727 +8.288717666e+001 +8.288717666e+001 +1.575871767e+002 +1.575871767e+002 +3.9792e+000 +4.1184e+000 +9.9032e-001
809 +4.841406020e+001 +4.841406020e+001 +1.231140602e+002 +1.231140602e+002 +3.7185e+000 +3.3764e+000 +2.1009e+000
932 +3.598159309e+001 +3.598159309e+001 +1.106815931e+002 +1.106815931e+002 +3.7350e+000 +3.5902e+000 +1.1809e+000
995 +1.982601589e+001 +1.982601589e+001 +9.452601589e+001 +9.452601589e+001 +3.2097e+000 +3.3871e+000 +3.5026e+000
1083 +8.307847581e+000 +8.307847581e+000 +8.300784758e+001 +8.300784758e+001 +3.2076e+000 +3.4587e+000 +3.4204e+000
% function evaluation | noise-free fitness - Fopt (-8.478000000000e+001) | best noise-free fitness - Fopt | measured fitness | best measured fitness | x1 | x2...
1 +4.309320416e+003 +4.309320416e+003 +4.224540416e+003 +4.224540416e+003 +1.1986e+001 +1.3666e+001 +8.4484e+000
3 +3.234356344e+003 +3.234356344e+003 +3.149576344e+003 +3.149576344e+003 +7.7870e+000 +8.9369e+000 +9.6055e+000
22 +2.469162759e+003 +2.469162759e+003 +2.384382759e+003 +2.384382759e+003 +5.7562e+000 +8.7248e+000 +7.9711e+000
230 +1.083972914e+003 +1.083972914e+003 +9.991929140e+002 +9.991929140e+002 +4.1558e+000 +6.0609e+000 +4.2796e+000
274 +9.005395625e+002 +9.005395625e+002 +8.157595625e+002 +8.157595625e+002 +5.7837e+000 +4.6583e+000 +2.5359e+000
356 +4.580210130e+002 +4.580210130e+002 +3.732410130e+002 +3.732410130e+002 +3.4683e+000 +6.7203e+000 +1.5827e+000
374 +2.840510990e+002 +2.840510990e+002 +1.992710990e+002 +1.992710990e+002 +3.1336e+000 +6.7540e+000 +8.9680e-001
495 +1.174300888e+002 +1.174300888e+002 +3.265008876e+001 +3.265008876e+001 +3.4683e+000 +3.5867e+000 +1.5827e+000
698 +7.522839403e+001 +7.522839403e+001 -9.551605974e+000 -9.551605974e+000 +4.7330e+000 +1.5497e+000 +8.2629e-001
837 +6.146882535e+001 +6.146882535e+001 -2.331117465e+001 -2.331117465e+001 +4.5146e+000 +2.2668e-001 +1.5112e+000
900 +3.736397837e+001 +3.736397837e+001 -4.741602163e+001 -4.741602163e+001 +4.4618e+000 +6.1862e-001 +1.3189e+000
1077 +1.018412078e+001 +1.018412078e+001 -7.459587922e+001 -7.459587922e+001 +3.9730e+000 +2.0236e+000 +1.2186e+000
% function evaluation | noise-free fitness - Fopt (1.620500000000e+002) | best noise-free fitness - Fopt | measured fitness | best measured fitness | x1 | x2...
1 +5.156518071e+003 +5.156518071e+003 +5.318568071e+003 +5.318568071e+003 +9.8660e+000 +1.2364e+001 +6.8316e+000
5 +3.234589654e+003 +3.234589654e+003 +3.396639654e+003 +3.396639654e+003 +6.7115e+000 +6.6428e+000 +1.1327e+001
89 +2.510587476e+003 +2.510587476e+003 +2.672637476e+003 +2.672637476e+003 +2.6664e+000 +4.6791e+000 +1.3602e+001
145 +1.398640111e+003 +1.398640111e+003 +1.560690111e+003 +1.560690111e+003 +1.0527e+001 -3.7484e+000 +7.3264e+000
176 +8.234447262e+002 +8.234447262e+002 +9.854947262e+002 +9.854947262e+002 +6.9773e+000 -4.5810e+000 +8.2312e+000
330 +5.101353211e+002 +5.101353211e+002 +6.721853211e+002 +6.721853211e+002 +6.6093e+000 -5.0144e+000 +5.4492e+000
534 +3.696604759e+002 +3.696604759e+002 +5.317104759e+002 +5.317104759e+002 +2.6225e+000 -1.2614e+000 +1.0790e+000
624 +2.001859934e+002 +2.001859934e+002 +3.622359934e+002 +3.622359934e+002 +2.8882e+000 -5.1001e+000 +5.0828e+000
689 +1.503581571e+002 +1.503581571e+002 +3.124081571e+002 +3.124081571e+002 +3.8567e+000 -3.8682e+000 +3.4402e+000
729 +4.323621066e+001 +4.323621066e+001 +2.052862107e+002 +2.052862107e+002 +3.7438e+000 -4.6552e+000 +4.0300e+000
1130 +2.056108758e+001 +2.056108758e+001 +1.826110876e+002 +1.826110876e+002 +2.8662e+000 -3.8042e+000 +3.2201e+000
% function evaluation | noise-free fitness - Fopt (-3.549000000000e+001) | best noise-free fitness - Fopt | measured fitness | best measured fitness | x1 | x2...
1 +3.148450467e+003 +3.148450467e+003 +3.112960467e+003 +3.112960467e+003 +8.9218e+000 +1.2168e+001 +1.1550e+001
7 +1.856287026e+003 +1.856287026e+003 +1.820797026e+003 +1.820797026e+003 +1.3077e+001 +5.7134e+000 +6.1376e+000
29 +1.559596914e+003 +1.559596914e+003 +1.524106914e+003 +1.524106914e+003 +1.0223e+001 +5.3751e+000 +5.0521e+000
262 +9.266699281e+002 +9.266699281e+002 +8.911799281e+002 +8.911799281e+002 +5.9042e+000 +1.2509e-001 +9.5877e+000
753 +5.466219579e+002 +5.466219579e+002 +5.111319579e+002 +5.111319579e+002 +1.7858e+000 -1.6779e+000 +9.3463e+000
772 +3.702325707e+002 +3.702325707e+002 +3.347425707e+002 +3.347425707e+002 +1.4211e+000 -2.2555e+000 +5.4702e+000
871 +1.861630493e+002 +1.861630493e+002 +1.506730493e+002 +1.506730493e+002 -5.3711e-001 -1.7354e+000 +3.2006e+000
952 +8.227252165e+001 +8.227252165e+001 +4.678252165e+001 +4.678252165e+001 -1.5320e+000 -2.4222e+000 +2.2587e+000
1221 +3.751569577e+001 +3.751569577e+001 +2.025695767e+000 +2.025695767e+000 -1.9354e+000 -2.2853e+000 -2.2002e-001
% function evaluation | noise-free fitness - Fopt (1.762000000000e+002) | best noise-free fitness - Fopt | measured fitness | best measured fitness | x1 | x2...
1 +3.719873479e+003 +3.719873479e+003 +3.896073479e+003 +3.896073479e+003 +1.3177e+001 +1.2172e+001 +9.1763e+000
6 +2.323354783e+003 +2.323354783e+003 +2.499554783e+003 +2.499554783e+003 +7.8011e+000 +7.5814e+000 +5.2784e+000
68 +1.385310934e+003 +1.385310934e+003 +1.561510934e+003 +1.561510934e+003 +1.0371e+001 +2.9073e+000 +1.0962e+001
428 +8.441745693e+002 +8.441745693e+002 +1.020374569e+003 +1.020374569e+003 +5.8869e+000 +1.8427e+000 +9.7358e+000
441 +5.994044910e+002 +5.994044910e+002 +7.756044910e+002 +7.756044910e+002 +5.8541e+000 +1.8029e-001 +1.0330e+001
556 +2.879547864e+002 +2.879547864e+002 +4.641547864e+002 +4.641547864e+002 +3.8147e+000 -2.2857e-002 +7.8284e+000
676 +1.945051272e+002 +1.945051272e+002 +3.707051272e+002 +3.707051272e+002 +3.3856e+000 -4.2883e-001 +7.8700e+000
897 +1.423732214e+002 +1.423732214e+002 +3.185732214e+002 +3.185732214e+002 +1.7701e+000 -1.6635e-001 +7.1376e+000
966 +7.483680115e+001 +7.483680115e+001 +2.510368012e+002 +2.510368012e+002 +1.4176e+000 -1.4629e-001 +6.3957e+000
