% function evaluation | noise-free fitness - Fopt (1.000000000000e+003) | best noise-free fitness - Fopt | measured fitness | best measured fitness | x1 | x2...
1 +6.785413468e+002 +6.785413468e+002 +1.678541347e+003 +1.678541347e+003 -4.0086e+000 +1.7770e+000 -4.0089e+000
3 +5.358548512e+001 +5.358548512e+001 +1.053585485e+003 +1.053585485e+003 -3.3038e+000 +3.1564e+000 +1.2883e+000
138 +3.667320348e+001 +3.667320348e+001 +1.036673203e+003 +1.036673203e+003 -2.4489e+000 -3.8760e-001 +4.6402e+000
252 +2.442627739e+001 +2.442627739e+001 +1.024426277e+003 +1.024426277e+003 -3.3619e+000 +2.3089e+000 +2.7608e+000
338 +1.182628991e+001 +1.182628991e+001 +1.011826290e+003 +1.011826290e+003 -2.4489e+000 +1.8664e+000 +5.0160e+000
408 +9.071835428e+000 +9.071835428e+000 +1.009071835e+003 +1.009071835e+003 -3.3445e+000 +3.8725e+000 +3.3870e+000
528 +2.690953802e+000 +2.690953802e+000 +1.002690954e+003 +1.002690954e+003 -3.3573e+000 +2.9889e+000 +3.1166e+000
3051 +1.347963073e-001 +1.347963073e-001 +1.000134796e+003 +1.000134796e+003 -3.0446e+000 +3.0003e+000 +3.6384e+000
8101 +5.956195716e-002 +5.956195716e-002 +1.000059562e+003 +1.000059562e+003 -3.0446e+000 +3.0003e+000 +3.6501e+000
9992 +1.177255034e-002 +1.177255034e-002 +1.000011773e+003 +1.000011773e+003 -3.0515e+000 +2.9985e+000 +3.6422e+000
11121 +1.041415838e-003 +1.041415838e-003 +1.000001041e+003 +1.000001041e+003 -3.0581e+000 +3.0015e+000 +3.6389e+000
11782 +8.431146874e-004 +8.431146874e-004 +1.000000843e+003 +1.000000843e+003 -3.0565e+000 +3.0021e+000 +3.6386e+000
11901 +2.334724745e-004 +2.334724745e-004 +1.000000233e+003 +1.000000233e+003 -3.0573e+000 +3.0020e+000 +3.6386e+000
12519 +1.305752105e-004 +1.305752105e-004 +1.000000131e+003 +1.000000131e+003 -3.0571e+000 +3.0018e+000 +3.6393e+000
12523 +6.018539545e-005 +6.018539545e-005 +1.000000060e+003 +1.000000060e+003 -3.0569e+000 +3.0019e+000 +3.6390e+000
12710 +3.845642163e-005 +3.845642163e-005 +1.000000038e+003 +1.000000038e+003 -3.0567e+000 +3.0015e+000 +3.6392e+000
12893 +9.929270050e-006 +9.929270050e-006 +1.000000010e+003 +1.000000010e+003 -3.0567e+000 +3.0017e+000 +3.6393e+000
12979 +4.247451329e-006 +4.247451329e-006 +1.000000004e+003 +1.000000004e+003 -3.0569e+000 +3.0016e+000 +3.6391e+000
13302 +1.024018388e-006 +1.024018388e-006 +1.000000001e+003 +1.000000001e+003 -3.0568e+000 +3.0016e+000 +3.6392e+000
13489 +8.829115359e-007 +8.829115359e-007 +1.000000001e+003 +1.000000001e+003 -3.0568e+000 +3.0016e+000 +3.6392e+000
13513 +4.474896969e-007 +4.474896969e-007 +1.000000000e+003 +1.000000000e+003 -3.0568e+000 +3.0016e+000 +3.6392e+000
13730 +3.793958285e-007 +3.793958285e-007 +1.000000000e+003 +1.000000000e+003 -3.0568e+000 +3.0016e+000 +3.6392e+000
13789 +8.532140328e-008 +8.532140328e-008 +1.000000000e+003 +1.000000000e+003 -3.0568e+000 +3.0016e+000 +3.6392e+000
14056 +4.885464477e-009 +4.885464477e-009 +1.000000000e+003 +1.000000000e+003 -3.0568e+000 +3.0016e+000 +3.6392e+000
% function evaluation | noise-free fitness - Fopt (7.003000000000e+001) | best noise-free fitness - Fopt | measured fitness | best measured fitness | x1 | x2...
1 +2.492606994e+002 +2.492606994e+002 +3.192906994e+002 +3.192906994e+002 -3.9193e+000 -3.9786e+000 +1.5178e+000
4 +6.140356607e+001 +6.140356607e+001 +1.314335661e+002 +1.314335661e+002 -5.5868e-001 -3.0800e+000 -1.1917e+000
5 +3.645998411e+001 +3.645998411e+001 +1.064899841e+002 +1.064899841e+002 -6.8154e-001 -2.4547e+000 -4.1307e+000
48 +2.457261375e+001 +2.457261375e+001 +9.460261375e+001 +9.460261375e+001 +8.2380e-002 -2.9826e+000 -2.7287e+000
317 +1.332624072e+001 +1.332624072e+001 +8.335624072e+001 +8.335624072e+001 -1.1339e+000 -2.6659e+000 -5.4938e+000
341 +9.313172058e+000 +9.313172058e+000 +7.934317206e+001 +7.934317206e+001 -6.5510e-002 -2.6069e+000 -4.9491e+000
561 +5.471479494e+000 +5.471479494e+000 +7.550147949e+001 +7.550147949e+001 -2.0654e-001 -1.2251e+000 -4.4512e+000
1338 +3.650045100e+000 +3.650045100e+000 +7.368004510e+001 +7.368004510e+001 -1.3950e+000 -2.3656e+000 -3.7237e+000
2485 +1.134678565e+000 +1.134678565e+000 +7.116467857e+001 +7.116467857e+001 -6.2393e-001 -2.6339e+000 -3.6375e+000
13238 +8.921872761e-001 +8.921872761e-001 +7.092218728e+001 +7.092218728e+001 -8.7317e-001 -2.5360e+000 -4.0178e+000
14343 +4.879469213e-001 +4.879469213e-001 +7.051794692e+001 +7.051794692e+001 -8.6533e-001 -2.5240e+000 -4.0071e+000
14392 +3.730502932e-001 +3.730502932e-001 +7.040305029e+001 +7.040305029e+001 -8.6546e-001 -2.5213e+000 -4.0051e+000
15542 +1.079380662e-001 +1.079380662e-001 +7.013793807e+001 +7.013793807e+001 -8.6092e-001 -2.5124e+000 -3.9932e+000
15738 +9.722573741e-002 +9.722573741e-002 +7.012722574e+001 +7.012722574e+001 -8.6398e-001 -2.5121e+000 -3.9892e+000
15875 +5.157745520e-002 +5.157745520e-002 +7.008157746e+001 +7.008157746e+001 -8.6000e-001 -2.5070e+000 -3.9862e+000
16128 +1.726405648e-002 +1.726405648e-002 +7.004726406e+001 +7.004726406e+001 -8.5642e-001 -2.5006e+000 -3.9841e+000
16228 +1.200614573e-002 +1.200614573e-002 +7.004200615e+001 +7.004200615e+001 -8.5316e-001 -2.5006e+000 -3.9866e+000
16335 +4.769955206e-003 +4.769955206e-003 +7.003476996e+001 +7.003476996e+001 -8.5250e-001 -2.4995e+000 -3.9844e+000
16586 +3.690144495e-003 +3.690144495e-003 +7.003369014e+001 +7.003369014e+001 -8.5112e-001 -2.4947e+000 -3.9814e+000
16672 +1.779859125e-003 +1.779859125e-003 +7.003177986e+001 +7.003177986e+001 -8.5122e-001 -2.4970e+000 -3.9843e+000
16798 +1.553342094e-003 +1.553342094e-003 +7.003155334e+001 +7.003155334e+001 -8.5062e-001 -2.4970e+000 -3.9840e+000
16836 +4.428406566e-004 +4.428406566e-004 +7.003044284e+001 +7.003044284e+001 -8.5108e-001 -2.4966e+000 -3.9833e+000
16936 +2.636777172e-004 +2.636777172e-004 +7.003026368e+001 +7.003026368e+001 -8.5108e-001 -2.4966e+000 -3.9827e+000
17409 +1.949330308e-004 +1.949330308e-004 +7.003019493e+001 +7.003019493e+001 -8.4979e-001 -2.4953e+000 -3.9821e+000
17469 +1.328771214e-004 +1.328771214e-004 +7.003013288e+001 +7.003013288e+001 -8.4996e-001 -2.4954e+000 -3.9821e+000
17483 +3.663080352e-005 +3.663080352e-005 +7.003003663e+001 +7.003003663e+001 -8.5020e-001 -2.4958e+000 -3.9822e+000
17584 +1.974690610e-005 +1.974690610e-005 +7.003001975e+001 +7.003001975e+001 -8.5052e-001 -2.4961e+000 -3.9826e+000
17689 +6.560476507e-006 +6.560476507e-006 +7.003000656e+001 +7.003000656e+001 -8.5040e-001 -2.4959e+000 -3.9824e+000
17842 +1.074163961e-006 +1.074163961e-006 +7.003000107e+001 +7.003000107e+001 -8.5039e-001 -2.4960e+000 -3.9824e+000
18254 +8.612264111e-007 +8.612264111e-007 +7.003000086e+001 +7.003000086e+001 -8.5040e-001 -2.4960e+000 -3.9824e+000
18442 +4.517166730e-007 +4.517166730e-007 +7.003000045e+001 +7.003000045e+001 -8.5039e-001 -2.4960e+000 -3.9824e+000
18682 +3.069242069e-007 +3.069242069e-007 +7.003000031e+001 +7.003000031e+001 -8.5039e-001 -2.4960e+000 -3.9824e+000
18763 +3.439068053e-008 +3.439068053e-008 +7.003000003e+001 +7.003000003e+001 -8.5040e-001 -2.4960e+000 -3.9824e+000
19004 +3.177277108e-009 +3.177277108e-009 +7.003000000e+001 +7.003000000e+001 -8.5040e-001 -2.4960e+000 -3.9824e+000
% function evaluation | noise-free fitness - Fopt (-4.822000000000e+001) | best noise-free fitness - Fopt | measured fitness | best measured fitness | x1 | x2...
1 +3.753929081e+003 +3.753929081e+003 +3.705709081e+003 +3.705709081e+003 +5.2517e-001 +9.8413e-001 +4.1119e+000
4 +2.208653633e+002 +2.208653633e+002 +1.726453633e+002 +1.726453633e+002 +3.1021e+000 +1.9666e-001 -3.0556e+000
5 +7.791360962e+001 +7.791360962e+001 +2.969360962e+001 +2.969360962e+001 +3.9654e-001 -1.4850e+000 -1.2864e+000
25 +5.897492882e+001 +5.897492882e+001 +1.075492882e+001 +1.075492882e+001 -3.0365e+000 +1.6670e+000 -2.0931e+000
44 +3.713640827e+001 +3.713640827e+001 -1.108359173e+001 -1.108359173e+001 -2.7375e+000 -1.0701e+000 -2.1623e+000
217 +2.319643382e+001 +2.319643382e+001 -2.502356618e+001 -2.502356618e+001 -1.5132e+000 -7.2104e-001 -3.9752e+000
454 +1.134146628e+001 +1.134146628e+001 -3.687853372e+001 -3.687853372e+001 -5.7553e-001 -6.3475e-001 -2.3909e+000
789 +9.691712209e+000 +9.691712209e+000 -3.852828779e+001 -3.852828779e+001 -2.6143e+000 -1.7203e+000 -1.9218e+000
870 +4.794545344e+000 +4.794545344e+000 -4.342545466e+001 -4.342545466e+001 -2.7999e+000 -1.0012e+000 -1.8610e+000
1255 +2.643040697e+000 +2.643040697e+000 -4.557695930e+001 -4.557695930e+001 -2.7543e+000 -1.0026e+000 -1.3076e+000
2865 +1.627927256e+000 +1.627927256e+000 -4.659207274e+001 -4.659207274e+001 -1.7872e+000 -1.0031e+000 -2.2981e+000
4575 +1.280989506e+000 +1.280989506e+000 -4.693901049e+001 -4.693901049e+001 -2.4349e+000 -5.4828e-001 -1.6907e+000
8094 +5.398156367e-001 +5.398156367e-001 -4.768018436e+001 -4.768018436e+001 -1.8639e+000 -1.0148e+000 -2.1956e+000
12257 +3.132896768e-001 +3.132896768e-001 -4.790671032e+001 -4.790671032e+001 -1.8188e+000 -1.0238e+000 -2.2595e+000
12890 +1.990467701e-001 +1.990467701e-001 -4.802095323e+001 -4.802095323e+001 -1.8217e+000 -1.0063e+000 -2.2501e+000
13149 +1.035437946e-001 +1.035437946e-001 -4.811645621e+001 -4.811645621e+001 -1.8557e+000 -1.0099e+000 -2.2226e+000
13206 +5.862256426e-002 +5.862256426e-002 -4.816137744e+001 -4.816137744e+001 -1.8449e+000 -1.0036e+000 -2.2245e+000
13667 +3.928048394e-002 +3.928048394e-002 -4.818071952e+001 -4.818071952e+001 -1.8515e+000 -1.0084e+000 -2.2246e+000
13741 +1.643152490e-002 +1.643152490e-002 -4.820356848e+001 -4.820356848e+001 -1.8482e+000 -1.0043e+000 -2.2311e+000
13870 +6.720296506e-003 +6.720296506e-003 -4.821327970e+001 -4.821327970e+001 -1.8401e+000 -1.0064e+000 -2.2354e+000
14258 +2.001406743e-003 +2.001406743e-003 -4.821799859e+001 -4.821799859e+001 -1.8420e+000 -1.0056e+000 -2.2362e+000
14387 +6.161522695e-004 +6.161522695e-004 -4.821938385e+001 -4.821938385e+001 -1.8414e+000 -1.0070e+000 -2.2361e+000
14439 +1.845195100e-005 +1.845195100e-005 -4.821998155e+001 -4.821998155e+001 -1.8423e+000 -1.0073e+000 -2.2353e+000
15234 +7.966192292e-006 +7.966192292e-006 -4.821999203e+001 -4.821999203e+001 -1.8425e+000 -1.0072e+000 -2.2350e+000
15336 +4.706600400e-006 +4.706600400e-006 -4.821999529e+001 -4.821999529e+001 -1.8424e+000 -1.0073e+000 -2.2352e+000
15359 +3.294681115e-006 +3.294681115e-006 -4.821999671e+001 -4.821999671e+001 -1.8424e+000 -1.0071e+000 -2.2352e+000
15740 +1.532919221e-006 +1.532919221e-006 -4.821999847e+001 -4.821999847e+001 -1.8424e+000 -1.0072e+000 -2.2351e+000
15976 +9.800190242e-007 +9.800190242e-007 -4.821999902e+001 -4.821999902e+001 -1.8424e+000 -1.0072e+000 -2.2352e+000
16055 +4.058568237e-007 +4.058568237e-007 -4.821999959e+001 -4.821999959e+001 -1.8424e+000 -1.0072e+000 -2.2352e+000
16096 +1.110006096e-007 +1.110006096e-007 -4.821999989e+001 -4.821999989e+001 -1.8424e+000 -1.0072e+000 -2.2352e+000
16287 +7.083762910e-008 +7.083762910e-008 -4.821999993e+001 -4.821999993e+001 -1.8424e+000 -1.0072e+000 -2.2352e+000
16538 +4.920099883e-008 +4.920099883e-008 -4.821999995e+001 -4.821999995e+001 -1.8424e+000 -1.0072e+000 -2.2352e+000
16678 +3.057989062e-008 +3.057989062e-008 -4.821999997e+001 -4.821999997e+001 -1.8424e+000 -1.0072e+000 -2.2352e+000
16751 +9.601279771e-009 +9.601279771e-009 -4.821999999e+001 -4.821999999e+001 -1.8424e+000 -1.0072e+000 -2.2352e+000
% function evaluation | noise-free fitness - Fopt (2.547000000000e+001) | best noise-free fitness - Fopt | measured fitness | best measured fitness | x1 | x2...
1 +1.412808372e+002 +1.412808372e+002 +1.667508372e+002 +1.667508372e+002 -4.3190e-001 -9.7768e-001 -1.5247e+000
14 +3.412508103e+001 +3.412508103e+001 +5.959508103e+001 +5.959508103e+001 -4.9467e+000 -8.2037e-001 +1.6232e+000
101 +1.605762960e+001 +1.605762960e+001 +4.152762960e+001 +4.152762960e+001 -4.3472e+000 -1.3874e+000 -2.2700e+000
434 +1.154179126e+001 +1.154179126e+001 +3.701179126e+001 +3.701179126e+001 -3.5575e+000 -1.3886e+000 -2.0311e+000
701 +8.623768139e+000 +8.623768139e+000 +3.409376814e+001 +3.409376814e+001 -3.8811e+000 -1.1706e+000 -3.3858e-001
962 +4.170312510e+000 +4.170312510e+000 +2.964031251e+001 +2.964031251e+001 -3.6429e+000 -2.6401e+000 -1.0072e+000
1420 +3.862157107e+000 +3.862157107e+000 +2.933215711e+001 +2.933215711e+001 -3.6686e+000 -2.5717e+000 +8.1760e-002
2537 +2.198943731e+000 +2.198943731e+000 +2.766894373e+001 +2.766894373e+001 -3.6028e+000 -2.6724e+000 -8.7625e-001
5805 +1.570623941e+000 +1.570623941e+000 +2.704062394e+001 +2.704062394e+001 -3.7507e+000 -1.8965e+000 -1.1771e+000
6020 +7.637424359e-001 +7.637424359e-001 +2.623374244e+001 +2.623374244e+001 -3.7765e+000 -1.8803e+000 -1.2032e+000
6841 +5.239531453e-001 +5.239531453e-001 +2.599395315e+001 +2.599395315e+001 -3.7935e+000 -1.9010e+000 -1.2080e+000
7991 +2.182511157e-001 +2.182511157e-001 +2.568825112e+001 +2.568825112e+001 -3.7979e+000 -1.9010e+000 -1.1559e+000
8481 +1.518337331e-001 +1.518337331e-001 +2.562183373e+001 +2.562183373e+001 -3.7814e+000 -1.9283e+000 -1.1474e+000
9394 +3.328736523e-002 +3.328736523e-002 +2.550328737e+001 +2.550328737e+001 -3.7886e+000 -1.9046e+000 -1.1711e+000
9795 +1.002197783e-003 +1.002197783e-003 +2.547100220e+001 +2.547100220e+001 -3.7847e+000 -1.9126e+000 -1.1619e+000
10907 +2.326367195e-004 +2.326367195e-004 +2.547023264e+001 +2.547023264e+001 -3.7849e+000 -1.9122e+000 -1.1630e+000
11577 +6.026494973e-005 +6.026494973e-005 +2.547006026e+001 +2.547006026e+001 -3.7849e+000 -1.9118e+000 -1.1645e+000
11785 +1.579142898e-005 +1.579142898e-005 +2.547001579e+001 +2.547001579e+001 -3.7848e+000 -1.9121e+000 -1.1639e+000
12086 +7.490366372e-006 +7.490366372e-006 +2.547000749e+001 +2.547000749e+001 -3.7848e+000 -1.9120e+000 -1.1642e+000
12163 +3.112829194e-006 +3.112829194e-006 +2.547000311e+001 +2.547000311e+001 -3.7848e+000 -1.9120e+000 -1.1640e+000
12558 +1.121286658e-006 +1.121286658e-006 +2.547000112e+001 +2.547000112e+001 -3.7848e+000 -1.9120e+000 -1.1640e+000
12648 +7.242733844e-007 +7.242733844e-007 +2.547000072e+001 +2.547000072e+001 -3.7848e+000 -1.9120e+000 -1.1640e+000
12727 +4.472941235e-007 +4.472941235e-007 +2.547000045e+001 +2.547000045e+001 -3.7848e+000 -1.9120e+000 -1.1640e+000
12729 +2.891742525e-007 +2.891742525e-007 +2.547000029e+001 +2.547000029e+001 -3.7848e+000 -1.9120e+000 -1.1640e+000
12779 +1.436200243e-007 +1.436200243e-007 +2.547000014e+001 +2.547000014e+001 -3.7848e+000 -1.9120e+000 -1.1640e+000
13010 +6.201486258e-008 +6.201486258e-008 +2.547000006e+001 +2.547000006e+001 -3.7848e+000 -1.9120e+000 -1.1640e+000
13349 +3.448835173e-008 +3.448835173e-008 +2.547000003e+001 +2.547000003e+001 -3.7848e+000 -1.9120e+000 -1.1640e+000
13491 +1.747175205e-008 +1.747175205e-008 +2.547000002e+001 +2.547000002e+001 -3.7848e+000 -1.9120e+000 -1.1640e+000
13541 +1.395953220e-008 +1.395953220e-008 +2.547000001e+001 +2.547000001e+001 -3.7848e+000 -1.9120e+000 -1.1640e+000
13557 +7.532275248e-009 +7.532275248e-009 +2.547000001e+001 +2.547000001e+001 -3.7848e+000 -1.9120e+000 -1.1640e+000
% function evaluation | noise-free fitness - Fopt (-1.008100000000e+002) | best noise-free fitness - Fopt | measured fitness | best measured fitness | x1 | x2...
1 +3.330154401e+002 +3.330154401e+002 +2.322054401e+002 +2.322054401e+002 -2.8503e+000 -1.1622e+000 -2.6840e+000
4 +9.399948778e+001 +9.399948778e+001 -6.810512220e+000 -6.810512220e+000 -2.9529e+000 +4.2104e+000 +8.2472e-001
13 +6.093744115e+001 +6.093744115e+001 -3.987255885e+001 -3.987255885e+001 +3.5362e+000 +8.1998e-001 +3.9391e+000
22 +3.545134060e+001 +3.545134060e+001 -6.535865940e+001 -6.535865940e+001 +5.2199e-001 +7.9292e-001 +1.8478e+000
83 +2.417423043e+001 +2.417423043e+001 -7.663576957e+001 -7.663576957e+001 +8.6442e-001 +1.2705e+000 +8.8052e-001
449 +8.707775705e+000 +8.707775705e+000 -9.210222430e+001 -9.210222430e+001 +1.3326e-001 +3.4558e-001 +1.7118e+000
1395 +5.907549009e+000 +5.907549009e+000 -9.490245099e+001 -9.490245099e+001 -1.6000e-001 +1.8743e+000 +1.3277e+000
1678 +3.508000454e+000 +3.508000454e+000 -9.730199955e+001 -9.730199955e+001 +7.5647e-001 +1.2680e+000 +1.1745e+000
2393 +1.914731542e+000 +1.914731542e+000 -9.889526846e+001 -9.889526846e+001 +1.3012e+000 +3.6261e-001 +1.0092e+000
5075 +9.089079092e-001 +9.089079092e-001 -9.990109209e+001 -9.990109209e+001 +9.9620e-001 +5.1396e-001 +1.3450e+000
5125 +1.981165291e-001 +1.981165291e-001 -1.006118835e+002 -1.006118835e+002 +9.9620e-001 +4.7836e-001 +1.3450e+000
10392 +5.288629545e-002 +5.288629545e-002 -1.007571137e+002 -1.007571137e+002 +9.9660e-001 +4.8045e-001 +1.3266e+000
10760 +2.074201032e-002 +2.074201032e-002 -1.007892580e+002 -1.007892580e+002 +9.9852e-001 +4.8188e-001 +1.3375e+000
11422 +1.045745002e-002 +1.045745002e-002 -1.007995425e+002 -1.007995425e+002 +9.8816e-001 +4.9162e-001 +1.3353e+000
12258 +5.686941223e-003 +5.686941223e-003 -1.008043131e+002 -1.008043131e+002 +9.8871e-001 +4.8973e-001 +1.3349e+000
12474 +7.238282063e-004 +7.238282063e-004 -1.008092762e+002 -1.008092762e+002 +9.9047e-001 +4.8916e-001 +1.3337e+000
12956 +1.597539324e-004 +1.597539324e-004 -1.008098402e+002 -1.008098402e+002 +9.9177e-001 +4.8780e-001 +1.3336e+000
13205 +1.311300042e-004 +1.311300042e-004 -1.008098689e+002 -1.008098689e+002 +9.9259e-001 +4.8757e-001 +1.3336e+000
13356 +2.295491116e-005 +2.295491116e-005 -1.008099770e+002 -1.008099770e+002 +9.9177e-001 +4.8821e-001 +1.3336e+000
13383 +4.741345236e-006 +4.741345236e-006 -1.008099953e+002 -1.008099953e+002 +9.9193e-001 +4.8810e-001 +1.3336e+000
13833 +2.851096156e-006 +2.851096156e-006 -1.008099971e+002 -1.008099971e+002 +9.9193e-001 +4.8807e-001 +1.3336e+000
14146 +2.439003367e-006 +2.439003367e-006 -1.008099976e+002 -1.008099976e+002 +9.9197e-001 +4.8800e-001 +1.3336e+000
14196 +1.459399812e-006 +1.459399812e-006 -1.008099985e+002 -1.008099985e+002 +9.9197e-001 +4.8800e-001 +1.3336e+000
14351 +1.834168728e-007 +1.834168728e-007 -1.008099998e+002 -1.008099998e+002 +9.9199e-001 +4.8801e-001 +1.3336e+000
14649 +1.381205266e-007 +1.381205266e-007 -1.008099999e+002 -1.008099999e+002 +9.9198e-001 +4.8801e-001 +1.3336e+000
14751 +3.307631857e-008 +3.307631857e-008 -1.008100000e+002 -1.008100000e+002 +9.9200e-001 +4.8800e-001 +1.3336e+000
14966 +1.820207274e-008 +1.820207274e-008 -1.008100000e+002 -1.008100000e+002 +9.9201e-001 +4.8800e-001 +1.3336e+000
15206 +3.134019266e-009 +3.134019266e-009 -1.008100000e+002 -1.008100000e+002 +9.9200e-001 +4.8800e-001 +1.3336e+000
% function evaluation | noise-free fitness - Fopt (4.017300000000e+002) | best noise-free fitness - Fopt | measured fitness | best measured fitness | x1 | x2...
1 +7.222297386e+001 +7.222297386e+001 +4.739529739e+002 +4.739529739e+002 +1.7980e+000 +2.4689e+000 -1.5649e+000
9 +5.078058868e+001 +5.078058868e+001 +4.525105887e+002 +4.525105887e+002 -2.0216e-001 +1.3021e+000 -1.0254e+000
32 +2.790797564e+001 +2.790797564e+001 +4.296379756e+002 +4.296379756e+002 +2.4709e-001 -1.4021e+000 +4.2961e-001
107 +2.059869509e+001 +2.059869509e+001 +4.223286951e+002 +4.223286951e+002 +2.2172e+000 -3.3334e-001 +3.6356e-002
108 +1.382544607e+001 +1.382544607e+001 +4.155554461e+002 +4.155554461e+002 +1.2224e+000 -3.8569e+000 +1.7762e+000
389 +8.284305880e+000 +8.284305880e+000 +4.100143059e+002 +4.100143059e+002 +1.7255e+000 -2.3901e+000 -1.4184e-001
892 +5.993098869e+000 +5.993098869e+000 +4.077230989e+002 +4.077230989e+002 +1.6946e+000 -1.7851e+000 +6.9637e-001
1592 +3.158962097e+000 +3.158962097e+000 +4.048889621e+002 +4.048889621e+002 +1.6946e+000 -1.6556e+000 +6.9637e-001
3660 +1.629981224e+000 +1.629981224e+000 +4.033599812e+002 +4.033599812e+002 +1.2532e+000 -2.5823e+000 +9.0303e-001
6251 +1.299493905e+000 +1.299493905e+000 +4.030294939e+002 +4.030294939e+002 +9.0040e-001 -2.3035e+000 +1.1981e+000
6619 +2.833733466e-001 +2.833733466e-001 +4.020133733e+002 +4.020133733e+002 +1.3072e+000 -2.6856e+000 +9.0641e-001
10221 +2.279697664e-001 +2.279697664e-001 +4.019579698e+002 +4.019579698e+002 +1.3054e+000 -2.6733e+000 +9.0362e-001
10892 +2.166946821e-002 +2.166946821e-002 +4.017516695e+002 +4.017516695e+002 +1.2929e+000 -2.6531e+000 +9.1360e-001
11620 +1.229133480e-002 +1.229133480e-002 +4.017422913e+002 +4.017422913e+002 +1.2897e+000 -2.6603e+000 +9.1177e-001
11742 +6.798555166e-003 +6.798555166e-003 +4.017367986e+002 +4.017367986e+002 +1.2929e+000 -2.6542e+000 +9.0866e-001
12076 +4.360785180e-003 +4.360785180e-003 +4.017343608e+002 +4.017343608e+002 +1.2919e+000 -2.6576e+000 +9.1333e-001
12120 +3.591018575e-003 +3.591018575e-003 +4.017335910e+002 +4.017335910e+002 +1.2934e+000 -2.6570e+000 +9.1235e-001
12218 +1.481290631e-003 +1.481290631e-003 +4.017314813e+002 +4.017314813e+002 +1.2907e+000 -2.6568e+000 +9.1177e-001
12716 +3.802359677e-004 +3.802359677e-004 +4.017303802e+002 +4.017303802e+002 +1.2914e+000 -2.6563e+000 +9.1136e-001
12771 +1.787217582e-004 +1.787217582e-004 +4.017301787e+002 +4.017301787e+002 +1.2916e+000 -2.6563e+000 +9.1123e-001
12926 +9.045330171e-005 +9.045330171e-005 +4.017300905e+002 +4.017300905e+002 +1.2917e+000 -2.6561e+000 +9.1121e-001
12991 +1.932763786e-005 +1.932763786e-005 +4.017300193e+002 +4.017300193e+002 +1.2920e+000 -2.6562e+000 +9.1133e-001
13320 +8.576479559e-006 +8.576479559e-006 +4.017300086e+002 +4.017300086e+002 +1.2920e+000 -2.6558e+000 +9.1113e-001
13362 +1.892594696e-006 +1.892594696e-006 +4.017300019e+002 +4.017300019e+002 +1.2920e+000 -2.6561e+000 +9.1123e-001
13483 +4.820181516e-007 +4.820181516e-007 +4.017300005e+002 +4.017300005e+002 +1.2920e+000 -2.6560e+000 +9.1118e-001
13845 +9.080952168e-008 +9.080952168e-008 +4.017300001e+002 +4.017300001e+002 +1.2920e+000 -2.6560e+000 +9.1119e-001
14335 +5.223660082e-008 +5.223660082e-008 +4.017300001e+002 +4.017300001e+002 +1.2920e+000 -2.6560e+000 +9.1120e-001
14369 +1.002541694e-008 +1.002541694e-008 +4.017300000e+002 +4.017300000e+002 +1.2920e+000 -2.6560e+000 +9.1120e-001
14569 +4.026503575e-009 +4.026503575e-009 +4.017300000e+002 +4.017300000e+002 +1.2920e+000 -2.6560e+000 +9.1120e-001
% function evaluation | noise-free fitness - Fopt (-9.575000000000e+001) | best noise-free fitness - Fopt | measured fitness | best measured fitness | x1 | x2...
1 +7.160332897e+001 +7.160332897e+001 -2.414667103e+001 -2.414667103e+001 +1.1402e+000 +1.3562e+000 +2.5462e+000
3 +3.003592148e+001 +3.003592148e+001 -6.571407852e+001 -6.571407852e+001 +2.8351e+000 +1.6397e+000 -2.0605e+000
88 +2.380568369e+001 +2.380568369e+001 -7.194431631e+001 -7.194431631e+001 +1.8940e+000 +1.6023e+000 -1.7014e+000
344 +1.252977589e+001 +1.252977589e+001 -8.322022411e+001 -8.322022411e+001 +2.3045e+000 +6.7677e-001 +6.4160e-001
394 +8.555097825e+000 +8.555097825e+000 -8.719490218e+001 -8.719490218e+001 +2.3045e+000 +1.7663e+000 -2.5863e+000
1327 +3.089611001e+000 +3.089611001e+000 -9.266038900e+001 -9.266038900e+001 +2.8402e+000 +2.2590e+000 -1.6298e+000
1334 +2.338388432e+000 +2.338388432e+000 -9.341161157e+001 -9.341161157e+001 +2.3671e+000 +2.0007e+000 -1.0111e+000
3348 +1.365694546e+000 +1.365694546e+000 -9.438430545e+001 -9.438430545e+001 +2.8295e+000 +2.2151e+000 -1.6133e+000
5267 +8.040258269e-001 +8.040258269e-001 -9.494597417e+001 -9.494597417e+001 +2.4864e+000 +1.5130e+000 -1.1978e+000
7832 +5.089423196e-001 +5.089423196e-001 -9.524105768e+001 -9.524105768e+001 +2.4651e+000 +1.5151e+000 -1.2064e+000
7995 +2.642247213e-001 +2.642247213e-001 -9.548577528e+001 -9.548577528e+001 +2.4668e+000 +1.5325e+000 -1.1776e+000
8142 +9.054460973e-002 +9.054460973e-002 -9.565945539e+001 -9.565945539e+001 +2.4662e+000 +1.5118e+000 -1.1857e+000
10397 +6.164775550e-002 +6.164775550e-002 -9.568835224e+001 -9.568835224e+001 +2.4639e+000 +1.5086e+000 -1.1782e+000
10421 +2.041002673e-002 +2.041002673e-002 -9.572958997e+001 -9.572958997e+001 +2.4675e+000 +1.5146e+000 -1.1780e+000
10757 +6.907417636e-003 +6.907417636e-003 -9.574309258e+001 -9.574309258e+001 +2.4662e+000 +1.5066e+000 -1.1718e+000
11027 +4.528092609e-003 +4.528092609e-003 -9.574547191e+001 -9.574547191e+001 +2.4687e+000 +1.5064e+000 -1.1715e+000
11077 +3.223834109e-003 +3.223834109e-003 -9.574677617e+001 -9.574677617e+001 +2.4687e+000 +1.5113e+000 -1.1711e+000
11246 +1.929020062e-003 +1.929020062e-003 -9.574807098e+001 -9.574807098e+001 +2.4674e+000 +1.5091e+000 -1.1694e+000
11285 +1.534772683e-003 +1.534772683e-003 -9.574846523e+001 -9.574846523e+001 +2.4687e+000 +1.5089e+000 -1.1731e+000
11379 +1.690576752e-004 +1.690576752e-004 -9.574983094e+001 -9.574983094e+001 +2.4681e+000 +1.5093e+000 -1.1720e+000
11582 +3.493689158e-005 +3.493689158e-005 -9.574996506e+001 -9.574996506e+001 +2.4680e+000 +1.5088e+000 -1.1715e+000
12123 +2.424864128e-005 +2.424864128e-005 -9.574997575e+001 -9.574997575e+001 +2.4679e+000 +1.5087e+000 -1.1711e+000
12321 +3.512060829e-006 +3.512060829e-006 -9.574999649e+001 -9.574999649e+001 +2.4680e+000 +1.5089e+000 -1.1713e+000
12635 +1.213311947e-006 +1.213311947e-006 -9.574999879e+001 -9.574999879e+001 +2.4680e+000 +1.5088e+000 -1.1712e+000
12812 +7.692801773e-007 +7.692801773e-007 -9.574999923e+001 -9.574999923e+001 +2.4680e+000 +1.5088e+000 -1.1712e+000
12892 +4.789937691e-007 +4.789937691e-007 -9.574999952e+001 -9.574999952e+001 +2.4680e+000 +1.5088e+000 -1.1712e+000
12894 +3.104892272e-007 +3.104892272e-007 -9.574999969e+001 -9.574999969e+001 +2.4680e+000 +1.5088e+000 -1.1712e+000
12924 +6.847750456e-008 +6.847750456e-008 -9.574999993e+001 -9.574999993e+001 +2.4680e+000 +1.5088e+000 -1.1712e+000
12974 +5.199126463e-008 +5.199126463e-008 -9.574999995e+001 -9.574999995e+001 +2.4680e+000 +1.5088e+000 -1.1712e+000
13142 +6.594902402e-009 +6.594902402e-009 -9.574999999e+001 -9.574999999e+001 +2.4680e+000 +1.5088e+000 -1.1712e+000
% function evaluation | noise-free fitness - Fopt (-9.136000000000e+001) | best noise-free fitness - Fopt | measured fitness | best measured fitness | x1 | x2...
1 +2.976400469e+002 +2.976400469e+002 +2.062800469e+002 +2.062800469e+002 -4.7787e-003 -2.0122e+000 -1.9088e+000
4 +1.151586773e+002 +1.151586773e+002 +2.379867733e+001 +2.379867733e+001 +3.2585e+000 -1.0331e+000 -2.0990e-001
6 +1.959857998e+001 +1.959857998e+001 -7.176142002e+001 -7.176142002e+001 -4.0745e+000 +4.1627e+000 -5.6960e-001
338 +1.505462453e+001 +1.505462453e+001 -7.630537547e+001 -7.630537547e+001 -2.9147e+000 +2.4328e+000 +2.5318e-001
723 +7.078513656e+000 +7.078513656e+000 -8.428148634e+001 -8.428148634e+001 -4.6675e+000 +3.1738e+000 -2.6130e-001
1429 +3.207404809e+000 +3.207404809e+000 -8.815259519e+001 -8.815259519e+001 -4.1674e+000 +3.6153e+000 -9.2322e-002
3993 +1.893717438e+000 +1.893717438e+000 -8.946628256e+001 -8.946628256e+001 -2.8884e+000 +2.8933e+000 +5.8720e-001
6122 +1.467307966e+000 +1.467307966e+000 -8.989269203e+001 -8.989269203e+001 -3.4393e+000 +2.8495e+000 +5.3719e-001
6335 +5.334967009e-001 +5.334967009e-001 -9.082650330e+001 -9.082650330e+001 -3.3758e+000 +2.8297e+000 +5.2505e-001
8872 +1.721404766e-001 +1.721404766e-001 -9.118785952e+001 -9.118785952e+001 -3.4342e+000 +2.8495e+000 +5.0418e-001
9294 +1.301866032e-001 +1.301866032e-001 -9.122981340e+001 -9.122981340e+001 -3.3968e+000 +2.8380e+000 +4.9822e-001
10179 +5.308533215e-002 +5.308533215e-002 -9.130691467e+001 -9.130691467e+001 -3.4059e+000 +2.8314e+000 +5.1536e-001
11010 +1.032187172e-002 +1.032187172e-002 -9.134967813e+001 -9.134967813e+001 -3.4092e+000 +2.8371e+000 +5.0849e-001
11360 +5.315261553e-003 +5.315261553e-003 -9.135468474e+001 -9.135468474e+001 -3.4092e+000 +2.8379e+000 +5.0849e-001
11657 +2.110053867e-003 +2.110053867e-003 -9.135788995e+001 -9.135788995e+001 -3.4114e+000 +2.8414e+000 +5.0737e-001
11714 +5.958892792e-004 +5.958892792e-004 -9.135940411e+001 -9.135940411e+001 -3.4118e+000 +2.8415e+000 +5.0564e-001
12016 +2.282927064e-004 +2.282927064e-004 -9.135977171e+001 -9.135977171e+001 -3.4102e+000 +2.8412e+000 +5.0601e-001
12152 +8.480809508e-005 +8.480809508e-005 -9.135991519e+001 -9.135991519e+001 -3.4106e+000 +2.8406e+000 +5.0655e-001
12216 +3.173617247e-005 +3.173617247e-005 -9.135996826e+001 -9.135996826e+001 -3.4102e+000 +2.8407e+000 +5.0631e-001
12366 +9.816740828e-006 +9.816740828e-006 -9.135999018e+001 -9.135999018e+001 -3.4102e+000 +2.8407e+000 +5.0646e-001
12794 +2.990984129e-006 +2.990984129e-006 -9.135999701e+001 -9.135999701e+001 -3.4104e+000 +2.8407e+000 +5.0641e-001
13010 +2.091829302e-006 +2.091829302e-006 -9.135999791e+001 -9.135999791e+001 -3.4104e+000 +2.8408e+000 +5.0636e-001
13182 +1.040288865e-006 +1.040288865e-006 -9.135999896e+001 -9.135999896e+001 -3.4104e+000 +2.8408e+000 +5.0640e-001
13487 +4.700732177e-007 +4.700732177e-007 -9.135999953e+001 -9.135999953e+001 -3.4104e+000 +2.8408e+000 +5.0639e-001
13505 +2.736153135e-007 +2.736153135e-007 -9.135999973e+001 -9.135999973e+001 -3.4104e+000 +2.8408e+000 +5.0639e-001
13689 +1.070975344e-007 +1.070975344e-007 -9.135999989e+001 -9.135999989e+001 -3.4104e+000 +2.8408e+000 +5.0639e-001
13889 +5.884699306e-008 +5.884699306e-008 -9.135999994e+001 -9.135999994e+001 -3.4104e+000 +2.8408e+000 +5.0641e-001
14038 +3.170035257e-008 +3.170035257e-008 -9.135999997e+001 -9.135999997e+001 -3.4104e+000 +2.8408e+000 +5.0640e-001
14160 +1.491427781e-008 +1.491427781e-008 -9.135999999e+001 -9.135999999e+001 -3.4104e+000 +2.8408e+000 +5.0640e-001
14260 +7.599993523e-009 +7.599993523e-009 -9.135999999e+001 -9.135999999e+001 -3.4104e+000 +2.8408e+000 +5.0640e-001
% function evaluation | noise-free fitness - Fopt (2.315300000000e+002) | best noise-free fitness - Fopt | measured fitness | best measured fitness | x1 | x2...
1 +7.944045028e+001 +7.944045028e+001 +3.109704503e+002 +3.109704503e+002 -3.2761e+000 -8.6841e-001 -3.7080e+000
4 +5.773432934e+001 +5.773432934e+001 +2.892643293e+002 +2.892643293e+002 -1.1876e+000 +2.8525e-001 +1.8584e+000
29 +3.114768715e+001 +3.114768715e+001 +2.626776872e+002 +2.626776872e+002 -3.9107e+000 +1.1180e+000 -2.2003e+000
201 +2.422667180e+001 +2.422667180e+001 +2.557566718e+002 +2.557566718e+002 -3.7104e+000 -1.6212e+000 -1.3308e-001
289 +8.912215097e+000 +8.912215097e+000 +2.404422151e+002 +2.404422151e+002 -3.1567e+000 -1.5628e+000 -6.0615e-001
1062 +5.305706784e+000 +5.305706784e+000 +2.368357068e+002 +2.368357068e+002 -3.4075e+000 -2.9855e-001 +3.5204e-001
1265 +2.962348032e+000 +2.962348032e+000 +2.344923480e+002 +2.344923480e+002 -3.2213e+000 -1.4719e+000 +7.0707e-001
2513 +2.014984352e+000 +2.014984352e+000 +2.335449844e+002 +2.335449844e+002 -3.2782e+000 +1.7582e-001 +6.3655e-001
5933 +5.669225818e-001 +5.669225818e-001 +2.320969226e+002 +2.320969226e+002 -3.0173e+000 -3.5086e-001 +5.4389e-001
6933 +3.275428001e-001 +3.275428001e-001 +2.318575428e+002 +2.318575428e+002 -2.9956e+000 -3.2197e-001 +5.4389e-001
9083 +2.159692541e-001 +2.159692541e-001 +2.317459693e+002 +2.317459693e+002 -2.9956e+000 -3.2197e-001 +5.3356e-001
9852 +1.457661744e-001 +1.457661744e-001 +2.316757662e+002 +2.316757662e+002 -2.9990e+000 -3.3946e-001 +5.3469e-001
11133 +6.767169588e-002 +6.767169588e-002 +2.315976717e+002 +2.315976717e+002 -3.0081e+000 -3.1021e-001 +5.3356e-001
11497 +3.958642827e-002 +3.958642827e-002 +2.315695864e+002 +2.315695864e+002 -3.0062e+000 -3.3192e-001 +5.3554e-001
13263 +3.643334942e-003 +3.643334942e-003 +2.315336433e+002 +2.315336433e+002 -3.0052e+000 -3.2368e-001 +5.2552e-001
13663 +1.847120752e-003 +1.847120752e-003 +2.315318471e+002 +2.315318471e+002 -3.0055e+000 -3.2592e-001 +5.2974e-001
13772 +1.255863065e-003 +1.255863065e-003 +2.315312559e+002 +2.315312559e+002 -3.0051e+000 -3.2437e-001 +5.2900e-001
13908 +4.466406602e-004 +4.466406602e-004 +2.315304466e+002 +2.315304466e+002 -3.0058e+000 -3.2373e-001 +5.2740e-001
14106 +2.349118005e-004 +2.349118005e-004 +2.315302349e+002 +2.315302349e+002 -3.0058e+000 -3.2438e-001 +5.2768e-001
14150 +6.669698064e-005 +6.669698064e-005 +2.315300667e+002 +2.315300667e+002 -3.0056e+000 -3.2488e-001 +5.2767e-001
14236 +6.055022735e-005 +6.055022735e-005 +2.315300606e+002 +2.315300606e+002 -3.0055e+000 -3.2434e-001 +5.2803e-001
14271 +1.290849229e-005 +1.290849229e-005 +2.315300129e+002 +2.315300129e+002 -3.0056e+000 -3.2501e-001 +5.2797e-001
14386 +7.757297993e-006 +7.757297993e-006 +2.315300078e+002 +2.315300078e+002 -3.0056e+000 -3.2497e-001 +5.2803e-001
14664 +1.290910063e-006 +1.290910063e-006 +2.315300013e+002 +2.315300013e+002 -3.0056e+000 -3.2485e-001 +5.2797e-001
14814 +4.875464299e-007 +4.875464299e-007 +2.315300005e+002 +2.315300005e+002 -3.0056e+000 -3.2480e-001 +5.2797e-001
14829 +2.995660111e-007 +2.995660111e-007 +2.315300003e+002 +2.315300003e+002 -3.0056e+000 -3.2483e-001 +5.2802e-001
14929 +1.284415987e-007 +1.284415987e-007 +2.315300001e+002 +2.315300001e+002 -3.0056e+000 -3.2483e-001 +5.2800e-001
15243 +5.148467608e-008 +5.148467608e-008 +2.315300001e+002 +2.315300001e+002 -3.0056e+000 -3.2479e-001 +5.2800e-001
15384 +8.399013041e-009 +8.399013041e-009 +2.315300000e+002 +2.315300000e+002 -3.0056e+000 -3.2481e-001 +5.2800e-001
% function evaluation | noise-free fitness - Fopt (-1.397700000000e+002) | best noise-free fitness - Fopt | measured fitness | best measured fitness | x1 | x2...
1 +8.766635940e+001 +8.766635940e+001 -5.210364060e+001 -5.210364060e+001 -1.9601e+000 -1.1173e+000 -4.3510e+000
31 +5.313454710e+001 +5.313454710e+001 -8.663545290e+001 -8.663545290e+001 -4.0379e+000 +1.7231e+000 -1.5051e+000
43 +2.810167838e+001 +2.810167838e+001 -1.116683216e+002 -1.116683216e+002 -1.5041e+000 +2.1649e+000 -3.5894e+000
312 +2.024613829e+001 +2.024613829e+001 -1.195238617e+002 -1.195238617e+002 -2.7930e+000 -3.2561e-002 -1.9089e+000
380 +1.258067786e+001 +1.258067786e+001 -1.271893221e+002 -1.271893221e+002 -2.0427e+000 +2.7358e+000 -3.0695e+000
788 +1.871327439e+000 +1.871327439e+000 -1.378986726e+002 -1.378986726e+002 -2.7882e+000 +3.1835e+000 -2.3720e+000
4716 +1.535045581e+000 +1.535045581e+000 -1.382349544e+002 -1.382349544e+002 -2.3390e+000 +3.4311e+000 -2.3508e+000
8783 +2.909318318e-001 +2.909318318e-001 -1.394790682e+002 -1.394790682e+002 -2.7236e+000 +3.0774e+000 -2.3585e+000
9682 +2.028063994e-001 +2.028063994e-001 -1.395671936e+002 -1.395671936e+002 -2.7216e+000 +3.0821e+000 -2.3647e+000
11349 +3.403155957e-002 +3.403155957e-002 -1.397359684e+002 -1.397359684e+002 -2.7304e+000 +3.1059e+000 -2.3626e+000
13063 +1.937249004e-002 +1.937249004e-002 -1.397506275e+002 -1.397506275e+002 -2.7281e+000 +3.1148e+000 -2.3651e+000
13191 +2.685096594e-003 +2.685096594e-003 -1.397673149e+002 -1.397673149e+002 -2.7304e+000 +3.1124e+000 -2.3683e+000
13497 +2.082734054e-003 +2.082734054e-003 -1.397679173e+002 -1.397679173e+002 -2.7330e+000 +3.1134e+000 -2.3665e+000
13634 +5.893863328e-004 +5.893863328e-004 -1.397694106e+002 -1.397694106e+002 -2.7318e+000 +3.1151e+000 -2.3672e+000
13668 +2.420544732e-004 +2.420544732e-004 -1.397697579e+002 -1.397697579e+002 -2.7313e+000 +3.1127e+000 -2.3672e+000
14057 +1.163904085e-004 +1.163904085e-004 -1.397698836e+002 -1.397698836e+002 -2.7314e+000 +3.1138e+000 -2.3674e+000
14123 +8.948937287e-005 +8.948937287e-005 -1.397699105e+002 -1.397699105e+002 -2.7310e+000 +3.1139e+000 -2.3674e+000
14209 +5.053840252e-005 +5.053840252e-005 -1.397699495e+002 -1.397699495e+002 -2.7310e+000 +3.1132e+000 -2.3671e+000
14373 +2.748759306e-005 +2.748759306e-005 -1.397699725e+002 -1.397699725e+002 -2.7310e+000 +3.1134e+000 -2.3672e+000
14376 +2.229698768e-005 +2.229698768e-005 -1.397699777e+002 -1.397699777e+002 -2.7311e+000 +3.1136e+000 -2.3673e+000
14423 +1.282074800e-005 +1.282074800e-005 -1.397699872e+002 -1.397699872e+002 -2.7310e+000 +3.1135e+000 -2.3672e+000
14503 +7.431466685e-006 +7.431466685e-006 -1.397699926e+002 -1.397699926e+002 -2.7313e+000 +3.1136e+000 -2.3672e+000
14576 +5.364898669e-006 +5.364898669e-006 -1.397699946e+002 -1.397699946e+002 -2.7312e+000 +3.1136e+000 -2.3673e+000
14621 +2.685318464e-006 +2.685318464e-006 -1.397699973e+002 -1.397699973e+002 -2.7311e+000 +3.1135e+000 -2.3672e+000
14651 +6.665062529e-007 +6.665062529e-007 -1.397699993e+002 -1.397699993e+002 -2.7312e+000 +3.1136e+000 -2.3672e+000
14855 +4.323547955e-007 +4.323547955e-007 -1.397699996e+002 -1.397699996e+002 -2.7312e+000 +3.1136e+000 -2.3672e+000
15074 +1.962871750e-007 +1.962871750e-007 -1.397699998e+002 -1.397699998e+002 -2.7312e+000 +3.1136e+000 -2.3672e+000
15144 +6.937113994e-008 +6.937113994e-008 -1.397699999e+002 -1.397699999e+002 -2.7312e+000 +3.1136e+000 -2.3672e+000
15338 +4.603904813e-008 +4.603904813e-008 -1.397700000e+002 -1.397700000e+002 -2.7312e+000 +3.1136e+000 -2.3672e+000
15349 +3.056976539e-008 +3.056976539e-008 -1.397700000e+002 -1.397700000e+002 -2.7312e+000 +3.1136e+000 -2.3672e+000
15394 +8.771564808e-009 +8.771564808e-009 -1.397700000e+002 -1.397700000e+002 -2.7312e+000 +3.1136e+000 -2.3672e+000
15401 +5.480899290e-009 +5.480899290e-009 -1.397700000e+002 -1.397700000e+002 -2.7312e+000 +3.1136e+000 -2.3672e+000
% function evaluation | noise-free fitness - Fopt (9.830000000000e+000) | best noise-free fitness - Fopt | measured fitness | best measured fitness | x1 | x2...
1 +8.909868160e+001 +8.909868160e+001 +9.892868160e+001 +9.892868160e+001 +1.2510e+000 +2.5314e+000 -1.3297e+000
9 +5.740165370e+001 +5.740165370e+001 +6.723165370e+001 +6.723165370e+001 -2.2207e+000 +4.6865e+000 +6.1626e-001
11 +3.558830880e+001 +3.558830880e+001 +4.541830880e+001 +4.541830880e+001 -1.3425e+000 +3.4486e+000 +7.8958e-001
57 +1.473158132e+001 +1.473158132e+001 +2.456158132e+001 +2.456158132e+001 -1.3944e-001 +1.5656e+000 +1.4817e+000
580 +4.098161044e+000 +4.098161044e+000 +1.392816104e+001 +1.392816104e+001 +5.5086e-001 +2.0474e+000 +2.3035e+000
667 +2.541119466e+000 +2.541119466e+000 +1.237111947e+001 +1.237111947e+001 +1.3581e-001 +1.6703e+000 +2.8927e+000
2667 +2.183523739e+000 +2.183523739e+000 +1.201352374e+001 +1.201352374e+001 +1.3581e-001 +1.6442e+000 +2.8927e+000
5205 +8.999775615e-001 +8.999775615e-001 +1.072997756e+001 +1.072997756e+001 +2.8141e-001 +1.9206e+000 +2.3186e+000
9176 +2.542568301e-001 +2.542568301e-001 +1.008425683e+001 +1.008425683e+001 +2.4586e-001 +1.9525e+000 +2.2887e+000
9956 +1.373961228e-001 +1.373961228e-001 +9.967396123e+000 +9.967396123e+000 +2.5975e-001 +1.9487e+000 +2.2910e+000
11306 +7.258922396e-002 +7.258922396e-002 +9.902589224e+000 +9.902589224e+000 +2.4077e-001 +1.9587e+000 +2.2679e+000
11315 +2.028930469e-002 +2.028930469e-002 +9.850289305e+000 +9.850289305e+000 +2.4588e-001 +1.9515e+000 +2.2659e+000
11851 +1.011390366e-002 +1.011390366e-002 +9.840113904e+000 +9.840113904e+000 +2.4628e-001 +1.9534e+000 +2.2684e+000
11899 +7.634497922e-003 +7.634497922e-003 +9.837634498e+000 +9.837634498e+000 +2.5213e-001 +1.9530e+000 +2.2727e+000
12055 +1.747129380e-003 +1.747129380e-003 +9.831747129e+000 +9.831747129e+000 +2.5030e-001 +1.9524e+000 +2.2734e+000
12457 +1.233054274e-003 +1.233054274e-003 +9.831233054e+000 +9.831233054e+000 +2.4890e-001 +1.9539e+000 +2.2715e+000
12487 +4.849956893e-004 +4.849956893e-004 +9.830484996e+000 +9.830484996e+000 +2.4952e-001 +1.9519e+000 +2.2711e+000
12727 +1.355029217e-004 +1.355029217e-004 +9.830135503e+000 +9.830135503e+000 +2.4949e-001 +1.9532e+000 +2.2714e+000
12968 +7.843511814e-005 +7.843511814e-005 +9.830078435e+000 +9.830078435e+000 +2.4958e-001 +1.9527e+000 +2.2708e+000
13018 +1.645940798e-005 +1.645940798e-005 +9.830016459e+000 +9.830016459e+000 +2.4958e-001 +1.9527e+000 +2.2710e+000
13110 +1.276900797e-005 +1.276900797e-005 +9.830012769e+000 +9.830012769e+000 +2.4958e-001 +1.9527e+000 +2.2712e+000
13260 +2.726747260e-006 +2.726747260e-006 +9.830002727e+000 +9.830002727e+000 +2.4958e-001 +1.9528e+000 +2.2712e+000
13577 +2.234292877e-006 +2.234292877e-006 +9.830002234e+000 +9.830002234e+000 +2.4960e-001 +1.9528e+000 +2.2711e+000
13688 +7.573987819e-007 +7.573987819e-007 +9.830000757e+000 +9.830000757e+000 +2.4958e-001 +1.9528e+000 +2.2712e+000
14138 +5.091281530e-007 +5.091281530e-007 +9.830000509e+000 +9.830000509e+000 +2.4958e-001 +1.9528e+000 +2.2712e+000
14241 +2.674389012e-007 +2.674389012e-007 +9.830000267e+000 +9.830000267e+000 +2.4961e-001 +1.9528e+000 +2.2712e+000
14260 +1.503356764e-007 +1.503356764e-007 +9.830000150e+000 +9.830000150e+000 +2.4959e-001 +1.9528e+000 +2.2712e+000
14383 +6.589617740e-008 +6.589617740e-008 +9.830000066e+000 +9.830000066e+000 +2.4959e-001 +1.9528e+000 +2.2712e+000
14446 +3.273714455e-008 +3.273714455e-008 +9.830000033e+000 +9.830000033e+000 +2.4960e-001 +1.9528e+000 +2.2712e+000
14461 +5.279101600e-009 +5.279101600e-009 +9.830000005e+000 +9.830000005e+000 +2.4960e-001 +1.9528e+000 +2.2712e+000
% function evaluation | noise-free fitness - Fopt (6.721000000000e+001) | best noise-free fitness - Fopt | measured fitness | best measured fitness | x1 | x2...
1 +5.743862702e+002 +5.743862702e+002 +6.415962702e+002 +6.415962702e+002 -4.8013e+000 +3.0515e+000 -9.2863e-001
3 +1.233233790e+002 +1.233233790e+002 +1.905333790e+002 +1.905333790e+002 -1.5502e+000 -1.3489e+000 -2.6142e+000
8 +6.061157293e+001 +6.061157293e+001 +1.278215729e+002 +1.278215729e+002 +3.0304e+000 -3.4258e+000 -2.8311e+000
18 +3.879990269e+001 +3.879990269e+001 +1.060099027e+002 +1.060099027e+002 +3.9215e+000 -2.4027e+000 +1.7238e+000
227 +2.159150451e+001 +2.159150451e+001 +8.880150451e+001 +8.880150451e+001 +3.6008e+000 -2.7829e+000 +1.0722e+000
560 +1.202415782e+001 +1.202415782e+001 +7.923415782e+001 +7.923415782e+001 +2.9037e+000 -2.2507e+000 -7.5366e-001
578 +7.970368630e+000 +7.970368630e+000 +7.518036863e+001 +7.518036863e+001 +3.4317e+000 -3.0492e+000 +8.4462e-001
937 +5.427122845e+000 +5.427122845e+000 +7.263712284e+001 +7.263712284e+001 +2.2452e+000 -2.1269e+000 +1.5538e+000
1122 +2.191000942e+000 +2.191000942e+000 +6.940100094e+001 +6.940100094e+001 +3.5989e+000 -2.9495e+000 +2.9494e-001
4472 +1.503406192e+000 +1.503406192e+000 +6.871340619e+001 +6.871340619e+001 +2.9017e+000 -2.6074e+000 +1.8389e-001
5851 +8.285579218e-001 +8.285579218e-001 +6.803855792e+001 +6.803855792e+001 +2.8651e+000 -2.5674e+000 +2.2042e-001
7124 +3.126420689e-001 +3.126420689e-001 +6.752264207e+001 +6.752264207e+001 +2.8282e+000 -2.5667e+000 +2.2235e-001
7969 +1.505268184e-002 +1.505268184e-002 +6.722505268e+001 +6.722505268e+001 +2.8345e+000 -2.5846e+000 +2.0878e-001
10098 +5.232998666e-003 +5.232998666e-003 +6.721523300e+001 +6.721523300e+001 +2.8346e+000 -2.5853e+000 +2.1421e-001
11398 +6.062345328e-004 +6.062345328e-004 +6.721060623e+001 +6.721060623e+001 +2.8346e+000 -2.5833e+000 +2.1421e-001
11904 +9.923935768e-005 +9.923935768e-005 +6.721009924e+001 +6.721009924e+001 +2.8341e+000 -2.5834e+000 +2.1493e-001
12180 +5.951907235e-005 +5.951907235e-005 +6.721005952e+001 +6.721005952e+001 +2.8332e+000 -2.5831e+000 +2.1538e-001
12218 +1.843587103e-005 +1.843587103e-005 +6.721001844e+001 +6.721001844e+001 +2.8336e+000 -2.5831e+000 +2.1543e-001
12447 +1.380073712e-005 +1.380073712e-005 +6.721001380e+001 +6.721001380e+001 +2.8336e+000 -2.5831e+000 +2.1539e-001
12532 +7.112317832e-006 +7.112317832e-006 +6.721000711e+001 +6.721000711e+001 +2.8336e+000 -2.5833e+000 +2.1507e-001
12933 +4.422587978e-006 +4.422587978e-006 +6.721000442e+001 +6.721000442e+001 +2.8336e+000 -2.5832e+000 +2.1524e-001
12954 +1.606950221e-006 +1.606950221e-006 +6.721000161e+001 +6.721000161e+001 +2.8336e+000 -2.5832e+000 +2.1526e-001
13101 +5.922402408e-007 +5.922402408e-007 +6.721000059e+001 +6.721000059e+001 +2.8336e+000 -2.5832e+000 +2.1521e-001
13334 +1.897468280e-007 +1.897468280e-007 +6.721000019e+001 +6.721000019e+001 +2.8336e+000 -2.5832e+000 +2.1522e-001
13342 +1.408443637e-007 +1.408443637e-007 +6.721000014e+001 +6.721000014e+001 +2.8336e+000 -2.5832e+000 +2.1519e-001
13542 +6.182423817e-008 +6.182423817e-008 +6.721000006e+001 +6.721000006e+001 +2.8336e+000 -2.5832e+000 +2.1519e-001
13823 +1.937732463e-008 +1.937732463e-008 +6.721000002e+001 +6.721000002e+001 +2.8336e+000 -2.5832e+000 +2.1520e-001
14010 +1.108072922e-008 +1.108072922e-008 +6.721000001e+001 +6.721000001e+001 +2.8336e+000 -2.5832e+000 +2.1520e-001
14104 +7.717829931e-009 +7.717829931e-009 +6.721000001e+001 +6.721000001e+001 +2.8336e+000 -2.5832e+000 +2.1520e-001
% function evaluation | noise-free fitness - Fopt (-5.296000000000e+001) | best noise-free fitness - Fopt | measured fitness | best measured fitness | x1 | x2...
1 +4.299323965e+002 +4.299323965e+002 +3.769723965e+002 +3.769723965e+002 -1.5663e+000 -1.1199e+000 -3.1228e+000
8 +6.850832914e+001 +6.850832914e+001 +1.554832914e+001 +1.554832914e+001 +3.8790e+000 +1.5254e+000 +4.4495e+000
23 +4.359930062e+001 +4.359930062e+001 -9.360699383e+000 -9.360699383e+000 +3.1977e+000 -1.4724e+000 +1.4532e+000
35 +2.786114069e+001 +2.786114069e+001 -2.509885931e+001 -2.509885931e+001 +1.5726e+000 -1.1181e+000 +2.7636e+000
58 +1.936891025e+001 +1.936891025e+001 -3.359108975e+001 -3.359108975e+001 +3.8790e+000 -5.7669e-001 +5.0507e+000
201 +1.070981853e+001 +1.070981853e+001 -4.225018147e+001 -4.225018147e+001 +2.0319e+000 -1.5129e+000 +3.8940e+000
338 +8.419454138e+000 +8.419454138e+000 -4.454054586e+001 -4.454054586e+001 +2.0663e+000 -5.8316e-001 +2.3759e+000
588 +4.006431162e+000 +4.006431162e+000 -4.895356884e+001 -4.895356884e+001 +2.0663e+000 -9.8282e-001 +2.3759e+000
1436 +3.566790502e+000 +3.566790502e+000 -4.939320950e+001 -4.939320950e+001 +2.0673e+000 -9.4138e-001 +2.5189e+000
1748 +2.289777990e+000 +2.289777990e+000 -5.067022201e+001 -5.067022201e+001 +2.1988e+000 -5.8131e-001 +2.4764e+000
2311 +5.795223942e-001 +5.795223942e-001 -5.238047761e+001 -5.238047761e+001 +2.5003e+000 -9.1475e-001 +3.2763e+000
8061 +3.469834067e-001 +3.469834067e-001 -5.261301659e+001 -5.261301659e+001 +2.5003e+000 -9.0919e-001 +3.2763e+000
9927 +5.517961330e-002 +5.517961330e-002 -5.290482039e+001 -5.290482039e+001 +2.4766e+000 -9.1007e-001 +3.2777e+000
10967 +2.190919633e-002 +2.190919633e-002 -5.293809080e+001 -5.293809080e+001 +2.4846e+000 -9.0799e-001 +3.2954e+000
12317 +9.470666005e-003 +9.470666005e-003 -5.295052933e+001 -5.295052933e+001 +2.4846e+000 -9.0799e-001 +3.2807e+000
12836 +6.199718048e-003 +6.199718048e-003 -5.295380028e+001 -5.295380028e+001 +2.4822e+000 -9.0727e-001 +3.2828e+000
13119 +1.384852020e-003 +1.384852020e-003 -5.295861515e+001 -5.295861515e+001 +2.4858e+000 -9.0570e-001 +3.2864e+000
13388 +6.043515727e-004 +6.043515727e-004 -5.295939565e+001 -5.295939565e+001 +2.4852e+000 -9.0575e-001 +3.2851e+000
13681 +2.849339538e-004 +2.849339538e-004 -5.295971507e+001 -5.295971507e+001 +2.4845e+000 -9.0683e-001 +3.2856e+000
13717 +1.788633453e-004 +1.788633453e-004 -5.295982114e+001 -5.295982114e+001 +2.4847e+000 -9.0678e-001 +3.2851e+000
13818 +1.498969112e-004 +1.498969112e-004 -5.295985010e+001 -5.295985010e+001 +2.4850e+000 -9.0662e-001 +3.2849e+000
13872 +6.229384312e-005 +6.229384312e-005 -5.295993771e+001 -5.295993771e+001 +2.4847e+000 -9.0629e-001 +3.2849e+000
13879 +4.425151694e-006 +4.425151694e-006 -5.295999557e+001 -5.295999557e+001 +2.4848e+000 -9.0641e-001 +3.2847e+000
14138 +3.274640058e-006 +3.274640058e-006 -5.295999673e+001 -5.295999673e+001 +2.4848e+000 -9.0642e-001 +3.2849e+000
14250 +1.446376018e-006 +1.446376018e-006 -5.295999855e+001 -5.295999855e+001 +2.4848e+000 -9.0639e-001 +3.2848e+000
14327 +9.711910280e-007 +9.711910280e-007 -5.295999903e+001 -5.295999903e+001 +2.4848e+000 -9.0638e-001 +3.2848e+000
14558 +3.672635600e-007 +3.672635600e-007 -5.295999963e+001 -5.295999963e+001 +2.4848e+000 -9.0638e-001 +3.2848e+000
14758 +1.103826861e-007 +1.103826861e-007 -5.295999989e+001 -5.295999989e+001 +2.4848e+000 -9.0640e-001 +3.2848e+000
14901 +7.606730890e-008 +7.606730890e-008 -5.295999992e+001 -5.295999992e+001 +2.4848e+000 -9.0641e-001 +3.2848e+000
14967 +5.481665966e-008 +5.481665966e-008 -5.295999995e+001 -5.295999995e+001 +2.4848e+000 -9.0640e-001 +3.2848e+000
15104 +2.525199250e-008 +2.525199250e-008 -5.295999997e+001 -5.295999997e+001 +2.4848e+000 -9.0640e-001 +3.2848e+000
15139 +7.291440340e-009 +7.291440340e-009 -5.295999999e+001 -5.295999999e+001 +2.4848e+000 -9.0640e-001 +3.2848e+000
% function evaluation | noise-free fitness - Fopt (8.806000000000e+001) | best noise-free fitness - Fopt | measured fitness | best measured fitness | x1 | x2...
1 +1.984728235e+002 +1.984728235e+002 +2.865328235e+002 +2.865328235e+002 +1.2393e+000 +2.2219e+000 +4.5312e+000
5 +7.445193287e+001 +7.445193287e+001 +1.625119329e+002 +1.625119329e+002 +2.5700e-001 -3.4830e+000 +3.6141e+000
10 +4.583373912e+001 +4.583373912e+001 +1.338937391e+002 +1.338937391e+002 -1.6403e+000 -3.3122e+000 +1.2362e+000
23 +3.393377756e+001 +3.393377756e+001 +1.219937776e+002 +1.219937776e+002 -2.8160e+000 -2.6180e+000 -7.1610e-001
230 +1.566115240e+001 +1.566115240e+001 +1.037211524e+002 +1.037211524e+002 -3.2782e+000 -3.2258e+000 -3.5382e-001
583 +8.959041078e+000 +8.959041078e+000 +9.701904108e+001 +9.701904108e+001 -2.3180e+000 -1.7697e+000 -2.4596e+000
1107 +4.127257517e+000 +4.127257517e+000 +9.218725752e+001 +9.218725752e+001 -2.5507e+000 -3.4319e+000 +4.0339e-003
2921 +3.595286866e+000 +3.595286866e+000 +9.165528687e+001 +9.165528687e+001 -2.8141e+000 -3.1722e+000 -7.7620e-001
5587 +2.214045668e+000 +2.214045668e+000 +9.027404567e+001 +9.027404567e+001 -2.2351e+000 -3.0107e+000 -1.2717e-001
5674 +6.664470850e-001 +6.664470850e-001 +8.872644708e+001 +8.872644708e+001 -2.6044e+000 -2.7015e+000 -9.4496e-001
6424 +6.297536667e-001 +6.297536667e-001 +8.868975367e+001 +8.868975367e+001 -2.6044e+000 -2.6976e+000 -9.4496e-001
7824 +2.935819932e-001 +2.935819932e-001 +8.835358199e+001 +8.835358199e+001 -2.6044e+000 -2.6976e+000 -9.7304e-001
12559 +1.731997222e-001 +1.731997222e-001 +8.823319972e+001 +8.823319972e+001 -2.6018e+000 -2.6869e+000 -9.6593e-001
13843 +8.869341080e-002 +8.869341080e-002 +8.814869341e+001 +8.814869341e+001 -2.5851e+000 -2.6820e+000 -9.6720e-001
14205 +6.023554742e-002 +6.023554742e-002 +8.812023555e+001 +8.812023555e+001 -2.5962e+000 -2.6918e+000 -9.6976e-001
14339 +9.202850441e-003 +9.202850441e-003 +8.806920285e+001 +8.806920285e+001 -2.5942e+000 -2.6846e+000 -9.7722e-001
14839 +5.477495415e-003 +5.477495415e-003 +8.806547750e+001 +8.806547750e+001 -2.5942e+000 -2.6846e+000 -9.7624e-001
15163 +3.638636712e-003 +3.638636712e-003 +8.806363864e+001 +8.806363864e+001 -2.5945e+000 -2.6830e+000 -9.7534e-001
15205 +1.804580883e-003 +1.804580883e-003 +8.806180458e+001 +8.806180458e+001 -2.5932e+000 -2.6847e+000 -9.7143e-001
15297 +1.007607212e-003 +1.007607212e-003 +8.806100761e+001 +8.806100761e+001 -2.5933e+000 -2.6828e+000 -9.7486e-001
15393 +1.283371349e-004 +1.283371349e-004 +8.806012834e+001 +8.806012834e+001 -2.5928e+000 -2.6837e+000 -9.7259e-001
15860 +1.053523476e-005 +1.053523476e-005 +8.806001054e+001 +8.806001054e+001 -2.5927e+000 -2.6833e+000 -9.7267e-001
16036 +8.048123405e-006 +8.048123405e-006 +8.806000805e+001 +8.806000805e+001 -2.5928e+000 -2.6831e+000 -9.7284e-001
16313 +4.576425184e-006 +4.576425184e-006 +8.806000458e+001 +8.806000458e+001 -2.5928e+000 -2.6832e+000 -9.7271e-001
16420 +3.294329247e-006 +3.294329247e-006 +8.806000329e+001 +8.806000329e+001 -2.5928e+000 -2.6832e+000 -9.7288e-001
16518 +1.914226942e-006 +1.914226942e-006 +8.806000191e+001 +8.806000191e+001 -2.5928e+000 -2.6832e+000 -9.7284e-001
16560 +1.312177559e-006 +1.312177559e-006 +8.806000131e+001 +8.806000131e+001 -2.5928e+000 -2.6832e+000 -9.7283e-001
16577 +5.525018594e-007 +5.525018594e-007 +8.806000055e+001 +8.806000055e+001 -2.5928e+000 -2.6832e+000 -9.7285e-001
16746 +2.083314001e-007 +2.083314001e-007 +8.806000021e+001 +8.806000021e+001 -2.5928e+000 -2.6832e+000 -9.7283e-001
16909 +1.106666900e-007 +1.106666900e-007 +8.806000011e+001 +8.806000011e+001 -2.5928e+000 -2.6832e+000 -9.7282e-001
17084 +6.082919413e-008 +6.082919413e-008 +8.806000006e+001 +8.806000006e+001 -2.5928e+000 -2.6832e+000 -9.7279e-001
17241 +3.315133768e-008 +3.315133768e-008 +8.806000003e+001 +8.806000003e+001 -2.5928e+000 -2.6832e+000 -9.7279e-001
17341 +1.179078879e-008 +1.179078879e-008 +8.806000001e+001 +8.806000001e+001 -2.5928e+000 -2.6832e+000 -9.7280e-001
17453 +9.437755466e-009 +9.437755466e-009 +8.806000001e+001 +8.806000001e+001 -2.5928e+000 -2.6832e+000 -9.7280e-001
% function evaluation | noise-free fitness - Fopt (7.853000000000e+001) | best noise-free fitness - Fopt | measured fitness | best measured fitness | x1 | x2...
1 +8.537912692e+001 +8.537912692e+001 +1.639091269e+002 +1.639091269e+002 +4.2494e-001 +4.7751e+000 -1.6076e+000
3 +5.561962735e+001 +5.561962735e+001 +1.341496273e+002 +1.341496273e+002 -3.4342e-001 -2.0462e+000 +2.0707e-001
70 +2.415073312e+001 +2.415073312e+001 +1.026807331e+002 +1.026807331e+002 +2.5161e+000 +1.2959e+000 -2.9367e-001
82 +8.367940760e+000 +8.367940760e+000 +8.689794076e+001 +8.689794076e+001 +1.3676e+000 +2.7570e+000 +2.7374e-001
245 +5.662808859e+000 +5.662808859e+000 +8.419280886e+001 +8.419280886e+001 +6.2894e-001 +1.1133e+000 +6.1418e-001
974 +3.586869124e+000 +3.586869124e+000 +8.211686912e+001 +8.211686912e+001 +1.0063e+000 +1.3899e+000 +1.2042e-001
2392 +2.208150176e+000 +2.208150176e+000 +8.073815018e+001 +8.073815018e+001 +4.9359e-002 +1.0511e+000 +5.8895e-001
3916 +3.796958935e-001 +3.796958935e-001 +7.890969589e+001 +7.890969589e+001 +5.8867e-001 +1.3027e+000 +6.2205e-001
7759 +1.529634669e-001 +1.529634669e-001 +7.868296347e+001 +7.868296347e+001 +6.0382e-001 +1.2584e+000 +6.1381e-001
9894 +5.661602515e-002 +5.661602515e-002 +7.858661603e+001 +7.858661603e+001 +5.9178e-001 +1.2786e+000 +6.1226e-001
10026 +2.758632676e-002 +2.758632676e-002 +7.855758633e+001 +7.855758633e+001 +5.8511e-001 +1.2645e+000 +6.1601e-001
10358 +1.018036296e-002 +1.018036296e-002 +7.854018036e+001 +7.854018036e+001 +5.8829e-001 +1.2576e+000 +6.1171e-001
10541 +4.548484375e-003 +4.548484375e-003 +7.853454848e+001 +7.853454848e+001 +5.8945e-001 +1.2588e+000 +6.1179e-001
10577 +9.397976499e-004 +9.397976499e-004 +7.853093980e+001 +7.853093980e+001 +5.9068e-001 +1.2605e+000 +6.1220e-001
10820 +5.335353344e-004 +5.335353344e-004 +7.853053354e+001 +7.853053354e+001 +5.9015e-001 +1.2623e+000 +6.1245e-001
10970 +2.941428112e-004 +2.941428112e-004 +7.853029414e+001 +7.853029414e+001 +5.9015e-001 +1.2614e+000 +6.1248e-001
11094 +2.461060941e-004 +2.461060941e-004 +7.853024611e+001 +7.853024611e+001 +5.9087e-001 +1.2618e+000 +6.1249e-001
11120 +4.595813041e-005 +4.595813041e-005 +7.853004596e+001 +7.853004596e+001 +5.9050e-001 +1.2614e+000 +6.1289e-001
11431 +3.566327409e-005 +3.566327409e-005 +7.853003566e+001 +7.853003566e+001 +5.9026e-001 +1.2617e+000 +6.1292e-001
11488 +2.155623402e-005 +2.155623402e-005 +7.853002156e+001 +7.853002156e+001 +5.9057e-001 +1.2617e+000 +6.1272e-001
11560 +8.598337232e-006 +8.598337232e-006 +7.853000860e+001 +7.853000860e+001 +5.9034e-001 +1.2617e+000 +6.1276e-001
11721 +2.154071069e-006 +2.154071069e-006 +7.853000215e+001 +7.853000215e+001 +5.9040e-001 +1.2616e+000 +6.1283e-001
11908 +4.632161676e-007 +4.632161676e-007 +7.853000046e+001 +7.853000046e+001 +5.9042e-001 +1.2616e+000 +6.1278e-001
12042 +6.680693332e-008 +6.680693332e-008 +7.853000007e+001 +7.853000007e+001 +5.9040e-001 +1.2616e+000 +6.1280e-001
12342 +2.684252820e-008 +2.684252820e-008 +7.853000003e+001 +7.853000003e+001 +5.9040e-001 +1.2616e+000 +6.1280e-001
12492 +6.604636837e-009 +6.604636837e-009 +7.853000001e+001 +7.853000001e+001 +5.9040e-001 +1.2616e+000 +6.1280e-001
