% function evaluation | noise-free fitness - Fopt (4.078000000000e+001) | best noise-free fitness - Fopt | measured fitness | best measured fitness | x1 | x2...
1 +8.532458659e+001 +8.532458659e+001 +1.261045866e+002 +1.261045866e+002 -2.5275e+000 +2.9085e+000 -4.0966e-001 +8.3187e-001 -3.1308e+000 -5.9862e-001 +4.9978e+000 +2.0662e+000 +4.4383e+000 +3.1353e+000 -2.2617e+000 -1.3282e+000 -1.3003e+000 +2.8643e+000 -1.5261e+000 -2.1602e+000 +6.4796e-001 +1.1245e+000 -2.2829e+000 +4.4696e+000
680 +6.074744492e+001 +6.074744492e+001 +1.015274449e+002 +1.015274449e+002 -4.5698e+000 -2.4535e+000 +2.8952e+000 +5.2949e+000 +2.1557e+000 -1.9390e+000 +3.5486e+000 -3.7469e+000 -5.8124e-001 +5.2133e+000 +2.6222e+000 +3.5799e+000 -1.4120e+000 +2.8960e+000 +7.1060e-001 +1.0363e+000 +4.7611e+000 +2.2106e+000 +2.8656e+000 -1.5996e+000
1101 +3.968729925e+001 +3.968729925e+001 +8.046729925e+001 +8.046729925e+001 -4.3238e+000 -2.8117e+000 +1.7690e+000 +3.3818e+000 +2.1944e+000 -2.4377e+000 +3.3230e+000 -4.4611e+000 +4.3372e-001 +4.8289e+000 +3.6867e+000 +2.1508e+000 -1.3085e+000 +2.0041e+000 -1.0068e+000 -8.4401e-001 +2.4593e+000 +2.9375e+000 +2.1715e+000 -1.3457e+000
1345 +2.461994065e+001 +2.461994065e+001 +6.539994065e+001 +6.539994065e+001 -4.4410e+000 -3.5203e+000 +5.1373e-001 +3.2640e+000 +2.0029e+000 -2.8959e+000 +3.3388e+000 -2.2448e+000 +8.1250e-001 +4.3484e+000 +4.8225e+000 +2.2433e+000 -1.1667e+000 +2.3601e+000 -1.8016e+000 -7.7650e-001 +2.8982e+000 +3.1253e+000 +1.8765e+000 -3.0314e+000
2083 +1.414764166e+001 +1.414764166e+001 +5.492764166e+001 +5.492764166e+001 -4.4765e+000 -3.4102e+000 +2.3462e-001 +3.1636e+000 +2.0633e+000 -4.3905e+000 +2.5669e+000 -1.3665e+000 -9.9582e-001 +4.5615e+000 +5.1953e+000 +3.6297e+000 +2.7861e-002 +2.8156e+000 -1.5339e+000 -1.0703e+000 +2.3145e+000 +2.4849e+000 +2.0683e+000 -3.8101e+000
2167 +8.137179702e+000 +8.137179702e+000 +4.891717970e+001 +4.891717970e+001 -4.0162e+000 -3.9666e+000 +1.1277e+000 +2.9822e+000 +1.6394e+000 -5.2508e+000 +2.3925e+000 -2.1855e+000 -6.7858e-001 +4.7846e+000 +3.7988e+000 +3.0836e+000 +1.0045e-001 +2.9233e+000 -7.0435e-001 +4.7256e-001 +2.3245e+000 +3.1910e+000 +1.7645e+000 -2.4086e+000
2624 +6.054628517e+000 +6.054628517e+000 +4.683462852e+001 +4.683462852e+001 -3.4794e+000 -4.0739e+000 +5.2331e-001 +3.5716e+000 +8.7244e-001 -5.3950e+000 +1.5155e+000 -2.5833e+000 -4.0261e-001 +4.5666e+000 +4.4841e+000 +3.5338e+000 +1.0670e+000 +2.2959e+000 +8.8182e-002 +2.2551e-001 +2.4566e+000 +2.9086e+000 +3.0121e+000 -2.8696e+000
3043 +3.480625483e+000 +3.480625483e+000 +4.426062548e+001 +4.426062548e+001 -3.1626e+000 -3.3256e+000 +9.1265e-001 +3.4148e+000 +1.3244e+000 -5.2292e+000 +1.5538e+000 -2.5192e+000 +1.1363e-001 +4.5334e+000 +4.2817e+000 +2.7463e+000 +8.8120e-001 +2.4114e+000 +7.8708e-002 +8.1654e-001 +2.3712e+000 +2.8730e+000 +3.3170e+000 -3.3667e+000
3465 +2.432760157e+000 +2.432760157e+000 +4.321276016e+001 +4.321276016e+001 -3.2021e+000 -3.2295e+000 +5.1639e-001 +3.2513e+000 +1.5283e+000 -4.9845e+000 +1.6170e+000 -2.5257e+000 -1.2617e-002 +4.6519e+000 +4.6475e+000 +2.5688e+000 +5.8689e-001 +2.6772e+000 +2.7871e-003 +5.4084e-001 +2.3039e+000 +2.6080e+000 +3.0557e+000 -3.2423e+000
% function evaluation | noise-free fitness - Fopt (-1.600000000000e+000) | best noise-free fitness - Fopt | measured fitness | best measured fitness | x1 | x2...
1 +8.367109063e+001 +8.367109063e+001 +8.207109063e+001 +8.207109063e+001 -2.6320e+000 +4.8085e+000 +7.5801e-001 +4.7251e+000 -4.3460e+000 +2.6712e-001 -3.3446e+000 -6.5737e-001 +4.8124e+000 -6.5703e-001 +3.5070e+000 -1.0488e+000 +3.8226e+000 -5.6204e-001 -3.8077e+000 -7.9517e-001 +2.0658e+000 +2.9068e+000 +3.3468e+000 -1.4477e+000
752 +6.252893922e+001 +6.252893922e+001 +6.092893922e+001 +6.092893922e+001 +2.8122e+000 +5.5074e-001 -4.5987e+000 -2.2732e-001 +2.7610e+000 +3.8085e+000 -1.2748e+000 -5.2215e+000 +1.1900e+000 -1.4107e+000 -4.8912e+000 +4.0968e+000 -5.8100e+000 +1.1409e+000 -1.2698e+000 -2.2718e-001 +1.7332e+000 +3.8515e+000 +2.8233e+000 +9.1122e-001
944 +3.801305321e+001 +3.801305321e+001 +3.641305321e+001 +3.641305321e+001 +3.6392e+000 +4.2787e-001 -3.4680e+000 -1.2451e+000 +2.4275e+000 +4.1015e+000 -3.8321e-001 -1.6203e+000 +5.3906e-001 -9.3512e-001 -4.2316e+000 +1.6886e+000 -4.5007e+000 +1.0718e+000 -1.2868e+000 -4.2972e-001 +4.5652e-001 +2.3785e+000 -7.5111e-001 +4.1370e-001
1387 +2.228696385e+001 +2.228696385e+001 +2.068696385e+001 +2.068696385e+001 +3.1476e+000 +1.5913e-001 -1.7260e+000 -1.1349e+000 +2.0525e+000 +3.1525e+000 -5.4567e-001 -2.1130e+000 +2.5862e-001 -1.5201e+000 -4.1559e+000 +1.7566e+000 -4.3287e+000 +8.0067e-001 -1.7552e+000 -1.6914e+000 -4.3920e-003 +2.6486e+000 -3.8903e-001 +6.6874e-001
1641 +1.537807827e+001 +1.537807827e+001 +1.377807827e+001 +1.377807827e+001 +1.7851e+000 +4.5445e-001 -1.4861e+000 -9.7738e-001 +2.7767e+000 +2.4898e+000 -1.0462e+000 -2.1616e+000 -5.8452e-002 -8.5607e-001 -4.6410e+000 +1.6821e+000 -3.3973e+000 +9.1502e-001 -1.0656e+000 -1.9539e+000 -8.4922e-001 +2.2983e+000 +1.6352e+000 -3.2347e-001
1991 +9.510877233e+000 +9.510877233e+000 +7.910877233e+000 +7.910877233e+000 +2.2188e+000 +8.8444e-001 -1.5608e+000 -1.2458e+000 +2.8576e+000 +1.9770e+000 -6.0963e-001 -2.8771e+000 +4.8141e-002 -1.1837e+000 -4.4544e+000 +2.5683e+000 -3.5634e+000 +1.0832e+000 -7.9983e-001 -1.0817e+000 -1.3983e+000 +2.5151e+000 +1.4495e+000 -4.9537e-001
3095 +6.190238514e+000 +6.190238514e+000 +4.590238514e+000 +4.590238514e+000 +2.5489e+000 +9.5717e-001 -1.1094e+000 -2.0082e+000 +3.1120e+000 +1.8380e+000 +6.5783e-001 -4.0580e+000 +6.0814e-001 -5.4395e-001 -4.9324e+000 +2.5714e+000 -3.6697e+000 +4.0658e-001 -1.2495e+000 -8.8058e-001 -1.3372e+000 +3.0025e+000 +1.4680e+000 -3.0178e-001
% function evaluation | noise-free fitness - Fopt (-3.708400000000e+002) | best noise-free fitness - Fopt | measured fitness | best measured fitness | x1 | x2...
1 +8.554878132e+001 +8.554878132e+001 -2.852912187e+002 -2.852912187e+002 +3.1057e+000 +3.7500e+000 -3.6405e+000 +4.4628e+000 -1.5732e+000 -1.4999e+000 -3.7803e+000 -2.3881e+000 -3.1821e+000 +1.5196e+000 +3.9853e-001 -3.8858e+000 +1.0023e+000 -1.3358e+000 -2.6960e+000 +2.2435e+000 +7.3073e-001 +3.1162e+000 +3.6194e+000 -8.1463e-002
208 +6.013066624e+001 +6.013066624e+001 -3.107093338e+002 -3.107093338e+002 +6.5764e-001 -1.7587e+000 -4.8362e-001 +4.5353e-001 -5.7002e-001 +1.8635e+000 +7.5199e-001 +2.0113e+000 -5.2430e+000 -7.4012e-001 +3.5926e+000 -3.6596e+000 +2.4179e+000 +3.4094e-001 +7.0928e-001 +5.5901e-001 +4.5407e+000 -1.6623e+000 +1.1312e+000 +6.4379e+000
996 +3.428070909e+001 +3.428070909e+001 -3.365592909e+002 -3.365592909e+002 +1.5712e+000 +1.7215e-001 +5.0317e-001 +1.7904e+000 +6.1850e-001 +1.9510e+000 +7.1399e-001 +3.9915e+000 -4.5743e+000 +3.0423e-001 +4.4425e+000 -4.1944e+000 +1.3170e+000 +6.0026e-001 +5.2911e-001 +9.5105e-001 +3.5899e+000 -1.8895e+000 +2.1385e+000 +4.1380e+000
1046 +2.490206656e+001 +2.490206656e+001 -3.459379334e+002 -3.459379334e+002 +2.3334e+000 +2.2067e-001 +1.9962e-001 +1.0330e+000 -5.3098e-002 +6.8799e-001 -5.1111e-001 +1.7191e+000 -4.9015e+000 -5.3755e-001 +3.2622e+000 -3.8932e+000 +2.2745e+000 -3.9970e-001 +2.0487e+000 +5.5447e-001 +3.3250e+000 -2.8818e+000 +1.1902e+000 +4.4385e+000
1380 +1.512293889e+001 +1.512293889e+001 -3.557170611e+002 -3.557170611e+002 +3.2287e+000 -7.6150e-001 -9.2303e-001 +1.4241e-001 -4.8950e-002 +2.0169e-001 +1.2085e+000 +1.1649e+000 -4.5947e+000 -1.0410e+000 +3.4803e+000 -3.2373e+000 +1.1950e+000 +6.0168e-001 +1.1731e+000 +1.6188e+000 +4.0310e+000 -3.7584e+000 +1.4140e+000 +3.2458e+000
1494 +9.460120479e+000 +9.460120479e+000 -3.613798795e+002 -3.613798795e+002 +3.0972e+000 -5.2190e-002 -3.8374e-001 +1.0753e+000 -2.4313e-001 +7.9343e-001 +5.9466e-001 +1.8666e+000 -4.0834e+000 -3.2911e-001 +3.2795e+000 -3.3274e+000 +2.1273e+000 +5.5790e-001 +2.4420e+000 +1.0451e+000 +4.0978e+000 -3.6542e+000 +1.4663e+000 +3.7677e+000
1640 +5.959208680e+000 +5.959208680e+000 -3.648807913e+002 -3.648807913e+002 +3.4480e+000 -3.6691e-001 -2.3220e-001 +1.2488e+000 -5.7527e-001 +1.4643e+000 +9.8754e-001 +8.4607e-001 -3.6818e+000 +1.4573e-001 +3.2893e+000 -2.9044e+000 +1.8427e+000 +1.1802e+000 +1.7145e+000 +8.3311e-001 +3.6685e+000 -3.8741e+000 +1.8771e+000 +2.9269e+000
1940 +3.770196444e+000 +3.770196444e+000 -3.670698036e+002 -3.670698036e+002 +3.8347e+000 -7.6487e-001 -3.9712e-001 +1.2630e+000 -1.1256e+000 +1.4651e+000 +3.3360e-001 +2.3246e-001 -3.8766e+000 +8.7763e-002 +3.1157e+000 -2.9740e+000 +2.0027e+000 +1.4435e+000 +1.5399e+000 +6.4954e-001 +3.7433e+000 -4.4554e+000 +2.3379e+000 +3.3474e+000
2403 +2.438814194e+000 +2.438814194e+000 -3.684011858e+002 -3.684011858e+002 +2.9501e+000 -5.8267e-001 -8.1825e-001 +1.5686e+000 -6.1868e-001 +2.2792e+000 -3.6171e-001 +8.1779e-001 -3.8336e+000 -1.6349e-001 +3.4182e+000 -2.8773e+000 +2.4796e+000 +1.5551e+000 +1.5341e+000 +1.0401e+000 +4.2929e+000 -4.2004e+000 +2.7889e+000 +4.0437e+000
2691 +1.317572791e+000 +1.317572791e+000 -3.695224272e+002 -3.695224272e+002 +3.2048e+000 -6.1664e-001 -6.1394e-001 +1.3222e+000 -2.9461e-001 +1.8723e+000 -2.1844e-001 +6.0633e-001 -3.4037e+000 -2.3852e-001 +3.3120e+000 -3.1121e+000 +1.7133e+000 +1.6024e+000 +1.6769e+000 +7.0825e-001 +4.5204e+000 -2.9068e+000 +2.6477e+000 +3.9943e+000
2697 +6.499797644e-001 +6.499797644e-001 -3.701900202e+002 -3.701900202e+002 +3.4684e+000 -7.4390e-001 -8.0026e-001 +2.0083e+000 +2.6099e-001 +1.9279e+000 -8.4757e-002 +1.0366e+000 -2.8895e+000 -4.1911e-001 +3.3178e+000 -3.4281e+000 +1.1596e+000 +1.9014e+000 +1.4925e+000 +8.9168e-001 +4.6606e+000 -2.5207e+000 +2.5112e+000 +3.5770e+000
2761 +6.289503065e-001 +6.289503065e-001 -3.702110497e+002 -3.702110497e+002 +3.4568e+000 -6.1797e-001 -1.0344e+000 +2.2852e+000 +2.6349e-001 +1.5655e+000 -1.9104e-001 +1.4353e+000 -2.8847e+000 -4.0801e-001 +3.5128e+000 -3.0429e+000 +1.4392e+000 +1.8717e+000 +1.3907e+000 +6.2620e-001 +4.8680e+000 -2.3511e+000 +2.4411e+000 +3.6176e+000
3111 +3.959808266e-001 +3.959808266e-001 -3.704440192e+002 -3.704440192e+002 +3.4449e+000 -8.4820e-001 -1.3116e+000 +2.2021e+000 +5.8053e-001 +2.8048e-001 -4.9249e-001 +1.0434e+000 -2.9398e+000 -4.2741e-001 +3.8377e+000 -3.0494e+000 +3.1595e-001 +1.7795e+000 +9.1886e-001 +2.3938e-001 +4.6375e+000 -3.0735e+000 +2.5615e+000 +3.9029e+000
3265 +1.954628416e-001 +1.954628416e-001 -3.706445372e+002 -3.706445372e+002 +3.4724e+000 -8.7070e-001 -1.5199e+000 +1.9188e+000 +6.7979e-001 +2.1715e-002 -3.1246e-001 +1.1285e+000 -3.1352e+000 -1.3351e+000 +3.4289e+000 -3.3619e+000 +6.7782e-001 +1.2831e+000 +1.1781e+000 +8.5044e-001 +4.3623e+000 -2.8456e+000 +2.8461e+000 +4.0919e+000
3528 +1.401732725e-001 +1.401732725e-001 -3.706998267e+002 -3.706998267e+002 +3.3929e+000 -8.7070e-001 -1.5199e+000 +1.9259e+000 +6.7979e-001 +3.8792e-002 -3.1246e-001 +1.1285e+000 -3.1352e+000 -1.3351e+000 +3.5579e+000 -3.3485e+000 +2.8844e-001 +1.2831e+000 +1.2139e+000 +8.6192e-001 +4.3623e+000 -2.9600e+000 +2.7009e+000 +4.0919e+000
3783 +8.919346004e-002 +8.919346004e-002 -3.707508065e+002 -3.707508065e+002 +3.3861e+000 -8.2602e-001 -1.4323e+000 +1.9117e+000 +6.7146e-001 +6.8600e-002 -4.6297e-001 +9.6839e-001 -3.0718e+000 -8.3292e-001 +3.5280e+000 -3.3546e+000 +2.7183e-001 +1.3109e+000 +1.2234e+000 +8.1766e-001 +4.4641e+000 -3.1062e+000 +2.7402e+000 +4.2210e+000
3856 +5.886609645e-002 +5.886609645e-002 -3.707811339e+002 -3.707811339e+002 +3.4256e+000 -9.7700e-001 -1.5049e+000 +1.9460e+000 +7.6876e-001 +6.5911e-001 -4.2431e-001 +1.3058e+000 -3.1386e+000 -4.3056e-001 +3.4266e+000 -3.1070e+000 +3.1971e-001 +1.3962e+000 +1.2589e+000 +4.8139e-001 +4.4076e+000 -3.0648e+000 +2.6430e+000 +4.1448e+000
4158 +3.123333331e-002 +3.123333331e-002 -3.708087667e+002 -3.708087667e+002 +3.4448e+000 -7.7937e-001 -1.4643e+000 +2.0039e+000 +7.1481e-001 +5.7815e-001 -4.7956e-001 +1.3749e+000 -2.7650e+000 -5.0314e-001 +3.5958e+000 -3.2900e+000 +2.5896e-001 +1.3413e+000 +1.3257e+000 +6.0417e-001 +4.2737e+000 -3.0596e+000 +2.7033e+000 +3.9840e+000
4410 +2.293172931e-002 +2.293172931e-002 -3.708170683e+002 -3.708170683e+002 +3.3974e+000 -7.7284e-001 -1.3710e+000 +1.8718e+000 +7.2246e-001 +6.1786e-001 -4.3443e-001 +1.2347e+000 -2.8149e+000 -5.9912e-001 +3.3332e+000 -3.3341e+000 +3.1958e-001 +1.3955e+000 +1.2482e+000 +4.2490e-001 +4.2335e+000 -3.0253e+000 +2.8517e+000 +4.0650e+000
4677 +1.581175352e-002 +1.581175352e-002 -3.708241882e+002 -3.708241882e+002 +3.3726e+000 -8.3820e-001 -1.3864e+000 +1.8500e+000 +7.9115e-001 +6.7376e-001 -5.0926e-001 +1.1803e+000 -2.8830e+000 -5.6754e-001 +3.3491e+000 -3.2793e+000 +2.5593e-001 +1.3353e+000 +1.2521e+000 +3.9773e-001 +4.2707e+000 -3.1331e+000 +2.9077e+000 +4.0091e+000
5237 +9.983234607e-003 +9.983234607e-003 -3.708300168e+002 -3.708300168e+002 +3.1794e+000 -9.3892e-001 -1.3392e+000 +1.9282e+000 +5.9748e-001 +8.6465e-001 -5.4966e-001 +1.4068e+000 -2.9500e+000 -1.8535e-001 +3.1964e+000 -3.1040e+000 +2.5758e-001 +1.3675e+000 +1.3133e+000 +6.0641e-002 +4.2160e+000 -2.9612e+000 +3.0272e+000 +3.7232e+000
5426 +4.516889351e-003 +4.516889351e-003 -3.708354831e+002 -3.708354831e+002 +3.1369e+000 -9.5049e-001 -1.3113e+000 +1.8824e+000 +5.9176e-001 +8.1078e-001 -5.9864e-001 +1.4227e+000 -2.9665e+000 -2.7943e-001 +3.3800e+000 -3.1536e+000 +2.3408e-001 +1.3620e+000 +1.2915e+000 +9.8027e-002 +4.2274e+000 -2.9832e+000 +3.0646e+000 +3.7480e+000
5488 +3.763335058e-003 +3.763335058e-003 -3.708362367e+002 -3.708362367e+002 +3.0403e+000 -8.9315e-001 -1.3577e+000 +2.0441e+000 +4.5993e-001 +7.2821e-001 -5.8516e-001 +1.5525e+000 -3.0117e+000 -4.0907e-001 +3.4697e+000 -3.0965e+000 +1.7811e-001 +1.3282e+000 +1.3806e+000 +8.5776e-002 +4.3104e+000 -2.8410e+000 +3.1051e+000 +3.7697e+000
6362 +2.409119467e-003 +2.409119467e-003 -3.708375909e+002 -3.708375909e+002 +3.1193e+000 -8.5322e-001 -1.3082e+000 +2.0126e+000 +5.5373e-001 +4.7462e-001 -8.7267e-001 +1.7344e+000 -3.1524e+000 -5.0083e-001 +3.3510e+000 -3.2516e+000 +1.1775e-001 +1.3085e+000 +1.3146e+000 +2.1372e-001 +4.1969e+000 -2.9484e+000 +3.1210e+000 +3.8741e+000
6449 +1.340226696e-003 +1.340226696e-003 -3.708386598e+002 -3.708386598e+002 +3.1302e+000 -8.2562e-001 -1.3463e+000 +2.0273e+000 +5.8916e-001 +6.1345e-001 -8.0259e-001 +1.7135e+000 -3.1062e+000 -4.9512e-001 +3.4108e+000 -3.1695e+000 +1.6832e-001 +1.3274e+000 +1.3584e+000 +1.8002e-001 +4.1743e+000 -2.9481e+000 +3.1094e+000 +3.7808e+000
6939 +9.914704982e-004 +9.914704982e-004 -3.708390085e+002 -3.708390085e+002 +3.0904e+000 -8.2217e-001 -1.3815e+000 +2.0158e+000 +6.4717e-001 +6.5318e-001 -8.7799e-001 +1.7290e+000 -3.1914e+000 -5.6012e-001 +3.4339e+000 -3.1832e+000 +1.2813e-001 +1.3268e+000 +1.4619e+000 +2.1311e-001 +4.1135e+000 -2.9133e+000 +3.1271e+000 +3.7696e+000
7300 +5.124379365e-004 +5.124379365e-004 -3.708394876e+002 -3.708394876e+002 +3.0878e+000 -8.9754e-001 -1.4440e+000 +2.0215e+000 +5.5625e-001 +7.6660e-001 -1.0026e+000 +1.7265e+000 -3.1775e+000 -5.0701e-001 +3.4656e+000 -3.1412e+000 +9.0544e-002 +1.3370e+000 +1.3708e+000 +1.9246e-001 +3.9844e+000 -2.9747e+000 +3.1624e+000 +3.7464e+000
7498 +2.720229002e-004 +2.720229002e-004 -3.708397280e+002 -3.708397280e+002 +3.1023e+000 -8.4723e-001 -1.4583e+000 +2.0237e+000 +6.2079e-001 +7.9666e-001 -1.0194e+000 +1.6650e+000 -3.1870e+000 -5.0699e-001 +3.4815e+000 -3.1500e+000 +8.3619e-002 +1.3245e+000 +1.3725e+000 +1.9347e-001 +3.9333e+000 -2.9080e+000 +3.1716e+000 +3.7769e+000
7517 +2.459848516e-004 +2.459848516e-004 -3.708397540e+002 -3.708397540e+002 +3.1360e+000 -8.2415e-001 -1.4695e+000 +2.0059e+000 +6.2734e-001 +7.7168e-001 -1.0817e+000 +1.7519e+000 -3.1950e+000 -5.3397e-001 +3.4897e+000 -3.1457e+000 +1.0238e-001 +1.3127e+000 +1.3889e+000 +1.8066e-001 +3.9243e+000 -2.8379e+000 +3.1683e+000 +3.7860e+000
7939 +1.361571777e-004 +1.361571777e-004 -3.708398638e+002 -3.708398638e+002 +3.1203e+000 -8.8021e-001 -1.5472e+000 +2.0109e+000 +5.9542e-001 +9.0843e-001 -1.2271e+000 +1.7591e+000 -3.2131e+000 -5.4482e-001 +3.5249e+000 -3.1605e+000 +7.4739e-002 +1.2841e+000 +1.3877e+000 +1.6887e-001 +3.7479e+000 -2.8162e+000 +3.2710e+000 +3.7972e+000
8350 +7.207990467e-005 +7.207990467e-005 -3.708399279e+002 -3.708399279e+002 +3.1231e+000 -8.6386e-001 -1.5394e+000 +2.0071e+000 +6.1436e-001 +8.3825e-001 -1.2269e+000 +1.7508e+000 -3.2020e+000 -4.9312e-001 +3.5198e+000 -3.1176e+000 +5.7046e-002 +1.2329e+000 +1.4050e+000 +2.0725e-001 +3.8064e+000 -2.7625e+000 +3.3120e+000 +3.7948e+000
8433 +5.746518400e-005 +5.746518400e-005 -3.708399425e+002 -3.708399425e+002 +3.1268e+000 -8.6221e-001 -1.5491e+000 +2.0028e+000 +6.1017e-001 +8.2608e-001 -1.2417e+000 +1.7588e+000 -3.2030e+000 -4.8222e-001 +3.5305e+000 -3.1104e+000 +5.3456e-002 +1.2293e+000 +1.4018e+000 +2.0687e-001 +3.7899e+000 -2.7545e+000 +3.3126e+000 +3.7957e+000
8604 +3.666012805e-005 +3.666012805e-005 -3.708399633e+002 -3.708399633e+002 +3.1215e+000 -8.4186e-001 -1.5421e+000 +1.9933e+000 +5.9046e-001 +8.2293e-001 -1.2397e+000 +1.7482e+000 -3.2167e+000 -4.7947e-001 +3.5279e+000 -3.1139e+000 +5.5108e-002 +1.2250e+000 +1.3754e+000 +2.0439e-001 +3.7877e+000 -2.7887e+000 +3.3268e+000 +3.8134e+000
9001 +2.459567861e-005 +2.459567861e-005 -3.708399754e+002 -3.708399754e+002 +3.1103e+000 -8.1009e-001 -1.5984e+000 +1.9928e+000 +5.7842e-001 +8.1805e-001 -1.3071e+000 +1.7618e+000 -3.2018e+000 -4.7000e-001 +3.5412e+000 -3.0745e+000 +5.7471e-002 +1.1349e+000 +1.3709e+000 +2.3347e-001 +3.7958e+000 -2.7498e+000 +3.3295e+000 +3.8476e+000
9226 +1.535488985e-005 +1.535488985e-005 -3.708399846e+002 -3.708399846e+002 +3.1138e+000 -8.2322e-001 -1.6015e+000 +1.9905e+000 +5.9198e-001 +8.2044e-001 -1.3089e+000 +1.7705e+000 -3.1879e+000 -4.6437e-001 +3.5331e+000 -3.0936e+000 +5.8183e-002 +1.1420e+000 +1.3684e+000 +2.3321e-001 +3.7599e+000 -2.7482e+000 +3.3248e+000 +3.8477e+000
9371 +8.060977052e-006 +8.060977052e-006 -3.708399919e+002 -3.708399919e+002 +3.1113e+000 -8.2482e-001 -1.6109e+000 +1.9910e+000 +6.0552e-001 +8.3010e-001 -1.2959e+000 +1.7806e+000 -3.1747e+000 -4.6994e-001 +3.5153e+000 -3.0836e+000 +5.5778e-002 +1.1438e+000 +1.3687e+000 +2.2918e-001 +3.7618e+000 -2.7566e+000 +3.3205e+000 +3.8636e+000
9684 +5.874598173e-006 +5.874598173e-006 -3.708399941e+002 -3.708399941e+002 +3.1130e+000 -8.2026e-001 -1.6087e+000 +1.9858e+000 +6.1416e-001 +8.3015e-001 -1.3046e+000 +1.7666e+000 -3.1544e+000 -4.6169e-001 +3.4929e+000 -3.0830e+000 +4.9067e-002 +1.1414e+000 +1.3625e+000 +2.1403e-001 +3.7612e+000 -2.7265e+000 +3.3140e+000 +3.8611e+000
9830 +3.691882114e-006 +3.691882114e-006 -3.708399963e+002 -3.708399963e+002 +3.1153e+000 -8.2479e-001 -1.6016e+000 +1.9838e+000 +6.1146e-001 +8.3091e-001 -1.2947e+000 +1.7680e+000 -3.1463e+000 -4.6724e-001 +3.4827e+000 -3.0789e+000 +4.9020e-002 +1.1340e+000 +1.3681e+000 +2.1645e-001 +3.7684e+000 -2.7394e+000 +3.3124e+000 +3.8611e+000
9915 +2.244177779e-006 +2.244177779e-006 -3.708399978e+002 -3.708399978e+002 +3.1106e+000 -8.1813e-001 -1.6019e+000 +1.9783e+000 +6.1897e-001 +8.5000e-001 -1.2874e+000 +1.7586e+000 -3.1502e+000 -4.5798e-001 +3.4720e+000 -3.0800e+000 +4.9259e-002 +1.1247e+000 +1.3567e+000 +1.9538e-001 +3.7637e+000 -2.7285e+000 +3.3220e+000 +3.8630e+000
10039 +1.504396721e-006 +1.504396721e-006 -3.708399985e+002 -3.708399985e+002 +3.1064e+000 -8.2036e-001 -1.5956e+000 +1.9661e+000 +6.1256e-001 +8.6015e-001 -1.2757e+000 +1.7548e+000 -3.1567e+000 -4.5637e-001 +3.4444e+000 -3.0755e+000 +5.5991e-002 +1.0848e+000 +1.3541e+000 +1.7328e-001 +3.7774e+000 -2.7314e+000 +3.3261e+000 +3.8582e+000
10079 +9.112134194e-007 +9.112134194e-007 -3.708399991e+002 -3.708399991e+002 +3.1060e+000 -8.1724e-001 -1.5932e+000 +1.9608e+000 +6.2448e-001 +8.5142e-001 -1.2694e+000 +1.7485e+000 -3.1484e+000 -4.4883e-001 +3.4424e+000 -3.0746e+000 +5.3037e-002 +1.0919e+000 +1.3557e+000 +1.8097e-001 +3.7826e+000 -2.7345e+000 +3.3211e+000 +3.8663e+000
10173 +6.013075335e-007 +6.013075335e-007 -3.708399994e+002 -3.708399994e+002 +3.1064e+000 -8.1434e-001 -1.5912e+000 +1.9457e+000 +6.1119e-001 +8.6040e-001 -1.2570e+000 +1.7368e+000 -3.1543e+000 -4.4542e-001 +3.4412e+000 -3.0748e+000 +5.2303e-002 +1.0831e+000 +1.3469e+000 +1.6684e-001 +3.7803e+000 -2.7345e+000 +3.3289e+000 +3.8603e+000
10457 +3.263178314e-007 +3.263178314e-007 -3.708399997e+002 -3.708399997e+002 +3.1078e+000 -8.1896e-001 -1.6016e+000 +1.9356e+000 +6.0307e-001 +8.4916e-001 -1.2650e+000 +1.7490e+000 -3.1539e+000 -4.5330e-001 +3.4264e+000 -3.0739e+000 +5.5841e-002 +1.0626e+000 +1.3474e+000 +1.6715e-001 +3.7874e+000 -2.7328e+000 +3.3428e+000 +3.8949e+000
10735 +2.345821599e-007 +2.345821599e-007 -3.708399998e+002 -3.708399998e+002 +3.1031e+000 -8.1208e-001 -1.5981e+000 +1.9255e+000 +5.8512e-001 +8.5005e-001 -1.2535e+000 +1.7420e+000 -3.1468e+000 -4.4728e-001 +3.4284e+000 -3.0688e+000 +5.3960e-002 +1.0560e+000 +1.3519e+000 +1.6077e-001 +3.7958e+000 -2.7309e+000 +3.3416e+000 +3.8934e+000
10763 +1.250073183e-007 +1.250073183e-007 -3.708399999e+002 -3.708399999e+002 +3.1028e+000 -8.1235e-001 -1.5974e+000 +1.9281e+000 +5.8690e-001 +8.5301e-001 -1.2552e+000 +1.7335e+000 -3.1409e+000 -4.4520e-001 +3.4372e+000 -3.0691e+000 +5.1786e-002 +1.0562e+000 +1.3551e+000 +1.5508e-001 +3.8029e+000 -2.7341e+000 +3.3398e+000 +3.8826e+000
10964 +9.108697441e-008 +9.108697441e-008 -3.708399999e+002 -3.708399999e+002 +3.1038e+000 -8.1287e-001 -1.5959e+000 +1.9386e+000 +5.9362e-001 +8.4574e-001 -1.2567e+000 +1.7421e+000 -3.1336e+000 -4.5194e-001 +3.4475e+000 -3.0708e+000 +5.0636e-002 +1.0720e+000 +1.3559e+000 +1.5249e-001 +3.8045e+000 -2.7331e+000 +3.3357e+000 +3.8871e+000
11270 +5.058467423e-008 +5.058467423e-008 -3.708399999e+002 -3.708399999e+002 +3.1082e+000 -8.1835e-001 -1.5947e+000 +1.9369e+000 +5.9838e-001 +8.3285e-001 -1.2315e+000 +1.7339e+000 -3.1201e+000 -4.6452e-001 +3.4376e+000 -3.0732e+000 +5.2034e-002 +1.0728e+000 +1.3617e+000 +1.5276e-001 +3.8279e+000 -2.7382e+000 +3.3250e+000 +3.8860e+000
11537 +1.890271051e-008 +1.890271051e-008 -3.708400000e+002 -3.708400000e+002 +3.1087e+000 -8.1886e-001 -1.5936e+000 +1.9296e+000 +6.0233e-001 +8.3153e-001 -1.2303e+000 +1.7297e+000 -3.1342e+000 -4.6148e-001 +3.4340e+000 -3.0722e+000 +5.2252e-002 +1.0720e+000 +1.3596e+000 +1.6254e-001 +3.8304e+000 -2.7398e+000 +3.3243e+000 +3.8975e+000
11748 +1.436660568e-008 +1.436660568e-008 -3.708400000e+002 -3.708400000e+002 +3.1092e+000 -8.1907e-001 -1.5931e+000 +1.9364e+000 +6.0288e-001 +8.2666e-001 -1.2263e+000 +1.7293e+000 -3.1387e+000 -4.6370e-001 +3.4285e+000 -3.0731e+000 +5.2401e-002 +1.0727e+000 +1.3566e+000 +1.6279e-001 +3.8373e+000 -2.7438e+000 +3.3163e+000 +3.8855e+000
12195 +9.402583601e-009 +9.402583601e-009 -3.708400000e+002 -3.708400000e+002 +3.1097e+000 -8.1759e-001 -1.5911e+000 +1.9356e+000 +6.0038e-001 +8.2886e-001 -1.2252e+000 +1.7314e+000 -3.1420e+000 -4.5771e-001 +3.4298e+000 -3.0733e+000 +5.1954e-002 +1.0719e+000 +1.3566e+000 +1.6060e-001 +3.8345e+000 -2.7450e+000 +3.3176e+000 +3.8867e+000
% function evaluation | noise-free fitness - Fopt (-3.256000000000e+001) | best noise-free fitness - Fopt | measured fitness | best measured fitness | x1 | x2...
1 +8.580209275e+001 +8.580209275e+001 +5.324209275e+001 +5.324209275e+001 +1.0279e+000 +4.8464e+000 +4.5311e+000 -3.2416e+000 -4.1943e+000 -1.1503e+000 +4.9227e+000 +3.9015e+000 +4.6861e+000 +2.4700e+000 -5.7462e-002 -1.7555e+000 -1.1936e+000 -2.2911e-001 -1.2779e+000 -4.1627e+000 +1.6494e+000 -3.6341e+000 +2.2894e+000 -3.1668e+000
478 +6.067785938e+001 +6.067785938e+001 +2.811785938e+001 +2.811785938e+001 -1.3908e+000 -3.9339e+000 -9.2830e-001 +2.5372e+000 +4.5656e+000 -1.4972e+000 +1.3676e+000 +2.6884e+000 +4.6532e+000 -1.4173e+000 -1.1063e+000 -4.7327e+000 -2.1744e+000 -5.0048e+000 +1.3611e+000 -1.4575e+000 -3.2528e+000 -6.1384e+000 -5.5676e+000 +3.5936e+000
1122 +3.694026393e+001 +3.694026393e+001 +4.380263929e+000 +4.380263929e+000 -2.2765e+000 -4.0749e+000 +1.4018e+000 +2.8461e+000 +5.7245e+000 -3.0312e+000 -5.6328e-001 +4.1197e-001 +2.8675e+000 -2.9562e+000 -1.5287e+000 -4.7194e+000 -1.5071e+000 -4.8755e+000 +2.4498e+000 -2.8593e+000 -5.2407e+000 -1.9082e+000 -3.5149e+000 +2.6709e+000
1371 +2.487161491e+001 +2.487161491e+001 -7.688385088e+000 -7.688385088e+000 -4.1142e-001 -2.9701e+000 +4.2897e-001 +2.5378e+000 +4.7985e+000 -3.2467e+000 +3.5935e-001 +1.2328e+000 +2.2018e+000 -1.9871e+000 -9.2909e-001 -1.6149e+000 -4.2967e+000 -5.5361e+000 +3.0235e+000 -3.1650e+000 -4.2126e+000 -1.9900e+000 -4.0052e+000 +3.3814e+000
1686 +1.560599345e+001 +1.560599345e+001 -1.695400655e+001 -1.695400655e+001 -1.4963e-001 -3.8316e+000 +8.7109e-002 +7.5663e-001 +5.3011e+000 -3.5264e+000 -4.5511e-001 +9.4454e-001 +1.7544e+000 -2.6051e+000 -9.7933e-001 -3.8167e+000 -5.3529e+000 -5.3132e+000 +1.4841e+000 -3.0418e+000 -3.8769e+000 -4.0354e+000 -4.3517e+000 +2.6400e+000
2048 +9.055620520e+000 +9.055620520e+000 -2.350437948e+001 -2.350437948e+001 -6.6565e-001 -4.1847e+000 +1.9722e-001 +2.6251e+000 +4.7703e+000 -4.2415e+000 +4.9030e-001 +1.0631e+000 +1.7798e+000 -2.7760e+000 -8.2791e-001 -4.4172e+000 -4.0732e+000 -4.6778e+000 +1.1159e+000 -3.1613e+000 -4.0467e+000 -3.5876e+000 -5.1836e+000 +2.1334e+000
3049 +6.156037402e+000 +6.156037402e+000 -2.640396260e+001 -2.640396260e+001 -4.8022e-001 -4.3920e+000 -2.4054e-001 +2.4001e+000 +4.2352e+000 -4.1511e+000 +3.9310e-001 +1.4071e+000 +1.1292e+000 -3.2320e+000 -1.4253e+000 -3.8966e+000 -4.3188e+000 -4.9842e+000 +2.3623e+000 -2.8663e+000 -3.8678e+000 -3.4224e+000 -4.2673e+000 +2.8281e+000
% function evaluation | noise-free fitness - Fopt (5.154000000000e+002) | best noise-free fitness - Fopt | measured fitness | best measured fitness | x1 | x2...
1 +8.571856731e+001 +8.571856731e+001 +6.011185673e+002 +6.011185673e+002 -3.2685e+000 +4.0872e-001 +4.5163e+000 +4.0749e+000 -4.2706e+000 +3.2046e+000 +1.8822e+000 -1.4303e+000 -2.6654e+000 +2.1667e+000 +1.2487e+000 -3.4503e+000 +2.9393e+000 -2.9910e-001 +2.5072e+000 +3.2430e+000 +2.3002e+000 -1.8302e+000 +7.2356e-001 -1.7176e+000
712 +6.074999973e+001 +6.074999973e+001 +5.761499997e+002 +5.761499997e+002 +1.0837e+000 +5.1072e+000 +1.2085e+000 +3.7085e+000 +1.2645e+000 +5.1007e+000 -1.2688e+000 +1.0196e+000 +2.0179e-001 -5.7845e-001 -3.5147e+000 -1.5582e+000 +1.2970e+000 -2.3518e+000 -3.1206e+000 +1.9415e-001 +1.6427e-001 +1.2214e+000 +2.3992e+000 +4.6061e+000
1046 +3.772020670e+001 +3.772020670e+001 +5.531202067e+002 +5.531202067e+002 +1.8399e-001 +2.9382e+000 +3.5304e+000 +3.3870e+000 +2.2462e+000 +3.5668e+000 -1.7828e+000 +5.2382e-001 +2.2004e+000 +1.4023e-001 -2.6026e+000 +3.2503e-001 +1.0192e+000 -2.5045e+000 -2.8119e+000 +1.0491e+000 +2.6516e-002 -2.5252e-001 +2.6819e+000 +4.0474e+000
1482 +2.216831772e+001 +2.216831772e+001 +5.375683177e+002 +5.375683177e+002 +7.4243e-002 +3.8391e+000 +2.9933e+000 +3.1692e+000 +2.9502e+000 +4.5835e+000 -2.2976e+000 +8.5670e-001 +1.2554e+000 +1.5064e+000 -2.0400e+000 -2.6752e-001 +1.6551e-001 -2.9059e+000 -7.7490e-001 +7.8589e-001 +1.7561e-001 -8.6661e-001 +2.1260e+000 +3.5774e+000
1644 +1.563847031e+001 +1.563847031e+001 +5.310384703e+002 +5.310384703e+002 -3.0946e-001 +3.5127e+000 +1.9274e+000 +2.9937e+000 +3.3312e+000 +3.1162e+000 -2.5504e+000 -1.5807e+000 +1.2699e+000 +9.8106e-001 -1.5605e+000 +2.9435e-001 -6.1189e-001 -3.6494e+000 -5.2094e-001 +9.1310e-001 -1.4301e-001 -5.8818e-001 +2.2218e+000 +1.9499e+000
1992 +9.021827864e+000 +9.021827864e+000 +5.244218279e+002 +5.244218279e+002 -7.8726e-001 +4.8771e+000 +2.1035e+000 +3.1166e+000 +3.4729e+000 +3.8465e+000 -1.9761e+000 -2.0383e+000 +4.4147e-001 -4.2610e-002 -9.2281e-001 -1.1116e+000 +1.1222e-001 -2.6979e+000 -3.9721e-002 +4.5743e-001 +4.6485e-001 -6.4285e-001 +2.2381e+000 +2.3352e+000
2571 +6.226948641e+000 +6.226948641e+000 +5.216269486e+002 +5.216269486e+002 -4.3527e-001 +4.1268e+000 +2.9624e+000 +3.2513e+000 +3.6225e+000 +3.6702e+000 -1.8756e+000 -4.8358e-001 +1.2990e+000 -3.8914e-001 -8.5585e-001 -1.1720e+000 +3.8399e-001 -3.2793e+000 -1.1042e+000 +1.9531e-001 +9.7868e-001 -5.6715e-001 +2.7897e+000 +2.2992e+000
3232 +3.563102685e+000 +3.563102685e+000 +5.189631027e+002 +5.189631027e+002 -5.7568e-001 +3.6865e+000 +3.2185e+000 +3.5763e+000 +3.8502e+000 +4.0617e+000 -2.2543e+000 -1.1957e+000 +8.8280e-001 -4.6542e-001 -6.6135e-001 -1.4507e+000 +2.1127e-001 -3.5975e+000 -5.9055e-001 +6.3184e-001 +7.6846e-001 -4.7718e-001 +3.1576e+000 +2.2929e+000
3664 +2.504864591e+000 +2.504864591e+000 +5.179048646e+002 +5.179048646e+002 -3.3145e-001 +3.4114e+000 +2.9295e+000 +3.3485e+000 +4.4441e+000 +4.0386e+000 -2.4264e+000 -7.8294e-001 +6.7387e-001 -8.0087e-001 -6.7456e-001 -1.3680e+000 -4.4528e-001 -2.7375e+000 -7.0649e-001 +5.8623e-002 +6.9992e-001 -1.8686e-001 +3.3499e+000 +2.2226e+000
% function evaluation | noise-free fitness - Fopt (-1.000000000000e+003) | best noise-free fitness - Fopt | measured fitness | best measured fitness | x1 | x2...
1 +8.555976011e+001 +8.555976011e+001 -9.144402399e+002 -9.144402399e+002 +3.5032e+000 +3.1450e+000 +2.7453e+000 +4.2721e+000 +4.6856e+000 +4.7820e+000 +1.9895e+000 -7.3332e-002 -2.0872e+000 -2.3535e+000 +5.9447e-002 +1.0797e+000 -2.7998e+000 -4.7802e+000 +2.3697e+000 +1.0286e+000 +6.0239e-001 -1.7660e+000 +2.8717e+000 -4.4737e+000
1036 +6.074207586e+001 +6.074207586e+001 -9.392579241e+002 -9.392579241e+002 +6.5106e-001 -1.0448e+000 +4.2627e+000 +3.6924e+000 -1.0077e+000 +2.7956e+000 -4.6128e+000 +4.8649e-002 +1.2815e+000 -4.3842e+000 -2.9035e+000 -2.4752e-001 -5.2071e+000 -5.3163e+000 -2.1704e+000 +2.6121e+000 +8.4234e-001 +4.8570e-001 -4.8959e+000 +3.6611e+000
1791 +3.719682400e+001 +3.719682400e+001 -9.628031760e+002 -9.628031760e+002 -6.9001e-001 -2.5150e-001 +4.3513e+000 +4.1757e+000 -3.9817e-002 +3.2111e+000 -3.7776e+000 +5.1382e-001 +3.3627e+000 -2.2129e+000 -3.5646e+000 -9.6594e-001 -5.7019e+000 -4.9790e+000 -1.5838e-001 +2.0042e+000 +5.7267e-001 +2.1794e+000 -3.7938e+000 +2.5762e+000
2201 +2.487686341e+001 +2.487686341e+001 -9.751231366e+002 -9.751231366e+002 -1.1691e+000 +1.3140e+000 +3.8369e+000 +3.8294e+000 +1.3993e-001 +3.2089e+000 -3.2291e+000 +3.3987e-001 +4.4275e+000 -3.0525e+000 -4.0175e+000 -1.2095e+000 -4.9683e+000 -3.5532e+000 +2.0674e-001 +4.1658e-001 +5.7927e-001 +2.0351e+000 -4.0344e+000 +1.4443e+000
3066 +1.515329287e+001 +1.515329287e+001 -9.848467071e+002 -9.848467071e+002 -1.5453e+000 +1.7147e+000 +1.5426e+000 +3.8460e+000 -2.9958e-001 +3.1700e+000 -3.7015e+000 +5.3350e-001 +2.9808e+000 -3.2587e+000 -4.4690e+000 -1.0006e+000 -4.6571e+000 -2.5543e+000 +2.0785e+000 +1.6874e+000 -6.2520e-002 +1.3947e+000 -4.1750e+000 +1.1112e+000
3647 +9.675986507e+000 +9.675986507e+000 -9.903240135e+002 -9.903240135e+002 -1.4366e+000 +2.4695e+000 +2.4722e+000 +4.4152e+000 -5.6613e-001 +3.8411e+000 -4.1073e+000 +6.4946e-001 +3.3935e+000 -1.9786e+000 -4.6205e+000 -6.5343e-001 -4.4393e+000 -2.5363e+000 +1.7145e+000 +1.0607e+000 -1.4000e-001 +2.2502e+000 -4.1191e+000 +1.7644e+000
% function evaluation | noise-free fitness - Fopt (1.317500000000e+002) | best noise-free fitness - Fopt | measured fitness | best measured fitness | x1 | x2...
1 +8.554634083e+001 +8.554634083e+001 +2.172963408e+002 +2.172963408e+002 -9.5899e-001 -2.8840e+000 +8.9817e-001 -2.6268e+000 +4.8424e-001 +3.0236e+000 +3.7619e+000 -8.9165e-001 +4.6779e+000 +3.4887e+000 +1.5209e+000 +1.9653e-001 -4.0178e+000 +4.1434e+000 -6.1249e-003 -6.7605e-001 -4.3637e+000 +4.0879e+000 +1.8435e+000 +9.3390e-003
1025 +6.274142241e+001 +6.274142241e+001 +1.944914224e+002 +1.944914224e+002 +2.6164e+000 +1.9303e+000 +7.9122e-001 +4.0809e+000 -2.1943e+000 +3.7830e+000 +6.9454e+000 +1.8920e+000 +2.3116e+000 +2.5399e+000 -2.7504e+000 +2.8239e-001 +1.4349e+000 -3.2275e+000 -2.7913e+000 +1.2689e+000 +3.2168e-001 -2.7500e+000 -6.5657e-001 +8.2947e-001
1190 +3.974865692e+001 +3.974865692e+001 +1.714986569e+002 +1.714986569e+002 +1.4615e+000 +3.4216e+000 +5.1474e-001 +2.8758e+000 -1.0778e+000 +3.8302e+000 +3.5713e+000 +1.9592e+000 +2.8999e+000 +3.5724e+000 -9.7203e-001 -2.0153e+000 +1.5441e+000 -3.4769e+000 -4.1447e+000 -3.5386e+000 +3.5631e+000 -1.0297e+000 -1.6191e+000 +1.7559e+000
1307 +2.356966930e+001 +2.356966930e+001 +1.553196693e+002 +1.553196693e+002 +2.2519e+000 +3.3675e+000 +7.1332e-001 +2.4504e+000 +7.5660e-001 +4.0032e+000 +4.2463e+000 +4.3271e+000 +2.7559e+000 +3.4854e+000 -8.8713e-001 -3.2868e-001 +1.7295e+000 -2.4365e+000 -2.6052e+000 -3.4871e+000 +1.4825e+000 -2.9713e+000 -1.9658e+000 +1.2735e+000
1367 +1.336566160e+001 +1.336566160e+001 +1.451156616e+002 +1.451156616e+002 +1.5488e+000 +3.4541e+000 +1.2453e+000 +2.1573e+000 -1.4497e+000 +4.7213e+000 +3.2849e+000 +3.2770e+000 +2.0730e+000 +5.0253e+000 -2.1490e+000 -1.6792e+000 +1.5093e+000 -1.8830e+000 -4.3587e+000 -3.4213e+000 +1.9047e+000 -1.5793e+000 -3.4694e+000 +1.0242e-001
1955 +8.425669004e+000 +8.425669004e+000 +1.401756690e+002 +1.401756690e+002 +1.2698e+000 +2.5431e+000 +1.5374e+000 +1.5943e+000 -1.5825e+000 +4.7322e+000 +3.4106e+000 +2.8204e+000 +2.7430e+000 +4.2677e+000 -2.7562e+000 -2.8822e-001 +1.3422e+000 -1.5516e+000 -3.4460e+000 -1.7280e+000 +1.9034e+000 -1.8965e+000 -3.4632e+000 +1.3025e-001
2354 +6.306945402e+000 +6.306945402e+000 +1.380569454e+002 +1.380569454e+002 +1.2508e+000 +2.2950e+000 +1.9845e+000 +1.2050e-002 -1.0602e+000 +4.6503e+000 +4.1170e+000 +2.8594e+000 +3.0163e+000 +4.4267e+000 -1.3837e+000 +1.3567e-001 +1.2015e+000 -1.7834e+000 -4.3184e+000 -2.7663e+000 +1.0470e+000 -1.9822e+000 -2.8881e+000 +3.0806e-001
2612 +3.402891707e+000 +3.402891707e+000 +1.351528917e+002 +1.351528917e+002 +1.3013e+000 +2.5603e+000 +1.3190e+000 +2.4469e-001 -1.0907e+000 +3.8331e+000 +3.8600e+000 +2.8612e+000 +3.0586e+000 +4.7408e+000 -1.9725e+000 -4.1000e-001 +1.5287e+000 -1.6879e+000 -4.6307e+000 -2.8640e+000 +1.8252e+000 -2.5869e+000 -3.0692e+000 +5.5564e-002
2954 +2.484879711e+000 +2.484879711e+000 +1.342348797e+002 +1.342348797e+002 +1.6302e+000 +2.0313e+000 +9.8340e-001 +6.8743e-001 -1.7141e+000 +4.1945e+000 +4.1700e+000 +1.9858e+000 +3.0013e+000 +4.7708e+000 -1.6060e+000 -3.3304e-001 +1.4031e+000 -1.8311e+000 -4.8285e+000 -2.7909e+000 +1.3930e+000 -2.5919e+000 -3.2766e+000 +3.9420e-001
% function evaluation | noise-free fitness - Fopt (1.144900000000e+002) | best noise-free fitness - Fopt | measured fitness | best measured fitness | x1 | x2...
1 +8.427859428e+001 +8.427859428e+001 +1.987685943e+002 +1.987685943e+002 +3.6931e+000 -4.6416e+000 +1.5998e+000 -6.1703e-001 -2.6510e+000 +5.0138e-001 -2.6403e+000 -1.7651e+000 -3.4347e+000 -2.1201e+000 -1.2083e+000 +2.6612e+000 +3.2740e+000 +3.8727e+000 -3.2011e+000 -2.4975e+000 -3.1857e+000 +1.9285e-001 +1.1232e+000 +3.3545e+000
412 +6.172384165e+001 +6.172384165e+001 +1.762138416e+002 +1.762138416e+002 -2.0955e+000 -8.1781e-001 +4.7602e+000 +2.7860e+000 +1.0806e+000 +1.5082e+000 -2.6859e+000 -1.1260e+000 -1.3394e+000 +8.2264e-001 -2.3162e+000 -4.6165e-001 +7.5470e-002 -2.7737e+000 +1.8803e+000 +1.9590e+000 +1.8016e+000 +5.1208e-001 -1.9060e-001 +4.2440e+000
929 +3.715528537e+001 +3.715528537e+001 +1.516452854e+002 +1.516452854e+002 -2.8584e+000 -2.2039e+000 +5.4759e+000 +9.7124e-001 +1.2731e+000 +2.6514e+000 -1.7741e+000 -3.1677e+000 -1.7687e+000 +2.1570e-001 -2.3585e+000 -8.3860e-001 -5.6491e-002 -1.8308e+000 +3.9744e+000 +2.8756e-001 +2.4260e+000 +5.7865e-001 -1.4661e+000 +4.3488e+000
1346 +2.411550460e+001 +2.411550460e+001 +1.386055046e+002 +1.386055046e+002 -1.7350e+000 -1.0472e+000 +4.9422e+000 +1.9617e+000 +1.3209e+000 +3.4619e+000 -6.6728e-001 -4.0460e+000 -1.3900e+000 +2.6062e-001 -2.4670e+000 -9.3955e-001 +1.7939e-001 +1.5540e-001 +2.2640e+000 +4.8291e-001 +9.5866e-001 +1.3377e+000 -1.4518e+000 +3.0241e+000
1584 +1.538050791e+001 +1.538050791e+001 +1.298705079e+002 +1.298705079e+002 -2.6004e+000 -5.6640e-001 +5.3519e+000 +1.5491e+000 +6.3631e-001 +3.2120e+000 +3.0023e-001 -3.4637e+000 -1.1986e+000 +3.3967e-001 -2.0129e+000 -5.9146e-001 +5.5531e-001 +5.3769e-001 +1.4447e+000 -9.5259e-001 -1.6877e-001 +1.9705e-001 -1.1145e+000 +2.2617e+000
1852 +9.366571839e+000 +9.366571839e+000 +1.238565718e+002 +1.238565718e+002 -2.3029e+000 -5.8979e-001 +4.4836e+000 +1.1852e+000 +6.4894e-001 +2.6713e+000 +4.8945e-001 -3.2877e+000 -8.6642e-001 +4.1972e-001 -8.8289e-001 -5.4148e-001 +4.2833e-001 +6.0228e-001 +4.4153e-001 -5.8164e-001 +1.9723e-001 +2.8065e-001 -1.7194e+000 +1.9293e+000
2298 +5.581712872e+000 +5.581712872e+000 +1.200717129e+002 +1.200717129e+002 -2.3273e+000 -1.6144e+000 +4.5777e+000 +1.2472e+000 +6.2908e-001 +1.6603e+000 -1.5000e+000 -3.0468e+000 -2.3120e-001 +8.0580e-001 -9.8296e-001 -3.0436e-001 +2.4525e-001 +8.9167e-001 +9.6424e-001 -3.2717e-001 +4.5000e-001 +5.3605e-001 -2.1035e+000 +2.3705e+000
2552 +2.410539045e+000 +2.410539045e+000 +1.169005390e+002 +1.169005390e+002 -2.4263e+000 -1.7472e+000 +3.9427e+000 +1.9736e+000 +6.6679e-001 +1.6086e+000 -1.6120e+000 -2.9283e+000 -2.0899e-001 +1.2442e+000 -5.3766e-001 -3.6876e-001 +5.0954e-001 +4.3811e-001 +3.8260e-001 -6.2814e-001 +2.6285e-001 +4.9795e-001 -3.1590e+000 +2.4658e+000
2981 +1.564329906e+000 +1.564329906e+000 +1.160543299e+002 +1.160543299e+002 -2.4109e+000 -1.5853e+000 +4.2284e+000 +2.4283e+000 +5.2372e-002 +1.9069e+000 -1.7177e+000 -3.1022e+000 -3.6047e-001 +1.3140e+000 -1.2037e+000 -3.5500e-002 +9.5710e-001 +5.5559e-001 +3.0532e-001 -4.4542e-001 -3.5913e-001 +1.2512e+000 -2.9990e+000 +2.4274e+000
3277 +9.548173793e-001 +9.548173793e-001 +1.154448174e+002 +1.154448174e+002 -2.2481e+000 -9.7316e-001 +4.4076e+000 +2.9330e+000 +1.9239e-001 +1.8743e+000 -9.7295e-001 -3.1106e+000 -3.2424e-001 +1.3990e+000 -1.3713e+000 +1.8969e-001 +1.3385e+000 +1.0300e+000 +6.2070e-001 -4.1767e-001 -4.9910e-001 +1.0806e+000 -3.0278e+000 +2.2809e+000
3368 +5.234727196e-001 +5.234727196e-001 +1.150134727e+002 +1.150134727e+002 -2.3066e+000 -1.1158e+000 +4.4217e+000 +2.7627e+000 +2.1172e-001 +1.8134e+000 -9.7479e-001 -3.2441e+000 -1.0668e-001 +1.5226e+000 -1.4239e+000 +3.0009e-001 +1.4988e+000 +9.9113e-001 +3.9490e-001 -4.8431e-001 -6.0251e-001 +1.1901e+000 -3.0939e+000 +2.3483e+000
3786 +3.352932078e-001 +3.352932078e-001 +1.148252932e+002 +1.148252932e+002 -2.3914e+000 -7.8016e-001 +4.4589e+000 +2.5672e+000 +4.8839e-001 +1.7109e+000 -8.8103e-001 -3.1671e+000 +3.4876e-001 +1.5706e+000 -1.1859e+000 +8.3808e-001 +1.6116e+000 +1.1220e+000 +2.9730e-001 -2.7148e-001 -4.5316e-001 +8.2080e-001 -2.8298e+000 +1.9928e+000
3832 +2.360332990e-001 +2.360332990e-001 +1.147260333e+002 +1.147260333e+002 -2.5873e+000 -8.9299e-001 +4.4726e+000 +2.7130e+000 +7.5297e-001 +1.9348e+000 -1.1862e+000 -3.1441e+000 +5.1533e-001 +1.4434e+000 -1.3255e+000 +8.2412e-001 +1.7046e+000 +1.0146e+000 +5.3885e-001 -1.7884e-001 -4.2895e-001 +8.0358e-001 -2.7727e+000 +2.0274e+000
4235 +1.274546017e-001 +1.274546017e-001 +1.146174546e+002 +1.146174546e+002 -2.3807e+000 -7.7689e-001 +4.2975e+000 +2.8878e+000 +4.8653e-001 +1.9371e+000 -1.2138e+000 -3.0144e+000 +6.9344e-001 +1.8442e+000 -1.4385e+000 +1.0396e+000 +1.9388e+000 +1.0561e+000 +3.6710e-001 -2.0806e-001 -4.1477e-001 +8.8065e-001 -2.7585e+000 +2.0980e+000
4432 +9.241196605e-002 +9.241196605e-002 +1.145824120e+002 +1.145824120e+002 -2.6556e+000 -9.4588e-001 +4.2694e+000 +3.0549e+000 +6.9364e-001 +1.8702e+000 -1.2043e+000 -3.0209e+000 +8.1158e-001 +1.6871e+000 -1.4871e+000 +8.4505e-001 +1.8920e+000 +1.1676e+000 +4.4019e-001 -3.0713e-001 -2.7211e-001 +9.0312e-001 -2.7733e+000 +2.1166e+000
4488 +6.210673429e-002 +6.210673429e-002 +1.145521067e+002 +1.145521067e+002 -2.7047e+000 -1.0402e+000 +4.0935e+000 +3.1768e+000 +6.8872e-001 +1.9833e+000 -1.2129e+000 -2.9568e+000 +9.2177e-001 +2.0749e+000 -1.5721e+000 +9.1840e-001 +2.1580e+000 +1.2717e+000 +3.1843e-001 -3.3519e-001 -2.8928e-001 +9.2286e-001 -2.7083e+000 +2.1298e+000
4815 +3.836207425e-002 +3.836207425e-002 +1.145283621e+002 +1.145283621e+002 -2.9649e+000 -1.0422e+000 +3.8765e+000 +3.2737e+000 +5.9339e-001 +2.0482e+000 -1.2334e+000 -2.7634e+000 +8.9529e-001 +2.2399e+000 -1.6010e+000 +1.0385e+000 +2.0126e+000 +1.2293e+000 +3.9936e-001 -1.6524e-001 -3.5255e-001 +1.0166e+000 -2.6744e+000 +2.1580e+000
4929 +2.482967446e-002 +2.482967446e-002 +1.145148297e+002 +1.145148297e+002 -3.0591e+000 -1.0519e+000 +3.8290e+000 +3.3787e+000 +6.4240e-001 +2.0228e+000 -1.1628e+000 -2.9135e+000 +8.8288e-001 +2.2631e+000 -1.5805e+000 +1.0701e+000 +2.1401e+000 +1.3004e+000 +4.5389e-001 -2.6135e-001 -2.7773e-001 +1.0923e+000 -2.6618e+000 +2.0787e+000
5313 +1.579983029e-002 +1.579983029e-002 +1.145057998e+002 +1.145057998e+002 -3.0994e+000 -1.0820e+000 +3.7289e+000 +3.3417e+000 +6.3331e-001 +2.0441e+000 -1.2306e+000 -2.7825e+000 +9.0362e-001 +2.2061e+000 -1.4368e+000 +1.2685e+000 +1.9817e+000 +1.2157e+000 +4.3662e-001 -1.8628e-001 -3.7016e-001 +1.1669e+000 -2.6813e+000 +2.0368e+000
5565 +9.714975426e-003 +9.714975426e-003 +1.144997150e+002 +1.144997150e+002 -3.3894e+000 -1.0528e+000 +3.5455e+000 +3.2002e+000 +7.1561e-001 +2.0762e+000 -1.1210e+000 -2.8017e+000 +8.5881e-001 +1.9120e+000 -1.2539e+000 +1.2962e+000 +1.9569e+000 +1.1434e+000 +5.4850e-001 -2.4752e-001 -4.4070e-001 +1.2155e+000 -2.6392e+000 +1.9636e+000
5706 +4.110127257e-003 +4.110127257e-003 +1.144941101e+002 +1.144941101e+002 -3.2909e+000 -1.0176e+000 +3.3881e+000 +3.1909e+000 +7.3534e-001 +1.9944e+000 -1.1466e+000 -2.8155e+000 +8.2415e-001 +1.9827e+000 -1.2911e+000 +1.3475e+000 +2.0494e+000 +1.1591e+000 +5.5820e-001 -2.3854e-001 -4.0170e-001 +1.2962e+000 -2.5183e+000 +1.9258e+000
5750 +3.964496659e-003 +3.964496659e-003 +1.144939645e+002 +1.144939645e+002 -3.2424e+000 -1.0023e+000 +3.3345e+000 +3.1820e+000 +7.5115e-001 +1.9249e+000 -1.1605e+000 -2.8588e+000 +8.1187e-001 +2.0405e+000 -1.3213e+000 +1.3378e+000 +2.0769e+000 +1.1849e+000 +5.1908e-001 -2.4518e-001 -3.9311e-001 +1.3307e+000 -2.4918e+000 +1.9352e+000
6124 +1.929902713e-003 +1.929902713e-003 +1.144919299e+002 +1.144919299e+002 -3.1977e+000 -9.0193e-001 +3.1497e+000 +3.2792e+000 +7.0944e-001 +1.6584e+000 -1.0229e+000 -2.9770e+000 +7.3968e-001 +1.8593e+000 -1.2969e+000 +1.2946e+000 +2.1546e+000 +1.1355e+000 +4.3731e-001 -3.4914e-001 -4.6294e-001 +1.3280e+000 -2.4941e+000 +1.8466e+000
6214 +1.038520325e-003 +1.038520325e-003 +1.144910385e+002 +1.144910385e+002 -3.2079e+000 -9.2557e-001 +3.0718e+000 +3.3031e+000 +7.3690e-001 +1.5766e+000 -1.0431e+000 -2.9457e+000 +8.1212e-001 +2.0054e+000 -1.2438e+000 +1.3731e+000 +2.1552e+000 +1.1019e+000 +4.7817e-001 -3.1997e-001 -4.6311e-001 +1.3379e+000 -2.4729e+000 +1.8361e+000
6254 +9.397182407e-004 +9.397182407e-004 +1.144909397e+002 +1.144909397e+002 -3.3217e+000 -8.4006e-001 +3.1911e+000 +3.3822e+000 +7.3745e-001 +1.5187e+000 -9.5004e-001 -2.9653e+000 +7.5144e-001 +1.8456e+000 -1.2276e+000 +1.3483e+000 +2.1163e+000 +1.0721e+000 +4.2130e-001 -2.8056e-001 -3.9830e-001 +1.3198e+000 -2.5059e+000 +1.9139e+000
6441 +6.159574638e-004 +6.159574638e-004 +1.144906160e+002 +1.144906160e+002 -3.2008e+000 -9.2011e-001 +3.1283e+000 +3.3766e+000 +6.4080e-001 +1.4969e+000 -1.0464e+000 -2.8605e+000 +7.5165e-001 +1.8686e+000 -1.3053e+000 +1.3673e+000 +2.1121e+000 +1.0460e+000 +4.8591e-001 -3.3991e-001 -4.6711e-001 +1.4087e+000 -2.4304e+000 +1.8762e+000
6565 +3.153921672e-004 +3.153921672e-004 +1.144903154e+002 +1.144903154e+002 -3.2713e+000 -9.5282e-001 +3.1194e+000 +3.4229e+000 +6.1828e-001 +1.5468e+000 -1.0902e+000 -2.7544e+000 +7.7352e-001 +1.7826e+000 -1.3039e+000 +1.3929e+000 +2.1105e+000 +9.9962e-001 +5.0087e-001 -3.4685e-001 -5.1315e-001 +1.5007e+000 -2.3841e+000 +1.9227e+000
6835 +2.462742249e-004 +2.462742249e-004 +1.144902463e+002 +1.144902463e+002 -3.3133e+000 -9.7656e-001 +3.0718e+000 +3.4530e+000 +5.5398e-001 +1.5623e+000 -1.1143e+000 -2.7537e+000 +7.8465e-001 +1.8612e+000 -1.3096e+000 +1.3735e+000 +2.0870e+000 +9.5762e-001 +4.8377e-001 -3.4474e-001 -5.4853e-001 +1.5568e+000 -2.4364e+000 +1.9527e+000
6973 +1.345290206e-004 +1.345290206e-004 +1.144901345e+002 +1.144901345e+002 -3.2992e+000 -9.7900e-001 +3.1205e+000 +3.4429e+000 +6.0043e-001 +1.6252e+000 -1.0569e+000 -2.7847e+000 +7.3504e-001 +1.8370e+000 -1.3352e+000 +1.3952e+000 +2.0896e+000 +9.6873e-001 +5.3504e-001 -3.6878e-001 -5.2535e-001 +1.4940e+000 -2.4295e+000 +1.9365e+000
7220 +8.525972910e-005 +8.525972910e-005 +1.144900853e+002 +1.144900853e+002 -3.2905e+000 -9.4702e-001 +3.1035e+000 +3.4267e+000 +6.3779e-001 +1.6342e+000 -1.0321e+000 -2.8040e+000 +7.8418e-001 +1.8765e+000 -1.3278e+000 +1.3688e+000 +2.1205e+000 +9.8183e-001 +5.1006e-001 -3.5022e-001 -5.1307e-001 +1.4929e+000 -2.4559e+000 +1.9201e+000
7507 +5.419240283e-005 +5.419240283e-005 +1.144900542e+002 +1.144900542e+002 -3.3026e+000 -8.9013e-001 +3.0740e+000 +3.4622e+000 +6.1396e-001 +1.5954e+000 -1.0212e+000 -2.8333e+000 +8.1896e-001 +1.9485e+000 -1.3396e+000 +1.3516e+000 +2.1722e+000 +9.8734e-001 +4.7425e-001 -3.5603e-001 -5.3893e-001 +1.4909e+000 -2.4631e+000 +1.9142e+000
7659 +3.667938320e-005 +3.667938320e-005 +1.144900367e+002 +1.144900367e+002 -3.3055e+000 -8.7246e-001 +3.0815e+000 +3.4769e+000 +5.8626e-001 +1.5490e+000 -1.0023e+000 -2.8557e+000 +7.8811e-001 +1.9545e+000 -1.3179e+000 +1.3785e+000 +2.1653e+000 +9.9395e-001 +4.8367e-001 -3.6855e-001 -5.6942e-001 +1.4993e+000 -2.4684e+000 +1.9223e+000
8081 +2.421088404e-005 +2.421088404e-005 +1.144900242e+002 +1.144900242e+002 -3.3044e+000 -8.6466e-001 +3.1025e+000 +3.4924e+000 +5.7661e-001 +1.5687e+000 -1.0076e+000 -2.7993e+000 +8.1524e-001 +1.9554e+000 -1.3466e+000 +1.3887e+000 +2.2110e+000 +9.9746e-001 +4.9496e-001 -3.3935e-001 -5.6493e-001 +1.5169e+000 -2.4429e+000 +1.9234e+000
8272 +1.497767855e-005 +1.497767855e-005 +1.144900150e+002 +1.144900150e+002 -3.3423e+000 -8.6922e-001 +3.1345e+000 +3.5360e+000 +5.8540e-001 +1.5578e+000 -9.8948e-001 -2.7774e+000 +8.4847e-001 +1.8914e+000 -1.3634e+000 +1.4049e+000 +2.2116e+000 +1.0086e+000 +5.0338e-001 -3.5413e-001 -5.7236e-001 +1.5372e+000 -2.4094e+000 +1.9296e+000
8361 +7.439423015e-006 +7.439423015e-006 +1.144900074e+002 +1.144900074e+002 -3.3413e+000 -8.5847e-001 +3.1036e+000 +3.5192e+000 +5.6744e-001 +1.5370e+000 -9.8790e-001 -2.8053e+000 +8.4273e-001 +1.8851e+000 -1.3603e+000 +1.4029e+000 +2.2220e+000 +1.0030e+000 +4.9407e-001 -3.4931e-001 -5.6640e-001 +1.5327e+000 -2.4479e+000 +1.9229e+000
8545 +5.956042642e-006 +5.956042642e-006 +1.144900060e+002 +1.144900060e+002 -3.3575e+000 -8.5964e-001 +3.1215e+000 +3.5414e+000 +5.7521e-001 +1.5356e+000 -9.8643e-001 -2.7944e+000 +8.5099e-001 +1.8951e+000 -1.3725e+000 +1.4101e+000 +2.2305e+000 +9.9862e-001 +4.9491e-001 -3.6809e-001 -5.4775e-001 +1.5264e+000 -2.4365e+000 +1.9233e+000
8842 +3.111717774e-006 +3.111717774e-006 +1.144900031e+002 +1.144900031e+002 -3.3616e+000 -8.5301e-001 +3.1242e+000 +3.5389e+000 +5.8688e-001 +1.5625e+000 -9.8323e-001 -2.7960e+000 +8.5548e-001 +1.8754e+000 -1.3750e+000 +1.4161e+000 +2.2431e+000 +9.9452e-001 +4.9506e-001 -3.5514e-001 -5.1632e-001 +1.5183e+000 -2.4434e+000 +1.9104e+000
8886 +2.492982219e-006 +2.492982219e-006 +1.144900025e+002 +1.144900025e+002 -3.3707e+000 -8.6538e-001 +3.1207e+000 +3.5431e+000 +5.9335e-001 +1.5566e+000 -9.7907e-001 -2.8044e+000 +8.5167e-001 +1.8864e+000 -1.3735e+000 +1.4153e+000 +2.2358e+000 +9.8734e-001 +4.9315e-001 -3.6186e-001 -4.9554e-001 +1.5128e+000 -2.4498e+000 +1.9087e+000
8974 +1.564040190e-006 +1.564040190e-006 +1.144900016e+002 +1.144900016e+002 -3.3791e+000 -8.5875e-001 +3.1105e+000 +3.5454e+000 +5.8614e-001 +1.5735e+000 -9.7638e-001 -2.8253e+000 +8.4523e-001 +1.8993e+000 -1.3608e+000 +1.4205e+000 +2.2462e+000 +9.9657e-001 +5.0573e-001 -3.4898e-001 -5.0036e-001 +1.5276e+000 -2.4508e+000 +1.9094e+000
9240 +8.553077322e-007 +8.553077322e-007 +1.144900009e+002 +1.144900009e+002 -3.3819e+000 -8.4676e-001 +3.1042e+000 +3.5531e+000 +5.8526e-001 +1.5522e+000 -9.6666e-001 -2.8141e+000 +8.5332e-001 +1.8891e+000 -1.3601e+000 +1.4130e+000 +2.2312e+000 +1.0102e+000 +5.0027e-001 -3.5136e-001 -5.0240e-001 +1.5221e+000 -2.4604e+000 +1.9095e+000
9372 +3.933626402e-007 +3.933626402e-007 +1.144900004e+002 +1.144900004e+002 -3.3857e+000 -8.5747e-001 +3.1022e+000 +3.5536e+000 +5.7987e-001 +1.5340e+000 -9.6170e-001 -2.8193e+000 +8.4726e-001 +1.9153e+000 -1.3516e+000 +1.4239e+000 +2.2296e+000 +1.0200e+000 +5.1386e-001 -3.5541e-001 -4.9673e-001 +1.5316e+000 -2.4618e+000 +1.9041e+000
9538 +1.609015925e-007 +1.609015925e-007 +1.144900002e+002 +1.144900002e+002 -3.3979e+000 -8.4390e-001 +3.0914e+000 +3.5608e+000 +5.8527e-001 +1.5373e+000 -9.4606e-001 -2.8218e+000 +8.5852e-001 +1.9111e+000 -1.3539e+000 +1.4319e+000 +2.2545e+000 +1.0021e+000 +5.1200e-001 -3.4692e-001 -4.9902e-001 +1.5273e+000 -2.4606e+000 +1.9054e+000
9675 +1.481530632e-007 +1.481530632e-007 +1.144900001e+002 +1.144900001e+002 -3.4021e+000 -8.4345e-001 +3.0892e+000 +3.5658e+000 +5.8103e-001 +1.5285e+000 -9.4398e-001 -2.8210e+000 +8.6316e-001 +1.9141e+000 -1.3540e+000 +1.4325e+000 +2.2559e+000 +1.0047e+000 +5.1244e-001 -3.4734e-001 -5.0583e-001 +1.5312e+000 -2.4615e+000 +1.9054e+000
9995 +9.864092476e-008 +9.864092476e-008 +1.144900001e+002 +1.144900001e+002 -3.4051e+000 -8.4547e-001 +3.0851e+000 +3.5715e+000 +5.8496e-001 +1.5226e+000 -9.4063e-001 -2.8195e+000 +8.7630e-001 +1.9166e+000 -1.3498e+000 +1.4442e+000 +2.2495e+000 +1.0060e+000 +5.1505e-001 -3.4464e-001 -5.0085e-001 +1.5289e+000 -2.4576e+000 +1.9046e+000
10027 +5.045501439e-008 +5.045501439e-008 +1.144900001e+002 +1.144900001e+002 -3.4060e+000 -8.5366e-001 +3.0879e+000 +3.5654e+000 +5.8618e-001 +1.5241e+000 -9.4055e-001 -2.8195e+000 +8.7197e-001 +1.9034e+000 -1.3520e+000 +1.4523e+000 +2.2492e+000 +1.0026e+000 +5.1736e-001 -3.4224e-001 -4.9437e-001 +1.5298e+000 -2.4532e+000 +1.9038e+000
10247 +2.207234218e-008 +2.207234218e-008 +1.144900000e+002 +1.144900000e+002 -3.4051e+000 -8.4547e-001 +3.0851e+000 +3.5715e+000 +5.8496e-001 +1.5226e+000 -9.4063e-001 -2.8157e+000 +8.7244e-001 +1.8952e+000 -1.3552e+000 +1.4442e+000 +2.2483e+000 +1.0060e+000 +5.1505e-001 -3.4843e-001 -4.9513e-001 +1.5289e+000 -2.4576e+000 +1.9015e+000
10288 +1.465456023e-008 +1.465456023e-008 +1.144900000e+002 +1.144900000e+002 -3.4020e+000 -8.4836e-001 +3.0872e+000 +3.5720e+000 +5.8447e-001 +1.5246e+000 -9.4326e-001 -2.8144e+000 +8.7543e-001 +1.8924e+000 -1.3584e+000 +1.4459e+000 +2.2451e+000 +1.0052e+000 +5.1660e-001 -3.4956e-001 -4.9084e-001 +1.5290e+000 -2.4568e+000 +1.9012e+000
10772 +8.927045769e-009 +8.927045769e-009 +1.144900000e+002 +1.144900000e+002 -3.4086e+000 -8.5421e-001 +3.0872e+000 +3.5752e+000 +5.8834e-001 +1.5116e+000 -9.4385e-001 -2.8119e+000 +8.7625e-001 +1.8831e+000 -1.3627e+000 +1.4410e+000 +2.2445e+000 +1.0061e+000 +5.1624e-001 -3.5586e-001 -4.9542e-001 +1.5318e+000 -2.4529e+000 +1.8996e+000
% function evaluation | noise-free fitness - Fopt (-2.596000000000e+001) | best noise-free fitness - Fopt | measured fitness | best measured fitness | x1 | x2...
1 +8.587639983e+001 +8.587639983e+001 +5.991639983e+001 +5.991639983e+001 -2.1573e+000 -4.6002e+000 -1.9121e-001 +4.5004e+000 -4.6016e+000 -3.3344e-001 -9.7456e-001 +3.6633e+000 +4.0183e+000 -3.4346e-001 -2.1813e+000 -4.1461e+000 +3.1131e+000 -4.3390e+000 -4.3382e+000 +1.1597e+000 +1.9685e+000 -4.0188e+000 +2.8052e+000 -1.7010e+000
504 +6.072738321e+001 +6.072738321e+001 +3.476738321e+001 +3.476738321e+001 +1.3704e+000 +8.0023e-001 +2.0920e+000 -2.1582e+000 -1.3332e+000 -5.8516e+000 +1.1150e+000 -2.0125e+000 +1.1960e+000 -1.3866e+000 -1.3891e+000 -3.8113e+000 +3.2818e+000 +3.7861e+000 -3.6837e+000 -2.3341e+000 +2.7079e+000 +4.3125e+000 +1.2506e+000 +1.1338e+000
1246 +3.284593116e+001 +3.284593116e+001 +6.885931163e+000 +6.885931163e+000 +2.1520e+000 +2.3760e-001 +3.5208e+000 -1.9813e+000 +1.1165e+000 -2.6973e+000 -3.0909e-002 -1.8207e+000 +7.6306e-001 -1.8664e+000 -1.5951e-001 -3.7914e+000 +3.8300e+000 +4.8116e+000 -2.0710e+000 -3.0743e+000 +2.6823e+000 +3.5448e+000 +2.5531e+000 +7.8760e-001
1460 +2.414699526e+001 +2.414699526e+001 -1.813004743e+000 -1.813004743e+000 +2.1138e+000 +1.0457e+000 +2.4375e+000 -3.2808e+000 +1.8675e+000 -3.1733e+000 +5.8261e-002 -2.3157e+000 +3.1658e-001 -1.7319e+000 -3.5825e-001 -3.1682e+000 +2.8978e+000 +3.9942e+000 -2.7877e+000 -3.0113e+000 +2.2227e+000 +4.0548e+000 +2.5151e+000 +4.7239e-001
1886 +1.220240228e+001 +1.220240228e+001 -1.375759772e+001 -1.375759772e+001 +2.2703e+000 +3.1608e+000 +1.3008e+000 -1.2472e+000 +1.5390e+000 -3.3095e+000 -1.2942e+000 -2.9972e+000 +4.1901e-002 -6.7234e-001 -9.2887e-001 -2.4310e+000 +1.6303e+000 +3.1398e+000 -2.6993e+000 -1.4880e+000 +1.6474e+000 +1.8089e+000 +8.5929e-001 +1.8773e+000
2106 +8.195404427e+000 +8.195404427e+000 -1.776459557e+001 -1.776459557e+001 +2.2273e+000 +2.2420e+000 +5.3495e-001 -4.5811e-001 +1.7134e+000 -3.1346e+000 -1.0499e+000 -3.1915e+000 -1.2216e+000 -4.4666e-001 -6.6668e-001 -1.9292e+000 +9.6988e-001 +2.6540e+000 -1.9536e+000 -1.6144e+000 +1.7863e+000 +1.8008e+000 +1.0524e+000 +1.9480e+000
2277 +5.106532899e+000 +5.106532899e+000 -2.085346710e+001 -2.085346710e+001 +2.1028e+000 +2.2420e+000 +5.3495e-001 -2.5543e-001 +3.0401e-001 -3.1346e+000 -1.0499e+000 -2.8114e+000 -1.3337e+000 -1.6856e+000 +8.4355e-001 -2.1002e+000 +8.3789e-001 +2.6540e+000 -1.7948e+000 -1.7071e+000 +1.7863e+000 +1.8008e+000 +1.5857e+000 +2.5386e+000
2432 +2.644658207e+000 +2.644658207e+000 -2.331534179e+001 -2.331534179e+001 +2.1826e+000 +2.5545e+000 +1.0331e+000 -8.0460e-001 +5.3590e-001 -3.4270e+000 -1.2397e+000 -2.5743e+000 -8.8039e-001 -1.6072e+000 +1.1621e+000 -2.2602e+000 +3.6275e-001 +2.8403e+000 -1.6855e+000 -1.1522e+000 +2.0274e+000 +2.6349e+000 +1.4558e+000 +1.9336e+000
2442 +2.380411297e+000 +2.380411297e+000 -2.357958870e+001 -2.357958870e+001 +2.1950e+000 +2.3743e+000 +8.2584e-001 -6.1456e-001 +2.7406e-001 -3.3652e+000 -1.0623e+000 -2.5750e+000 -1.0399e+000 -1.7726e+000 +1.4391e+000 -2.2408e+000 +3.0484e-001 +2.6632e+000 -1.5920e+000 -1.2361e+000 +2.0000e+000 +2.6752e+000 +1.6018e+000 +2.0097e+000
3178 +1.091653461e+000 +1.091653461e+000 -2.486834654e+001 -2.486834654e+001 +2.7698e+000 +1.5270e+000 +8.5500e-001 +3.5860e-001 +3.6178e-001 -2.6598e+000 -9.9360e-001 -3.1385e+000 -8.4285e-001 -1.7762e+000 +1.1688e+000 -1.4374e+000 -2.7585e-001 +2.2267e+000 -1.5965e+000 -1.5465e+000 +1.3942e+000 +3.1289e+000 +7.2292e-001 +2.3071e+000
3484 +5.611214230e-001 +5.611214230e-001 -2.539887858e+001 -2.539887858e+001 +2.8416e+000 +6.2613e-001 +4.8843e-001 +2.4015e-001 -3.1138e-001 -2.7638e+000 -9.4425e-001 -3.3214e+000 -9.6836e-001 -1.6673e+000 +1.0851e+000 -1.4247e+000 +2.5693e-001 +2.1061e+000 -1.5265e+000 -1.3719e+000 +1.2944e+000 +3.1742e+000 +8.8360e-001 +2.4829e+000
4082 +3.957601695e-001 +3.957601695e-001 -2.556423983e+001 -2.556423983e+001 +2.8902e+000 +3.2712e-001 +7.4252e-001 +7.2527e-001 -5.1320e-001 -2.9272e+000 -8.7954e-001 -3.1073e+000 -5.2539e-001 -1.8606e+000 +1.0077e+000 -8.7802e-001 -1.3710e-001 +2.2781e+000 -1.4904e+000 -1.3936e+000 +1.7884e+000 +2.5977e+000 +2.3969e-001 +2.4217e+000
4394 +2.436045220e-001 +2.436045220e-001 -2.571639548e+001 -2.571639548e+001 +3.1124e+000 +1.6824e-001 +6.9407e-001 +7.6472e-001 -5.9475e-001 -2.9837e+000 -6.5389e-001 -2.9247e+000 -3.7674e-001 -1.5975e+000 +6.9308e-001 -7.8284e-001 -1.3819e-001 +2.2187e+000 -1.5733e+000 -1.3529e+000 +1.8004e+000 +2.5686e+000 -1.3646e-002 +2.4755e+000
4460 +1.484147496e-001 +1.484147496e-001 -2.581158525e+001 -2.581158525e+001 +3.0389e+000 +3.1707e-001 +9.2550e-001 +6.3305e-001 -8.2640e-001 -3.1121e+000 -4.1130e-001 -2.8227e+000 -4.3744e-001 -1.3094e+000 +8.9464e-001 -6.1155e-001 -1.6006e-001 +2.3205e+000 -1.5342e+000 -1.2803e+000 +1.8143e+000 +2.7353e+000 -1.4427e-001 +2.4446e+000
4854 +8.640310926e-002 +8.640310926e-002 -2.587359689e+001 -2.587359689e+001 +3.6538e+000 +1.1688e-001 +1.0147e+000 +1.1696e+000 -7.8064e-001 -3.1210e+000 -1.8441e-002 -2.8999e+000 -4.1648e-001 -1.3769e+000 +8.7359e-001 -5.6182e-001 +4.7372e-002 +2.0972e+000 -1.5359e+000 -1.0152e+000 +1.8375e+000 +2.5602e+000 +1.6192e-001 +2.6847e+000
5026 +5.700635394e-002 +5.700635394e-002 -2.590299365e+001 -2.590299365e+001 +3.7482e+000 -1.4068e-001 +1.2005e+000 +1.2302e+000 -8.4658e-001 -3.0502e+000 +4.7385e-002 -2.6338e+000 -4.3948e-001 -1.2789e+000 +8.3607e-001 -5.0539e-001 -2.9258e-003 +2.0005e+000 -1.4885e+000 -9.1725e-001 +1.8794e+000 +2.8975e+000 +1.2399e-001 +2.6877e+000
5379 +3.713024639e-002 +3.713024639e-002 -2.592286975e+001 -2.592286975e+001 +3.4020e+000 +8.0025e-002 +1.0451e+000 +1.1637e+000 -8.1847e-001 -3.1697e+000 -7.7572e-002 -2.6839e+000 -4.4230e-001 -1.4281e+000 +8.7740e-001 -6.3599e-001 -1.1180e-001 +2.3395e+000 -1.5410e+000 -8.8985e-001 +1.7728e+000 +2.6488e+000 -1.6822e-002 +2.4988e+000
5709 +2.383889728e-002 +2.383889728e-002 -2.593616110e+001 -2.593616110e+001 +3.4604e+000 -8.7593e-002 +1.3091e+000 +1.2098e+000 -8.0836e-001 -3.1563e+000 +3.6152e-002 -2.5648e+000 -4.1016e-001 -1.4825e+000 +1.0439e+000 -6.1887e-001 -2.3094e-001 +2.2580e+000 -1.3682e+000 -6.9143e-001 +1.7673e+000 +2.6693e+000 -1.2690e-001 +2.7973e+000
5832 +1.462063665e-002 +1.462063665e-002 -2.594537936e+001 -2.594537936e+001 +3.4530e+000 +3.0553e-001 +1.2106e+000 +1.0918e+000 -7.4278e-001 -3.3155e+000 +4.5505e-002 -2.3898e+000 -5.0407e-001 -1.4142e+000 +1.0014e+000 -7.5905e-001 +8.2812e-002 +2.1272e+000 -1.5234e+000 -5.4153e-001 +1.6920e+000 +2.5229e+000 -1.4707e-001 +2.7063e+000
6038 +8.046529810e-003 +8.046529810e-003 -2.595195347e+001 -2.595195347e+001 +3.5630e+000 +8.4406e-002 +1.2225e+000 +1.0992e+000 -7.5526e-001 -3.3169e+000 -4.3518e-002 -2.3533e+000 -5.8167e-001 -1.3631e+000 +9.5728e-001 -7.2417e-001 -6.1552e-002 +2.0892e+000 -1.4362e+000 -4.6408e-001 +1.8317e+000 +2.7091e+000 -2.5556e-001 +2.8258e+000
6158 +4.440425941e-003 +4.440425941e-003 -2.595555957e+001 -2.595555957e+001 +3.5774e+000 +1.0939e-001 +1.2074e+000 +1.0759e+000 -7.4214e-001 -3.3181e+000 -1.0784e-001 -2.3909e+000 -6.6259e-001 -1.4093e+000 +9.1592e-001 -6.7889e-001 -9.4860e-002 +2.1796e+000 -1.4178e+000 -4.8040e-001 +1.7715e+000 +2.6032e+000 -3.6630e-001 +2.8935e+000
6352 +3.771592522e-003 +3.771592522e-003 -2.595622841e+001 -2.595622841e+001 +3.5505e+000 +7.3723e-002 +1.1579e+000 +1.0010e+000 -7.6449e-001 -3.3290e+000 -1.0936e-001 -2.3124e+000 -7.2840e-001 -1.3683e+000 +8.4384e-001 -6.5199e-001 -1.4495e-001 +2.1302e+000 -1.4407e+000 -4.7335e-001 +1.8545e+000 +2.5330e+000 -3.6952e-001 +2.8792e+000
6615 +1.458160882e-003 +1.458160882e-003 -2.595854184e+001 -2.595854184e+001 +3.5455e+000 -9.7299e-002 +9.9315e-001 +9.8740e-001 -7.7174e-001 -3.4834e+000 -6.1677e-002 -2.3521e+000 -9.4169e-001 -1.3260e+000 +8.2370e-001 -6.2448e-001 -1.7749e-001 +2.0587e+000 -1.3477e+000 -3.5935e-001 +1.8683e+000 +2.4901e+000 -3.1200e-001 +2.9128e+000
6959 +9.945172093e-004 +9.945172093e-004 -2.595900548e+001 -2.595900548e+001 +3.4777e+000 -2.5808e-002 +9.2506e-001 +1.0161e+000 -7.8738e-001 -3.5556e+000 -3.4528e-002 -2.3941e+000 -9.6382e-001 -1.3455e+000 +8.5792e-001 -6.4177e-001 -2.2377e-001 +2.0260e+000 -1.3344e+000 -4.3723e-001 +1.8856e+000 +2.5314e+000 -3.1887e-001 +2.8498e+000
7298 +6.000598991e-004 +6.000598991e-004 -2.595939994e+001 -2.595939994e+001 +3.4506e+000 -4.3885e-002 +8.7222e-001 +1.0322e+000 -8.0664e-001 -3.3934e+000 +2.4110e-002 -2.4052e+000 -9.9947e-001 -1.3841e+000 +8.8365e-001 -6.3281e-001 -1.9870e-001 +1.9582e+000 -1.2463e+000 -4.5342e-001 +1.8725e+000 +2.5983e+000 -3.2439e-001 +2.8793e+000
7485 +3.846814583e-004 +3.846814583e-004 -2.595961532e+001 -2.595961532e+001 +3.4344e+000 -8.3378e-002 +8.6152e-001 +9.6536e-001 -8.1554e-001 -3.4682e+000 -1.7956e-002 -2.3277e+000 -1.0106e+000 -1.4002e+000 +8.7032e-001 -5.9513e-001 -1.7764e-001 +1.8311e+000 -1.2136e+000 -4.7142e-001 +1.9117e+000 +2.5555e+000 -3.0663e-001 +2.9239e+000
7520 +2.033761229e-004 +2.033761229e-004 -2.595979662e+001 -2.595979662e+001 +3.4397e+000 -3.8898e-002 +8.1839e-001 +9.5154e-001 -8.5362e-001 -3.4056e+000 -4.2580e-002 -2.3908e+000 -9.8774e-001 -1.4620e+000 +7.9404e-001 -5.8735e-001 -1.9281e-001 +1.8694e+000 -1.1574e+000 -4.5379e-001 +1.9244e+000 +2.6095e+000 -2.5106e-001 +2.9335e+000
7686 +1.334916644e-004 +1.334916644e-004 -2.595986651e+001 -2.595986651e+001 +3.4397e+000 -3.8898e-002 +8.1839e-001 +9.7200e-001 -8.6517e-001 -3.4056e+000 -4.2580e-002 -2.3908e+000 -9.7348e-001 -1.3580e+000 +8.0666e-001 -6.0124e-001 -2.1692e-001 +1.7883e+000 -1.1574e+000 -4.7024e-001 +1.8951e+000 +2.5820e+000 -2.2703e-001 +2.9519e+000
7810 +7.549153431e-005 +7.549153431e-005 -2.595992451e+001 -2.595992451e+001 +3.5316e+000 +1.6104e-002 +8.2424e-001 +9.0417e-001 -9.0793e-001 -3.3586e+000 -1.8486e-002 -2.4084e+000 -9.6025e-001 -1.3911e+000 +7.5390e-001 -5.9096e-001 -1.9072e-001 +1.7673e+000 -1.1722e+000 -3.8220e-001 +1.8738e+000 +2.5545e+000 -3.2835e-001 +2.9503e+000
7814 +5.191827134e-005 +5.191827134e-005 -2.595994808e+001 -2.595994808e+001 +3.5634e+000 +1.0434e-002 +8.2959e-001 +8.7901e-001 -9.1330e-001 -3.3577e+000 -3.0338e-002 -2.3991e+000 -9.5096e-001 -1.4279e+000 +7.2979e-001 -5.9886e-001 -1.4583e-001 +1.7539e+000 -1.1396e+000 -3.8017e-001 +1.8509e+000 +2.5826e+000 -3.0476e-001 +2.9646e+000
7896 +2.990786991e-005 +2.990786991e-005 -2.595997009e+001 -2.595997009e+001 +3.4996e+000 +1.7125e-002 +8.1253e-001 +9.0641e-001 -8.7596e-001 -3.3754e+000 -2.4131e-002 -2.4063e+000 -9.6227e-001 -1.4014e+000 +7.9918e-001 -6.0414e-001 -1.5109e-001 +1.7805e+000 -1.1501e+000 -3.9373e-001 +1.8567e+000 +2.5804e+000 -2.9162e-001 +2.9383e+000
8280 +1.963550879e-005 +1.963550879e-005 -2.595998036e+001 -2.595998036e+001 +3.5262e+000 +2.0017e-002 +8.1612e-001 +8.1371e-001 -8.9082e-001 -3.4462e+000 -2.3753e-002 -2.4055e+000 -9.6328e-001 -1.4750e+000 +7.5712e-001 -6.3914e-001 -1.1968e-001 +1.7675e+000 -1.0597e+000 -3.6741e-001 +1.8119e+000 +2.5841e+000 -2.9386e-001 +2.9443e+000
8291 +9.466717369e-006 +9.466717369e-006 -2.595999053e+001 -2.595999053e+001 +3.5322e+000 +1.3555e-002 +8.2016e-001 +8.1243e-001 -8.9826e-001 -3.4267e+000 -1.2886e-002 -2.4127e+000 -9.5206e-001 -1.4824e+000 +7.5482e-001 -6.2901e-001 -1.1206e-001 +1.7434e+000 -1.0698e+000 -3.5662e-001 +1.8206e+000 +2.5789e+000 -3.0323e-001 +2.9453e+000
8590 +5.984477774e-006 +5.984477774e-006 -2.595999402e+001 -2.595999402e+001 +3.5303e+000 +2.8757e-002 +8.2769e-001 +8.1451e-001 -8.9482e-001 -3.4327e+000 -2.3350e-003 -2.4236e+000 -9.1958e-001 -1.4795e+000 +7.2157e-001 -6.3716e-001 -1.3823e-001 +1.7540e+000 -1.0924e+000 -3.4303e-001 +1.8326e+000 +2.5525e+000 -3.3828e-001 +2.9335e+000
8623 +3.299945881e-006 +3.299945881e-006 -2.595999670e+001 -2.595999670e+001 +3.5061e+000 +3.6637e-002 +8.0336e-001 +7.9902e-001 -9.0611e-001 -3.4397e+000 -2.1267e-003 -2.4261e+000 -9.2489e-001 -1.4903e+000 +7.2199e-001 -6.4681e-001 -1.4461e-001 +1.7531e+000 -1.0897e+000 -3.5492e-001 +1.8183e+000 +2.5906e+000 -3.4045e-001 +2.9270e+000
8776 +2.140525908e-006 +2.140525908e-006 -2.595999786e+001 -2.595999786e+001 +3.5255e+000 +4.0087e-002 +8.0922e-001 +7.9461e-001 -9.0161e-001 -3.3981e+000 +5.3165e-003 -2.4241e+000 -9.1610e-001 -1.4994e+000 +7.3242e-001 -6.4134e-001 -1.2647e-001 +1.7295e+000 -1.0980e+000 -3.4637e-001 +1.8126e+000 +2.5758e+000 -3.4379e-001 +2.9253e+000
9238 +1.576758269e-006 +1.576758269e-006 -2.595999842e+001 -2.595999842e+001 +3.4973e+000 +2.4019e-002 +7.9708e-001 +8.1479e-001 -9.0484e-001 -3.3893e+000 -6.5516e-003 -2.4004e+000 -9.1698e-001 -1.4853e+000 +7.2227e-001 -6.5952e-001 -1.1868e-001 +1.7459e+000 -1.1041e+000 -3.5660e-001 +1.8072e+000 +2.5841e+000 -3.3688e-001 +2.9241e+000
9309 +7.883421098e-007 +7.883421098e-007 -2.595999921e+001 -2.595999921e+001 +3.5205e+000 +2.7658e-002 +7.8986e-001 +8.0308e-001 -8.9907e-001 -3.3718e+000 +1.2680e-002 -2.3988e+000 -9.1399e-001 -1.4739e+000 +7.2729e-001 -6.5073e-001 -1.2729e-001 +1.7450e+000 -1.1140e+000 -3.6601e-001 +1.8064e+000 +2.5822e+000 -3.4102e-001 +2.9202e+000
9693 +5.073860763e-007 +5.073860763e-007 -2.595999949e+001 -2.595999949e+001 +3.5110e+000 -1.4279e-002 +7.8471e-001 +8.0715e-001 -8.9578e-001 -3.3836e+000 -5.7079e-003 -2.3981e+000 -9.4332e-001 -1.4707e+000 +7.0566e-001 -6.6357e-001 -1.2241e-001 +1.7425e+000 -1.0981e+000 -3.7268e-001 +1.8175e+000 +2.5858e+000 -3.3242e-001 +2.9162e+000
9869 +3.509194997e-007 +3.509194997e-007 -2.595999965e+001 -2.595999965e+001 +3.5129e+000 -2.5863e-003 +7.8802e-001 +8.0098e-001 -8.9707e-001 -3.3910e+000 +1.4293e-003 -2.4016e+000 -9.3781e-001 -1.4717e+000 +7.1830e-001 -6.5803e-001 -1.1891e-001 +1.7407e+000 -1.1020e+000 -3.7102e-001 +1.8187e+000 +2.5899e+000 -3.3558e-001 +2.9159e+000
9971 +2.489926061e-007 +2.489926061e-007 -2.595999975e+001 -2.595999975e+001 +3.5026e+000 +3.4874e-002 +7.9440e-001 +7.8468e-001 -8.8900e-001 -3.3964e+000 -4.3728e-003 -2.3957e+000 -9.2154e-001 -1.4746e+000 +6.9220e-001 -6.6845e-001 -1.4411e-001 +1.7469e+000 -1.0990e+000 -3.6065e-001 +1.8236e+000 +2.5708e+000 -3.4991e-001 +2.9114e+000
10246 +1.575576896e-007 +1.575576896e-007 -2.595999984e+001 -2.595999984e+001 +3.4992e+000 -3.0013e-003 +7.8583e-001 +7.7572e-001 -8.9084e-001 -3.4084e+000 -3.7807e-003 -2.3886e+000 -9.3971e-001 -1.4707e+000 +6.8709e-001 -6.8081e-001 -1.2491e-001 +1.7395e+000 -1.0880e+000 -3.6566e-001 +1.8219e+000 +2.5733e+000 -3.4086e-001 +2.9140e+000
10456 +7.559854964e-008 +7.559854964e-008 -2.595999992e+001 -2.595999992e+001 +3.4955e+000 +3.4193e-002 +7.8403e-001 +7.7613e-001 -8.9037e-001 -3.3983e+000 -9.8372e-003 -2.3897e+000 -9.2912e-001 -1.4715e+000 +6.9191e-001 -6.8048e-001 -1.2662e-001 +1.7413e+000 -1.1052e+000 -3.7356e-001 +1.8231e+000 +2.5764e+000 -3.4325e-001 +2.9151e+000
10689 +6.305692324e-008 +6.305692324e-008 -2.595999994e+001 -2.595999994e+001 +3.4911e+000 +2.9478e-002 +7.8469e-001 +7.6432e-001 -8.8916e-001 -3.4064e+000 -6.3243e-003 -2.3810e+000 -9.3031e-001 -1.4702e+000 +6.8840e-001 -6.8593e-001 -1.2737e-001 +1.7384e+000 -1.0958e+000 -3.7405e-001 +1.8268e+000 +2.5799e+000 -3.4744e-001 +2.9134e+000
11026 +3.109693480e-008 +3.109693480e-008 -2.595999997e+001 -2.595999997e+001 +3.4951e+000 +2.7161e-002 +7.8164e-001 +7.5892e-001 -8.8294e-001 -3.3958e+000 -1.4903e-002 -2.3842e+000 -9.3015e-001 -1.4759e+000 +7.0016e-001 -6.8551e-001 -1.2423e-001 +1.7394e+000 -1.1005e+000 -3.8603e-001 +1.8282e+000 +2.5878e+000 -3.4777e-001 +2.9162e+000
11068 +1.673507555e-008 +1.673507555e-008 -2.595999998e+001 -2.595999998e+001 +3.4898e+000 +3.1223e-002 +7.7910e-001 +7.6062e-001 -8.8330e-001 -3.4029e+000 -1.1499e-002 -2.3802e+000 -9.2699e-001 -1.4780e+000 +6.8822e-001 -6.8774e-001 -1.2805e-001 +1.7329e+000 -1.0985e+000 -3.8553e-001 +1.8298e+000 +2.5830e+000 -3.5438e-001 +2.9158e+000
11175 +1.548205830e-008 +1.548205830e-008 -2.595999998e+001 -2.595999998e+001 +3.4903e+000 +3.3515e-002 +7.7885e-001 +7.5776e-001 -8.8466e-001 -3.4019e+000 -1.1493e-002 -2.3790e+000 -9.2668e-001 -1.4788e+000 +6.9004e-001 -6.8621e-001 -1.2677e-001 +1.7334e+000 -1.0989e+000 -3.8652e-001 +1.8287e+000 +2.5855e+000 -3.5387e-001 +2.9170e+000
11572 +8.677957908e-009 +8.677957908e-009 -2.595999999e+001 -2.595999999e+001 +3.4989e+000 +1.7948e-002 +7.7792e-001 +7.7118e-001 -8.8797e-001 -3.3955e+000 -1.1797e-002 -2.3827e+000 -9.3271e-001 -1.4748e+000 +6.8826e-001 -6.7977e-001 -1.3086e-001 +1.7318e+000 -1.0950e+000 -3.8502e-001 +1.8238e+000 +2.5879e+000 -3.5464e-001 +2.9157e+000
% function evaluation | noise-free fitness - Fopt (9.251000000000e+001) | best noise-free fitness - Fopt | measured fitness | best measured fitness | x1 | x2...
1 +8.197288425e+001 +8.197288425e+001 +1.744828843e+002 +1.744828843e+002 +2.3122e+000 +3.2676e+000 +3.2430e+000 +4.7216e+000 +4.5168e+000 +1.3968e+000 +3.5108e+000 -2.7246e+000 -4.1003e+000 +1.0613e+000 -2.6808e+000 +4.4142e+000 -2.1194e-001 +1.1744e+000 +2.6156e+000 +5.6845e-001 +4.9047e+000 +3.2577e+000 -2.4864e-001 +2.1487e+000
329 +5.985670092e+001 +5.985670092e+001 +1.523667009e+002 +1.523667009e+002 +1.2108e-001 +6.4251e-001 +4.1452e-001 -3.4202e+000 -1.6076e+000 +3.6092e+000 +2.2013e+000 -6.2822e-001 +2.5879e+000 +1.8875e-001 -2.9805e+000 +1.2514e+000 +7.5638e-001 -2.1402e+000 -2.0168e-003 -1.1988e+000 +1.7288e+000 +3.0508e+000 +3.1554e+000 -4.3883e-001
591 +3.560235470e+001 +3.560235470e+001 +1.281123547e+002 +1.281123547e+002 -3.1113e-001 +3.8116e-001 +1.1146e+000 -4.2149e+000 -1.3609e+000 +2.7855e+000 +3.0795e+000 +2.4402e-001 +3.0228e+000 +7.4081e-001 -2.9955e+000 +1.5336e+000 +9.5452e-001 -1.6071e+000 -4.4943e-001 -1.9328e+000 +7.2739e-001 +3.8242e+000 +2.7700e+000 -1.3393e+000
985 +2.380066959e+001 +2.380066959e+001 +1.163106696e+002 +1.163106696e+002 +9.2360e-001 +9.1425e-001 +1.3442e+000 -3.4173e+000 -1.0019e+000 +3.1555e+000 +3.8727e+000 +9.0295e-001 +3.5182e+000 +1.6092e+000 -3.6124e+000 +2.1702e+000 +1.9982e+000 -1.7754e+000 -1.1867e+000 -1.8244e+000 -4.8317e-001 +4.4367e+000 +1.7309e+000 -1.2336e+000
1341 +1.557536234e+001 +1.557536234e+001 +1.080853623e+002 +1.080853623e+002 +1.1176e+000 +1.2452e+000 +4.0416e-001 -3.4284e+000 -1.0223e+000 +3.0754e+000 +4.0867e+000 +1.1430e+000 +3.0645e+000 +1.7150e+000 -3.5823e+000 +2.6466e+000 +2.0322e+000 -2.6289e+000 -9.3870e-001 -2.7906e+000 -2.3542e-001 +4.1191e+000 +1.9362e+000 -5.4052e-001
1906 +9.599099018e+000 +9.599099018e+000 +1.021090990e+002 +1.021090990e+002 +1.8298e+000 +1.8745e+000 +3.0452e-001 -2.6956e+000 -9.2168e-001 +2.7326e+000 +3.3832e+000 +4.4295e-001 +2.5874e+000 +2.6996e+000 -3.3203e+000 +1.7140e+000 +1.7818e+000 -3.4585e+000 -6.6300e-001 -2.5550e+000 -8.8470e-001 +3.4976e+000 +2.6402e+000 -5.0061e-001
3084 +6.171804287e+000 +6.171804287e+000 +9.868180429e+001 +9.868180429e+001 +1.1552e+000 +6.9204e-001 +3.2067e-001 -2.9389e+000 -1.3884e+000 +2.5715e+000 +4.8997e+000 +2.2495e-001 +3.0304e+000 +3.1030e+000 -2.4170e+000 +3.0515e+000 +1.4246e+000 -3.0372e+000 +1.7390e-001 -2.1142e+000 -1.6867e+000 +3.3547e+000 +1.6502e+000 -6.6366e-001
% function evaluation | noise-free fitness - Fopt (1.660100000000e+002) | best noise-free fitness - Fopt | measured fitness | best measured fitness | x1 | x2...
1 +8.568014237e+001 +8.568014237e+001 +2.516901424e+002 +2.516901424e+002 +2.5838e+000 +3.7930e+000 -4.7154e+000 -4.6859e+000 +2.4867e-001 -2.6908e+000 -1.4032e+000 +3.2458e+000 -2.6829e+000 +2.6025e-001 -1.2034e+000 +8.2787e-001 -4.4429e+000 +2.3941e+000 -3.5366e+000 -2.4396e+000 -3.5798e+000 +3.4651e+000 -1.0464e+000 +2.9095e+000
929 +6.223440486e+001 +6.223440486e+001 +2.282444049e+002 +2.282444049e+002 +3.5023e+000 +1.8556e+000 -1.9426e+000 -1.8396e+000 -1.9398e+000 +2.3472e+000 -1.1811e+000 -2.7382e+000 +1.8731e+000 -1.5456e-001 -3.0560e+000 -3.3124e+000 +2.6058e+000 +7.1699e-001 -2.7538e+000 +2.1692e+000 -1.4771e+000 -5.1249e-001 -1.0514e+000 -3.5343e+000
1140 +3.900297518e+001 +3.900297518e+001 +2.050129752e+002 +2.050129752e+002 +9.9368e-001 +1.4619e+000 -2.6529e+000 -1.3364e+000 -2.5359e+000 +1.7760e+000 -4.4485e-001 -3.7767e+000 +3.7780e+000 -1.2461e+000 -1.4263e+000 -3.5015e+000 +7.4706e-001 +1.5067e+000 -2.2023e+000 +1.2142e+000 -6.3870e-001 -3.6522e+000 +1.5228e+000 -4.0872e+000
1461 +2.243154444e+001 +2.243154444e+001 +1.884415444e+002 +1.884415444e+002 +2.1758e+000 +2.1049e+000 -2.2293e+000 -1.8211e+000 -3.3310e+000 +3.4187e+000 -8.4952e-001 -3.7569e+000 +3.5786e+000 -2.1263e+000 -8.6607e-001 -3.0135e+000 +1.4158e+000 +9.8918e-001 +4.7399e-002 +1.5468e-001 -8.3817e-001 -1.5132e+000 +6.0563e-001 -3.9066e+000
2383 +1.512292993e+001 +1.512292993e+001 +1.811329299e+002 +1.811329299e+002 +2.3898e+000 +1.6032e+000 -2.5984e+000 -2.3053e+000 -4.1253e+000 +4.7015e+000 -1.9293e+000 -3.1206e+000 +3.8542e+000 +6.6377e-002 -1.2449e+000 -4.2109e+000 +1.4765e+000 +9.7311e-001 -3.3149e-001 +2.6424e-001 -9.4544e-001 -1.9805e+000 +1.2316e-001 -3.3442e+000
3693 +9.961907636e+000 +9.961907636e+000 +1.759719076e+002 +1.759719076e+002 +2.7071e+000 +1.4888e+000 -2.5309e+000 -2.5487e+000 -4.6211e+000 +4.3639e+000 -1.5498e+000 -3.5751e+000 +3.7773e+000 -9.8351e-002 -8.5203e-001 -4.0903e+000 +1.2176e+000 +9.4274e-001 +3.9530e-002 +9.2927e-001 -5.3234e-001 -3.2421e+000 +5.7301e-002 -4.1363e+000
% function evaluation | noise-free fitness - Fopt (2.147600000000e+002) | best noise-free fitness - Fopt | measured fitness | best measured fitness | x1 | x2...
1 +8.440869124e+001 +8.440869124e+001 +2.991686912e+002 +2.991686912e+002 +4.9073e+000 +1.2085e+000 +3.4798e+000 +1.3114e+000 -3.7671e+000 -1.9168e+000 -4.4139e+000 -3.6941e+000 -1.9918e+000 -2.6938e+000 +1.6489e+000 -3.1006e+000 +1.9738e+000 -1.3221e+000 +3.6113e-001 -1.6949e+000 +8.9300e-001 +3.4568e+000 -1.0072e+000 +3.1268e-001
786 +5.268718581e+001 +5.268718581e+001 +2.674471858e+002 +2.674471858e+002 +1.4264e+000 -2.0992e+000 -2.4719e+000 +3.8064e-001 +1.0885e+000 -1.0832e+000 -2.2341e+000 -7.6804e-001 +5.0720e-001 -1.2436e+000 +1.6799e+000 -5.6430e-002 -1.3713e+000 -3.6051e+000 +1.7221e+000 -3.3641e+000 -3.9965e+000 -1.8490e+000 -2.5870e+000 -1.6879e+000
1694 +3.776484502e+001 +3.776484502e+001 +2.525248450e+002 +2.525248450e+002 +1.4433e+000 -4.6691e-001 -6.3497e-001 +2.8333e-001 +1.1352e+000 -3.1259e-001 -2.7673e+000 -9.4624e-001 +3.9285e-001 -2.0773e+000 +2.3820e+000 -5.7342e-001 -1.6055e+000 -3.4690e+000 +6.1658e-001 -3.9658e+000 -4.6583e+000 -1.6786e+000 -4.0729e+000 -1.3199e+000
2596 +2.505774060e+001 +2.505774060e+001 +2.398177406e+002 +2.398177406e+002 +1.5195e+000 +3.5251e-001 +2.9834e-001 +1.2208e-001 +1.4078e+000 -2.8452e-001 -3.2481e+000 -7.6971e-001 +4.3255e-001 -2.0836e+000 +2.7334e+000 -1.5734e-001 -1.8092e+000 -2.7855e+000 -6.5160e-002 -4.4320e+000 -3.3358e+000 -1.5774e+000 -3.8625e+000 -2.0683e+000
4235 +1.571551482e+001 +1.571551482e+001 +2.304755148e+002 +2.304755148e+002 +5.5054e-001 -1.3787e+000 -1.1012e+000 +9.8725e-001 +1.1521e+000 -8.3880e-001 -2.7810e+000 -1.1122e+000 +8.1556e-001 -6.4520e-001 +2.8697e+000 +2.0202e-001 -2.6782e+000 -1.8305e+000 +8.2046e-002 -4.6007e+000 -2.9654e+000 -2.4918e+000 -4.2559e+000 -9.8898e-001
% function evaluation | noise-free fitness - Fopt (-6.100000000000e+000) | best noise-free fitness - Fopt | measured fitness | best measured fitness | x1 | x2...
1 +8.489263906e+001 +8.489263906e+001 +7.879263906e+001 +7.879263906e+001 -4.1365e+000 +2.7447e+000 -1.0297e-002 -5.6962e-001 -1.6831e-001 +2.7614e+000 -6.0487e-002 +8.0507e-001 -1.1984e+000 -1.0480e+000 -2.4128e+000 +3.2297e+000 +1.5260e+000 -6.3068e-001 +1.6889e+000 -3.9788e+000 +2.8309e+000 -2.9725e-001 +4.5747e+000 -1.4331e+000
226 +5.894398623e+001 +5.894398623e+001 +5.284398623e+001 +5.284398623e+001 -1.6582e+000 +6.0360e+000 -1.8938e+000 +2.6491e+000 -1.7250e+000 -2.6575e+000 +1.1388e+000 -4.8315e-001 -1.4657e+000 +5.1244e+000 -2.4429e+000 +9.3071e-001 -3.3417e+000 +1.9526e+000 -1.6225e+000 +4.0328e+000 +7.6984e-001 -2.6698e+000 +5.0822e+000 -4.8472e-002
1105 +3.427903342e+001 +3.427903342e+001 +2.817903342e+001 +2.817903342e+001 -1.7124e+000 +4.0479e+000 -3.9446e+000 +2.3069e+000 -2.2916e+000 -3.6286e+000 +2.3242e+000 -1.4556e+000 -1.4894e+000 +3.7591e+000 -5.4874e+000 +7.0008e-001 -3.2275e+000 +1.6162e+000 -4.8888e-001 +5.0951e+000 +4.3229e+000 -3.6067e+000 +5.6060e+000 +1.3148e+000
1712 +2.418959516e+001 +2.418959516e+001 +1.808959516e+001 +1.808959516e+001 -1.9012e+000 +3.6338e+000 -4.0902e+000 +2.5328e+000 -2.3206e+000 -3.5929e+000 +2.8946e+000 -1.0708e+000 -1.3417e+000 +3.5913e+000 -4.2752e+000 +1.0127e+000 -3.1889e+000 +1.5323e+000 -3.8212e-001 +5.0701e+000 +3.9353e+000 -3.5385e+000 +5.5390e+000 +1.3712e+000
2024 +1.527373403e+001 +1.527373403e+001 +9.173734026e+000 +9.173734026e+000 -1.8688e+000 +4.2278e+000 -3.8521e+000 +2.5329e+000 -1.8531e+000 -3.2179e+000 +4.2252e+000 +4.6259e-001 -2.0358e-001 +3.8164e+000 -2.6755e+000 +2.0113e+000 -2.2410e+000 +1.5800e+000 -1.4629e+000 +4.2464e+000 +3.3316e+000 -4.4635e+000 +5.0731e+000 +1.3713e+000
3121 +9.830857818e+000 +9.830857818e+000 +3.730857818e+000 +3.730857818e+000 -2.1931e+000 +3.8918e+000 -5.0806e+000 +2.9200e+000 -2.3145e+000 -2.3162e+000 +4.1464e+000 -3.1936e-001 -7.5850e-001 +3.8182e+000 -3.6030e+000 +1.1755e+000 -2.0786e+000 +6.9736e-001 -1.9319e+000 +4.3860e+000 +3.3258e+000 -4.2022e+000 +4.8272e+000 +1.3326e+000
% function evaluation | noise-free fitness - Fopt (-5.653000000000e+001) | best noise-free fitness - Fopt | measured fitness | best measured fitness | x1 | x2...
1 +8.278539175e+001 +8.278539175e+001 +2.625539175e+001 +2.625539175e+001 -4.8018e+000 +3.7487e+000 +4.9008e+000 -1.8996e+000 -3.9962e+000 +1.5181e+000 +3.4255e+000 -2.3309e+000 -2.8730e+000 +1.2311e+000 -2.5334e+000 -3.4240e-001 -3.6914e+000 -2.8900e+000 -3.3854e-001 +3.8904e+000 -3.7637e+000 +5.8862e-001 +2.6512e+000 +3.7244e+000
657 +6.140500791e+001 +6.140500791e+001 +4.875007906e+000 +4.875007906e+000 +3.3278e+000 +9.0853e-001 +1.0048e+000 -2.3781e+000 +2.7450e-001 -3.0213e+000 -1.3362e+000 -1.8554e+000 +2.4508e+000 -4.9460e+000 -4.0051e-001 -9.1704e-001 -5.7543e-001 -4.1128e+000 -3.0235e+000 -1.8416e+000 -8.3519e-001 +2.5828e+000 -1.3061e+000 +2.7172e-001
1170 +3.968262710e+001 +3.968262710e+001 -1.684737290e+001 -1.684737290e+001 +3.8851e+000 +3.6180e-001 +4.8088e-001 -2.7212e+000 +2.7046e+000 -2.8877e+000 -3.5440e+000 -1.9738e+000 +3.4422e+000 -3.8658e+000 -1.7062e+000 -2.7236e+000 +1.9683e-001 -4.9566e+000 -2.3293e+000 -2.6846e+000 -2.0493e+000 +4.6166e+000 -2.4798e+000 -4.5687e-001
1318 +2.373409522e+001 +2.373409522e+001 -3.279590478e+001 -3.279590478e+001 +3.4541e+000 +1.6711e+000 +1.0054e+000 -2.2127e+000 +3.6769e+000 -3.4704e+000 -3.9897e+000 -1.7353e+000 +2.1386e+000 -2.6352e+000 -1.7751e+000 -2.4363e+000 -8.2859e-002 -4.5377e+000 -2.2970e+000 -3.0164e+000 -2.4497e+000 +1.0667e+000 -3.7963e+000 +6.8760e-002
1569 +1.573019198e+001 +1.573019198e+001 -4.079980802e+001 -4.079980802e+001 +4.2108e+000 +1.5441e+000 -6.3001e-001 -2.3618e+000 +3.7679e+000 -2.6315e+000 -3.4093e+000 -3.1434e+000 +1.9582e+000 -2.4133e+000 -2.0212e+000 -2.2990e+000 +6.4766e-001 -5.1176e+000 -1.9716e+000 -2.6140e+000 -2.9138e+000 +1.2400e+000 -3.9359e+000 -5.9262e-001
2041 +9.516259402e+000 +9.516259402e+000 -4.701374060e+001 -4.701374060e+001 +4.5234e+000 +2.0581e+000 -1.4090e-001 -2.6474e+000 +3.3191e+000 -3.1904e+000 -4.4234e+000 -4.2953e+000 +1.6148e+000 -7.4160e-001 -2.9245e+000 -3.7475e+000 +1.2073e+000 -5.1180e+000 -1.4271e+000 -3.0379e+000 -2.9228e+000 +1.5318e+000 -3.4525e+000 -2.3066e+000
2287 +6.213484146e+000 +6.213484146e+000 -5.031651585e+001 -5.031651585e+001 +4.7260e+000 +2.6897e+000 -3.4958e-001 -2.9704e+000 +2.7466e+000 -2.2112e+000 -5.0251e+000 -4.0310e+000 +2.0715e+000 -1.1473e+000 -2.1603e+000 -3.2469e+000 +1.0590e+000 -4.8352e+000 -1.7706e+000 -2.9364e+000 -2.4966e+000 +8.3719e-001 -3.2723e+000 -2.7160e+000
2907 +3.858630041e+000 +3.858630041e+000 -5.267136996e+001 -5.267136996e+001 +4.0190e+000 +2.7937e+000 -3.1307e-001 -2.6804e+000 +2.5289e+000 -2.2202e+000 -5.2383e+000 -4.4632e+000 +1.9924e+000 -1.5106e+000 -2.2699e+000 -3.5945e+000 +4.8158e-001 -4.4093e+000 -1.7073e+000 -3.2379e+000 -2.3924e+000 +1.3373e+000 -3.4972e+000 -2.9821e+000
3119 +2.504055525e+000 +2.504055525e+000 -5.402594447e+001 -5.402594447e+001 +4.8336e+000 +2.4590e+000 +2.0177e-001 -2.1182e+000 +2.5243e+000 -2.5741e+000 -5.3257e+000 -4.1182e+000 +1.7905e+000 -9.2883e-001 -2.5543e+000 -2.8778e+000 +8.8254e-001 -3.0929e+000 -1.4858e+000 -3.0591e+000 -2.5580e+000 +1.3735e+000 -3.5996e+000 -3.2543e+000
5695 +1.581967644e+000 +1.581967644e+000 -5.494803236e+001 -5.494803236e+001 +3.9850e+000 +2.6421e+000 +5.5407e-002 -2.1595e+000 +2.7782e+000 -1.4914e+000 -4.7547e+000 -4.2526e+000 +1.6158e+000 -8.2460e-001 -2.1741e+000 -3.0917e+000 +6.2090e-001 -2.9877e+000 -1.7166e+000 -3.3175e+000 -2.9203e+000 +1.3499e+000 -3.9549e+000 -3.4042e+000
% function evaluation | noise-free fitness - Fopt (-8.703600000000e+002) | best noise-free fitness - Fopt | measured fitness | best measured fitness | x1 | x2...
1 +7.940739211e+001 +7.940739211e+001 -7.909526079e+002 -7.909526079e+002 +3.4668e+000 -8.2689e-002 +5.6893e-001 -3.9382e+000 +2.9417e+000 +9.1225e-001 +1.9952e-001 +1.8075e+000 -8.7945e-001 +3.0715e+000 -2.3507e+000 -1.7168e+000 +1.0534e+000 -5.0262e-001 -2.2263e+000 +4.2432e+000 +3.5937e+000 +8.6049e-001 +2.0355e+000 +2.4095e+000
1506 +6.284910843e+001 +6.284910843e+001 -8.075108916e+002 -8.075108916e+002 -3.3155e+000 -3.9106e+000 +4.7044e+000 -1.6444e+000 -4.0023e+000 +3.2206e+000 +1.1958e+000 +4.1398e+000 -3.3935e+000 +3.4772e+000 -3.8597e-001 -7.7343e-001 -6.6182e-001 +7.9735e-002 -2.5575e-001 +1.7047e+000 -2.3552e+000 -7.7366e-001 -2.2952e+000 +4.9934e+000
3236 +3.873755079e+001 +3.873755079e+001 -8.316224492e+002 -8.316224492e+002 -4.0270e+000 -2.5407e+000 +4.8114e+000 -1.5970e+000 -3.9792e+000 +4.1793e+000 +1.0887e+000 +4.3565e+000 -1.6228e+000 +3.9559e+000 +1.2377e-001 -1.1566e+000 -7.2494e-001 +1.1780e+000 +4.0310e+000 +8.3458e-001 -3.3649e+000 -1.1604e+000 -1.7723e+000 +2.9824e+000
