% function evaluation | noise-free fitness - Fopt (7.135000000000e+001) | best noise-free fitness - Fopt | measured fitness | best measured fitness | x1 | x2...
1 +8.831811533e+001 +8.831811533e+001 +1.596681153e+002 +1.596681153e+002 -3.1760e+000 -1.0591e+000 -4.1226e+000
3 +5.418908604e+001 +5.418908604e+001 +1.255390860e+002 +1.255390860e+002 +1.2242e-001 +2.6129e+000 -9.1803e-001
6 +2.029809889e+001 +2.029809889e+001 +9.164809889e+001 +9.164809889e+001 -4.3624e+000 +6.1555e-001 +4.1207e+000
17 +1.548045006e+001 +1.548045006e+001 +8.683045006e+001 +8.683045006e+001 +2.4168e+000 -1.5515e-001 +4.6870e+000
114 +6.106682598e+000 +6.106682598e+000 +7.745668260e+001 +7.745668260e+001 -4.0969e+000 +1.3585e+000 -5.6584e+000
443 +2.457615221e+000 +2.457615221e+000 +7.380761522e+001 +7.380761522e+001 -2.1743e+000 +1.1341e-001 -7.9131e-001
% function evaluation | noise-free fitness - Fopt (-3.552200000000e+002) | best noise-free fitness - Fopt | measured fitness | best measured fitness | x1 | x2...
1 +5.400820199e+001 +5.400820199e+001 -3.012117980e+002 -3.012117980e+002 -4.4228e+000 -2.1293e+000 +4.0643e+000
7 +3.143750591e+001 +3.143750591e+001 -3.237824941e+002 -3.237824941e+002 -1.3298e+000 +4.2713e+000 +2.9613e-003
10 +1.854790353e+001 +1.854790353e+001 -3.366720965e+002 -3.366720965e+002 -3.7514e-001 -7.3037e-001 -4.9108e+000
69 +8.954674646e+000 +8.954674646e+000 -3.462653254e+002 -3.462653254e+002 +9.5282e-001 -3.5112e+000 -5.1513e+000
484 +3.902432103e+000 +3.902432103e+000 -3.513175679e+002 -3.513175679e+002 +1.7807e+000 -4.9002e+000 -1.4422e+000
969 +1.947741453e+000 +1.947741453e+000 -3.532722585e+002 -3.532722585e+002 +1.0616e+000 -5.2422e+000 -9.8161e-001
% function evaluation | noise-free fitness - Fopt (9.917000000000e+001) | best noise-free fitness - Fopt | measured fitness | best measured fitness | x1 | x2...
1 +1.740949741e+002 +1.740949741e+002 +2.732649741e+002 +2.732649741e+002 -4.6010e+000 -4.2731e+000 +2.6192e+000
3 +1.147125182e+002 +1.147125182e+002 +2.138825182e+002 +2.138825182e+002 +3.0500e+000 +3.0656e+000 +4.4935e+000
6 +6.754655856e+001 +6.754655856e+001 +1.667165586e+002 +1.667165586e+002 +2.9053e+000 -2.4884e+000 +3.4968e+000
7 +4.560106843e+001 +4.560106843e+001 +1.447710684e+002 +1.447710684e+002 -4.8616e+000 -3.5656e+000 +1.6932e+000
9 +8.622760384e+000 +8.622760384e+000 +1.077927604e+002 +1.077927604e+002 -2.5037e+000 +1.1629e+000 -1.8044e+000
299 +2.304404183e+000 +2.304404183e+000 +1.014744042e+002 +1.014744042e+002 +2.9658e+000 +4.0383e+000 -3.4794e+000
384 +1.085462246e+000 +1.085462246e+000 +1.002554622e+002 +1.002554622e+002 -8.3033e-001 -1.4351e-001 -2.5356e+000
980 +9.149613186e-001 +9.149613186e-001 +1.000849613e+002 +1.000849613e+002 -8.2575e-001 -1.6941e-001 -2.5312e+000
% function evaluation | noise-free fitness - Fopt (-5.179100000000e+002) | best noise-free fitness - Fopt | measured fitness | best measured fitness | x1 | x2...
1 +1.457946028e+002 +1.457946028e+002 -3.721153972e+002 -3.721153972e+002 -3.6930e+000 -3.1426e+000 -7.7225e-001
3 +8.720873770e+001 +8.720873770e+001 -4.307012623e+002 -4.307012623e+002 -2.9685e-001 -2.4876e+000 +4.3832e+000
5 +5.586611011e+001 +5.586611011e+001 -4.620438899e+002 -4.620438899e+002 -2.1832e+000 -3.0635e-001 +1.4282e+000
7 +2.647969456e+001 +2.647969456e+001 -4.914303054e+002 -4.914303054e+002 +7.5727e-001 +4.4394e+000 -1.3596e+000
25 +1.228774941e+001 +1.228774941e+001 -5.056222506e+002 -5.056222506e+002 -2.0120e+000 +4.5703e+000 +1.6509e+000
235 +8.225582492e+000 +8.225582492e+000 -5.096844175e+002 -5.096844175e+002 +7.7350e-001 -3.3515e+000 +3.0084e+000
243 +5.481846127e+000 +5.481846127e+000 -5.124281539e+002 -5.124281539e+002 +2.5698e+000 -5.6809e+000 +2.5441e+000
537 +1.891558254e+000 +1.891558254e+000 -5.160184417e+002 -5.160184417e+002 +1.9609e+000 +2.7413e+000 -1.1319e+000
% function evaluation | noise-free fitness - Fopt (-5.721000000000e+001) | best noise-free fitness - Fopt | measured fitness | best measured fitness | x1 | x2...
1 +5.820455231e+001 +5.820455231e+001 +9.945523129e-001 +9.945523129e-001 +4.6359e+000 +3.4670e+000 -1.1771e+000
15 +2.040032614e+001 +2.040032614e+001 -3.680967386e+001 -3.680967386e+001 -5.1038e-001 -4.5641e+000 +6.1904e-001
19 +1.374740838e+001 +1.374740838e+001 -4.346259162e+001 -4.346259162e+001 -3.6101e+000 -3.1869e+000 -4.4937e+000
27 +2.248210818e+000 +2.248210818e+000 -5.496178918e+001 -5.496178918e+001 -4.4615e+000 +3.4245e+000 +3.2883e+000
649 +9.033235409e-001 +9.033235409e-001 -5.630667646e+001 -5.630667646e+001 -5.2134e+000 +1.1372e-001 +2.9863e+000
986 +5.178427650e-001 +5.178427650e-001 -5.669215724e+001 -5.669215724e+001 -4.9851e+000 +4.2041e-001 +2.6676e+000
% function evaluation | noise-free fitness - Fopt (6.770000000000e+000) | best noise-free fitness - Fopt | measured fitness | best measured fitness | x1 | x2...
1 +1.439409063e+002 +1.439409063e+002 +1.507109063e+002 +1.507109063e+002 -2.5777e+000 +2.9875e+000 +1.0111e+000
3 +7.653454960e+001 +7.653454960e+001 +8.330454960e+001 +8.330454960e+001 -1.1842e+000 -3.4598e+000 -2.4417e+000
5 +5.764363291e+001 +5.764363291e+001 +6.441363291e+001 +6.441363291e+001 +2.4741e+000 +3.9395e+000 +2.9499e+000
10 +3.163569295e+001 +3.163569295e+001 +3.840569295e+001 +3.840569295e+001 -3.0752e+000 -1.4719e+000 -2.7475e+000
22 +1.635298349e+001 +1.635298349e+001 +2.312298349e+001 +2.312298349e+001 +1.7189e+000 +1.6756e+000 +4.7314e+000
83 +4.959360377e+000 +4.959360377e+000 +1.172936038e+001 +1.172936038e+001 -3.0475e+000 +2.1092e+000 -4.8803e+000
926 +3.645101223e+000 +3.645101223e+000 +1.041510122e+001 +1.041510122e+001 +3.0976e+000 +2.3870e+000 -1.1962e-001
% function evaluation | noise-free fitness - Fopt (-1.078000000000e+001) | best noise-free fitness - Fopt | measured fitness | best measured fitness | x1 | x2...
1 +1.392847217e+002 +1.392847217e+002 +1.285047217e+002 +1.285047217e+002 +4.1874e+000 -1.3817e+000 -4.2379e+000
4 +1.716020331e+001 +1.716020331e+001 +6.380203308e+000 +6.380203308e+000 +2.2801e+000 -8.2356e-001 +4.7329e+000
9 +1.076097470e+001 +1.076097470e+001 -1.902530234e-002 -1.902530234e-002 -3.9513e-001 +1.3581e+000 -3.0851e+000
101 +9.711468897e+000 +9.711468897e+000 -1.068531103e+000 -1.068531103e+000 -4.5532e+000 +2.5787e+000 -1.1083e+000
174 +5.129504274e+000 +5.129504274e+000 -5.650495726e+000 -5.650495726e+000 -3.7022e+000 +5.2887e+000 -1.7239e+000
417 +2.679684806e+000 +2.679684806e+000 -8.100315194e+000 -8.100315194e+000 -7.0913e-001 +5.0540e+000 -5.7617e+000
800 +7.613762426e-001 +7.613762426e-001 -1.001862376e+001 -1.001862376e+001 -1.4662e+000 +3.1072e+000 -4.6754e+000
854 +3.811909620e-001 +3.811909620e-001 -1.039880904e+001 -1.039880904e+001 -2.1225e+000 +7.5264e-001 -3.3140e+000
% function evaluation | noise-free fitness - Fopt (-1.645900000000e+002) | best noise-free fitness - Fopt | measured fitness | best measured fitness | x1 | x2...
1 +1.510606757e+002 +1.510606757e+002 -1.352932430e+001 -1.352932430e+001 -2.1559e+000 +8.9132e-001 -4.3489e+000
3 +8.536203510e+001 +8.536203510e+001 -7.922796490e+001 -7.922796490e+001 -2.2928e+000 +1.8840e+000 -4.8098e+000
5 +5.213730636e+001 +5.213730636e+001 -1.124526936e+002 -1.124526936e+002 +4.8020e+000 +3.3984e+000 -3.8876e+000
12 +3.155936712e+001 +3.155936712e+001 -1.330306329e+002 -1.330306329e+002 -2.2104e+000 +1.4406e+000 +2.5481e+000
23 +1.882350467e+001 +1.882350467e+001 -1.457664953e+002 -1.457664953e+002 -1.6690e+000 +2.5382e+000 -3.3654e+000
136 +1.527838755e+001 +1.527838755e+001 -1.493116124e+002 -1.493116124e+002 -3.3655e+000 +3.3984e+000 -3.8876e+000
232 +8.672907742e+000 +8.672907742e+000 -1.559170923e+002 -1.559170923e+002 -4.3175e+000 +3.7690e+000 -2.5791e+000
506 +4.769758657e+000 +4.769758657e+000 -1.598202413e+002 -1.598202413e+002 -4.5930e+000 +2.4462e+000 +3.1510e+000
746 +3.176973714e+000 +3.176973714e+000 -1.614130263e+002 -1.614130263e+002 -3.5767e+000 +2.3698e+000 +2.4506e+000
900 +6.126866631e-001 +6.126866631e-001 -1.639773133e+002 -1.639773133e+002 -1.1616e+000 +2.3724e+000 +4.1545e+000
% function evaluation | noise-free fitness - Fopt (-1.429800000000e+002) | best noise-free fitness - Fopt | measured fitness | best measured fitness | x1 | x2...
1 +2.734469199e+001 +2.734469199e+001 -1.156353080e+002 -1.156353080e+002 -3.0151e+000 +3.6115e+000 -1.5198e+000
4 +1.335834277e+001 +1.335834277e+001 -1.296216572e+002 -1.296216572e+002 +4.4924e+000 +3.4088e+000 +4.4939e+000
99 +6.874848142e+000 +6.874848142e+000 -1.361051519e+002 -1.361051519e+002 -3.3973e+000 +5.3899e+000 -1.8005e+000
396 +6.094488288e+000 +6.094488288e+000 -1.368855117e+002 -1.368855117e+002 +1.2413e+000 +3.5494e-001 -3.0069e+000
595 +3.977208318e+000 +3.977208318e+000 -1.390027917e+002 -1.390027917e+002 -2.1880e+000 +4.5631e+000 -4.5749e+000
636 +1.160848245e+000 +1.160848245e+000 -1.418191518e+002 -1.418191518e+002 -4.0886e+000 -3.8168e+000 +1.9531e+000
% function evaluation | noise-free fitness - Fopt (2.468600000000e+002) | best noise-free fitness - Fopt | measured fitness | best measured fitness | x1 | x2...
1 +6.777155995e+001 +6.777155995e+001 +3.146315599e+002 +3.146315599e+002 -3.6231e+000 -5.3808e-001 +2.3419e+000
3 +5.783803794e+001 +5.783803794e+001 +3.046980379e+002 +3.046980379e+002 +3.6489e+000 +3.8062e+000 -4.8578e+000
18 +1.515552475e+001 +1.515552475e+001 +2.620155247e+002 +2.620155247e+002 +2.5692e+000 +2.3913e+000 -3.4962e+000
76 +6.074210855e+000 +6.074210855e+000 +2.529342109e+002 +2.529342109e+002 -1.4166e+000 +4.7235e+000 +4.1842e+000
1032 +3.139121750e+000 +3.139121750e+000 +2.499991217e+002 +2.499991217e+002 -7.5498e-001 +3.0110e+000 -4.2248e+000
% function evaluation | noise-free fitness - Fopt (1.392300000000e+002) | best noise-free fitness - Fopt | measured fitness | best measured fitness | x1 | x2...
1 +1.222416951e+002 +1.222416951e+002 +2.614716951e+002 +2.614716951e+002 +1.9905e+000 +2.3368e+000 -3.4952e+000
3 +1.532234142e+001 +1.532234142e+001 +1.545523414e+002 +1.545523414e+002 -4.6111e+000 +1.8301e-001 -3.5081e+000
19 +8.935432523e+000 +8.935432523e+000 +1.481654325e+002 +1.481654325e+002 -3.3105e+000 -4.6533e+000 +4.3082e-001
290 +4.851104646e+000 +4.851104646e+000 +1.440811046e+002 +1.440811046e+002 -1.1426e+000 -4.9873e+000 +1.0304e+000
591 +2.390952090e+000 +2.390952090e+000 +1.416209521e+002 +1.416209521e+002 +2.3793e+000 -8.8841e-001 -5.0176e+000
% function evaluation | noise-free fitness - Fopt (-1.838000000000e+001) | best noise-free fitness - Fopt | measured fitness | best measured fitness | x1 | x2...
1 +2.210563430e+001 +2.210563430e+001 +3.725634301e+000 +3.725634301e+000 -3.0462e+000 -2.9617e-001 +2.4018e+000
47 +1.143727389e+000 +1.143727389e+000 -1.723627261e+001 -1.723627261e+001 -1.9455e+000 -1.2907e+000 -1.8254e+000
619 +9.331337496e-001 +9.331337496e-001 -1.744686625e+001 -1.744686625e+001 -1.9432e+000 -1.2655e+000 -1.8228e+000
% function evaluation | noise-free fitness - Fopt (-3.928400000000e+002) | best noise-free fitness - Fopt | measured fitness | best measured fitness | x1 | x2...
1 +2.102552807e+001 +2.102552807e+001 -3.718144719e+002 -3.718144719e+002 -3.4404e+000 -6.9111e-002 -1.2318e+000
18 +7.170187982e+000 +7.170187982e+000 -3.856698120e+002 -3.856698120e+002 +4.6945e+000 +7.9516e-001 +1.2021e+000
301 +4.246519038e+000 +4.246519038e+000 -3.885934810e+002 -3.885934810e+002 +3.4038e+000 +7.1400e-001 -5.9305e+000
% function evaluation | noise-free fitness - Fopt (2.292200000000e+002) | best noise-free fitness - Fopt | measured fitness | best measured fitness | x1 | x2...
1 +1.145052445e+002 +1.145052445e+002 +3.437252445e+002 +3.437252445e+002 +2.5721e+000 +1.8083e+000 -4.8070e+000
3 +8.754738953e+001 +8.754738953e+001 +3.167673895e+002 +3.167673895e+002 -2.2685e+000 -1.2349e+000 -1.3240e+000
4 +4.137100987e+001 +4.137100987e+001 +2.705910099e+002 +2.705910099e+002 -3.7595e+000 +1.3405e+000 +2.7138e+000
14 +1.368518524e+001 +1.368518524e+001 +2.429051852e+002 +2.429051852e+002 -6.6242e-001 -6.6606e-001 -5.1629e-001
66 +4.267767193e+000 +4.267767193e+000 +2.334877672e+002 +2.334877672e+002 +2.7214e+000 -7.0009e-001 -3.7702e+000
129 +3.888190734e+000 +3.888190734e+000 +2.331081907e+002 +2.331081907e+002 +2.8523e+000 -6.3345e-001 -3.7168e+000
431 +2.446791581e+000 +2.446791581e+000 +2.316667916e+002 +2.316667916e+002 +2.9270e+000 -3.1614e-001 -3.6632e+000
854 +1.130227285e+000 +1.130227285e+000 +2.303502273e+002 +2.303502273e+002 +2.8761e+000 +3.1859e-002 -3.7323e+000
955 +9.707822282e-001 +9.707822282e-001 +2.301907822e+002 +2.301907822e+002 +2.6989e+000 +9.6232e-002 -3.6375e+000
% function evaluation | noise-free fitness - Fopt (-2.444600000000e+002) | best noise-free fitness - Fopt | measured fitness | best measured fitness | x1 | x2...
1 +1.793994218e+002 +1.793994218e+002 -6.506057824e+001 -6.506057824e+001 +4.4903e+000 +2.2070e+000 +9.0557e-001
3 +8.326606906e+001 +8.326606906e+001 -1.611939309e+002 -1.611939309e+002 -3.6926e+000 -1.7002e+000 +3.1325e+000
12 +4.105321105e+001 +4.105321105e+001 -2.034067890e+002 -2.034067890e+002 -4.8365e+000 -1.9081e+000 +4.0394e+000
13 +2.840975232e+001 +2.840975232e+001 -2.160502477e+002 -2.160502477e+002 -7.7075e-001 -3.5727e+000 -7.9273e-002
15 +2.317399194e+001 +2.317399194e+001 -2.212860081e+002 -2.212860081e+002 +1.9405e-001 -2.3236e+000 +3.8304e+000
23 +1.259522315e+001 +1.259522315e+001 -2.318647769e+002 -2.318647769e+002 +1.6260e+000 +2.3471e-001 -4.2058e+000
42 +5.043626703e+000 +5.043626703e+000 -2.394163733e+002 -2.394163733e+002 +4.9551e+000 -1.3398e+000 -2.9413e+000
507 +3.650715818e+000 +3.650715818e+000 -2.408092842e+002 -2.408092842e+002 -3.7793e+000 -3.3492e+000 -1.3716e+000
