% function evaluation | noise-free fitness - Fopt (-6.211100000000e+002) | best noise-free fitness - Fopt | measured fitness | best measured fitness | x1 | x2...
1 +1.505943573e+009 +1.505943573e+009 +1.505942952e+009 +1.505942952e+009 +1.3414e+001 +1.1553e+001 +7.5965e+000 +1.2196e+001 +9.3967e+000 +1.2529e+001 +1.2825e+001 +1.1147e+001 +5.2465e+000 +6.4659e+000
4 +9.491185549e+008 +9.491185549e+008 +9.491179338e+008 +9.491179338e+008 +7.1124e+000 +1.1673e+001 +7.6373e+000 +9.4870e+000 +1.0638e+001 +5.9639e+000 +6.0684e+000 +1.0573e+001 +6.7695e+000 +1.3235e+001
286 +6.250624868e+008 +6.250624868e+008 +6.250618657e+008 +6.250618657e+008 +1.1448e+001 +1.1200e+001 +4.7033e+000 +6.2486e+000 +1.0688e+001 +5.2859e+000 +5.0707e+000 +5.2199e+000 +8.1085e+000 +8.3134e+000
512 +3.837120178e+008 +3.837120178e+008 +3.837113967e+008 +3.837113967e+008 +9.7526e+000 +7.0846e+000 +5.9242e+000 -1.1370e-001 +2.4179e-001 +6.3749e+000 +9.5407e+000 +4.1502e+000 +1.8897e+000 +1.1676e+000
762 +2.007365931e+008 +2.007365931e+008 +2.007359720e+008 +2.007359720e+008 +3.3570e+000 +7.7840e+000 -6.3587e-001 +3.6126e+000 +7.6215e+000 +7.3448e+000 +1.7037e+000 +5.4408e+000 +8.8667e+000 -1.3274e+000
840 +1.410018384e+008 +1.410018384e+008 +1.410012173e+008 +1.410012173e+008 +1.2045e+000 +6.0154e+000 +7.2549e-001 +1.9230e+000 +5.7347e+000 +5.8126e+000 +1.6316e+000 +5.4626e+000 +3.4997e+000 -3.4387e-001
918 +9.666032603e+007 +9.666032603e+007 +9.665970492e+007 +9.665970492e+007 +1.0134e+000 +5.5941e+000 -3.0097e-001 +4.9137e-001 +4.4050e+000 +4.2069e+000 +6.4763e-001 +5.3422e+000 +2.1583e+000 -5.2160e-001
1027 +5.625824651e+007 +5.625824651e+007 +5.625762540e+007 +5.625762540e+007 +6.7124e-001 +5.5533e+000 -1.1010e+000 +1.6014e+000 +3.3826e+000 +4.6957e-001 -1.4602e-001 +3.7089e+000 +3.0153e+000 -3.1913e+000
1215 +3.808975658e+007 +3.808975658e+007 +3.808913547e+007 +3.808913547e+007 +9.8480e-002 +5.0226e+000 -2.9658e+000 -9.5561e-001 +3.1424e+000 +4.1780e-001 -1.0072e+000 +4.0718e+000 +1.4715e+000 -1.1215e+000
1438 +1.615832207e+007 +1.615832207e+007 +1.615770096e+007 +1.615770096e+007 -1.0048e+000 +4.4651e+000 -1.4535e+000 -1.3831e+000 +2.3427e+000 +1.5827e+000 -3.7826e-001 +1.0011e+000 +2.2702e+000 -2.2820e+000
1523 +1.468210422e+007 +1.468210422e+007 +1.468148311e+007 +1.468148311e+007 -7.0002e-001 +4.2257e+000 -1.2327e+000 -1.5721e+000 +1.6456e+000 +4.9091e-002 +3.1913e-001 +2.1436e+000 +1.3550e+000 -1.0039e+000
1605 +9.342726027e+006 +9.342726027e+006 +9.342104917e+006 +9.342104917e+006 -2.7166e-001 +3.9073e+000 -1.7092e+000 -1.9288e+000 +4.3543e-001 -5.2573e-001 +5.0569e-001 +7.9385e-001 +8.1246e-001 +2.1794e-001
1639 +6.300880274e+006 +6.300880274e+006 +6.300259164e+006 +6.300259164e+006 -2.1850e+000 +3.9030e+000 -2.0076e+000 -1.7714e+000 +2.4897e+000 +2.1117e-001 +8.1708e-001 +6.1359e-001 +1.6174e+000 -4.0924e-001
1819 +3.316066938e+006 +3.316066938e+006 +3.315445828e+006 +3.315445828e+006 -1.5799e+000 +3.5265e+000 -2.7040e+000 -2.7543e+000 +3.3048e+000 -5.0740e-001 +1.2272e+000 -7.1633e-001 +2.4177e+000 -1.1771e+000
1922 +2.235031136e+006 +2.235031136e+006 +2.234410026e+006 +2.234410026e+006 -1.1613e+000 +3.4375e+000 -1.7166e+000 -2.0857e+000 +1.8646e+000 -1.2582e+000 +5.5374e-001 -4.3473e-001 +2.7906e+000 +1.0548e-001
2022 +1.135523400e+006 +1.135523400e+006 +1.134902290e+006 +1.134902290e+006 -1.5166e+000 +3.3294e+000 -1.9545e+000 -2.6084e+000 +2.5756e+000 -1.1194e+000 +9.4953e-001 -9.3498e-001 +2.4891e+000 -6.3764e-001
2062 +9.222151745e+005 +9.222151745e+005 +9.215940645e+005 +9.215940645e+005 -1.2253e+000 +3.4665e+000 -7.8425e-001 -2.8014e+000 +8.9331e-001 -1.4184e+000 +6.3480e-001 -5.4722e-001 +2.1031e+000 -4.6383e-001
2182 +5.492900589e+005 +5.492900589e+005 +5.486689489e+005 +5.486689489e+005 -1.4350e+000 +3.5508e+000 -1.5262e+000 -2.8562e+000 +2.3596e+000 -1.3375e+000 +8.7026e-001 -1.0898e+000 +2.8149e+000 -6.3749e-001
2323 +3.016366338e+005 +3.016366338e+005 +3.010155238e+005 +3.010155238e+005 -1.3321e+000 +3.7823e+000 -1.2200e+000 -2.7901e+000 +1.6203e+000 -1.3640e+000 +1.2288e+000 -6.7795e-001 +2.3502e+000 -5.0071e-001
2412 +1.976508304e+005 +1.976508304e+005 +1.970297204e+005 +1.970297204e+005 -1.5229e+000 +3.7530e+000 -8.1449e-001 -3.1902e+000 +1.0316e+000 -1.6888e+000 +1.2553e+000 -8.6380e-001 +1.7483e+000 -5.2184e-001
2482 +1.388284654e+005 +1.388284654e+005 +1.382073554e+005 +1.382073554e+005 -1.2363e+000 +3.8864e+000 -6.8469e-001 -3.2617e+000 +6.9904e-001 -1.8573e+000 +1.1254e+000 -9.2220e-001 +1.4841e+000 -5.9543e-001
2571 +8.072015864e+004 +8.072015864e+004 +8.009904864e+004 +8.009904864e+004 -1.1606e+000 +4.0323e+000 -5.7538e-001 -3.4012e+000 +7.6493e-001 -1.8716e+000 +1.1748e+000 -7.3124e-001 +1.6908e+000 -6.9866e-001
2893 +2.919737422e+004 +2.919737422e+004 +2.857626422e+004 +2.857626422e+004 -1.2519e+000 +3.9297e+000 -7.2637e-001 -3.3123e+000 +8.2435e-001 -1.7695e+000 +1.0711e+000 -7.6285e-001 +1.7436e+000 -5.1609e-001
2994 +1.327701892e+004 +1.327701892e+004 +1.265590892e+004 +1.265590892e+004 -1.1747e+000 +3.9475e+000 -6.5497e-001 -3.3335e+000 +8.5151e-001 -1.7361e+000 +1.1537e+000 -7.7315e-001 +1.7213e+000 -4.6572e-001
3353 +7.064740201e+003 +7.064740201e+003 +6.443630201e+003 +6.443630201e+003 -1.2272e+000 +4.0091e+000 -5.9690e-001 -3.3308e+000 +6.9367e-001 -1.7085e+000 +1.1741e+000 -7.9349e-001 +1.6820e+000 -4.7859e-001
3444 +4.951471948e+003 +4.951471948e+003 +4.330361948e+003 +4.330361948e+003 -1.2749e+000 +4.0025e+000 -6.9783e-001 -3.3653e+000 +8.4471e-001 -1.6466e+000 +1.1559e+000 -7.7100e-001 +1.6999e+000 -4.5566e-001
3564 +3.003173109e+003 +3.003173109e+003 +2.382063109e+003 +2.382063109e+003 -1.1941e+000 +3.9839e+000 -6.1718e-001 -3.3603e+000 +7.2469e-001 -1.6979e+000 +1.1474e+000 -7.7166e-001 +1.6633e+000 -4.3361e-001
3596 +1.810982101e+003 +1.810982101e+003 +1.189872101e+003 +1.189872101e+003 -1.1989e+000 +3.9798e+000 -6.1902e-001 -3.3677e+000 +7.3512e-001 -1.7097e+000 +1.1397e+000 -8.0068e-001 +1.6364e+000 -4.5249e-001
3674 +1.131554751e+003 +1.131554751e+003 +5.104447509e+002 +5.104447509e+002 -1.2001e+000 +4.0037e+000 -5.8368e-001 -3.3908e+000 +7.0541e-001 -1.7012e+000 +1.1178e+000 -7.8498e-001 +1.6571e+000 -4.3868e-001
3681 +7.443372026e+002 +7.443372026e+002 +1.232272026e+002 +1.232272026e+002 -1.1951e+000 +4.0014e+000 -6.0633e-001 -3.4010e+000 +7.3849e-001 -1.7072e+000 +1.1392e+000 -7.9321e-001 +1.6364e+000 -4.5105e-001
3763 +5.215038263e+002 +5.215038263e+002 -9.960617370e+001 -9.960617370e+001 -1.1916e+000 +4.0110e+000 -5.8681e-001 -3.4065e+000 +7.1098e-001 -1.7064e+000 +1.1357e+000 -7.9358e-001 +1.6355e+000 -4.5250e-001
4039 +3.475662563e+002 +3.475662563e+002 -2.735437437e+002 -2.735437437e+002 -1.2064e+000 +4.0168e+000 -5.7108e-001 -3.4112e+000 +6.7209e-001 -1.7230e+000 +1.1341e+000 -8.0143e-001 +1.6291e+000 -4.4793e-001
% function evaluation | noise-free fitness - Fopt (-2.548200000000e+002) | best noise-free fitness - Fopt | measured fitness | best measured fitness | x1 | x2...
1 +1.084513447e+009 +1.084513447e+009 +1.084513192e+009 +1.084513192e+009 +1.0262e+001 +8.1203e+000 +6.2612e+000 +1.2923e+001 +1.2408e+001 +1.2515e+001 +1.0727e+001 +9.1138e+000 +1.3742e+001 +1.2138e+001
9 +9.886811548e+008 +9.886811548e+008 +9.886809000e+008 +9.886809000e+008 +1.2520e+001 +1.1659e+001 +6.6040e+000 +7.9380e+000 +1.0744e+001 +1.3931e+001 +1.2070e+001 +5.0568e+000 +8.3922e+000 +7.8135e+000
39 +5.903126566e+008 +5.903126566e+008 +5.903124017e+008 +5.903124017e+008 +8.3032e+000 +5.7043e+000 +1.1896e+001 +7.4956e+000 +6.1486e+000 +5.3679e+000 +6.0817e+000 +8.0565e+000 +9.4918e+000 +1.0883e+001
323 +3.885795052e+008 +3.885795052e+008 +3.885792504e+008 +3.885792504e+008 +9.0315e+000 +1.0342e+001 +3.1351e+000 +5.2096e+000 +8.1334e+000 +3.7853e+000 +7.9693e+000 +3.6558e+000 +8.5061e+000 +6.5973e+000
766 +2.284745551e+008 +2.284745551e+008 +2.284743003e+008 +2.284743003e+008 +6.3301e+000 +6.6235e+000 +1.2480e+000 +2.4511e+000 +6.3716e+000 +4.6892e+000 +2.0736e-001 +5.8151e+000 +8.7165e+000 +7.8000e+000
941 +1.507827308e+008 +1.507827308e+008 +1.507824760e+008 +1.507824760e+008 +7.1235e+000 +5.5221e+000 +3.3263e+000 +2.3888e+000 +3.6618e+000 +4.6806e+000 -2.2845e+000 +5.6836e+000 +6.7148e+000 +3.7462e+000
1102 +9.995817138e+007 +9.995817138e+007 +9.995791656e+007 +9.995791656e+007 +6.9334e+000 +5.4377e+000 +1.9414e+000 +1.6048e+000 +2.0605e+000 +4.3595e+000 -1.9845e+000 +4.9942e+000 +5.5348e+000 +3.3388e+000
1254 +5.749336969e+007 +5.749336969e+007 +5.749311487e+007 +5.749311487e+007 +6.1355e+000 +5.4930e+000 -2.6498e-001 +5.6991e-002 -3.3431e-001 +2.5912e+000 -1.5020e+000 +4.3064e+000 +6.1443e+000 +4.0279e+000
1338 +3.543284691e+007 +3.543284691e+007 +3.543259209e+007 +3.543259209e+007 +6.2830e+000 +5.0605e+000 -1.8462e+000 -9.7689e-001 -7.4516e-001 +2.4170e+000 -1.1106e+000 +4.2209e+000 +4.0186e+000 +3.6982e+000
1423 +2.040330911e+007 +2.040330911e+007 +2.040305429e+007 +2.040305429e+007 +5.7109e+000 +4.4797e+000 -1.0289e+000 -1.8328e+000 -2.1479e+000 +1.9847e+000 -2.3539e+000 +3.9689e+000 +3.4006e+000 +2.5125e+000
1499 +1.555521897e+007 +1.555521897e+007 +1.555496415e+007 +1.555496415e+007 +5.3235e+000 +4.0511e+000 -1.6412e+000 -2.1517e+000 -3.0433e+000 +1.6705e+000 -2.7055e+000 +3.3219e+000 +3.0622e+000 +2.3157e+000
1645 +9.016757042e+006 +9.016757042e+006 +9.016502222e+006 +9.016502222e+006 +5.0685e+000 +4.2259e+000 -8.9662e-001 -2.5902e+000 -3.2680e+000 +1.2956e+000 -3.3498e-001 +2.4877e+000 +2.1676e+000 +2.4401e+000
1757 +5.702902455e+006 +5.702902455e+006 +5.702647635e+006 +5.702647635e+006 +5.7073e+000 +3.0170e+000 -8.5454e-001 -3.1365e+000 -3.0730e+000 +9.5423e-001 -1.6947e+000 +1.0624e+000 +1.8768e+000 +2.1108e+000
1832 +3.675679899e+006 +3.675679899e+006 +3.675425079e+006 +3.675425079e+006 +5.3505e+000 +2.8106e+000 -1.1297e+000 -3.1885e+000 -4.1723e+000 -7.4153e-002 -1.9453e+000 +1.8335e+000 +1.7394e+000 +2.6760e+000
1956 +1.993934776e+006 +1.993934776e+006 +1.993679956e+006 +1.993679956e+006 +5.9415e+000 +2.7306e+000 -1.4473e+000 -2.6269e+000 -3.8049e+000 +7.2493e-001 -1.0601e+000 +2.2996e+000 +5.8016e-001 +3.1770e+000
2037 +1.557179612e+006 +1.557179612e+006 +1.556924792e+006 +1.556924792e+006 +5.6154e+000 +2.7306e+000 -1.0023e+000 -2.6269e+000 -3.1983e+000 +7.2493e-001 -1.9457e+000 +2.2996e+000 +1.4313e+000 +3.2925e+000
2175 +9.782197872e+005 +9.782197872e+005 +9.779649672e+005 +9.779649672e+005 +5.6437e+000 +2.6199e+000 -7.4123e-001 -2.5455e+000 -3.7718e+000 -2.8333e-002 -1.3211e+000 +1.5762e+000 +7.7748e-001 +3.3212e+000
2212 +5.045769369e+005 +5.045769369e+005 +5.043221169e+005 +5.043221169e+005 +6.3361e+000 +1.6203e+000 -1.2046e+000 -3.4404e+000 -3.4194e+000 +6.4509e-001 -1.4892e+000 +1.9025e+000 +8.8065e-001 +3.4555e+000
2314 +3.248151780e+005 +3.248151780e+005 +3.245603580e+005 +3.245603580e+005 +6.1291e+000 +2.1175e+000 -1.1844e+000 -2.7088e+000 -3.5120e+000 +3.4096e-001 -1.5006e+000 +1.9798e+000 +9.9492e-001 +3.4010e+000
2457 +2.323436874e+005 +2.323436874e+005 +2.320888674e+005 +2.320888674e+005 +6.4370e+000 +1.7408e+000 -1.1991e+000 -2.9822e+000 -3.2843e+000 +3.9336e-001 -1.5052e+000 +1.7908e+000 +1.0651e+000 +3.6066e+000
2606 +1.512816124e+005 +1.512816124e+005 +1.510267924e+005 +1.510267924e+005 +6.0601e+000 +1.9101e+000 -1.3438e+000 -2.9448e+000 -3.2074e+000 +6.3278e-002 -1.4183e+000 +1.7756e+000 +7.7865e-001 +3.4420e+000
2686 +8.392949153e+004 +8.392949153e+004 +8.367467153e+004 +8.367467153e+004 +6.1834e+000 +1.8945e+000 -1.2710e+000 -3.0379e+000 -3.1480e+000 +1.9804e-001 -1.4391e+000 +1.7178e+000 +8.6091e-001 +3.5434e+000
2892 +4.927220064e+004 +4.927220064e+004 +4.901738064e+004 +4.901738064e+004 +6.4667e+000 +1.9366e+000 -1.2370e+000 -3.2546e+000 -3.2029e+000 +2.3274e-001 -1.3829e+000 +1.7762e+000 +9.6601e-001 +3.6443e+000
2948 +3.734709585e+004 +3.734709585e+004 +3.709227585e+004 +3.709227585e+004 +6.1878e+000 +2.0698e+000 -1.2373e+000 -2.9598e+000 -3.1762e+000 +7.2543e-002 -1.3766e+000 +1.7483e+000 +8.5322e-001 +3.5561e+000
3123 +2.333072380e+004 +2.333072380e+004 +2.307590380e+004 +2.307590380e+004 +6.3886e+000 +1.9140e+000 -1.2858e+000 -3.2735e+000 -3.2631e+000 +2.2637e-001 -1.5226e+000 +1.7631e+000 +8.4576e-001 +3.6479e+000
3137 +1.043681516e+004 +1.043681516e+004 +1.018199516e+004 +1.018199516e+004 +6.3550e+000 +2.0103e+000 -1.3033e+000 -3.1998e+000 -3.2125e+000 +1.2324e-001 -1.4161e+000 +1.7789e+000 +8.4881e-001 +3.6336e+000
3217 +8.274863051e+003 +8.274863051e+003 +8.020043051e+003 +8.020043051e+003 +6.3461e+000 +1.9887e+000 -1.3072e+000 -3.2422e+000 -3.2232e+000 +1.3312e-001 -1.4555e+000 +1.7545e+000 +8.3560e-001 +3.6385e+000
3508 +4.554167494e+003 +4.554167494e+003 +4.299347494e+003 +4.299347494e+003 +6.3142e+000 +2.0374e+000 -1.3326e+000 -3.2061e+000 -3.2337e+000 +1.5900e-001 -1.4572e+000 +1.7777e+000 +8.6765e-001 +3.6391e+000
3705 +3.845373271e+003 +3.845373271e+003 +3.590553271e+003 +3.590553271e+003 +6.3087e+000 +2.0076e+000 -1.3251e+000 -3.2112e+000 -3.2483e+000 +1.6905e-001 -1.4849e+000 +1.7673e+000 +8.4512e-001 +3.6378e+000
3939 +2.091431333e+003 +2.091431333e+003 +1.836611333e+003 +1.836611333e+003 +6.3383e+000 +1.9926e+000 -1.3504e+000 -3.1924e+000 -3.2770e+000 +1.4968e-001 -1.4610e+000 +1.7400e+000 +8.4622e-001 +3.6456e+000
3965 +1.540760422e+003 +1.540760422e+003 +1.285940422e+003 +1.285940422e+003 +6.3331e+000 +1.9976e+000 -1.3442e+000 -3.2039e+000 -3.2689e+000 +1.8427e-001 -1.4838e+000 +1.7506e+000 +8.7061e-001 +3.6304e+000
% function evaluation | noise-free fitness - Fopt (5.661000000000e+001) | best noise-free fitness - Fopt | measured fitness | best measured fitness | x1 | x2...
1 +2.747159520e+012 +2.747159520e+012 +2.747159521e+012 +2.747159521e+012 +8.8507e+000 +9.9417e+000 +1.0596e+001 +9.7914e+000 +5.6039e+000 +8.7065e+000 +1.4182e+001 +7.2224e+000 +1.0509e+001 +1.4636e+001
3 +4.741769664e+011 +4.741769664e+011 +4.741769664e+011 +4.741769664e+011 +1.0166e+001 +5.9663e+000 +1.4244e+001 +1.0040e+001 +9.7655e+000 +8.4243e+000 +1.2502e+001 +1.4765e+001 +1.2951e+001 +1.0988e+001
4 +5.265939996e+010 +5.265939996e+010 +5.265940002e+010 +5.265940002e+010 +9.1835e+000 +1.3229e+001 +7.5211e+000 +1.0964e+001 +7.9589e+000 +5.2047e+000 +1.4125e+001 +1.3667e+001 +8.7872e+000 +5.3776e+000
22 +5.794988961e+009 +5.794988961e+009 +5.794989018e+009 +5.794989018e+009 +5.1197e+000 +5.1845e+000 +6.5278e+000 +5.9391e+000 +7.5938e+000 +6.4491e+000 +5.1032e+000 +8.7752e+000 +1.0283e+001 +5.1090e+000
69 +2.229155375e+009 +2.229155375e+009 +2.229155432e+009 +2.229155432e+009 +3.6902e+000 +4.0583e+000 +5.9357e+000 +6.0219e+000 +8.2957e+000 +8.5188e+000 +5.7713e+000 +1.1903e+001 +1.3488e+001 +5.2750e+000
579 +1.558999642e+009 +1.558999642e+009 +1.558999699e+009 +1.558999699e+009 +9.4200e+000 +4.0503e+000 +6.0993e+000 +1.6362e+000 +1.2307e+001 -1.1789e+000 +7.2383e+000 +1.5257e+001 +1.0342e+001 +1.0930e+001
948 +9.979785319e+008 +9.979785319e+008 +9.979785886e+008 +9.979785886e+008 +7.0877e+000 +4.2146e+000 +5.0731e+000 -2.0366e+000 +1.1399e+001 -4.3739e+000 +4.2244e+000 +1.2012e+001 +1.6639e+001 +7.9317e+000
1365 +6.166747866e+008 +6.166747866e+008 +6.166748432e+008 +6.166748432e+008 +6.6146e+000 +1.7274e+000 +2.8896e+000 -3.4383e+000 +8.5908e+000 -4.3111e+000 -2.5128e+000 +9.6332e+000 +7.3220e+000 +7.8186e+000
1670 +3.953760852e+008 +3.953760852e+008 +3.953761418e+008 +3.953761418e+008 +5.9234e+000 -8.0561e-001 +2.4110e+000 -4.2797e+000 +6.6367e+000 -6.4382e+000 +7.3224e-001 +4.2046e+000 +6.7072e+000 +7.7450e+000
1882 +2.427239966e+008 +2.427239966e+008 +2.427240532e+008 +2.427240532e+008 +2.6821e+000 -9.7969e-001 +1.8619e+000 -5.7549e+000 +4.2542e+000 -4.7453e+000 +6.2738e-001 +2.0876e+000 +6.7240e+000 +6.3345e+000
2090 +1.555247769e+008 +1.555247769e+008 +1.555248335e+008 +1.555248335e+008 +1.3348e+000 -1.0723e+000 +1.1199e+000 -5.2511e+000 +2.4939e+000 -5.7175e+000 +9.1003e-001 -2.2307e-001 +4.9288e+000 +5.6125e+000
2288 +9.863836725e+007 +9.863836725e+007 +9.863842386e+007 +9.863842386e+007 +4.0976e-001 -1.2509e+000 +1.8284e-001 -4.3126e+000 +1.3703e+000 -4.5634e+000 +1.4673e-001 -1.1564e+000 +1.1590e+000 +4.6792e+000
2436 +5.645725824e+007 +5.645725824e+007 +5.645731485e+007 +5.645731485e+007 -1.3156e+000 -1.3958e+000 -9.5187e-001 -2.8869e+000 -3.2970e-001 -5.9117e+000 +6.7889e-001 -3.0208e+000 +4.2155e+000 +4.1103e+000
2628 +3.977354417e+007 +3.977354417e+007 +3.977360078e+007 +3.977360078e+007 -2.1466e+000 -1.8979e+000 -6.1456e-001 -2.9017e+000 -6.6798e-001 -5.2939e+000 +1.5652e+000 -2.9562e+000 +1.8489e-001 +1.9987e+000
2784 +2.475489693e+007 +2.475489693e+007 +2.475495354e+007 +2.475495354e+007 -3.5438e+000 -2.1578e+000 -7.1942e-001 -1.1709e+000 -1.5394e+000 -4.7711e+000 +1.5768e+000 -2.7853e+000 -1.6891e+000 +6.0438e-001
2904 +1.580800980e+007 +1.580800980e+007 +1.580806641e+007 +1.580806641e+007 -3.4492e+000 -1.9673e+000 -9.3990e-001 -5.6132e-001 -2.7315e+000 -4.2947e+000 +2.1148e+000 -3.6542e+000 -1.0975e+000 +1.0536e+000
3095 +9.460348128e+006 +9.460348128e+006 +9.460404738e+006 +9.460404738e+006 -4.0267e+000 -2.2678e+000 -1.7016e+000 -1.8784e-001 -2.5286e+000 -3.9793e+000 +2.5995e+000 -3.5638e+000 -1.5669e+000 +5.9974e-001
3219 +5.985716248e+006 +5.985716248e+006 +5.985772858e+006 +5.985772858e+006 -4.3789e+000 -1.8674e+000 -2.0754e+000 +1.3443e+000 -2.6561e+000 -2.7038e+000 +2.8448e+000 -3.4300e+000 -9.7166e-001 +7.6068e-001
3286 +3.901848328e+006 +3.901848328e+006 +3.901904938e+006 +3.901904938e+006 -4.1340e+000 -2.1674e+000 -2.2308e+000 +4.0156e-001 -2.3206e+000 -3.1498e+000 +2.8287e+000 -3.5922e+000 -1.2389e+000 +1.4700e+000
3317 +2.432603872e+006 +2.432603872e+006 +2.432660482e+006 +2.432660482e+006 -3.7865e+000 -2.1273e+000 -2.7829e+000 +2.4726e-001 -2.9657e+000 -3.1550e+000 +3.2380e+000 -3.8192e+000 -8.3372e-001 +1.0785e+000
3401 +1.521044008e+006 +1.521044008e+006 +1.521100618e+006 +1.521100618e+006 -3.8099e+000 -2.0948e+000 -2.9976e+000 +2.7725e-001 -3.0286e+000 -2.8881e+000 +3.3693e+000 -3.8903e+000 -5.7273e-001 +1.3707e+000
3555 +9.189809175e+005 +9.189809175e+005 +9.190375275e+005 +9.190375275e+005 -3.6738e+000 -2.0131e+000 -3.2142e+000 +4.1750e-001 -2.9427e+000 -2.5972e+000 +3.3983e+000 -3.9526e+000 -6.2358e-001 +1.5459e+000
3576 +5.163037839e+005 +5.163037839e+005 +5.163603939e+005 +5.163603939e+005 -3.6624e+000 -1.9768e+000 -3.4354e+000 +4.4124e-001 -3.3120e+000 -2.5928e+000 +3.2329e+000 -3.7938e+000 -1.1057e+000 +1.5627e+000
3786 +3.339770317e+005 +3.339770317e+005 +3.340336417e+005 +3.340336417e+005 -3.7033e+000 -1.9727e+000 -3.5293e+000 +5.4326e-001 -3.0699e+000 -2.4039e+000 +3.2495e+000 -3.8151e+000 -9.8639e-001 +1.6447e+000
3858 +1.717102810e+005 +1.717102810e+005 +1.717668910e+005 +1.717668910e+005 -3.9990e+000 -2.0625e+000 -3.5982e+000 +7.0489e-001 -3.1514e+000 -2.2814e+000 +3.1119e+000 -3.5678e+000 -1.2323e+000 +1.6732e+000
% function evaluation | noise-free fitness - Fopt (-1.810000000000e+001) | best noise-free fitness - Fopt | measured fitness | best measured fitness | x1 | x2...
1 +1.185045214e+011 +1.185045214e+011 +1.185045213e+011 +1.185045213e+011 +9.5099e+000 +1.1576e+001 +8.5276e+000 +1.1643e+001 +1.1323e+001 +6.5707e+000 +8.3096e+000 +7.7108e+000 +1.3774e+001 +9.5766e+000
3 +8.545355368e+010 +8.545355368e+010 +8.545355366e+010 +8.545355366e+010 +1.4151e+001 +1.1071e+001 +5.4461e+000 +7.6324e+000 +8.5949e+000 +1.0092e+001 +8.2452e+000 +6.2624e+000 +8.5025e+000 +1.3220e+001
4 +3.240112165e+010 +3.240112165e+010 +3.240112163e+010 +3.240112163e+010 +1.2079e+001 +9.1714e+000 +1.1874e+001 +7.6885e+000 +1.1791e+001 +7.1620e+000 +6.7810e+000 +5.3425e+000 +9.7222e+000 +6.8411e+000
5 +2.155541214e+010 +2.155541214e+010 +2.155541212e+010 +2.155541212e+010 +1.3603e+001 +1.0171e+001 +1.1765e+001 +9.6879e+000 +6.6243e+000 +1.4753e+001 +1.3911e+001 +5.8839e+000 +1.2719e+001 +9.1935e+000
7 +8.350764635e+009 +8.350764635e+009 +8.350764617e+009 +8.350764617e+009 +1.2418e+001 +7.1975e+000 +1.4989e+001 +9.4325e+000 +8.4298e+000 +1.4423e+001 +1.2796e+001 +9.3091e+000 +1.1048e+001 +8.5923e+000
10 +6.728112993e+008 +6.728112993e+008 +6.728112812e+008 +6.728112812e+008 +6.8411e+000 +5.9234e+000 +1.0125e+001 +8.4524e+000 +8.2150e+000 +7.6740e+000 +1.3817e+001 +1.0202e+001 +9.5822e+000 +6.0797e+000
104 +5.907026257e+008 +5.907026257e+008 +5.907026076e+008 +5.907026076e+008 +8.7499e+000 +4.0764e+000 +8.2528e+000 +9.9519e+000 +9.9642e+000 +5.6296e+000 +1.0994e+001 +7.2057e+000 +1.1741e+001 +5.4988e+000
310 +3.808316046e+008 +3.808316046e+008 +3.808315865e+008 +3.808315865e+008 +7.1729e+000 +4.5525e+000 +6.3104e+000 +1.2107e+000 +9.1472e+000 +1.7599e+000 +1.1904e+001 +7.6294e+000 +2.8822e+000 +6.4875e+000
754 +2.439344677e+008 +2.439344677e+008 +2.439344496e+008 +2.439344496e+008 +1.7980e-001 +4.0693e+000 +6.0862e+000 +4.6088e+000 +8.2636e+000 -7.6805e-001 +1.0628e+001 +7.1570e+000 -6.2054e-001 +5.2279e+000
976 +1.526571255e+008 +1.526571255e+008 +1.526571074e+008 +1.526571074e+008 +1.0705e+000 +1.9926e+000 +2.9854e+000 +2.2904e+000 +5.9603e+000 +9.9791e-001 +7.8304e+000 +5.7036e+000 -1.4038e+000 +6.0662e+000
1148 +9.241842541e+007 +9.241842541e+007 +9.241840731e+007 +9.241840731e+007 +6.1957e-002 +1.5138e+000 +1.6816e+000 +3.0722e+000 +4.1297e+000 +8.4633e-001 +6.4872e+000 +3.6462e+000 -1.2146e+000 +7.5711e+000
1368 +6.275972659e+007 +6.275972659e+007 +6.275970849e+007 +6.275970849e+007 -4.8882e-001 +2.7141e-001 +1.8503e+000 +2.7816e+000 +4.1134e+000 +6.0857e-001 +6.3037e+000 -4.2232e-001 -2.8819e+000 +6.5486e+000
1473 +2.936917303e+007 +2.936917303e+007 +2.936915493e+007 +2.936915493e+007 +8.8415e-001 +2.0072e+000 +1.8982e+000 +4.4741e+000 +3.0964e+000 -1.0675e+000 +4.9510e+000 +3.9520e-001 +7.0133e-001 +5.0939e+000
1601 +1.755252545e+007 +1.755252545e+007 +1.755250735e+007 +1.755250735e+007 +7.3815e-001 -1.0869e-001 +6.8054e-001 +4.7124e+000 +7.8241e-001 -4.5960e-003 +4.6755e+000 -1.2023e+000 +1.3813e+000 +4.7404e+000
1671 +1.333405060e+007 +1.333405060e+007 +1.333403250e+007 +1.333403250e+007 -6.2746e-001 +1.1476e+000 +6.2931e-001 +2.9834e+000 +2.0203e+000 -7.3076e-001 +3.5353e+000 -1.3019e+000 +6.8223e-002 +5.1911e+000
1709 +9.233267982e+006 +9.233267982e+006 +9.233249882e+006 +9.233249882e+006 -1.2909e+000 +9.3978e-001 +1.6208e+000 +2.6814e+000 +1.2854e+000 -8.4334e-001 +4.5560e+000 -1.7655e+000 +4.9181e-001 +4.3525e+000
1753 +6.263571954e+006 +6.263571954e+006 +6.263553854e+006 +6.263553854e+006 +3.9374e-001 +2.7631e-001 +2.3641e+000 +4.2683e+000 +2.4636e+000 -6.6132e-001 +3.1037e+000 -1.7511e+000 +7.1230e-001 +4.1365e+000
1968 +3.755115269e+006 +3.755115269e+006 +3.755097169e+006 +3.755097169e+006 -3.3513e-001 -3.0862e-002 +2.2914e+000 +2.8167e+000 +1.0859e+000 -7.8987e-002 +2.7982e+000 -3.1095e+000 +1.0166e+000 +3.9902e+000
2045 +1.805925951e+006 +1.805925951e+006 +1.805907851e+006 +1.805907851e+006 -8.7351e-001 +2.5545e-001 +2.5480e+000 +2.6348e+000 +2.0385e+000 +7.4748e-002 +2.8314e+000 -2.9991e+000 +1.0422e+000 +3.6680e+000
2062 +1.114563004e+006 +1.114563004e+006 +1.114544904e+006 +1.114544904e+006 -1.2450e+000 +5.4940e-001 +1.9177e+000 +3.3130e+000 +1.9068e+000 +6.8257e-001 +3.1028e+000 -2.2974e+000 +1.0712e+000 +3.7940e+000
2117 +9.623292573e+005 +9.623292573e+005 +9.623111573e+005 +9.623111573e+005 -8.5049e-001 +3.7995e-001 +2.8429e+000 +3.1878e+000 +2.1914e+000 +3.1082e-001 +2.5280e+000 -2.4940e+000 +1.0670e+000 +3.8969e+000
2313 +6.246361670e+005 +6.246361670e+005 +6.246180670e+005 +6.246180670e+005 -8.4627e-001 +6.1369e-001 +2.3557e+000 +2.8433e+000 +1.0421e+000 +7.3414e-001 +2.7942e+000 -2.8522e+000 +1.1552e+000 +3.7496e+000
2397 +3.467922940e+005 +3.467922940e+005 +3.467741940e+005 +3.467741940e+005 -1.1005e+000 +4.7932e-001 +2.2778e+000 +3.0050e+000 +1.3530e+000 +8.0134e-001 +2.8572e+000 -2.8240e+000 +1.3439e+000 +3.6731e+000
2576 +1.925090731e+005 +1.925090731e+005 +1.924909731e+005 +1.924909731e+005 -1.2632e+000 +5.4947e-001 +2.5615e+000 +3.2698e+000 +1.3996e+000 +1.1286e+000 +2.7665e+000 -2.5104e+000 +1.6740e+000 +3.5576e+000
2616 +1.350126004e+005 +1.350126004e+005 +1.349945004e+005 +1.349945004e+005 -1.1388e+000 +4.6216e-001 +2.3385e+000 +3.0782e+000 +1.2556e+000 +9.0006e-001 +2.7525e+000 -2.5985e+000 +1.5725e+000 +3.6661e+000
2812 +7.335333714e+004 +7.335333714e+004 +7.333523714e+004 +7.333523714e+004 -1.2930e+000 +7.1495e-001 +2.3174e+000 +3.1336e+000 +1.3494e+000 +8.9085e-001 +2.7851e+000 -2.4900e+000 +1.6017e+000 +3.6248e+000
2891 +5.699419450e+004 +5.699419450e+004 +5.697609450e+004 +5.697609450e+004 -1.3322e+000 +7.1532e-001 +2.3075e+000 +3.1151e+000 +1.2605e+000 +9.6406e-001 +2.7730e+000 -2.4391e+000 +1.6062e+000 +3.6257e+000
2905 +3.420284786e+004 +3.420284786e+004 +3.418474786e+004 +3.418474786e+004 -1.2018e+000 +7.6302e-001 +2.3207e+000 +3.1982e+000 +1.3778e+000 +9.1583e-001 +2.6780e+000 -2.4762e+000 +1.5557e+000 +3.6026e+000
3104 +2.038365401e+004 +2.038365401e+004 +2.036555401e+004 +2.036555401e+004 -1.1476e+000 +7.8254e-001 +2.3293e+000 +3.1463e+000 +1.3133e+000 +9.4732e-001 +2.6592e+000 -2.3755e+000 +1.4848e+000 +3.6545e+000
3275 +1.215814931e+004 +1.215814931e+004 +1.214004931e+004 +1.214004931e+004 -1.1769e+000 +7.8095e-001 +2.2586e+000 +3.1334e+000 +1.2742e+000 +9.8660e-001 +2.7165e+000 -2.3809e+000 +1.5449e+000 +3.6472e+000
3453 +7.662140930e+003 +7.662140930e+003 +7.644040930e+003 +7.644040930e+003 -1.1517e+000 +8.0210e-001 +2.2841e+000 +3.1922e+000 +1.2580e+000 +1.0371e+000 +2.7385e+000 -2.3766e+000 +1.5224e+000 +3.6299e+000
3538 +6.252881664e+003 +6.252881664e+003 +6.234781664e+003 +6.234781664e+003 -1.1260e+000 +8.0540e-001 +2.2690e+000 +3.1760e+000 +1.2377e+000 +1.0081e+000 +2.7253e+000 -2.3692e+000 +1.5388e+000 +3.6227e+000
3621 +3.622568630e+003 +3.622568630e+003 +3.604468630e+003 +3.604468630e+003 -1.1260e+000 +7.6441e-001 +2.3188e+000 +3.1715e+000 +1.2053e+000 +1.0081e+000 +2.7253e+000 -2.3692e+000 +1.5388e+000 +3.5815e+000
3725 +2.305170988e+003 +2.305170988e+003 +2.287070988e+003 +2.287070988e+003 -1.1071e+000 +7.7533e-001 +2.2987e+000 +3.1656e+000 +1.2312e+000 +1.0437e+000 +2.7410e+000 -2.3522e+000 +1.5403e+000 +3.6050e+000
3991 +1.030873064e+003 +1.030873064e+003 +1.012773064e+003 +1.012773064e+003 -1.1364e+000 +7.8054e-001 +2.2705e+000 +3.1450e+000 +1.1983e+000 +1.0421e+000 +2.7744e+000 -2.3651e+000 +1.5463e+000 +3.6462e+000
% function evaluation | noise-free fitness - Fopt (3.777000000000e+001) | best noise-free fitness - Fopt | measured fitness | best measured fitness | x1 | x2...
1 +8.129223855e+010 +8.129223855e+010 +8.129223858e+010 +8.129223858e+010 +1.0033e+001 +1.0382e+001 +7.0258e+000 +1.3026e+001 +1.4920e+001 +1.0917e+001 +1.4619e+001 +7.2345e+000 +1.2642e+001 +1.2765e+001
3 +1.846071944e+009 +1.846071944e+009 +1.846071981e+009 +1.846071981e+009 +5.6822e+000 +7.1019e+000 +6.7479e+000 +6.8076e+000 +1.1596e+001 +9.9520e+000 +1.2102e+001 +7.1161e+000 +1.2674e+001 +8.8077e+000
26 +1.421876401e+009 +1.421876401e+009 +1.421876439e+009 +1.421876439e+009 +7.1382e+000 +1.4905e+001 +1.3648e+001 +6.5834e+000 +1.4541e+001 +6.5976e+000 +6.8178e+000 +8.5056e+000 +1.0815e+001 +8.8071e+000
462 +9.170366607e+008 +9.170366607e+008 +9.170366984e+008 +9.170366984e+008 +6.2070e+000 +3.9820e+000 +1.4436e+001 +6.1994e+000 +1.1284e+001 +7.1036e+000 +7.1509e+000 +5.9842e+000 +8.5834e+000 +1.1934e+001
688 +6.019329948e+008 +6.019329948e+008 +6.019330326e+008 +6.019330326e+008 +8.8782e+000 +1.2283e+000 +7.8914e+000 +4.4865e+000 +1.3264e+001 +5.8629e+000 +4.8102e+000 +1.1697e+001 +4.3221e+000 +4.7866e+000
1016 +3.939386632e+008 +3.939386632e+008 +3.939387009e+008 +3.939387009e+008 +7.2997e+000 +4.6147e-001 +1.6416e+000 +4.0304e+000 +1.2675e+001 +2.6243e+000 +3.2378e-001 +9.9018e+000 -5.2350e-001 +2.4785e+000
1277 +2.505378319e+008 +2.505378319e+008 +2.505378696e+008 +2.505378696e+008 +6.7686e+000 +3.7196e-001 +9.4300e-001 +3.0595e+000 +1.1417e+001 +9.2780e-001 -1.1348e+000 +6.7426e+000 +3.0285e-001 +3.4225e+000
1555 +1.428258403e+008 +1.428258403e+008 +1.428258780e+008 +1.428258780e+008 +3.3803e+000 +4.8122e-001 +3.5074e+000 +2.9865e+000 +7.3868e+000 +1.2432e+000 -8.8310e-001 +6.7194e+000 +1.4610e+000 +4.9479e+000
1693 +9.671684223e+007 +9.671684223e+007 +9.671688000e+007 +9.671688000e+007 +4.8025e+000 -1.3617e-002 +1.7305e+000 +1.9991e+000 +6.4274e+000 -7.7961e-001 -1.8618e+000 +5.7679e+000 -4.6664e-001 +2.8612e+000
1792 +5.675430140e+007 +5.675430140e+007 +5.675433917e+007 +5.675433917e+007 +3.7312e+000 -8.0626e-001 +2.4661e+000 +1.4833e+000 +3.4186e+000 -1.0161e+000 -2.0833e+000 +5.4622e+000 +1.0757e+000 +3.4401e+000
1893 +3.505355516e+007 +3.505355516e+007 +3.505359293e+007 +3.505359293e+007 +3.2459e+000 +3.3894e-002 +2.0221e+000 +1.2235e+000 +1.9385e+000 -1.4877e+000 -2.0052e+000 +5.4180e+000 +8.8888e-001 +2.5446e+000
1979 +2.148896656e+007 +2.148896656e+007 +2.148900433e+007 +2.148900433e+007 +2.3288e+000 -3.2967e-001 +2.3943e+000 +8.8165e-001 +8.0944e-001 -2.6562e+000 -2.7591e+000 +4.5387e+000 +1.7510e-001 +1.6354e+000
2073 +1.505085998e+007 +1.505085998e+007 +1.505089775e+007 +1.505089775e+007 +1.3448e+000 +1.7433e+000 +3.1863e+000 +1.4274e+000 +9.2278e-001 -3.6849e+000 -2.4707e+000 +3.7898e+000 -1.6959e+000 +3.7218e-001
2202 +6.160896730e+006 +6.160896730e+006 +6.160934500e+006 +6.160934500e+006 +1.0228e+000 +1.0718e+000 +1.8699e+000 +1.6947e+000 +6.2813e-001 -3.9039e+000 -2.7958e+000 +4.1753e+000 -4.4051e-001 +1.0733e+000
2452 +3.979625841e+006 +3.979625841e+006 +3.979663611e+006 +3.979663611e+006 +6.8451e-001 +1.5984e+000 +2.0751e+000 +1.0463e+000 -5.7271e-001 -4.6847e+000 -2.9689e+000 +4.3034e+000 +2.5717e-001 +9.0347e-001
2539 +2.159623144e+006 +2.159623144e+006 +2.159660914e+006 +2.159660914e+006 +1.1785e-001 +1.9185e+000 +1.7077e+000 +1.4246e+000 -6.9967e-001 -4.8855e+000 -2.7796e+000 +4.2547e+000 +1.3245e-001 +7.9599e-001
2626 +1.393679258e+006 +1.393679258e+006 +1.393717028e+006 +1.393717028e+006 +1.6651e-001 +1.7642e+000 +1.3236e+000 +1.0956e+000 +2.8073e-002 -5.0593e+000 -3.0254e+000 +3.8464e+000 +2.8581e-002 +8.3199e-001
2744 +9.951411822e+005 +9.951411822e+005 +9.951789522e+005 +9.951789522e+005 -1.4342e-001 +1.6079e+000 +9.2803e-001 +1.2311e+000 -1.5861e-001 -5.2243e+000 -2.9489e+000 +4.1324e+000 -7.5619e-002 +3.7557e-001
2960 +5.549905909e+005 +5.549905909e+005 +5.550283609e+005 +5.550283609e+005 +1.5770e-001 +1.5588e+000 +8.1450e-001 +1.3807e+000 +3.3204e-001 -5.2087e+000 -2.8852e+000 +4.0495e+000 +6.3171e-002 +5.6643e-001
3118 +3.254610175e+005 +3.254610175e+005 +3.254987875e+005 +3.254987875e+005 -4.0647e-002 +1.5588e+000 +8.3958e-001 +1.3807e+000 +3.3204e-001 -4.9835e+000 -2.8852e+000 +4.0495e+000 +6.3171e-002 +2.4746e-001
3272 +1.688650434e+005 +1.688650434e+005 +1.689028134e+005 +1.689028134e+005 +2.4536e-001 +1.7192e+000 +7.0011e-001 +1.2993e+000 +2.7458e-002 -5.0151e+000 -2.5912e+000 +4.2703e+000 +3.9396e-001 +4.6503e-001
3441 +1.393306596e+005 +1.393306596e+005 +1.393684296e+005 +1.393684296e+005 +6.7585e-002 +1.4757e+000 +7.0810e-001 +1.2640e+000 +1.8756e-001 -4.5203e+000 -2.6314e+000 +4.0467e+000 +2.9830e-001 +6.2133e-002
3463 +7.319685732e+004 +7.319685732e+004 +7.323462732e+004 +7.323462732e+004 +2.2159e-001 +1.5240e+000 +7.9037e-001 +1.3451e+000 +3.1168e-001 -4.8702e+000 -2.6700e+000 +4.2155e+000 +3.1899e-001 +2.7512e-001
3487 +3.279178330e+004 +3.279178330e+004 +3.282955330e+004 +3.282955330e+004 +1.3882e-001 +1.7026e+000 +7.2065e-001 +1.3539e+000 +2.4723e-001 -4.7393e+000 -2.6519e+000 +4.1720e+000 +3.0534e-001 +1.9725e-001
3577 +2.011057402e+004 +2.011057402e+004 +2.014834402e+004 +2.014834402e+004 +1.3326e-001 +1.5998e+000 +7.4949e-001 +1.4001e+000 +2.3627e-001 -4.7850e+000 -2.6664e+000 +4.1669e+000 +3.0475e-001 +1.7776e-001
3657 +1.139345519e+004 +1.139345519e+004 +1.143122519e+004 +1.143122519e+004 +1.2169e-001 +1.6234e+000 +7.3242e-001 +1.3867e+000 +3.0316e-001 -4.6908e+000 -2.6049e+000 +4.1469e+000 +3.2869e-001 +1.5477e-001
3716 +5.836976074e+003 +5.836976074e+003 +5.874746074e+003 +5.874746074e+003 +1.1628e-001 +1.6193e+000 +7.8695e-001 +1.3855e+000 +2.5736e-001 -4.7204e+000 -2.6022e+000 +4.1224e+000 +3.6155e-001 +2.2247e-001
3771 +3.173128809e+003 +3.173128809e+003 +3.210898809e+003 +3.210898809e+003 +1.0269e-001 +1.6239e+000 +7.6442e-001 +1.3906e+000 +2.6542e-001 -4.7152e+000 -2.5975e+000 +4.1306e+000 +3.8372e-001 +2.1839e-001
% function evaluation | noise-free fitness - Fopt (-6.720000000000e+001) | best noise-free fitness - Fopt | measured fitness | best measured fitness | x1 | x2...
1 +1.202403871e+009 +1.202403871e+009 +1.202403804e+009 +1.202403804e+009 +7.4478e+000 +1.1346e+001 +5.9465e+000 +1.0250e+001 +8.5510e+000 +1.1304e+001 +1.0221e+001 +5.1768e+000 +7.1119e+000 +7.7955e+000
3 +5.801278965e+008 +5.801278965e+008 +5.801278293e+008 +5.801278293e+008 +1.4174e+001 +5.5863e+000 +9.5903e+000 +7.1778e+000 +9.4203e+000 +8.9274e+000 +1.1951e+001 +5.4950e+000 +8.3842e+000 +7.5687e+000
176 +3.629176939e+008 +3.629176939e+008 +3.629176267e+008 +3.629176267e+008 +1.1327e+001 +6.3428e+000 +7.1144e+000 +5.1878e+000 +1.2292e+001 +7.4798e+000 +8.0614e+000 +8.9829e+000 +4.5984e+000 +6.6530e+000
594 +2.323467583e+008 +2.323467583e+008 +2.323466911e+008 +2.323466911e+008 +1.6227e+001 +5.5213e+000 +7.3416e+000 +2.2483e+000 +1.0781e+001 +6.9807e+000 +5.0947e+000 +8.9247e+000 +4.2115e+000 +7.8692e+000
796 +1.562285590e+008 +1.562285590e+008 +1.562284918e+008 +1.562284918e+008 +1.3082e+001 -2.2311e+000 +5.8599e+000 -9.7754e-002 +6.4480e+000 +5.6730e+000 +5.2804e+000 +1.0242e+001 +4.8859e+000 +9.5763e+000
1042 +7.080400958e+007 +7.080400958e+007 +7.080394238e+007 +7.080394238e+007 +1.6028e+001 -3.9955e+000 +1.0440e+001 +4.6756e-001 +7.6698e+000 +7.1672e+000 -1.8183e+000 +9.2636e+000 +9.5798e-001 +6.9049e+000
1143 +5.513442557e+007 +5.513442557e+007 +5.513435837e+007 +5.513435837e+007 +1.5599e+001 -1.7942e+000 +7.6412e+000 -1.8281e+000 +6.8944e+000 +7.0693e+000 +1.4941e+000 +9.4929e+000 +1.5200e+000 +7.0571e+000
1243 +3.910347934e+007 +3.910347934e+007 +3.910341214e+007 +3.910341214e+007 +1.6759e+001 -2.1284e+000 +8.0027e+000 -3.2489e+000 +6.5269e+000 +6.7907e+000 +6.0979e-001 +9.1203e+000 +1.2356e+000 +5.9612e+000
1318 +2.392408052e+007 +2.392408052e+007 +2.392401332e+007 +2.392401332e+007 +1.6064e+001 -3.6768e+000 +7.4238e+000 -3.0677e+000 +6.4083e+000 +7.5252e+000 -9.6787e-001 +8.5662e+000 +1.4927e+000 +5.0454e+000
1420 +1.355407106e+007 +1.355407106e+007 +1.355400386e+007 +1.355400386e+007 +1.6038e+001 -3.9734e+000 +7.5687e+000 -3.3295e+000 +7.1110e+000 +7.4417e+000 -3.4845e+000 +1.1075e+001 +8.2263e-001 +5.7708e+000
1592 +9.572864821e+006 +9.572864821e+006 +9.572797621e+006 +9.572797621e+006 +1.8326e+001 -4.0442e+000 +6.4387e+000 -4.5888e+000 +8.3794e+000 +7.3637e+000 -3.4688e+000 +1.1454e+001 -3.9980e-001 +5.3260e+000
1698 +5.108454152e+006 +5.108454152e+006 +5.108386952e+006 +5.108386952e+006 +1.6727e+001 -4.1143e+000 +5.4386e+000 -3.5879e+000 +8.2553e+000 +8.5085e+000 -4.0237e+000 +1.1091e+001 -2.3780e-001 +4.0700e+000
1811 +3.391801761e+006 +3.391801761e+006 +3.391734561e+006 +3.391734561e+006 +1.6351e+001 -3.7206e+000 +5.6639e+000 -4.4614e+000 +7.5845e+000 +7.9306e+000 -3.6012e+000 +1.0847e+001 +3.6990e-001 +4.3705e+000
1812 +1.980139624e+006 +1.980139624e+006 +1.980072424e+006 +1.980072424e+006 +1.6049e+001 -3.0167e+000 +5.5615e+000 -3.7957e+000 +7.3462e+000 +7.6012e+000 -3.3900e+000 +1.0750e+001 +5.2649e-001 +4.3803e+000
1943 +1.265139894e+006 +1.265139894e+006 +1.265072694e+006 +1.265072694e+006 +1.6635e+001 -3.1926e+000 +5.0675e+000 -4.2902e+000 +7.5251e+000 +8.0664e+000 -3.4312e+000 +1.0733e+001 +7.7137e-001 +4.4530e+000
2337 +9.197382782e+005 +9.197382782e+005 +9.196710782e+005 +9.196710782e+005 +1.6763e+001 -3.1068e+000 +5.0151e+000 -4.4983e+000 +7.4004e+000 +8.2089e+000 -3.6846e+000 +1.0540e+001 +7.0863e-001 +4.6505e+000
2521 +6.075097981e+005 +6.075097981e+005 +6.074425981e+005 +6.074425981e+005 +1.6555e+001 -2.8044e+000 +5.0485e+000 -4.1578e+000 +7.8555e+000 +8.4651e+000 -3.9210e+000 +1.0497e+001 +7.2868e-001 +4.8792e+000
2636 +3.482490373e+005 +3.482490373e+005 +3.481818373e+005 +3.481818373e+005 +1.6577e+001 -2.7905e+000 +5.2723e+000 -4.3004e+000 +7.4123e+000 +8.6633e+000 -3.5841e+000 +1.0306e+001 +7.0604e-001 +4.5266e+000
2725 +1.973266117e+005 +1.973266117e+005 +1.972594117e+005 +1.972594117e+005 +1.6469e+001 -2.7691e+000 +5.0756e+000 -4.1723e+000 +7.4365e+000 +8.5232e+000 -3.7220e+000 +1.0174e+001 +7.2999e-001 +4.5099e+000
2891 +1.472636731e+005 +1.472636731e+005 +1.471964731e+005 +1.471964731e+005 +1.6443e+001 -2.7780e+000 +4.9760e+000 -4.0762e+000 +7.4734e+000 +8.3607e+000 -3.7455e+000 +1.0042e+001 +7.3180e-001 +4.4568e+000
3018 +9.927962895e+004 +9.927962895e+004 +9.921242895e+004 +9.921242895e+004 +1.6397e+001 -2.8593e+000 +5.1370e+000 -3.8682e+000 +7.4015e+000 +8.5184e+000 -3.8814e+000 +1.0016e+001 +7.8511e-001 +4.5354e+000
3115 +6.090662520e+004 +6.090662520e+004 +6.083942520e+004 +6.083942520e+004 +1.6498e+001 -2.7273e+000 +5.1060e+000 -4.0259e+000 +7.5217e+000 +8.4651e+000 -3.8184e+000 +9.9778e+000 +8.1275e-001 +4.5269e+000
3258 +3.480891394e+004 +3.480891394e+004 +3.474171394e+004 +3.474171394e+004 +1.6459e+001 -2.7804e+000 +5.1633e+000 -3.9074e+000 +7.4618e+000 +8.4598e+000 -3.7937e+000 +9.8954e+000 +8.4566e-001 +4.5401e+000
3319 +1.537530440e+004 +1.537530440e+004 +1.530810440e+004 +1.530810440e+004 +1.6364e+001 -2.7743e+000 +5.1037e+000 -3.8529e+000 +7.4828e+000 +8.4250e+000 -3.7709e+000 +9.9336e+000 +8.6191e-001 +4.5556e+000
3399 +7.035016460e+003 +7.035016460e+003 +6.967816460e+003 +6.967816460e+003 +1.6376e+001 -2.7658e+000 +5.1207e+000 -3.8465e+000 +7.4842e+000 +8.3932e+000 -3.7375e+000 +9.9076e+000 +8.7764e-001 +4.5803e+000
3518 +3.295458998e+003 +3.295458998e+003 +3.228258998e+003 +3.228258998e+003 +1.6468e+001 -2.7445e+000 +5.1031e+000 -3.8733e+000 +7.5331e+000 +8.4014e+000 -3.7307e+000 +9.9507e+000 +8.7635e-001 +4.6095e+000
3811 +2.461140304e+003 +2.461140304e+003 +2.393940304e+003 +2.393940304e+003 +1.6441e+001 -2.7556e+000 +5.1178e+000 -3.8523e+000 +7.5192e+000 +8.3826e+000 -3.7153e+000 +9.9318e+000 +8.8666e-001 +4.6221e+000
% function evaluation | noise-free fitness - Fopt (-7.010000000000e+000) | best noise-free fitness - Fopt | measured fitness | best measured fitness | x1 | x2...
1 +3.910881149e+013 +3.910881149e+013 +3.910881149e+013 +3.910881149e+013 +1.4853e+001 +1.3964e+001 +1.4639e+001 +6.9674e+000 +1.2715e+001 +6.3618e+000 +5.3007e+000 +6.8903e+000 +1.4364e+001 +1.4978e+001
3 +3.744203515e+012 +3.744203515e+012 +3.744203515e+012 +3.744203515e+012 +8.2269e+000 +5.5028e+000 +1.1078e+001 +9.7893e+000 +1.4312e+001 +7.5231e+000 +5.7458e+000 +1.2567e+001 +1.1951e+001 +8.1540e+000
4 +1.278946900e+011 +1.278946900e+011 +1.278946900e+011 +1.278946900e+011 +5.1302e+000 +9.2034e+000 +1.2168e+001 +1.3700e+001 +7.8550e+000 +1.3341e+001 +5.5922e+000 +8.1409e+000 +1.1756e+001 +1.4100e+001
16 +9.808127568e+010 +9.808127568e+010 +9.808127568e+010 +9.808127568e+010 +6.4111e+000 +1.1508e+001 +1.4303e+001 +7.5760e+000 +7.2765e+000 +1.2147e+001 +6.4745e+000 +1.4024e+001 +9.4511e+000 +1.1845e+001
135 +3.324918026e+010 +3.324918026e+010 +3.324918025e+010 +3.324918025e+010 +2.6326e+000 +4.9635e+000 +7.6625e+000 +3.1175e+000 +7.1232e+000 +1.4271e+001 +1.1857e+001 +1.8026e+001 +1.0686e+001 +1.1588e+001
209 +7.952909597e+009 +7.952909597e+009 +7.952909590e+009 +7.952909590e+009 +4.9099e+000 +1.4479e+001 +7.6404e+000 +1.0450e+001 +5.1982e+000 +1.4224e+001 +5.6398e+000 +1.4447e+001 +9.8869e+000 +6.0893e+000
255 +3.949290447e+009 +3.949290447e+009 +3.949290440e+009 +3.949290440e+009 +3.8251e+000 +1.2321e+001 +1.6028e+001 +5.4014e-001 +4.7782e+000 +6.6329e+000 +3.0723e+000 +1.0768e+001 +1.8560e+000 +1.3605e+001
257 +1.666551600e+009 +1.666551600e+009 +1.666551593e+009 +1.666551593e+009 +7.0475e+000 +1.8925e+001 +8.1427e+000 +8.7803e+000 +6.8120e+000 +1.1207e+001 -6.2196e+000 +1.0440e+001 +1.3950e+000 +3.8078e+000
329 +1.535301047e+009 +1.535301047e+009 +1.535301040e+009 +1.535301040e+009 +6.9908e+000 +1.8155e+001 +6.4079e+000 +1.3168e+001 -1.0624e+000 +1.3916e+001 +4.0022e-001 +8.5862e+000 +7.3193e+000 +5.3521e+000
454 +7.079411314e+008 +7.079411314e+008 +7.079411244e+008 +7.079411244e+008 +6.8765e+000 +1.4571e+001 +7.0992e+000 +3.9498e+000 -1.9077e+000 +1.7243e+001 -1.9226e+000 +8.4586e+000 +6.2747e+000 +2.2293e+000
837 +6.053275880e+008 +6.053275880e+008 +6.053275810e+008 +6.053275810e+008 +5.0190e+000 +1.4891e+001 +8.5171e+000 +1.7834e+000 -2.5479e+000 +6.9011e+000 +9.4216e-001 +5.7967e+000 +5.1594e+000 -7.3147e+000
995 +3.870590362e+008 +3.870590362e+008 +3.870590292e+008 +3.870590292e+008 +4.9537e+000 +1.2503e+001 +6.5941e+000 +3.8928e+000 -3.4782e+000 +9.6186e+000 -2.1717e+000 +5.4981e+000 +5.5467e+000 -3.1676e+000
1009 +2.325406726e+008 +2.325406726e+008 +2.325406656e+008 +2.325406656e+008 +4.8092e+000 +3.9934e+000 +6.0211e+000 +8.5862e+000 -1.1643e+001 +8.8149e+000 -1.9226e+000 +2.4544e+000 +6.2747e+000 +2.2293e+000
1164 +1.521807523e+008 +1.521807523e+008 +1.521807453e+008 +1.521807453e+008 +1.9940e+000 +5.2654e+000 +4.5544e+000 +5.2379e+000 -6.5805e+000 +7.7646e+000 -1.8193e-001 +5.5486e-001 +5.6450e+000 +3.4217e-001
1274 +9.479977074e+007 +9.479977074e+007 +9.479976373e+007 +9.479976373e+007 +1.8068e+000 +1.9716e+000 +4.7129e+000 +4.1969e+000 -2.8613e+000 +5.8553e+000 -4.4205e+000 +8.0705e-003 +4.4322e+000 +2.1368e+000
1358 +5.944780407e+007 +5.944780407e+007 +5.944779706e+007 +5.944779706e+007 +5.1581e-001 -9.8420e-003 +3.5483e+000 +4.2519e+000 -3.5649e+000 +3.9603e+000 -4.4394e+000 -2.1269e+000 +4.7113e+000 +8.9220e-001
1489 +3.727669254e+007 +3.727669254e+007 +3.727668553e+007 +3.727668553e+007 +2.7080e+000 +6.1887e-001 +2.1748e+000 +3.5687e+000 -7.1615e+000 +7.1293e+000 -4.3561e+000 -4.4670e+000 +3.6053e+000 -3.0350e-001
1791 +2.222886167e+007 +2.222886167e+007 +2.222885466e+007 +2.222885466e+007 +3.0484e+000 +6.6678e-001 +2.1159e+000 +4.9870e+000 -6.1120e+000 +3.8107e+000 -4.2877e+000 -4.6294e+000 +3.3862e+000 +8.1575e-001
1920 +1.390558860e+007 +1.390558860e+007 +1.390558159e+007 +1.390558159e+007 +4.0484e+000 +2.9397e+000 +3.5036e+000 +4.8766e+000 -5.5752e+000 +4.6271e+000 -7.2427e+000 -5.6694e+000 +3.5615e+000 -2.5939e-001
2098 +9.779865275e+006 +9.779865275e+006 +9.779858265e+006 +9.779858265e+006 +4.1403e+000 +2.9479e+000 +2.5771e+000 +4.1740e+000 -5.2295e+000 +4.0454e+000 -6.6960e+000 -5.4364e+000 +3.1282e+000 +3.7000e-001
2295 +5.853371440e+006 +5.853371440e+006 +5.853364430e+006 +5.853364430e+006 +3.9638e+000 +2.4338e+000 +2.5940e+000 +4.4348e+000 -6.2435e+000 +3.8532e+000 -6.9202e+000 -5.8151e+000 +1.9009e+000 +6.8006e-001
2386 +3.067276709e+006 +3.067276709e+006 +3.067269699e+006 +3.067269699e+006 +4.6280e+000 +1.9579e+000 +2.4628e+000 +4.9868e+000 -6.6031e+000 +4.3279e+000 -7.6671e+000 -5.3281e+000 +2.9237e+000 +1.3803e-001
2548 +1.896078635e+006 +1.896078635e+006 +1.896071625e+006 +1.896071625e+006 +3.8243e+000 +2.0189e+000 +1.8019e+000 +4.6471e+000 -5.5040e+000 +4.2294e+000 -7.2184e+000 -5.5257e+000 +2.9486e+000 +1.0786e+000
2641 +1.377854982e+006 +1.377854982e+006 +1.377847972e+006 +1.377847972e+006 +4.1483e+000 +2.1485e+000 +2.0546e+000 +5.2679e+000 -6.4922e+000 +4.2073e+000 -8.1433e+000 -5.2728e+000 +2.8429e+000 +6.8746e-001
2758 +7.068009126e+005 +7.068009126e+005 +7.067939026e+005 +7.067939026e+005 +4.6808e+000 +2.1586e+000 +1.9956e+000 +5.2053e+000 -7.3538e+000 +4.8254e+000 -7.4867e+000 -5.6172e+000 +3.2161e+000 +1.1276e+000
2794 +5.336270185e+005 +5.336270185e+005 +5.336200085e+005 +5.336200085e+005 +3.8881e+000 +2.1450e+000 +1.7509e+000 +5.0070e+000 -6.4749e+000 +4.2843e+000 -7.3459e+000 -5.5665e+000 +3.0203e+000 +1.1584e+000
2877 +3.345285843e+005 +3.345285843e+005 +3.345215743e+005 +3.345215743e+005 +4.0302e+000 +2.2464e+000 +1.7523e+000 +5.0781e+000 -6.8266e+000 +4.5857e+000 -7.3150e+000 -5.5818e+000 +2.9609e+000 +1.2470e+000
3057 +2.221684050e+005 +2.221684050e+005 +2.221613950e+005 +2.221613950e+005 +4.2521e+000 +2.1038e+000 +1.7819e+000 +5.3742e+000 -6.8347e+000 +4.5424e+000 -7.5676e+000 -5.4954e+000 +3.1299e+000 +1.2339e+000
3146 +1.508322219e+005 +1.508322219e+005 +1.508252119e+005 +1.508252119e+005 +4.3180e+000 +2.2223e+000 +1.6753e+000 +5.3388e+000 -6.9871e+000 +4.5830e+000 -7.6411e+000 -5.6023e+000 +3.1340e+000 +1.2811e+000
3430 +9.553376356e+004 +9.553376356e+004 +9.552675356e+004 +9.552675356e+004 +4.2644e+000 +2.2629e+000 +1.8840e+000 +5.2086e+000 -7.0459e+000 +4.5371e+000 -7.7360e+000 -5.5667e+000 +3.2415e+000 +1.3553e+000
3439 +5.709873291e+004 +5.709873291e+004 +5.709172291e+004 +5.709172291e+004 +4.1495e+000 +2.3442e+000 +1.6284e+000 +5.2831e+000 -6.9121e+000 +4.5225e+000 -7.6242e+000 -5.5624e+000 +3.1240e+000 +1.4056e+000
3588 +3.200150217e+004 +3.200150217e+004 +3.199449217e+004 +3.199449217e+004 +4.1692e+000 +2.2914e+000 +1.5906e+000 +5.2131e+000 -6.9251e+000 +4.5529e+000 -7.6661e+000 -5.5465e+000 +3.2012e+000 +1.4407e+000
3645 +1.948233360e+004 +1.948233360e+004 +1.947532360e+004 +1.947532360e+004 +4.1397e+000 +2.3560e+000 +1.6151e+000 +5.2059e+000 -6.8423e+000 +4.4563e+000 -7.6812e+000 -5.5490e+000 +3.1372e+000 +1.4179e+000
3913 +1.526475874e+004 +1.526475874e+004 +1.525774874e+004 +1.525774874e+004 +4.1131e+000 +2.3437e+000 +1.5642e+000 +5.1709e+000 -6.8016e+000 +4.4485e+000 -7.6276e+000 -5.5376e+000 +3.1603e+000 +1.4612e+000
4077 +7.211297880e+003 +7.211297880e+003 +7.204287880e+003 +7.204287880e+003 +4.1185e+000 +2.3416e+000 +1.5737e+000 +5.1360e+000 -6.7861e+000 +4.4554e+000 -7.6521e+000 -5.4988e+000 +3.1501e+000 +1.4428e+000
% function evaluation | noise-free fitness - Fopt (-1.297300000000e+002) | best noise-free fitness - Fopt | measured fitness | best measured fitness | x1 | x2...
1 +1.089116085e+009 +1.089116085e+009 +1.089115956e+009 +1.089115956e+009 +1.4509e+001 +1.1472e+001 +9.8762e+000 +1.4198e+001 +8.5638e+000 +1.1635e+001 +1.2687e+001 +7.0990e+000 +1.1421e+001 +1.1351e+001
3 +7.625500240e+008 +7.625500240e+008 +7.625498943e+008 +7.625498943e+008 +6.4130e+000 +1.2062e+001 +8.5850e+000 +7.5085e+000 +1.1686e+001 +8.6796e+000 +7.5901e+000 +7.9858e+000 +1.1938e+001 +8.5144e+000
45 +5.434369452e+008 +5.434369452e+008 +5.434368155e+008 +5.434368155e+008 +1.4354e+001 +5.2961e+000 +1.2853e+001 +6.7317e+000 +5.4387e+000 +1.3435e+001 +5.9741e+000 +6.0449e+000 +8.8951e+000 +8.1530e+000
214 +3.978968041e+008 +3.978968041e+008 +3.978966744e+008 +3.978966744e+008 +1.3422e+001 +5.6371e+000 +8.8761e+000 +6.4986e+000 +3.9591e+000 +1.3328e+001 +5.1787e+000 -1.7113e+000 +9.8006e+000 +2.6804e+000
656 +1.418807119e+008 +1.418807119e+008 +1.418805822e+008 +1.418805822e+008 +1.1415e+001 -5.3333e+000 +4.9711e+000 +3.1183e+000 +1.6534e+000 +1.2179e+001 +3.7119e+000 -6.7877e-001 +5.5411e+000 +6.1404e+000
1142 +9.492242465e+007 +9.492242465e+007 +9.492229492e+007 +9.492229492e+007 +1.1131e+001 -6.1172e+000 +2.7050e+000 +2.2365e-001 +1.8459e+000 +9.9364e+000 +3.6741e+000 -3.3156e+000 +5.8191e+000 +4.4614e+000
1369 +6.263922825e+007 +6.263922825e+007 +6.263909852e+007 +6.263909852e+007 +1.0219e+001 -3.2928e+000 +2.5632e+000 +7.1326e-002 +1.1305e+000 +9.9347e+000 +3.9006e+000 -2.2345e+000 +5.8262e+000 +1.9637e+000
1548 +3.845130672e+007 +3.845130672e+007 +3.845117699e+007 +3.845117699e+007 +9.0328e+000 -4.1684e+000 +1.9702e+000 +1.5499e-001 +1.5962e+000 +7.2219e+000 +3.0378e+000 -2.9977e+000 +4.8514e+000 +7.0210e-001
1792 +2.336410838e+007 +2.336410838e+007 +2.336397865e+007 +2.336397865e+007 +7.2429e+000 -4.1209e+000 +2.0417e+000 +5.7133e-001 +1.9067e+000 +6.0052e+000 +2.5205e+000 -2.6515e+000 +4.7567e+000 +4.1477e-001
1937 +1.505239099e+007 +1.505239099e+007 +1.505226126e+007 +1.505226126e+007 +6.2232e+000 -4.5164e+000 +8.7945e-001 +2.4939e-001 +1.5125e+000 +5.8208e+000 +2.0675e+000 -1.9899e+000 +4.8235e+000 -1.1913e-001
2098 +8.592317541e+006 +8.592317541e+006 +8.592187811e+006 +8.592187811e+006 +5.7550e+000 -4.0917e+000 +3.2018e-001 -1.1780e-001 +1.0862e+000 +5.6386e+000 +1.6971e+000 -7.6158e-001 +4.2952e+000 -1.0982e+000
2237 +5.888504663e+006 +5.888504663e+006 +5.888374933e+006 +5.888374933e+006 +5.8690e+000 -3.1680e+000 +1.1125e+000 -6.8443e-001 +5.2847e-001 +5.4041e+000 +1.7497e+000 -1.2074e+000 +3.8693e+000 -1.2776e+000
2448 +3.496789501e+006 +3.496789501e+006 +3.496659771e+006 +3.496659771e+006 +5.2432e+000 -3.1961e+000 +1.0582e+000 -6.6499e-001 +7.0196e-001 +5.0954e+000 +1.0875e+000 -7.0383e-001 +3.7408e+000 -1.9921e+000
2635 +2.505847458e+006 +2.505847458e+006 +2.505717728e+006 +2.505717728e+006 +4.8139e+000 -3.2980e+000 +7.9077e-001 -5.2030e-001 +4.0325e-001 +4.6788e+000 +8.1808e-001 -1.0446e+000 +3.8774e+000 -1.6829e+000
2837 +1.472223166e+006 +1.472223166e+006 +1.472093436e+006 +1.472093436e+006 +4.9254e+000 -3.0277e+000 +1.3835e+000 -8.1596e-001 +1.0515e-003 +4.7416e+000 +6.3632e-001 -9.8056e-001 +3.6884e+000 -2.1789e+000
2963 +9.642553442e+005 +9.642553442e+005 +9.641256142e+005 +9.641256142e+005 +4.9204e+000 -3.0887e+000 +1.1100e+000 -6.6825e-001 -2.3567e-001 +4.7960e+000 +4.6968e-001 -1.3734e+000 +3.6975e+000 -2.0495e+000
3142 +5.800827915e+005 +5.800827915e+005 +5.799530615e+005 +5.799530615e+005 +4.9448e+000 -3.1766e+000 +1.2958e+000 -7.2056e-001 -2.5426e-001 +4.8463e+000 +2.6260e-001 -1.2643e+000 +3.6530e+000 -2.1051e+000
3160 +3.609087312e+005 +3.609087312e+005 +3.607790012e+005 +3.607790012e+005 +4.9544e+000 -3.3694e+000 +1.2772e+000 -5.5617e-001 -2.1949e-001 +4.7963e+000 +1.6551e-001 -1.0231e+000 +3.5864e+000 -2.1127e+000
3236 +2.450593515e+005 +2.450593515e+005 +2.449296215e+005 +2.449296215e+005 +5.0057e+000 -3.4147e+000 +1.3451e+000 -5.4011e-001 -3.3259e-001 +4.7343e+000 +1.1432e-001 -1.2057e+000 +3.6526e+000 -1.9569e+000
3314 +1.470770999e+005 +1.470770999e+005 +1.469473699e+005 +1.469473699e+005 +4.9506e+000 -3.5751e+000 +1.4793e+000 -4.7856e-001 -4.0940e-001 +4.7133e+000 +4.1564e-002 -1.0924e+000 +3.5544e+000 -2.1728e+000
3474 +9.845423473e+004 +9.845423473e+004 +9.832450473e+004 +9.832450473e+004 +5.0138e+000 -3.6930e+000 +1.5038e+000 -5.1557e-001 -4.5396e-001 +4.8148e+000 -5.3584e-002 -1.0173e+000 +3.5206e+000 -1.9916e+000
3599 +4.975019835e+004 +4.975019835e+004 +4.962046835e+004 +4.962046835e+004 +5.0696e+000 -3.6046e+000 +1.3823e+000 -5.1434e-001 -5.0061e-001 +4.7948e+000 +4.9780e-002 -1.0980e+000 +3.4743e+000 -2.0658e+000
3753 +3.578873264e+004 +3.578873264e+004 +3.565900264e+004 +3.565900264e+004 +5.0547e+000 -3.6110e+000 +1.4821e+000 -4.3141e-001 -5.8089e-001 +4.8071e+000 -1.2330e-002 -1.1048e+000 +3.4637e+000 -2.0163e+000
3894 +1.585521915e+004 +1.585521915e+004 +1.572548915e+004 +1.572548915e+004 +5.0156e+000 -3.6863e+000 +1.4397e+000 -4.9669e-001 -5.7833e-001 +4.8022e+000 +4.6313e-002 -1.1073e+000 +3.4150e+000 -2.0486e+000
% function evaluation | noise-free fitness - Fopt (1.000000000000e+003) | best noise-free fitness - Fopt | measured fitness | best measured fitness | x1 | x2...
1 +8.467625963e+011 +8.467625963e+011 +8.467625973e+011 +8.467625973e+011 +6.8947e+000 +1.4175e+001 +9.7299e+000 +5.2946e+000 +8.1937e+000 +6.2487e+000 +9.8903e+000 +7.3039e+000 +1.1479e+001 +1.1731e+001
119 +6.282105157e+011 +6.282105157e+011 +6.282105167e+011 +6.282105167e+011 +9.1967e+000 +9.1901e+000 +3.3133e+000 +2.7734e+000 +7.5254e+000 +1.1450e+001 +7.1801e+000 +1.2337e+001 +9.0847e+000 +1.1909e+001
131 +2.885151717e+011 +2.885151717e+011 +2.885151727e+011 +2.885151727e+011 +1.6841e+000 +1.2630e+001 +8.8503e+000 +1.2005e+001 +6.6348e+000 +6.8223e+000 +2.6617e+000 +1.8946e+001 +6.6285e+000 +1.1428e+001
163 +1.736434137e+011 +1.736434137e+011 +1.736434147e+011 +1.736434147e+011 +7.8770e+000 +6.2050e+000 +8.5123e+000 +6.3654e+000 +6.0107e+000 +4.1338e+000 +1.4118e+001 +1.1593e+001 +3.9610e+000 +1.0710e+001
228 +1.483725619e+011 +1.483725619e+011 +1.483725629e+011 +1.483725629e+011 +1.6264e+000 -2.3552e+000 +7.7931e+000 +1.9083e+000 +1.1493e+001 +1.3396e+001 +9.3694e+000 +7.0453e+000 +6.0961e+000 +9.4244e+000
270 +3.332036680e+010 +3.332036680e+010 +3.332036780e+010 +3.332036780e+010 +5.6925e+000 +4.4761e+000 +5.3675e+000 +5.2435e+000 -2.2992e+000 +7.0436e+000 +2.6224e+000 +1.6918e+001 +9.6169e+000 +8.9268e+000
442 +5.000427941e+009 +5.000427941e+009 +5.000428941e+009 +5.000428941e+009 +1.0160e+000 -7.9119e+000 +9.2177e+000 -8.9948e-001 +7.4420e+000 +5.8217e+000 +4.6800e+000 +1.0957e+001 +6.8662e+000 +1.1820e+001
478 +3.760125561e+009 +3.760125561e+009 +3.760126561e+009 +3.760126561e+009 +3.3964e+000 -1.5184e+001 +7.2399e+000 +4.6437e+000 +3.7067e+000 +7.6587e+000 +6.4303e+000 +5.0385e+000 +9.6300e+000 +1.5589e+001
485 +2.506950725e+009 +2.506950725e+009 +2.506951725e+009 +2.506951725e+009 +2.1367e+000 -3.4983e+000 +5.1968e+000 +2.0090e+000 +1.0371e+001 -1.8852e+000 +1.3985e+000 +3.0921e+000 +9.8537e+000 +9.1875e+000
547 +9.418883529e+008 +9.418883529e+008 +9.418893529e+008 +9.418893529e+008 +1.3475e+000 -1.5184e+001 +8.8341e+000 +1.3846e+001 -6.8500e+000 +1.9412e+000 +1.1734e+001 +5.0385e+000 +6.1416e+000 +1.3380e+001
739 +5.624689923e+008 +5.624689923e+008 +5.624699923e+008 +5.624699923e+008 -8.3511e-003 -3.7916e+000 +1.0107e+001 -5.0157e+000 +4.1226e+000 +9.2588e-001 -5.4050e+000 +8.1076e+000 +8.6730e+000 +1.1986e+001
752 +2.268860475e+008 +2.268860475e+008 +2.268870475e+008 +2.268870475e+008 -1.1160e+000 -1.0026e+001 +7.1838e+000 -3.2900e+000 -4.0756e+000 +1.8917e+000 +3.8153e+000 +5.7940e+000 +8.7388e+000 +1.5260e+001
960 +1.484744357e+008 +1.484744357e+008 +1.484754357e+008 +1.484754357e+008 -4.1094e-001 -8.1464e+000 +3.6734e+000 -8.9948e-001 +8.2439e-001 +2.5085e+000 +3.3408e+000 +1.6094e-002 +5.2648e+000 +5.0992e+000
1120 +9.014433706e+007 +9.014433706e+007 +9.014533706e+007 +9.014533706e+007 -4.7576e+000 -7.0598e+000 +7.1047e-001 -2.8289e+000 -2.1662e+000 +3.6866e+000 +6.1243e+000 -2.7642e+000 +3.6418e+000 +4.5727e+000
1240 +3.999202172e+007 +3.999202172e+007 +3.999302172e+007 +3.999302172e+007 -3.4600e+000 -5.9373e+000 -1.9707e+000 -3.2179e+000 -3.3392e+000 +2.7690e+000 +8.2325e+000 +6.2422e-001 +5.1503e+000 +6.7900e+000
1317 +3.974737258e+007 +3.974737258e+007 +3.974837258e+007 +3.974837258e+007 -3.6394e+000 -5.8154e+000 -3.0979e+000 -4.8974e+000 -2.7739e+000 +2.9515e+000 +7.5778e+000 +1.6853e-001 +5.9206e+000 +6.2493e+000
1488 +2.371762081e+007 +2.371762081e+007 +2.371862081e+007 +2.371862081e+007 -2.3385e+000 -6.0516e+000 +3.6364e-001 -6.0580e+000 -5.1065e+000 +1.9867e+000 +6.4499e+000 -3.5396e-001 +5.5488e+000 +7.4396e+000
1573 +9.153898328e+006 +9.153898328e+006 +9.154898328e+006 +9.154898328e+006 -1.3099e+000 -3.5799e+000 -9.3768e-001 -6.7711e+000 -5.0053e+000 +2.7711e+000 +5.2567e+000 -6.5472e-001 +5.9566e+000 +7.8464e+000
1772 +5.828200000e+006 +5.828200000e+006 +5.829200000e+006 +5.829200000e+006 -1.7686e+000 -3.2356e+000 -2.0916e+000 -5.2635e+000 -4.1741e+000 +1.9956e+000 +5.8661e+000 -3.0423e-001 +4.4416e+000 +7.3229e+000
1884 +3.536747662e+006 +3.536747662e+006 +3.537747662e+006 +3.537747662e+006 -4.9814e-001 -2.8248e+000 -1.0725e+000 -6.6787e+000 -4.9993e+000 +2.3782e+000 +5.5622e+000 +6.0190e-001 +5.3856e+000 +7.9194e+000
1971 +2.407093344e+006 +2.407093344e+006 +2.408093344e+006 +2.408093344e+006 -6.1343e-001 -2.5166e+000 -1.5078e+000 -6.4229e+000 -4.9621e+000 +2.1586e+000 +5.2605e+000 +4.6638e-001 +4.9093e+000 +7.7901e+000
2261 +1.292102472e+006 +1.292102472e+006 +1.293102472e+006 +1.293102472e+006 -6.1118e-001 -2.4405e+000 -1.8773e+000 -6.2858e+000 -4.7995e+000 +1.8373e+000 +4.9644e+000 +7.5016e-001 +4.6401e+000 +7.7766e+000
2264 +8.293028683e+005 +8.293028683e+005 +8.303028683e+005 +8.303028683e+005 -2.0873e-001 -2.8144e+000 -2.4117e+000 -5.9301e+000 -4.8888e+000 +1.8856e+000 +5.3085e+000 +4.1348e-001 +4.9943e+000 +7.2204e+000
2446 +5.886851624e+005 +5.886851624e+005 +5.896851624e+005 +5.896851624e+005 +2.4314e-001 -2.7872e+000 -2.2288e+000 -5.6552e+000 -4.3343e+000 +1.9281e+000 +4.8823e+000 +5.9001e-001 +5.0310e+000 +7.8351e+000
2451 +2.610685366e+005 +2.610685366e+005 +2.620685366e+005 +2.620685366e+005 +1.1272e-001 -3.2171e+000 -2.2209e+000 -6.0924e+000 -5.0393e+000 +1.7250e+000 +5.2311e+000 +8.0807e-001 +5.5886e+000 +7.9156e+000
2626 +1.468162428e+005 +1.468162428e+005 +1.478162428e+005 +1.478162428e+005 +1.3544e-002 -2.9784e+000 -2.3328e+000 -6.0012e+000 -4.8519e+000 +1.7011e+000 +5.1854e+000 +7.7181e-001 +5.2279e+000 +7.6506e+000
2840 +9.240090187e+004 +9.240090187e+004 +9.340090187e+004 +9.340090187e+004 -1.9030e-002 -2.8659e+000 -2.4132e+000 -5.8808e+000 -4.8125e+000 +1.6297e+000 +5.2284e+000 +8.9752e-001 +5.2994e+000 +7.7159e+000
3115 +5.542629231e+004 +5.542629231e+004 +5.642629231e+004 +5.642629231e+004 +2.9618e-002 -3.0560e+000 -2.4717e+000 -5.8956e+000 -4.8726e+000 +1.5808e+000 +5.4360e+000 +1.0555e+000 +5.3547e+000 +7.8089e+000
3213 +3.955143693e+004 +3.955143693e+004 +4.055143693e+004 +4.055143693e+004 -8.1458e-002 -3.1476e+000 -2.4151e+000 -5.8385e+000 -4.7478e+000 +1.6364e+000 +5.3930e+000 +9.9641e-001 +5.3011e+000 +7.7723e+000
3500 +2.116204193e+004 +2.116204193e+004 +2.216204193e+004 +2.216204193e+004 -4.0929e-002 -3.0673e+000 -2.3958e+000 -5.8597e+000 -4.7975e+000 +1.6021e+000 +5.3723e+000 +1.0511e+000 +5.3507e+000 +7.7932e+000
3683 +1.502416136e+004 +1.502416136e+004 +1.602416136e+004 +1.602416136e+004 -9.8186e-002 -3.0622e+000 -2.3445e+000 -5.8723e+000 -4.7397e+000 +1.7035e+000 +5.3443e+000 +1.0538e+000 +5.2640e+000 +7.7802e+000
3727 +9.631365840e+003 +9.631365840e+003 +1.063136584e+004 +1.063136584e+004 -1.0337e-001 -3.0421e+000 -2.3653e+000 -5.8968e+000 -4.7608e+000 +1.6253e+000 +5.3218e+000 +1.0251e+000 +5.3570e+000 +7.8032e+000
3858 +5.641580053e+003 +5.641580053e+003 +6.641580053e+003 +6.641580053e+003 -3.5400e-002 -3.0662e+000 -2.3856e+000 -5.9047e+000 -4.7805e+000 +1.6821e+000 +5.3503e+000 +1.0185e+000 +5.3411e+000 +7.8076e+000
3994 +3.897443155e+003 +3.897443155e+003 +4.897443155e+003 +4.897443155e+003 -4.6013e-002 -3.0631e+000 -2.3726e+000 -5.9050e+000 -4.7786e+000 +1.6703e+000 +5.3391e+000 +1.0248e+000 +5.3619e+000 +7.8248e+000
% function evaluation | noise-free fitness - Fopt (-1.152000000000e+002) | best noise-free fitness - Fopt | measured fitness | best measured fitness | x1 | x2...
1 +5.991705043e+013 +5.991705043e+013 +5.991705043e+013 +5.991705043e+013 +1.1969e+001 +8.9928e+000 +1.0905e+001 +9.0992e+000 +1.0272e+001 +1.1116e+001 +1.3322e+001 +5.4699e+000 +1.1408e+001 +1.3874e+001
5 +2.465894646e+012 +2.465894646e+012 +2.465894646e+012 +2.465894646e+012 +1.1981e+001 +8.6925e+000 +7.5055e+000 +1.4749e+001 +7.2590e+000 +8.8695e+000 +1.3973e+001 +6.7238e+000 +1.3911e+001 +8.4793e+000
6 +2.801389882e+011 +2.801389882e+011 +2.801389881e+011 +2.801389881e+011 +6.8371e+000 +6.5792e+000 +9.5307e+000 +1.1679e+001 +5.5871e+000 +1.2464e+001 +5.5431e+000 +1.0931e+001 +1.0418e+001 +5.2810e+000
37 +2.262628374e+011 +2.262628374e+011 +2.262628373e+011 +2.262628373e+011 +5.8827e+000 +5.6921e+000 +5.9854e+000 +1.1838e+001 +7.6629e+000 +5.0488e+000 +1.0847e+001 +1.4387e+001 +6.3314e+000 +1.1800e+001
114 +3.334185930e+010 +3.334185930e+010 +3.334185919e+010 +3.334185919e+010 +5.9656e+000 +4.2864e+000 +7.9671e+000 +9.4915e+000 +1.3360e+001 +6.2841e+000 +1.3796e+001 +1.6121e+001 +7.1125e+000 +5.7659e+000
315 +1.950827078e+010 +1.950827078e+010 +1.950827067e+010 +1.950827067e+010 +7.3299e+000 +9.6584e+000 -1.2461e+000 +1.6030e+001 +1.2431e+001 +3.5295e+000 +6.3324e+000 +1.7018e+001 +1.6421e+000 +6.6159e+000
391 +1.565319039e+010 +1.565319039e+010 +1.565319027e+010 +1.565319027e+010 +9.2024e+000 +4.5864e+000 +8.4255e+000 +1.9211e+001 +4.9616e+000 +3.6447e+000 +1.2787e+001 +1.2525e+001 +7.1266e+000 +4.5661e+000
397 +9.087805792e+009 +9.087805792e+009 +9.087805677e+009 +9.087805677e+009 +5.7962e+000 +4.4457e+000 +6.9686e+000 +7.9644e+000 +8.8264e+000 +3.6033e+000 +1.1082e+001 +1.7053e+001 +6.2569e+000 +3.2459e+000
439 +6.241065033e+009 +6.241065033e+009 +6.241064918e+009 +6.241064918e+009 +6.3100e+000 +5.1500e-001 +7.2596e+000 +1.0485e+001 +9.6971e+000 +8.9438e+000 +5.8719e+000 +1.3941e+001 +4.6983e+000 +4.3542e+000
503 +1.887330870e+009 +1.887330870e+009 +1.887330755e+009 +1.887330755e+009 +6.3049e+000 +5.8109e-001 +5.8607e+000 +8.6764e+000 +9.8918e+000 +4.7064e+000 +6.6767e+000 +1.2217e+001 +5.2596e+000 +1.8008e+000
526 +1.518718724e+009 +1.518718724e+009 +1.518718609e+009 +1.518718609e+009 +7.4941e+000 -7.1698e+000 +7.5829e-001 +1.2194e+001 +7.1731e+000 +5.5627e+000 +5.8543e+000 +4.0829e+000 +4.9963e+000 +1.8959e+000
580 +6.985284084e+008 +6.985284084e+008 +6.985282932e+008 +6.985282932e+008 +6.1495e+000 -4.4631e+000 +5.6759e-001 +5.8830e+000 +9.8548e+000 +4.9450e+000 +4.5345e+000 +4.1242e+000 +3.4356e+000 +3.4522e+000
663 +5.275913818e+008 +5.275913818e+008 +5.275912666e+008 +5.275912666e+008 +5.9446e+000 -4.5414e+000 +8.0133e-001 +6.0837e+000 +9.7118e+000 +4.2176e+000 +4.3947e+000 +6.8768e+000 +2.7780e+000 +1.1307e+000
794 +3.795175457e+008 +3.795175457e+008 +3.795174305e+008 +3.795174305e+008 +8.9803e+000 +1.3908e+000 +1.6295e+000 +5.9010e+000 +8.0886e+000 -6.9813e+000 -6.8185e-001 +6.7399e+000 +4.1543e+000 -4.6623e+000
906 +2.501298694e+008 +2.501298694e+008 +2.501297542e+008 +2.501297542e+008 +5.9753e+000 -3.2866e+000 -9.3502e-001 +9.3312e-001 +1.0239e+001 +5.4730e-001 +1.5507e+000 +4.1462e+000 +2.3848e+000 -1.0087e+000
1109 +1.554759865e+008 +1.554759865e+008 +1.554758713e+008 +1.554758713e+008 +2.7349e+000 -3.0815e+000 +1.4386e-001 +1.1789e+000 +9.0453e+000 -4.8556e+000 +1.3440e+000 +7.1985e+000 +7.5966e-001 -2.6559e+000
1261 +9.560110733e+007 +9.560110733e+007 +9.560099213e+007 +9.560099213e+007 +5.2487e-001 -2.4070e+000 -2.1703e+000 -2.9160e+000 +5.6452e+000 -3.7446e+000 -2.7892e+000 -4.4925e-001 +7.5498e-001 -4.3939e+000
1418 +4.484260308e+007 +4.484260308e+007 +4.484248788e+007 +4.484248788e+007 -1.2961e+000 -5.6183e-001 -1.5465e+000 -3.0203e+000 +4.8864e+000 -4.8790e+000 -6.5346e-001 +3.0935e-001 +1.0861e+000 -3.2587e+000
1491 +3.388691431e+007 +3.388691431e+007 +3.388679911e+007 +3.388679911e+007 -1.9462e+000 -8.5667e-001 -1.1246e+000 -3.0620e+000 +4.4222e+000 -4.9278e+000 -4.8106e-002 +2.6244e-001 +9.0511e-001 -3.0810e+000
1660 +2.133612030e+007 +2.133612030e+007 +2.133600510e+007 +2.133600510e+007 -2.5999e+000 -3.4868e-001 -5.4272e-001 -3.8010e+000 +3.0257e+000 -5.7023e+000 +3.0487e-001 +4.3233e+000 -6.7104e-002 -3.1042e+000
1783 +1.549626620e+007 +1.549626620e+007 +1.549615100e+007 +1.549615100e+007 -2.8626e+000 -2.0374e-001 +1.3055e+000 -2.8525e+000 +1.6075e+000 -5.3703e+000 -2.6017e-001 +1.3495e+000 -6.2547e-001 -3.0710e+000
1999 +9.378389811e+006 +9.378389811e+006 +9.378274611e+006 +9.378274611e+006 -3.4177e+000 -5.3944e-001 +5.1596e-001 -3.5826e+000 -6.7123e-001 -4.0203e+000 -6.9822e-001 +5.3974e-001 -1.2074e+000 -2.3987e+000
2145 +5.858376521e+006 +5.858376521e+006 +5.858261321e+006 +5.858261321e+006 -2.8347e+000 -1.0218e+000 +1.2916e+000 -4.1148e+000 -4.1678e-001 -3.6572e+000 +3.4846e-001 +2.2560e+000 -1.9388e+000 -2.1720e+000
2218 +3.194865482e+006 +3.194865482e+006 +3.194750282e+006 +3.194750282e+006 -3.7280e+000 -2.0364e+000 +5.3065e-001 -2.7162e+000 -6.1443e-001 -3.6816e+000 +7.6244e-001 +8.2843e-001 -1.0184e+000 -2.0818e+000
2223 +2.417064100e+006 +2.417064100e+006 +2.416948900e+006 +2.416948900e+006 -3.4445e+000 -6.1514e-001 +9.7939e-001 -3.7496e+000 -4.9188e-001 -4.9153e+000 +1.3034e+000 +1.9122e+000 -1.4925e+000 -1.7171e+000
2334 +1.421409377e+006 +1.421409377e+006 +1.421294177e+006 +1.421294177e+006 -3.5323e+000 -6.8393e-001 +8.9152e-001 -3.3650e+000 +1.8385e-001 -5.6668e+000 +1.2903e+000 +1.9391e+000 -1.0748e+000 -1.2390e+000
2416 +9.346076011e+005 +9.346076011e+005 +9.344924011e+005 +9.344924011e+005 -3.9347e+000 -7.8965e-001 +1.0409e+000 -3.9752e+000 +6.7797e-001 -4.6225e+000 +1.4578e+000 +1.7839e+000 -9.6150e-001 -1.2640e+000
2678 +5.659865642e+005 +5.659865642e+005 +5.658713642e+005 +5.658713642e+005 -3.7687e+000 -1.0454e+000 +1.1040e+000 -3.7784e+000 +2.0736e-001 -4.7772e+000 +1.0651e+000 +2.0758e+000 -1.0166e+000 -1.3118e+000
2718 +3.914784622e+005 +3.914784622e+005 +3.913632622e+005 +3.913632622e+005 -3.7899e+000 -7.0238e-001 +1.0770e+000 -3.6394e+000 +5.7695e-001 -4.5989e+000 +1.4021e+000 +2.0442e+000 -8.4715e-001 -9.9271e-001
2889 +1.844190559e+005 +1.844190559e+005 +1.843038559e+005 +1.843038559e+005 -3.7646e+000 -1.1877e+000 +1.1014e+000 -3.5589e+000 +2.9816e-001 -4.5306e+000 +1.3294e+000 +2.0610e+000 -9.6368e-001 -8.1935e-001
3113 +1.216012942e+005 +1.216012942e+005 +1.214860942e+005 +1.214860942e+005 -3.5613e+000 -1.4239e+000 +1.1315e+000 -3.5441e+000 +3.5641e-001 -4.5620e+000 +1.2616e+000 +2.0155e+000 -8.1853e-001 -8.7757e-001
3292 +7.462058699e+004 +7.462058699e+004 +7.450538699e+004 +7.450538699e+004 -3.5910e+000 -1.2681e+000 +1.0842e+000 -3.4475e+000 +2.4396e-001 -4.5590e+000 +1.2572e+000 +2.0190e+000 -7.0293e-001 -8.4594e-001
3301 +5.300627690e+004 +5.300627690e+004 +5.289107690e+004 +5.289107690e+004 -3.6643e+000 -1.1690e+000 +1.0719e+000 -3.4270e+000 +4.9048e-001 -4.5887e+000 +1.1838e+000 +2.0462e+000 -8.1529e-001 -9.2826e-001
3456 +3.524450977e+004 +3.524450977e+004 +3.512930977e+004 +3.512930977e+004 -3.6501e+000 -1.1448e+000 +1.1632e+000 -3.4425e+000 +2.6023e-001 -4.6695e+000 +1.2075e+000 +2.0137e+000 -8.7873e-001 -9.7957e-001
3536 +1.758746524e+004 +1.758746524e+004 +1.747226524e+004 +1.747226524e+004 -3.5958e+000 -1.1905e+000 +1.1416e+000 -3.4214e+000 +2.5477e-001 -4.6654e+000 +1.1638e+000 +2.0033e+000 -8.5063e-001 -9.8049e-001
3621 +1.498557726e+004 +1.498557726e+004 +1.487037726e+004 +1.487037726e+004 -3.5611e+000 -1.2197e+000 +1.1277e+000 -3.4080e+000 +2.5127e-001 -4.6628e+000 +1.1358e+000 +1.9967e+000 -8.3264e-001 -9.8108e-001
3694 +3.442585045e+003 +3.442585045e+003 +3.327385045e+003 +3.327385045e+003 -3.5548e+000 -1.1721e+000 +1.1534e+000 -3.3847e+000 +3.0720e-001 -4.6428e+000 +1.1880e+000 +2.0896e+000 -7.8728e-001 -9.6281e-001
3806 +2.451384283e+003 +2.451384283e+003 +2.336184283e+003 +2.336184283e+003 -3.5875e+000 -1.2111e+000 +1.1335e+000 -3.3777e+000 +2.9898e-001 -4.6244e+000 +1.1598e+000 +2.0482e+000 -8.0764e-001 -9.5843e-001
% function evaluation | noise-free fitness - Fopt (2.616400000000e+002) | best noise-free fitness - Fopt | measured fitness | best measured fitness | x1 | x2...
1 +8.879564267e+010 +8.879564267e+010 +8.879564293e+010 +8.879564293e+010 +1.4727e+001 +9.6160e+000 +5.8678e+000 +8.0756e+000 +6.8846e+000 +6.7081e+000 +7.0644e+000 +8.1017e+000 +7.9602e+000 +5.6762e+000
101 +5.359243503e+010 +5.359243503e+010 +5.359243529e+010 +5.359243529e+010 +1.1163e+001 +4.8568e+000 +1.3629e+001 +5.4631e+000 +1.2845e+001 +7.4055e+000 +1.4300e+001 +7.3325e+000 +5.4254e+000 +1.0589e+001
190 +1.586099204e+010 +1.586099204e+010 +1.586099230e+010 +1.586099230e+010 +6.7248e+000 +1.1313e+001 +1.3283e+001 +5.8405e+000 +9.0928e+000 +9.9512e-001 +7.6860e+000 +1.3548e+001 +5.2908e+000 +6.8657e+000
229 +1.337464084e+010 +1.337464084e+010 +1.337464110e+010 +1.337464110e+010 +2.0182e+000 +1.0850e+001 +5.8812e+000 +9.4488e+000 +1.2926e+001 +5.2146e+000 +8.9173e+000 +1.5228e+001 +3.2616e+000 +6.4186e+000
235 +8.676043987e+009 +8.676043987e+009 +8.676044248e+009 +8.676044248e+009 +1.0724e+001 +1.1008e+001 +5.0484e+000 +6.4843e+000 +8.3311e+000 +7.1370e+000 +4.9485e+000 +9.3033e+000 +4.8840e+000 +3.1197e+000
300 +4.302735911e+009 +4.302735911e+009 +4.302736173e+009 +4.302736173e+009 +7.1832e+000 +1.4457e+001 +4.8832e+000 +3.3079e-003 +1.2820e+001 +2.9844e+000 +5.6811e+000 +1.1676e+001 +5.9146e+000 +7.3368e+000
355 +2.733917623e+009 +2.733917623e+009 +2.733917885e+009 +2.733917885e+009 +9.8585e+000 +1.0225e+001 +1.5336e+001 +8.9514e+000 +1.0629e+001 +4.9759e-001 +4.4126e+000 +1.3418e+001 +1.5447e+000 -1.8772e-001
510 +1.956216700e+009 +1.956216700e+009 +1.956216962e+009 +1.956216962e+009 +1.3608e+001 +6.0428e+000 +1.2092e+001 -4.4430e-001 +1.7425e+001 -1.0197e+000 +5.2196e+000 +1.2195e+001 +5.4397e+000 +1.1027e+000
537 +1.576392189e+009 +1.576392189e+009 +1.576392451e+009 +1.576392451e+009 +6.3669e+000 +1.1008e+001 +1.5492e+001 -1.3106e-002 +8.3311e+000 +2.1859e+000 -7.1117e-001 +9.3033e+000 +4.8840e+000 +3.0382e+000
697 +7.929072052e+008 +7.929072052e+008 +7.929074668e+008 +7.929074668e+008 +1.4230e+000 +6.6411e+000 +1.2567e+001 -3.9297e+000 +1.1869e+001 +3.0481e+000 +4.7350e+000 +1.2876e+001 -9.8598e-001 +1.0955e+000
769 +5.546525746e+008 +5.546525746e+008 +5.546528362e+008 +5.546528362e+008 +2.3729e+000 +5.6548e+000 +9.7359e+000 -2.8968e+000 +1.1300e+001 +3.0843e+000 +3.8531e+000 +1.0075e+001 -1.2846e+000 +1.3947e+000
921 +3.570796441e+008 +3.570796441e+008 +3.570799058e+008 +3.570799058e+008 +3.7949e+000 +4.4371e+000 +6.4071e+000 -9.8585e-001 +1.1017e+001 +4.3261e+000 +2.8574e+000 +7.7495e+000 -9.4702e-001 +1.8120e+000
1163 +2.406241522e+008 +2.406241522e+008 +2.406244138e+008 +2.406244138e+008 +4.0071e+000 +1.2065e+000 +5.3697e+000 +1.0260e+000 +7.9233e+000 +6.9448e+000 +1.1383e+000 +7.4760e+000 -1.7381e+000 +1.5485e+000
1279 +1.554892956e+008 +1.554892956e+008 +1.554895572e+008 +1.554895572e+008 +5.6112e-001 +7.2232e-001 +1.0273e+000 -1.4892e+000 +5.3430e+000 +5.6343e+000 -5.1766e-001 +1.0782e+001 +1.0509e+000 -2.3112e-002
1500 +9.212387167e+007 +9.212387167e+007 +9.212413331e+007 +9.212413331e+007 -1.7281e-001 -1.6935e+000 -5.4537e-001 -8.6785e-001 +2.5709e+000 +5.3224e+000 +1.9631e-001 +8.2652e+000 +9.1216e-001 -1.2302e+000
1849 +5.989331343e+007 +5.989331343e+007 +5.989357507e+007 +5.989357507e+007 -1.7784e+000 -2.6028e+000 -2.8332e+000 +1.9771e-001 +2.7129e+000 +6.1083e+000 +1.0172e+000 +7.5368e+000 +2.3705e+000 +1.3899e+000
2033 +3.682835455e+007 +3.682835455e+007 +3.682861619e+007 +3.682861619e+007 -2.6012e-001 -2.8218e+000 -3.5662e+000 +4.6410e-001 +1.2088e+000 +5.1419e+000 +1.7580e+000 +4.8252e+000 +1.3299e+000 +1.0789e+000
2147 +2.230518486e+007 +2.230518486e+007 +2.230544650e+007 +2.230544650e+007 -7.3395e-001 -2.2771e+000 -4.6521e+000 -1.6218e+000 +2.4777e+000 +6.5253e+000 +1.9738e+000 +5.8691e+000 +4.3176e+000 +3.0222e+000
2169 +1.222663170e+007 +1.222663170e+007 +1.222689334e+007 +1.222689334e+007 -5.3826e-002 -2.6219e+000 -3.4397e+000 -2.8611e+000 +2.0072e+000 +5.2072e+000 +9.7932e-001 +3.8822e+000 +4.9865e+000 +2.7729e+000
2393 +8.417137228e+006 +8.417137228e+006 +8.417398868e+006 +8.417398868e+006 +2.0884e-001 -1.9310e+000 -5.3889e+000 -2.6124e+000 +3.0772e+000 +6.0267e+000 +2.1899e+000 +4.1415e+000 +4.9370e+000 +3.5682e+000
2471 +5.772330137e+006 +5.772330137e+006 +5.772591777e+006 +5.772591777e+006 +3.4896e-001 -2.0111e+000 -4.9018e+000 -2.8843e+000 +2.9457e+000 +5.5648e+000 +2.2313e+000 +3.8703e+000 +5.8707e+000 +4.0271e+000
2636 +2.967319105e+006 +2.967319105e+006 +2.967580745e+006 +2.967580745e+006 +7.4202e-001 -2.5433e+000 -4.5813e+000 -1.9532e+000 +2.3905e+000 +5.1357e+000 +1.5687e+000 +3.1849e+000 +5.9613e+000 +2.8119e+000
2711 +2.402450950e+006 +2.402450950e+006 +2.402712590e+006 +2.402712590e+006 +4.4302e-001 -2.5433e+000 -5.6107e+000 -1.9532e+000 +3.4167e+000 +5.1357e+000 +2.3006e+000 +3.0356e+000 +5.9613e+000 +3.3134e+000
2837 +1.351413377e+006 +1.351413377e+006 +1.351675017e+006 +1.351675017e+006 +8.1595e-001 -1.9037e+000 -5.4154e+000 -2.2858e+000 +3.1926e+000 +4.9029e+000 +2.1026e+000 +2.8914e+000 +6.1934e+000 +3.2583e+000
2937 +9.226154029e+005 +9.226154029e+005 +9.228770429e+005 +9.228770429e+005 +8.7865e-001 -1.9400e+000 -5.5755e+000 -2.1086e+000 +3.2468e+000 +4.6932e+000 +1.5391e+000 +2.8201e+000 +6.2342e+000 +3.1584e+000
3154 +4.928692839e+005 +4.928692839e+005 +4.931309239e+005 +4.931309239e+005 +1.3292e+000 -2.2170e+000 -5.7133e+000 -2.2325e+000 +3.4144e+000 +4.6909e+000 +1.6533e+000 +2.7393e+000 +6.2477e+000 +2.8775e+000
3230 +3.752604282e+005 +3.752604282e+005 +3.755220682e+005 +3.755220682e+005 +1.3550e+000 -2.1666e+000 -5.7421e+000 -2.2466e+000 +3.4618e+000 +4.6434e+000 +1.7024e+000 +2.7945e+000 +6.3321e+000 +3.0308e+000
3443 +1.921666825e+005 +1.921666825e+005 +1.924283225e+005 +1.924283225e+005 +1.2591e+000 -2.3719e+000 -5.9832e+000 -2.4902e+000 +3.7442e+000 +4.6118e+000 +1.9838e+000 +3.1539e+000 +6.5244e+000 +2.7839e+000
3451 +1.412014540e+005 +1.412014540e+005 +1.414630940e+005 +1.414630940e+005 +1.4160e+000 -2.3291e+000 -5.9072e+000 -2.2553e+000 +3.6265e+000 +4.4462e+000 +1.7859e+000 +3.0238e+000 +6.4151e+000 +2.9089e+000
3657 +9.306731023e+004 +9.306731023e+004 +9.332895023e+004 +9.332895023e+004 +1.5252e+000 -2.2441e+000 -5.9173e+000 -2.2820e+000 +3.6306e+000 +4.5055e+000 +1.7567e+000 +3.3343e+000 +6.4365e+000 +2.9203e+000
3794 +5.966425183e+004 +5.966425183e+004 +5.992589183e+004 +5.992589183e+004 +1.5152e+000 -2.3106e+000 -5.5687e+000 -2.2205e+000 +3.2867e+000 +4.4249e+000 +1.8264e+000 +3.1256e+000 +6.3612e+000 +2.8833e+000
3863 +3.618837675e+004 +3.618837675e+004 +3.645001675e+004 +3.645001675e+004 +1.4703e+000 -2.2289e+000 -5.6429e+000 -2.2080e+000 +3.3728e+000 +4.3942e+000 +1.6450e+000 +3.1351e+000 +6.3849e+000 +2.9300e+000
% function evaluation | noise-free fitness - Fopt (1.000000000000e+003) | best noise-free fitness - Fopt | measured fitness | best measured fitness | x1 | x2...
1 +1.256407542e+012 +1.256407542e+012 +1.256407543e+012 +1.256407543e+012 +1.1280e+001 +1.2434e+001 +1.4228e+001 +1.0367e+001 +9.1527e+000 +1.4512e+001 +6.4814e+000 +1.0193e+001 +7.9524e+000 +1.2468e+001
6 +6.693858433e+011 +6.693858433e+011 +6.693858443e+011 +6.693858443e+011 +1.3208e+001 +1.2342e+001 +9.2379e+000 +1.0827e+001 +1.1068e+001 +1.3379e+001 +1.3128e+001 +9.0404e+000 +5.3434e+000 +9.0963e+000
15 +4.452006377e+011 +4.452006377e+011 +4.452006387e+011 +4.452006387e+011 +5.2570e+000 +6.4977e+000 +6.4475e+000 +9.6724e+000 +1.3750e+001 +1.4962e+001 +1.4443e+001 +1.3880e+001 +5.6518e+000 +6.5856e+000
17 +7.235867390e+010 +7.235867390e+010 +7.235867490e+010 +7.235867490e+010 +5.0121e+000 +1.1917e+001 +6.5926e+000 +1.1866e+001 +7.5279e+000 +1.4945e+001 +6.7365e+000 +6.2279e+000 +9.7749e+000 +6.9750e+000
185 +1.790497259e+010 +1.790497259e+010 +1.790497359e+010 +1.790497359e+010 +1.2586e+001 +2.6016e-001 +4.9635e+000 +1.1906e+001 +1.7215e+001 +1.3810e+001 +1.8037e+001 +2.3587e+000 +7.6569e+000 +1.3972e+000
368 +7.191457713e+009 +7.191457713e+009 +7.191458713e+009 +7.191458713e+009 +1.4466e+001 +6.0761e+000 +5.3140e+000 +8.8174e+000 +1.0077e+001 +1.6303e+001 +4.1129e+000 +3.9378e+000 +8.7872e+000 -3.9695e+000
395 +5.800735228e+009 +5.800735228e+009 +5.800736228e+009 +5.800736228e+009 +6.4983e+000 +7.3200e+000 +4.7412e+000 +8.6629e+000 +6.3852e+000 +1.3005e+001 +1.5464e+001 +4.2926e-002 +1.0923e+001 +7.7966e+000
445 +3.405526498e+009 +3.405526498e+009 +3.405527498e+009 +3.405527498e+009 -3.3738e-001 +5.4386e+000 +3.8696e+000 +7.7297e+000 +9.9612e+000 +8.7249e+000 +4.1129e+000 +5.0444e+000 +2.3353e+000 -1.1784e+001
490 +1.777559898e+009 +1.777559898e+009 +1.777560898e+009 +1.777560898e+009 +2.1504e+000 +8.1811e+000 +4.6189e+000 +7.5884e+000 +4.5243e+000 +1.1982e+001 +1.4977e+001 -1.9458e+000 +8.8438e+000 +2.3654e+000
705 +1.212449757e+009 +1.212449757e+009 +1.212450757e+009 +1.212450757e+009 +1.2961e+001 +3.6211e+000 +1.0264e+001 +6.2444e+000 +6.2292e+000 +1.6706e+001 +3.9607e+000 -3.5569e+000 +5.9195e+000 -4.7512e+000
787 +9.271283002e+008 +9.271283002e+008 +9.271293002e+008 +9.271293002e+008 +4.8943e+000 +7.7041e+000 +8.8950e+000 +9.9984e+000 +9.5119e+000 +9.3361e+000 +1.2632e+001 -5.5846e+000 -3.2889e+000 -8.5680e+000
937 +5.444678575e+008 +5.444678575e+008 +5.444688575e+008 +5.444688575e+008 -6.8681e-001 +3.6872e+000 +4.7763e+000 +5.9138e+000 +7.9407e+000 +9.7388e+000 -1.5576e+000 +8.8437e-001 +3.1354e+000 -1.0441e+000
1057 +3.742862621e+008 +3.742862621e+008 +3.742872621e+008 +3.742872621e+008 -1.3170e+000 +1.7618e+000 +5.8853e+000 +5.6954e+000 +6.1660e+000 +9.0895e+000 +2.7886e+000 -2.8398e+000 +5.2361e-001 -3.8810e+000
1200 +2.390967882e+008 +2.390967882e+008 +2.390977882e+008 +2.390977882e+008 -3.7899e+000 +4.6921e-001 +4.7459e+000 +5.0019e+000 +4.5821e+000 +5.4353e+000 -5.8452e-001 -3.9595e+000 -7.5090e-001 -2.8803e+000
1305 +1.499058416e+008 +1.499058416e+008 +1.499068416e+008 +1.499068416e+008 -5.1381e+000 +2.3182e-001 +4.4081e+000 +3.8737e+000 -2.1246e+000 +4.4683e+000 +8.2827e-001 -2.3468e+000 -3.3894e+000 -1.6571e+000
1443 +9.546646482e+007 +9.546646482e+007 +9.546746482e+007 +9.546746482e+007 -4.5707e+000 -1.0882e+000 +3.9263e+000 +1.9604e+000 -1.3356e+000 +2.4141e+000 -1.4048e+000 -2.0183e+000 -4.4618e+000 +6.2795e-001
1563 +4.995747710e+007 +4.995747710e+007 +4.995847710e+007 +4.995847710e+007 -4.2904e+000 +1.2518e+000 +1.1736e+000 +1.8857e+000 -8.3456e-001 +1.0132e+000 +1.1202e+000 -1.0577e+000 -3.7830e+000 -9.5755e-001
1672 +3.187797702e+007 +3.187797702e+007 +3.187897702e+007 +3.187897702e+007 -3.8206e+000 +2.0749e-001 +1.1344e+000 +1.6496e+000 -1.2028e+000 -1.0856e+000 +9.7180e-001 -1.4663e+000 -4.6419e+000 -8.7537e-001
1748 +2.039983930e+007 +2.039983930e+007 +2.040083930e+007 +2.040083930e+007 -4.0804e+000 -2.5953e-001 +9.5910e-001 +1.5284e+000 -1.3438e+000 -1.7258e+000 +2.6628e-001 -3.2064e-001 -4.3914e+000 +1.4589e-001
1822 +1.152862884e+007 +1.152862884e+007 +1.152962884e+007 +1.152962884e+007 -3.6535e+000 -1.0356e-001 -3.5328e-001 +1.0795e+000 +3.1059e-001 -2.8836e+000 +9.4911e-001 +7.2004e-002 -4.2481e+000 -4.8013e-001
1910 +9.937500590e+006 +9.937500590e+006 +9.938500590e+006 +9.938500590e+006 -3.4768e+000 -4.3645e-002 -3.5105e-001 +6.4757e-001 -1.6649e-002 -3.8076e+000 +7.8209e-001 -3.8521e-001 -4.6899e+000 -3.8740e-001
2011 +5.245292337e+006 +5.245292337e+006 +5.246292337e+006 +5.246292337e+006 -3.5675e+000 -7.3225e-002 -1.0635e+000 +4.6521e-001 -1.3924e+000 -4.2995e+000 -1.8053e-001 +6.6400e-001 -5.1394e+000 -5.4352e-003
2146 +3.079414959e+006 +3.079414959e+006 +3.080414959e+006 +3.080414959e+006 -3.3515e+000 +1.7550e-001 -1.4410e+000 -3.4338e-002 -1.2894e+000 -4.2717e+000 +1.3734e-001 +1.0484e+000 -4.3470e+000 +6.8401e-002
2241 +2.499246810e+006 +2.499246810e+006 +2.500246810e+006 +2.500246810e+006 -2.7110e+000 +3.8616e-002 -1.2002e+000 -4.0265e-001 -1.9274e+000 -4.5525e+000 -1.7592e-002 +1.0105e+000 -3.9705e+000 +1.0946e+000
2409 +1.321074222e+006 +1.321074222e+006 +1.322074222e+006 +1.322074222e+006 -2.6803e+000 +5.1059e-002 -1.5956e+000 -2.5180e-001 -1.7071e+000 -4.2541e+000 -4.7689e-002 +1.4795e+000 -4.0588e+000 +8.4018e-001
2474 +8.641493656e+005 +8.641493656e+005 +8.651493656e+005 +8.651493656e+005 -2.7264e+000 +2.8639e-001 -1.9729e+000 -1.3382e-001 -1.5259e+000 -4.0904e+000 +1.3837e-001 +1.4042e+000 -3.8573e+000 +7.8809e-001
2849 +6.183609789e+005 +6.183609789e+005 +6.193609789e+005 +6.193609789e+005 -2.6461e+000 +2.4223e-001 -2.1033e+000 -1.2516e-001 -1.6309e+000 -3.7646e+000 +1.0839e-001 +1.4420e+000 -3.6795e+000 +1.0127e+000
2868 +3.954255283e+005 +3.954255283e+005 +3.964255283e+005 +3.964255283e+005 -2.2831e+000 +3.7515e-001 -1.7897e+000 -3.8049e-001 -1.7197e+000 -3.6498e+000 -3.9573e-002 +9.9399e-001 -3.9013e+000 +8.7002e-001
3006 +2.215184375e+005 +2.215184375e+005 +2.225184375e+005 +2.225184375e+005 -2.4048e+000 +5.8778e-001 -2.1110e+000 -1.7476e-001 -1.5676e+000 -3.4605e+000 -3.0896e-001 +1.0467e+000 -3.5068e+000 +9.9857e-001
3127 +1.336416484e+005 +1.336416484e+005 +1.346416484e+005 +1.346416484e+005 -2.3383e+000 +4.0427e-001 -2.0684e+000 -2.0665e-001 -1.5918e+000 -3.5436e+000 -2.4684e-001 +1.1954e+000 -3.4134e+000 +9.6209e-001
3209 +9.930276431e+004 +9.930276431e+004 +1.003027643e+005 +1.003027643e+005 -2.3395e+000 +4.2447e-001 -2.0713e+000 -1.0267e-001 -1.6499e+000 -3.6055e+000 -4.6869e-002 +1.1442e+000 -3.6851e+000 +7.8185e-001
3297 +6.281187825e+004 +6.281187825e+004 +6.381187825e+004 +6.381187825e+004 -2.3065e+000 +4.7807e-001 -2.0551e+000 -1.3561e-001 -1.6689e+000 -3.5171e+000 -1.3671e-001 +1.1129e+000 -3.5954e+000 +8.2101e-001
3454 +3.600433425e+004 +3.600433425e+004 +3.700433425e+004 +3.700433425e+004 -2.2853e+000 +5.4977e-001 -2.0448e+000 -1.5669e-001 -1.6991e+000 -3.4606e+000 -1.9420e-001 +1.2368e+000 -3.5380e+000 +8.4607e-001
3656 +2.240019219e+004 +2.240019219e+004 +2.340019219e+004 +2.340019219e+004 -2.2374e+000 +5.2859e-001 -2.0260e+000 -1.3303e-001 -1.6682e+000 -3.3823e+000 -2.3276e-001 +1.1696e+000 -3.5062e+000 +7.9979e-001
3731 +1.129932353e+004 +1.129932353e+004 +1.229932353e+004 +1.229932353e+004 -2.2917e+000 +5.5181e-001 -2.0826e+000 -1.7633e-001 -1.6516e+000 -3.3751e+000 -1.9481e-001 +1.2186e+000 -3.4759e+000 +8.1143e-001
3849 +8.231763737e+003 +8.231763737e+003 +9.231763737e+003 +9.231763737e+003 -2.2401e+000 +5.2481e-001 -2.0398e+000 -1.4413e-001 -1.6364e+000 -3.4158e+000 -1.5636e-001 +1.1983e+000 -3.5111e+000 +7.6378e-001
3943 +5.972013195e+003 +5.972013195e+003 +6.972013195e+003 +6.972013195e+003 -2.2586e+000 +5.5083e-001 -2.0473e+000 -1.6578e-001 -1.6490e+000 -3.3580e+000 -1.9709e-001 +1.2085e+000 -3.4811e+000 +7.5572e-001
% function evaluation | noise-free fitness - Fopt (1.737000000000e+001) | best noise-free fitness - Fopt | measured fitness | best measured fitness | x1 | x2...
1 +3.275479688e+012 +3.275479688e+012 +3.275479688e+012 +3.275479688e+012 +7.7970e+000 +1.0025e+001 +6.9845e+000 +1.3340e+001 +6.9120e+000 +9.5761e+000 +1.3391e+001 +1.2240e+001 +8.6259e+000 +1.0760e+001
4 +8.148969520e+011 +8.148969520e+011 +8.148969520e+011 +8.148969520e+011 +7.4700e+000 +6.1992e+000 +1.0530e+001 +7.3589e+000 +1.4029e+001 +7.2271e+000 +1.0943e+001 +1.0570e+001 +5.8371e+000 +5.0452e+000
11 +4.239721259e+011 +4.239721259e+011 +4.239721259e+011 +4.239721259e+011 +8.6846e+000 +1.1137e+001 +5.2064e+000 +9.3595e+000 +5.7665e+000 +6.2994e+000 +6.3839e+000 +1.2358e+001 +1.2945e+001 +9.0135e+000
19 +2.920400034e+011 +2.920400034e+011 +2.920400034e+011 +2.920400034e+011 +8.9318e+000 +8.4015e+000 +6.2116e+000 +8.1509e+000 +7.9776e+000 +7.7784e+000 +9.9797e+000 +8.0172e+000 +7.3414e+000 +9.9831e+000
22 +1.179977416e+011 +1.179977416e+011 +1.179977416e+011 +1.179977416e+011 +1.0845e+001 +6.2916e+000 +5.6055e+000 +7.5519e+000 +5.7559e+000 +7.6110e+000 +5.9412e+000 +8.7675e+000 +1.2315e+001 +8.3250e+000
147 +9.953609724e+010 +9.953609724e+010 +9.953609726e+010 +9.953609726e+010 +1.3161e+001 +2.0296e+000 +5.1604e+000 +8.6641e+000 +7.8876e+000 +7.0378e+000 +1.0383e+001 +9.1644e+000 +9.6268e+000 +1.7154e+001
188 +2.100613721e+010 +2.100613721e+010 +2.100613723e+010 +2.100613723e+010 +1.1345e+001 +7.4124e+000 +5.2541e+000 +3.5140e+000 +8.0089e+000 +3.5221e+000 +1.1721e+001 +5.3016e+000 +1.0030e+001 +1.1872e+001
221 +7.350603837e+009 +7.350603837e+009 +7.350603854e+009 +7.350603854e+009 +8.2116e+000 +6.0807e+000 -5.0660e-001 +5.1992e+000 +6.2030e+000 +4.8722e+000 +1.1447e+001 +8.6688e+000 +5.9964e+000 +8.0994e+000
374 +4.504276693e+009 +4.504276693e+009 +4.504276710e+009 +4.504276710e+009 +1.1352e+001 +1.0414e+001 -2.3124e+000 +9.6541e+000 +2.5915e+000 +3.8787e+000 +7.9440e+000 +5.6079e+000 +3.7773e+000 +6.1436e+000
401 +1.928676235e+009 +1.928676235e+009 +1.928676252e+009 +1.928676252e+009 +1.4407e+001 -5.0088e+000 +1.1418e+001 +8.1922e+000 +3.1185e+000 +2.1016e-001 +1.0363e+001 +1.1200e+001 +7.8432e+000 +5.6772e+000
499 +5.794288912e+008 +5.794288912e+008 +5.794289086e+008 +5.794289086e+008 +9.3918e-001 +3.7425e+000 +2.0274e-001 +2.5748e+000 +5.0816e+000 +2.9524e+000 +7.2466e+000 +3.5286e+000 -1.6204e+000 +7.8571e+000
747 +2.831304887e+008 +2.831304887e+008 +2.831305060e+008 +2.831305060e+008 +6.5666e+000 +2.2214e-001 +1.2141e+000 +5.8037e+000 +1.9406e+000 +2.7585e+000 +5.6268e+000 -1.3250e+000 +3.0395e-001 +6.4761e+000
875 +2.502364806e+008 +2.502364806e+008 +2.502364980e+008 +2.502364980e+008 +2.5544e+000 +6.5012e-001 -4.8744e-001 +2.9910e+000 +3.8324e+000 +1.4613e+000 +5.4124e+000 -1.8390e-002 -5.0141e+000 +8.6420e+000
1138 +1.541265998e+008 +1.541265998e+008 +1.541266172e+008 +1.541266172e+008 +1.4276e+000 +8.9601e-001 -2.5273e+000 +3.8102e+000 -9.8315e-002 +1.3301e+000 +2.6071e+000 +3.2460e-001 -4.5119e+000 +7.3173e+000
1255 +9.539302215e+007 +9.539302215e+007 +9.539303952e+007 +9.539303952e+007 +3.3694e+000 +7.3032e-001 -7.0511e-001 +3.6896e+000 +2.3319e+000 +9.6241e-001 -4.4367e-001 +9.3213e-001 -1.8675e+000 +5.3049e+000
1404 +5.919214420e+007 +5.919214420e+007 +5.919216157e+007 +5.919216157e+007 -2.2705e+000 -1.4549e+000 -1.7340e-001 +2.5392e+000 -9.0205e-001 +1.3130e+000 -2.4197e+000 -6.7293e+000 -3.3009e+000 +5.6352e+000
1533 +3.745183490e+007 +3.745183490e+007 +3.745185227e+007 +3.745185227e+007 +5.4857e-001 +5.9595e-001 -2.9111e-001 +2.7614e+000 +7.6057e-001 -2.9399e-001 -3.2219e+000 -4.5785e+000 -1.8733e+000 +3.5053e+000
1649 +2.131198146e+007 +2.131198146e+007 +2.131199883e+007 +2.131199883e+007 -4.4350e-001 -6.2774e-001 +5.6873e-001 +3.2652e+000 +6.7349e-001 +1.7008e-001 -1.5093e+000 -5.5020e+000 -1.1833e+000 +2.3282e+000
1695 +1.190699927e+007 +1.190699927e+007 +1.190701664e+007 +1.190701664e+007 -1.3568e+000 -3.0404e-001 -4.4560e-001 +3.1974e+000 +5.4856e-001 +2.1121e+000 +5.6751e-001 -1.8552e+000 -3.0985e-001 +7.0395e-002
1792 +8.295160101e+006 +8.295160101e+006 +8.295177471e+006 +8.295177471e+006 -1.3532e+000 -1.5023e+000 +7.0235e-001 +3.0596e+000 +1.1769e+000 +1.2663e+000 -1.3239e+000 -1.1387e+000 -1.1492e+000 -1.1515e+000
1871 +5.281700429e+006 +5.281700429e+006 +5.281717799e+006 +5.281717799e+006 -1.1709e+000 -1.2324e+000 +1.5493e+000 +3.1052e+000 +1.5247e+000 +1.7280e+000 -6.3054e-001 -1.6964e+000 -6.8833e-001 -1.1771e+000
1923 +3.306795552e+006 +3.306795552e+006 +3.306812922e+006 +3.306812922e+006 -1.5936e+000 -1.4700e+000 +9.3998e-001 +3.2412e+000 +1.1077e+000 +1.8499e+000 -1.2389e-001 -1.6218e+000 -5.4801e-001 -1.3868e+000
2007 +1.072322381e+006 +1.072322381e+006 +1.072339751e+006 +1.072339751e+006 -2.2053e+000 -1.7830e+000 +8.5216e-001 +3.2996e+000 +1.4173e+000 +2.0442e+000 +5.9315e-001 -9.0569e-001 -4.1876e-001 -2.6761e+000
2086 +4.946552948e+005 +4.946552948e+005 +4.946726648e+005 +4.946726648e+005 -2.2053e+000 -1.7830e+000 +4.8838e-001 +3.2996e+000 +9.8401e-001 +2.0442e+000 +1.0522e+000 -9.0569e-001 +2.1765e-001 -3.0801e+000
2161 +3.767314531e+005 +3.767314531e+005 +3.767488231e+005 +3.767488231e+005 -2.5954e+000 -1.9829e+000 +4.4577e-001 +3.3368e+000 +1.1951e+000 +2.1842e+000 +1.5148e+000 -4.4248e-001 +2.8293e-001 -3.9198e+000
2521 +2.312966361e+005 +2.312966361e+005 +2.313140061e+005 +2.313140061e+005 -2.6870e+000 -1.7062e+000 +8.6755e-001 +3.6399e+000 +1.0581e+000 +2.6464e+000 +2.0889e+000 -1.0801e-001 +3.3254e-001 -3.5121e+000
2667 +1.382262888e+005 +1.382262888e+005 +1.382436588e+005 +1.382436588e+005 -2.7978e+000 -1.8770e+000 +6.6482e-001 +3.5388e+000 +1.1151e+000 +2.6148e+000 +2.2430e+000 +8.0618e-002 +5.2352e-001 -3.9780e+000
2916 +9.417173355e+004 +9.417173355e+004 +9.418910355e+004 +9.418910355e+004 -2.7978e+000 -1.6407e+000 +6.6482e-001 +3.5388e+000 +8.0372e-001 +2.4692e+000 +2.2430e+000 +8.0618e-002 +7.0360e-001 -3.9780e+000
3090 +5.979554095e+004 +5.979554095e+004 +5.981291095e+004 +5.981291095e+004 -2.8001e+000 -1.6559e+000 +7.0572e-001 +3.5414e+000 +8.8437e-001 +2.5479e+000 +2.2932e+000 +8.0862e-002 +6.7613e-001 -3.9113e+000
3092 +3.719666325e+004 +3.719666325e+004 +3.721403325e+004 +3.721403325e+004 -2.8281e+000 -1.7791e+000 +7.4870e-001 +3.5348e+000 +9.8672e-001 +2.5332e+000 +2.2486e+000 +9.5129e-002 +5.8137e-001 -3.8321e+000
3105 +1.360248988e+004 +1.360248988e+004 +1.361985988e+004 +1.361985988e+004 -2.8448e+000 -1.7112e+000 +8.4690e-001 +3.6600e+000 +8.7462e-001 +2.4739e+000 +2.2622e+000 +2.7595e-001 +5.6091e-001 -3.9881e+000
3334 +7.421425252e+003 +7.421425252e+003 +7.438795252e+003 +7.438795252e+003 -2.8587e+000 -1.6858e+000 +8.1640e-001 +3.6886e+000 +8.5373e-001 +2.4822e+000 +2.2960e+000 +3.1184e-001 +5.7523e-001 -3.9870e+000
3508 +4.196076790e+003 +4.196076790e+003 +4.213446790e+003 +4.213446790e+003 -2.8556e+000 -1.6736e+000 +7.8447e-001 +3.6436e+000 +8.4979e-001 +2.4812e+000 +2.2834e+000 +3.1284e-001 +6.1425e-001 -3.9523e+000
3565 +3.149958083e+003 +3.149958083e+003 +3.167328083e+003 +3.167328083e+003 -2.8717e+000 -1.6506e+000 +8.2166e-001 +3.6736e+000 +8.3681e-001 +2.4824e+000 +2.3026e+000 +3.6074e-001 +6.0821e-001 -4.0018e+000
3938 +2.357762665e+003 +2.357762665e+003 +2.375132665e+003 +2.375132665e+003 -2.8754e+000 -1.6325e+000 +8.2279e-001 +3.6720e+000 +8.3879e-001 +2.4770e+000 +2.2988e+000 +3.6926e-001 +6.0761e-001 -3.9931e+000
% function evaluation | noise-free fitness - Fopt (1.541700000000e+002) | best noise-free fitness - Fopt | measured fitness | best measured fitness | x1 | x2...
1 +6.047520366e+009 +6.047520366e+009 +6.047520520e+009 +6.047520520e+009 +1.4074e+001 +6.4103e+000 +1.2736e+001 +1.1415e+001 +5.2451e+000 +1.2509e+001 +1.0311e+001 +7.5575e+000 +1.4961e+001 +6.2324e+000
4 +1.421426880e+009 +1.421426880e+009 +1.421427034e+009 +1.421427034e+009 +1.0369e+001 +5.7206e+000 +7.1277e+000 +7.6372e+000 +9.8813e+000 +8.4393e+000 +8.1667e+000 +1.1953e+001 +1.4897e+001 +8.1614e+000
44 +7.762887240e+008 +7.762887240e+008 +7.762888782e+008 +7.762888782e+008 +5.4922e+000 +5.8528e+000 +5.8867e+000 +5.6182e+000 +7.7186e+000 +1.0022e+001 +8.4345e+000 +5.9505e+000 +1.0077e+001 +9.1700e+000
517 +4.725224676e+008 +4.725224676e+008 +4.725226218e+008 +4.725226218e+008 +3.2238e+000 +6.6063e+000 +5.8867e+000 +5.6182e+000 +7.7186e+000 +7.6534e+000 +8.4345e+000 +3.1664e+000 +6.9752e+000 +1.4497e+000
785 +3.647583555e+008 +3.647583555e+008 +3.647585097e+008 +3.647585097e+008 +4.1558e+000 +7.5498e+000 +6.2146e+000 +3.2561e+000 +4.2132e+000 +5.9920e+000 +7.8576e+000 -5.3499e-001 +7.2969e+000 -4.4570e-001
1007 +2.404947717e+008 +2.404947717e+008 +2.404949259e+008 +2.404949259e+008 +2.8502e+000 +6.3921e+000 +3.5825e+000 +2.6983e+000 +1.1183e+000 +5.1681e+000 +7.6853e+000 -5.0233e-001 +5.3669e+000 -4.0769e-001
1213 +1.451577166e+008 +1.451577166e+008 +1.451578707e+008 +1.451578707e+008 +9.5924e-001 +3.6749e+000 +1.7384e+000 -7.8541e-001 -7.2540e-001 +3.7155e+000 +6.9058e+000 -2.9152e+000 +4.8531e+000 -3.8803e-001
1458 +9.511787189e+007 +9.511787189e+007 +9.511802606e+007 +9.511802606e+007 +9.2402e-001 +4.8656e+000 +2.4025e+000 +1.2330e+000 +9.5675e-001 +2.1763e+000 +1.1943e+000 -5.4713e+000 +3.6943e+000 -4.0626e+000
1625 +5.790122199e+007 +5.790122199e+007 +5.790137616e+007 +5.790137616e+007 -2.6545e-001 +2.7050e+000 +6.6842e-001 -5.6418e-001 -2.9758e-001 +2.9804e+000 -3.6241e-001 -3.4115e+000 +2.8234e+000 -3.1012e+000
1880 +3.918200568e+007 +3.918200568e+007 +3.918215985e+007 +3.918215985e+007 -1.1148e+000 +1.9056e+000 -6.4751e-001 -2.4717e-001 +3.1084e-002 +1.6242e+000 -4.2391e-001 -4.3431e+000 +2.1734e+000 -3.9637e+000
1979 +2.456289484e+007 +2.456289484e+007 +2.456304901e+007 +2.456304901e+007 -2.9284e+000 +1.5995e+000 +2.7145e-001 +1.7410e-001 +2.7885e-001 +1.3731e+000 -2.1014e-001 -5.2533e+000 +1.7180e+000 -2.2500e+000
2106 +1.332781651e+007 +1.332781651e+007 +1.332797068e+007 +1.332797068e+007 -3.4107e+000 +2.3600e+000 -1.3612e-001 +1.2139e+000 -3.6725e-001 +1.2099e+000 -1.0666e+000 -2.5920e+000 +1.2672e+000 -3.7057e+000
2252 +8.920326019e+006 +8.920326019e+006 +8.920480189e+006 +8.920480189e+006 -4.0182e+000 +1.6179e+000 +2.3450e-001 +1.0873e+000 -4.9963e-002 +4.1460e-001 -1.6312e+000 -3.7720e+000 +1.5516e+000 -3.3329e+000
2300 +4.075125183e+006 +4.075125183e+006 +4.075279353e+006 +4.075279353e+006 -4.1762e+000 +1.9469e+000 -2.1271e-001 +1.0985e+000 -5.8211e-001 -6.6952e-001 -5.9319e-001 -4.0194e+000 +1.0352e+000 -2.7804e+000
2377 +3.722959088e+006 +3.722959088e+006 +3.723113258e+006 +3.723113258e+006 -4.4695e+000 +1.9584e+000 -8.7729e-002 +1.0768e+000 -7.4536e-001 -9.2249e-001 -8.3129e-001 -4.1942e+000 +8.4403e-001 -2.8716e+000
2515 +2.177200735e+006 +2.177200735e+006 +2.177354905e+006 +2.177354905e+006 -4.7630e+000 +2.0561e+000 +2.7151e-002 +1.3752e+000 -7.9450e-001 -1.1030e+000 -1.1792e+000 -3.5986e+000 +9.5758e-001 -2.8375e+000
2591 +1.400113521e+006 +1.400113521e+006 +1.400267691e+006 +1.400267691e+006 -4.7630e+000 +2.0561e+000 +3.0223e-001 +1.3752e+000 -7.9450e-001 -1.6213e+000 -1.1501e+000 -3.1552e+000 +9.5758e-001 -2.8375e+000
2615 +6.500025345e+005 +6.500025345e+005 +6.501567045e+005 +6.501567045e+005 -4.3041e+000 +2.6091e+000 +1.3592e-001 +1.5517e+000 -7.5241e-001 -1.6881e+000 -1.1622e+000 -3.0402e+000 +1.2623e+000 -2.9767e+000
2707 +6.292766408e+005 +6.292766408e+005 +6.294308108e+005 +6.294308108e+005 -4.6631e+000 +2.5351e+000 +3.3667e-002 +1.5893e+000 -9.4620e-001 -1.9623e+000 -9.3226e-001 -3.2047e+000 +1.1714e+000 -2.9546e+000
2825 +3.842571608e+005 +3.842571608e+005 +3.844113308e+005 +3.844113308e+005 -4.5858e+000 +2.7426e+000 +7.9387e-002 +1.5335e+000 -8.2264e-001 -2.0663e+000 -1.0366e+000 -3.1513e+000 +1.2117e+000 -2.9246e+000
3057 +2.490086652e+005 +2.490086652e+005 +2.491628352e+005 +2.491628352e+005 -4.6313e+000 +2.8612e+000 -4.7777e-002 +1.2560e+000 -5.2613e-001 -1.8322e+000 -1.0567e+000 -2.7113e+000 +1.2857e+000 -3.1072e+000
3063 +1.576057711e+005 +1.576057711e+005 +1.577599411e+005 +1.577599411e+005 -4.6760e+000 +2.8381e+000 -3.9654e-001 +1.0736e+000 -8.3354e-001 -2.1298e+000 -1.0135e+000 -3.2098e+000 +1.3429e+000 -2.9397e+000
3259 +7.641324419e+004 +7.641324419e+004 +7.656741419e+004 +7.656741419e+004 -4.6996e+000 +2.8651e+000 -4.3079e-001 +1.0887e+000 -9.4063e-001 -2.1704e+000 -5.6969e-001 -2.9233e+000 +1.4654e+000 -2.9251e+000
3416 +5.256680723e+004 +5.256680723e+004 +5.272097723e+004 +5.272097723e+004 -4.6900e+000 +2.8289e+000 -2.8856e-001 +1.1129e+000 -6.9244e-001 -2.2343e+000 -6.9365e-001 -2.9922e+000 +1.4227e+000 -2.9048e+000
3458 +3.459946580e+004 +3.459946580e+004 +3.475363580e+004 +3.475363580e+004 -4.6874e+000 +2.8228e+000 -3.9595e-001 +1.0587e+000 -7.7506e-001 -2.1307e+000 -8.3985e-001 -2.9812e+000 +1.5411e+000 -2.8957e+000
3592 +2.402591333e+004 +2.402591333e+004 +2.418008333e+004 +2.418008333e+004 -4.6943e+000 +2.8340e+000 -3.3477e-001 +1.0828e+000 -7.2137e-001 -2.1300e+000 -6.2019e-001 -2.9538e+000 +1.4870e+000 -2.9111e+000
3676 +1.469941898e+004 +1.469941898e+004 +1.485358898e+004 +1.485358898e+004 -4.7158e+000 +2.8024e+000 -3.2589e-001 +1.0776e+000 -6.8969e-001 -2.1337e+000 -6.7303e-001 -2.9697e+000 +1.5011e+000 -2.8879e+000
3876 +9.477366205e+003 +9.477366205e+003 +9.631536205e+003 +9.631536205e+003 -4.7192e+000 +2.7825e+000 -3.5367e-001 +1.0016e+000 -6.9616e-001 -2.0644e+000 -6.6171e-001 -2.9465e+000 +1.5684e+000 -2.8906e+000
% function evaluation | noise-free fitness - Fopt (4.983000000000e+001) | best noise-free fitness - Fopt | measured fitness | best measured fitness | x1 | x2...
1 +2.659162320e+009 +2.659162320e+009 +2.659162370e+009 +2.659162370e+009 +1.2520e+001 +9.3905e+000 +5.8048e+000 +1.3924e+001 +1.0875e+001 +5.0372e+000 +5.8847e+000 +1.3738e+001 +1.3525e+001 +1.2023e+001
6 +1.784323081e+009 +1.784323081e+009 +1.784323131e+009 +1.784323131e+009 +1.1974e+001 +1.4707e+001 +9.9087e+000 +1.2327e+001 +1.0402e+001 +1.3556e+001 +9.8502e+000 +1.3034e+001 +1.3731e+001 +6.6144e+000
7 +1.407824228e+009 +1.407824228e+009 +1.407824278e+009 +1.407824278e+009 +1.0497e+001 +7.3458e+000 +1.0374e+001 +1.1904e+001 +1.3867e+001 +1.2628e+001 +7.1784e+000 +1.1244e+001 +1.0376e+001 +9.5894e+000
24 +8.833728939e+008 +8.833728939e+008 +8.833729437e+008 +8.833729437e+008 +1.1715e+001 +8.1763e+000 +7.9041e+000 +7.6891e+000 +6.5555e+000 +8.8460e+000 +1.2035e+001 +8.6978e+000 +1.4052e+001 +6.9039e+000
574 +6.188596080e+008 +6.188596080e+008 +6.188596579e+008 +6.188596579e+008 +1.2096e+001 +5.2451e+000 +9.6154e+000 +6.5706e+000 +7.1721e+000 +1.3686e+001 +5.8811e+000 +2.1208e+000 +9.7111e+000 -3.9384e-001
857 +3.881568050e+008 +3.881568050e+008 +3.881568548e+008 +3.881568548e+008 +8.2517e+000 +2.7550e+000 +7.0249e+000 +4.2744e+000 +5.9915e+000 +1.3362e+001 +3.7959e+000 -3.5163e+000 +9.2147e+000 -4.5332e+000
1087 +2.381169168e+008 +2.381169168e+008 +2.381169666e+008 +2.381169666e+008 +7.1927e+000 +2.4080e+000 +4.4109e+000 +1.5120e+000 +1.9327e+000 +1.4353e+001 +6.0563e+000 -4.1727e+000 +1.1572e+001 -5.2665e+000
1285 +1.501222913e+008 +1.501222913e+008 +1.501223411e+008 +1.501223411e+008 +5.6115e+000 +6.2808e+000 +2.3939e+000 -2.3829e+000 +1.6864e+000 +1.4656e+001 +7.3455e+000 -2.3868e+000 +1.0731e+001 -7.8405e+000
1457 +9.566948261e+007 +9.566948261e+007 +9.566953244e+007 +9.566953244e+007 +4.6279e+000 +5.6325e+000 +7.9870e-001 +4.8587e-001 -1.8022e+000 +1.3900e+001 +5.4794e+000 -7.2278e+000 +1.1432e+001 -8.9044e+000
1634 +5.843954917e+007 +5.843954917e+007 +5.843959900e+007 +5.843959900e+007 +4.4078e+000 +5.9352e+000 +2.2593e-001 +3.0409e-002 -1.1527e+000 +1.1882e+001 +6.3868e+000 -7.0330e+000 +1.1061e+001 -6.4260e+000
1784 +2.945739487e+007 +2.945739487e+007 +2.945744470e+007 +2.945744470e+007 +4.4078e+000 +5.0076e+000 +2.5842e-001 +1.3048e+000 -2.6303e+000 +1.3429e+001 +6.3868e+000 -3.8931e+000 +7.5470e+000 -5.9973e+000
1893 +2.450603791e+007 +2.450603791e+007 +2.450608774e+007 +2.450608774e+007 +4.3130e+000 +5.2192e+000 -6.3474e-001 +1.0794e+000 -2.3435e+000 +1.2342e+001 +6.3246e+000 -5.4323e+000 +8.8578e+000 -6.4073e+000
1922 +1.519072494e+007 +1.519072494e+007 +1.519077477e+007 +1.519077477e+007 +3.2364e+000 +5.2438e+000 -1.0331e+000 +6.5065e-001 -2.9826e+000 +1.2916e+001 +7.2623e+000 -6.0660e+000 +8.6803e+000 -6.7122e+000
2035 +9.247778849e+006 +9.247778849e+006 +9.247828679e+006 +9.247828679e+006 +2.7462e+000 +6.0054e+000 -1.6824e+000 +8.2301e-001 -3.2176e+000 +1.2365e+001 +8.4562e+000 -6.6367e+000 +8.9677e+000 -6.9621e+000
2058 +5.422093391e+006 +5.422093391e+006 +5.422143221e+006 +5.422143221e+006 +3.2793e+000 +5.9354e+000 -1.8310e+000 +1.3632e+000 -2.9812e+000 +1.2110e+001 +7.7074e+000 -6.3600e+000 +8.5669e+000 -6.5515e+000
2138 +3.850364128e+006 +3.850364128e+006 +3.850413958e+006 +3.850413958e+006 +2.9325e+000 +6.1474e+000 -2.1599e+000 +1.3934e+000 -3.1865e+000 +1.2068e+001 +8.1749e+000 -6.6521e+000 +8.5215e+000 -6.6318e+000
2241 +1.899595307e+006 +1.899595307e+006 +1.899645137e+006 +1.899645137e+006 +3.2632e+000 +6.2613e+000 -2.1800e+000 +1.2958e+000 -3.7088e+000 +1.2030e+001 +7.5146e+000 -6.5037e+000 +7.7859e+000 -6.2100e+000
2380 +1.402775108e+006 +1.402775108e+006 +1.402824938e+006 +1.402824938e+006 +3.1288e+000 +5.6593e+000 -2.1462e+000 +1.2165e+000 -3.1371e+000 +1.2199e+001 +7.2706e+000 -6.8183e+000 +7.4338e+000 -6.1771e+000
2650 +7.911341267e+005 +7.911341267e+005 +7.911839567e+005 +7.911839567e+005 +3.1001e+000 +5.9163e+000 -2.3894e+000 +1.1984e+000 -3.4556e+000 +1.2237e+001 +7.7967e+000 -6.7559e+000 +7.4529e+000 -6.2219e+000
2847 +4.552976032e+005 +4.552976032e+005 +4.553474332e+005 +4.553474332e+005 +2.9824e+000 +5.9321e+000 -2.6020e+000 +1.1792e+000 -3.4794e+000 +1.2100e+001 +8.0541e+000 -6.9779e+000 +7.7628e+000 -6.3585e+000
2933 +3.882609302e+005 +3.882609302e+005 +3.883107602e+005 +3.883107602e+005 +2.9731e+000 +5.8771e+000 -2.6101e+000 +1.1495e+000 -3.4207e+000 +1.2138e+001 +8.0538e+000 -6.9643e+000 +7.7062e+000 -6.3610e+000
3137 +2.500795968e+005 +2.500795968e+005 +2.501294268e+005 +2.501294268e+005 +2.9944e+000 +5.7667e+000 -2.6128e+000 +1.1255e+000 -3.4143e+000 +1.2169e+001 +7.9987e+000 -6.9556e+000 +7.6516e+000 -6.3503e+000
3237 +8.393154907e+004 +8.393154907e+004 +8.398137907e+004 +8.398137907e+004 +3.0862e+000 +5.6587e+000 -2.6541e+000 +1.1542e+000 -3.2761e+000 +1.2148e+001 +7.8603e+000 -6.8451e+000 +7.5846e+000 -6.3688e+000
3454 +4.514360236e+004 +4.514360236e+004 +4.519343236e+004 +4.519343236e+004 +3.0889e+000 +5.5498e+000 -2.7187e+000 +1.2118e+000 -3.2361e+000 +1.2111e+001 +7.8384e+000 -6.8094e+000 +7.5781e+000 -6.3906e+000
3583 +3.931303170e+004 +3.931303170e+004 +3.936286170e+004 +3.936286170e+004 +3.1167e+000 +5.5197e+000 -2.7555e+000 +1.2386e+000 -3.2138e+000 +1.2097e+001 +7.8668e+000 -6.7990e+000 +7.6282e+000 -6.3895e+000
3819 +1.748615076e+004 +1.748615076e+004 +1.753598076e+004 +1.753598076e+004 +3.1042e+000 +5.4892e+000 -2.7511e+000 +1.1659e+000 -3.2170e+000 +1.2068e+001 +7.8968e+000 -6.7587e+000 +7.5933e+000 -6.3837e+000
3898 +1.379012978e+004 +1.379012978e+004 +1.383995978e+004 +1.383995978e+004 +3.1275e+000 +5.5077e+000 -2.7348e+000 +1.1673e+000 -3.1789e+000 +1.2077e+001 +7.9013e+000 -6.7434e+000 +7.5885e+000 -6.3579e+000
3992 +7.865901796e+003 +7.865901796e+003 +7.915731796e+003 +7.915731796e+003 +3.1333e+000 +5.4853e+000 -2.7539e+000 +1.1591e+000 -3.1939e+000 +1.2075e+001 +7.9497e+000 -6.7280e+000 +7.5986e+000 -6.3619e+000
4084 +5.637176600e+003 +5.637176600e+003 +5.687006600e+003 +5.687006600e+003 +3.1237e+000 +5.4801e+000 -2.7423e+000 +1.1494e+000 -3.2094e+000 +1.2057e+001 +7.9205e+000 -6.7130e+000 +7.5744e+000 -6.3591e+000
4172 +3.786196380e+003 +3.786196380e+003 +3.836026380e+003 +3.836026380e+003 +3.1238e+000 +5.4736e+000 -2.7529e+000 +1.1467e+000 -3.2132e+000 +1.2053e+001 +7.9390e+000 -6.7095e+000 +7.5766e+000 -6.3522e+000
