% function evaluation | noise-free fitness - Fopt (-5.465000000000e+002) | best noise-free fitness - Fopt | measured fitness | best measured fitness | x1 | x2...
1 +3.224698078e+004 +3.224698078e+004 +3.170048078e+004 +3.170048078e+004 -1.1732e-001 -1.6939e+000
3 +4.336975906e+000 +4.336975906e+000 -5.421630241e+002 -5.421630241e+002 -2.5139e+000 +1.6695e+000
27 +2.126458002e+000 +2.126458002e+000 -5.443735420e+002 -5.443735420e+002 +1.5909e+000 +1.9442e+000
234 +1.574269185e+000 +1.574269185e+000 -5.449257308e+002 -5.449257308e+002 -1.9627e+000 +1.8014e+000
1018 +7.170143629e-001 +7.170143629e-001 -5.457829856e+002 -5.457829856e+002 +1.5030e+000 +3.0289e+000
1164 +6.078658558e-001 +6.078658558e-001 -5.458921341e+002 -5.458921341e+002 +1.4950e+000 +3.0103e+000
% function evaluation | noise-free fitness - Fopt (1.000000000000e+003) | best noise-free fitness - Fopt | measured fitness | best measured fitness | x1 | x2...
1 +1.067195786e+005 +1.067195786e+005 +1.077195786e+005 +1.077195786e+005 -3.1060e+000 -4.7637e+000
3 +5.351076390e+000 +5.351076390e+000 +1.005351076e+003 +1.005351076e+003 +1.6678e+000 +1.7101e+000
14 +3.303323364e+000 +3.303323364e+000 +1.003303323e+003 +1.003303323e+003 +8.7676e-001 +1.6899e+000
70 +1.728514719e+000 +1.728514719e+000 +1.001728515e+003 +1.001728515e+003 -1.9421e+000 +2.0752e+000
213 +1.407533187e+000 +1.407533187e+000 +1.001407533e+003 +1.001407533e+003 -2.0881e+000 +1.7291e+000
660 +3.569695644e-001 +3.569695644e-001 +1.000356970e+003 +1.000356970e+003 -2.0402e+000 +2.0889e+000
803 +4.565206621e-002 +4.565206621e-002 +1.000045652e+003 +1.000045652e+003 -2.1450e+000 +2.0992e+000
1236 +2.424076705e-002 +2.424076705e-002 +1.000024241e+003 +1.000024241e+003 -2.1162e+000 +2.0929e+000
1328 +2.518449044e-003 +2.518449044e-003 +1.000002518e+003 +1.000002518e+003 -2.0956e+000 +2.1060e+000
1631 +3.655241676e-005 +3.655241676e-005 +1.000000037e+003 +1.000000037e+003 -2.1039e+000 +2.1053e+000
2334 +1.036136757e-005 +1.036136757e-005 +1.000000010e+003 +1.000000010e+003 -2.1051e+000 +2.1046e+000
2421 +3.714371360e-006 +3.714371360e-006 +1.000000004e+003 +1.000000004e+003 -2.1046e+000 +2.1050e+000
2916 +1.085895633e-006 +1.085895633e-006 +1.000000001e+003 +1.000000001e+003 -2.1048e+000 +2.1048e+000
2949 +8.361411119e-007 +8.361411119e-007 +1.000000001e+003 +1.000000001e+003 -2.1047e+000 +2.1049e+000
2967 +1.243313363e-008 +1.243313363e-008 +1.000000000e+003 +1.000000000e+003 -2.1048e+000 +2.1049e+000
3915 +4.531671038e-009 +4.531671038e-009 +1.000000000e+003 +1.000000000e+003 -2.1048e+000 +2.1048e+000
% function evaluation | noise-free fitness - Fopt (2.083800000000e+002) | best noise-free fitness - Fopt | measured fitness | best measured fitness | x1 | x2...
1 +8.722068668e+003 +8.722068668e+003 +8.930448668e+003 +8.930448668e+003 +3.6292e-001 +4.3231e+000
3 +1.966386177e+003 +1.966386177e+003 +2.174766177e+003 +2.174766177e+003 +1.8064e+000 +3.9074e+000
6 +2.133953289e+002 +2.133953289e+002 +4.217753289e+002 +4.217753289e+002 +3.2184e+000 +2.0830e+000
10 +3.908293742e+000 +3.908293742e+000 +2.122882937e+002 +2.122882937e+002 +2.4874e+000 +2.8073e+000
26 +1.935347057e+000 +1.935347057e+000 +2.103153471e+002 +2.103153471e+002 +1.2874e+000 +2.9857e+000
43 +4.573262428e-001 +4.573262428e-001 +2.088373262e+002 +2.088373262e+002 -2.2238e+000 +2.0544e+000
1727 +1.004830657e-001 +1.004830657e-001 +2.084804831e+002 +2.084804831e+002 -2.1259e+000 +2.1184e+000
1813 +8.908527082e-002 +8.908527082e-002 +2.084690853e+002 +2.084690853e+002 -2.1604e+000 +2.0842e+000
1855 +3.456693733e-002 +3.456693733e-002 +2.084145669e+002 +2.084145669e+002 -2.1413e+000 +2.0937e+000
1951 +1.928492673e-002 +1.928492673e-002 +2.083992849e+002 +2.083992849e+002 -2.0935e+000 +2.1157e+000
1969 +2.445742890e-003 +2.445742890e-003 +2.083824457e+002 +2.083824457e+002 -2.0950e+000 +2.1076e+000
2460 +1.431115277e-003 +1.431115277e-003 +2.083814311e+002 +2.083814311e+002 -2.0975e+000 +2.1062e+000
2519 +1.187918984e-004 +1.187918984e-004 +2.083801188e+002 +2.083801188e+002 -2.1063e+000 +2.1050e+000
2788 +7.502811377e-005 +7.502811377e-005 +2.083800750e+002 +2.083800750e+002 -2.1052e+000 +2.1042e+000
3240 +6.228937096e-005 +6.228937096e-005 +2.083800623e+002 +2.083800623e+002 -2.1033e+000 +2.1054e+000
3332 +7.527310800e-006 +7.527310800e-006 +2.083800075e+002 +2.083800075e+002 -2.1046e+000 +2.1051e+000
3592 +5.691747162e-006 +5.691747162e-006 +2.083800057e+002 +2.083800057e+002 -2.1053e+000 +2.1048e+000
3867 +3.755711930e-006 +3.755711930e-006 +2.083800038e+002 +2.083800038e+002 -2.1050e+000 +2.1049e+000
4065 +5.075606282e-007 +5.075606282e-007 +2.083800005e+002 +2.083800005e+002 -2.1050e+000 +2.1048e+000
4175 +7.889801168e-008 +7.889801168e-008 +2.083800001e+002 +2.083800001e+002 -2.1049e+000 +2.1048e+000
4438 +6.971674793e-009 +6.971674793e-009 +2.083800000e+002 +2.083800000e+002 -2.1048e+000 +2.1048e+000
% function evaluation | noise-free fitness - Fopt (-1.449600000000e+002) | best noise-free fitness - Fopt | measured fitness | best measured fitness | x1 | x2...
1 +7.328581768e+000 +7.328581768e+000 -1.376314182e+002 -1.376314182e+002 -1.6240e+000 -8.6925e-001
8 +5.876181121e+000 +5.876181121e+000 -1.390838189e+002 -1.390838189e+002 +1.9746e+000 -2.4588e+000
22 +3.601815809e+000 +3.601815809e+000 -1.413581842e+002 -1.413581842e+002 +2.3144e-001 -2.3808e+000
33 +2.399885843e+000 +2.399885843e+000 -1.425601142e+002 -1.425601142e+002 +2.5482e+000 -3.2101e+000
130 +1.574382040e+000 +1.574382040e+000 -1.433856180e+002 -1.433856180e+002 -2.0690e+000 -1.2665e+000
918 +7.416674755e-001 +7.416674755e-001 -1.442183325e+002 -1.442183325e+002 -2.1744e+000 -9.3302e-001
1083 +2.630447591e-001 +2.630447591e-001 -1.446969552e+002 -1.446969552e+002 -2.1855e+000 -2.0647e+000
1721 +3.613568520e-002 +3.613568520e-002 -1.449238643e+002 -1.449238643e+002 -2.1075e+000 -2.0922e+000
2131 +1.946696067e-002 +1.946696067e-002 -1.449405330e+002 -1.449405330e+002 -2.1208e+000 -2.0937e+000
2192 +5.564708543e-003 +5.564708543e-003 -1.449544353e+002 -1.449544353e+002 -2.1003e+000 -2.1015e+000
2373 +3.629060191e-003 +3.629060191e-003 -1.449563709e+002 -1.449563709e+002 -2.0969e+000 -2.1040e+000
2404 +3.289303514e-004 +3.289303514e-004 -1.449596711e+002 -1.449596711e+002 -2.1084e+000 -2.1038e+000
2827 +1.355959378e-004 +1.355959378e-004 -1.449598644e+002 -1.449598644e+002 -2.1027e+000 -2.1051e+000
3179 +2.466688915e-005 +2.466688915e-005 -1.449599753e+002 -1.449599753e+002 -2.1055e+000 -2.1044e+000
3336 +1.310601334e-006 +1.310601334e-006 -1.449599987e+002 -1.449599987e+002 -2.1047e+000 -2.1049e+000
3816 +8.514506078e-007 +8.514506078e-007 -1.449599991e+002 -1.449599991e+002 -2.1050e+000 -2.1048e+000
3900 +4.799472606e-007 +4.799472606e-007 -1.449599995e+002 -1.449599995e+002 -2.1050e+000 -2.1048e+000
4138 +2.368404068e-007 +2.368404068e-007 -1.449599998e+002 -1.449599998e+002 -2.1049e+000 -2.1048e+000
4335 +6.419267606e-008 +6.419267606e-008 -1.449599999e+002 -1.449599999e+002 -2.1049e+000 -2.1049e+000
4423 +1.593321031e-010 +1.593321031e-010 -1.449600000e+002 -1.449600000e+002 -2.1048e+000 -2.1048e+000
% function evaluation | noise-free fitness - Fopt (-6.300000000000e+000) | best noise-free fitness - Fopt | measured fitness | best measured fitness | x1 | x2...
1 +5.093695181e+002 +5.093695181e+002 +5.030695181e+002 +5.030695181e+002 -3.6202e+000 -3.1374e+000
4 +1.250455412e+002 +1.250455412e+002 +1.187455412e+002 +1.187455412e+002 +2.8991e+000 -2.1452e+000
6 +7.317695871e+001 +7.317695871e+001 +6.687695871e+001 +6.687695871e+001 -1.5807e+000 -3.2815e+000
25 +4.894039026e+000 +4.894039026e+000 -1.405960974e+000 -1.405960974e+000 -2.3706e+000 -2.7111e+000
26 +3.694702297e+000 +3.694702297e+000 -2.605297703e+000 -2.605297703e+000 +7.7419e-001 -1.5648e+000
59 +2.451739465e+000 +2.451739465e+000 -3.848260535e+000 -3.848260535e+000 -1.5807e+000 -2.1306e+000
408 +7.271386134e-001 +7.271386134e-001 -5.572861387e+000 -5.572861387e+000 +2.1962e+000 -2.0354e+000
436 +4.944736381e-001 +4.944736381e-001 -5.805526362e+000 -5.805526362e+000 +2.0113e+000 -2.0944e+000
561 +2.327575300e-001 +2.327575300e-001 -6.067242470e+000 -6.067242470e+000 +2.2011e+000 -2.0832e+000
794 +4.703368350e-002 +4.703368350e-002 -6.252966316e+000 -6.252966316e+000 +2.0694e+000 -2.1215e+000
1442 +1.793481725e-002 +1.793481725e-002 -6.282065183e+000 -6.282065183e+000 +2.1202e+000 -2.0941e+000
1609 +1.450023229e-003 +1.450023229e-003 -6.298549977e+000 -6.298549977e+000 +2.1010e+000 -2.1079e+000
1728 +4.012257327e-004 +4.012257327e-004 -6.299598774e+000 -6.299598774e+000 +2.1032e+000 -2.1041e+000
2095 +3.542793191e-004 +3.542793191e-004 -6.299645721e+000 -6.299645721e+000 +2.1012e+000 -2.1056e+000
2452 +7.689985223e-005 +7.689985223e-005 -6.299923100e+000 -6.299923100e+000 +2.1036e+000 -2.1048e+000
2539 +6.060769335e-005 +6.060769335e-005 -6.299939392e+000 -6.299939392e+000 +2.1051e+000 -2.1043e+000
2636 +3.492660024e-005 +3.492660024e-005 -6.299965073e+000 -6.299965073e+000 +2.1037e+000 -2.1051e+000
2714 +2.295606378e-005 +2.295606378e-005 -6.299977044e+000 -6.299977044e+000 +2.1039e+000 -2.1052e+000
3065 +1.359879222e-006 +1.359879222e-006 -6.299998640e+000 -6.299998640e+000 +2.1046e+000 -2.1049e+000
3239 +2.343863805e-007 +2.343863805e-007 -6.299999766e+000 -6.299999766e+000 +2.1049e+000 -2.1048e+000
3687 +1.491666559e-007 +1.491666559e-007 -6.299999851e+000 -6.299999851e+000 +2.1049e+000 -2.1048e+000
3904 +8.238339166e-008 +8.238339166e-008 -6.299999918e+000 -6.299999918e+000 +2.1048e+000 -2.1049e+000
4036 +2.285444367e-008 +2.285444367e-008 -6.299999977e+000 -6.299999977e+000 +2.1048e+000 -2.1049e+000
4285 +8.633751492e-009 +8.633751492e-009 -6.299999991e+000 -6.299999991e+000 +2.1048e+000 -2.1049e+000
% function evaluation | noise-free fitness - Fopt (-3.790000000000e+000) | best noise-free fitness - Fopt | measured fitness | best measured fitness | x1 | x2...
1 +1.163881222e+005 +1.163881222e+005 +1.163843322e+005 +1.163843322e+005 +3.9442e+000 -3.2139e+000
3 +1.643479631e+002 +1.643479631e+002 +1.605579631e+002 +1.605579631e+002 -1.9052e+000 +2.4804e+000
4 +5.323912260e+000 +5.323912260e+000 +1.533912260e+000 +1.533912260e+000 +1.9162e+000 +2.8289e+000
17 +3.552278734e+000 +3.552278734e+000 -2.377212655e-001 -2.377212655e-001 +6.2762e-001 +2.1027e+000
137 +1.984866753e+000 +1.984866753e+000 -1.805133247e+000 -1.805133247e+000 +6.1088e-001 +2.8289e+000
215 +6.799827377e-001 +6.799827377e-001 -3.110017262e+000 -3.110017262e+000 -2.1565e+000 +9.3897e-001
404 +4.104176437e-001 +4.104176437e-001 -3.379582356e+000 -3.379582356e+000 -1.9772e+000 +2.1449e+000
671 +2.601676418e-001 +2.601676418e-001 -3.529832358e+000 -3.529832358e+000 -2.1027e+000 +2.0728e+000
814 +8.057174154e-003 +8.057174154e-003 -3.781942826e+000 -3.781942826e+000 -2.0870e+000 +2.1095e+000
1792 +1.365629022e-003 +1.365629022e-003 -3.788634371e+000 -3.788634371e+000 -2.0987e+000 +2.1077e+000
2078 +1.477188662e-004 +1.477188662e-004 -3.789852281e+000 -3.789852281e+000 -2.1043e+000 +2.1057e+000
2334 +2.038099495e-005 +2.038099495e-005 -3.789979619e+000 -3.789979619e+000 -2.1043e+000 +2.1048e+000
2800 +9.919258785e-006 +9.919258785e-006 -3.789990081e+000 -3.789990081e+000 -2.1050e+000 +2.1046e+000
3172 +4.920055001e-006 +4.920055001e-006 -3.789995080e+000 -3.789995080e+000 -2.1047e+000 +2.1048e+000
3185 +3.397344750e-006 +3.397344750e-006 -3.789996603e+000 -3.789996603e+000 -2.1049e+000 +2.1047e+000
3229 +1.262731562e-006 +1.262731562e-006 -3.789998737e+000 -3.789998737e+000 -2.1049e+000 +2.1048e+000
3272 +6.340529155e-007 +6.340529155e-007 -3.789999366e+000 -3.789999366e+000 -2.1047e+000 +2.1049e+000
3742 +3.004878715e-007 +3.004878715e-007 -3.789999700e+000 -3.789999700e+000 -2.1048e+000 +2.1049e+000
3871 +3.225043077e-008 +3.225043077e-008 -3.789999968e+000 -3.789999968e+000 -2.1049e+000 +2.1048e+000
4252 +2.131568655e-008 +2.131568655e-008 -3.789999979e+000 -3.789999979e+000 -2.1048e+000 +2.1048e+000
4370 +5.697474936e-009 +5.697474936e-009 -3.789999994e+000 -3.789999994e+000 -2.1048e+000 +2.1048e+000
% function evaluation | noise-free fitness - Fopt (-5.675000000000e+001) | best noise-free fitness - Fopt | measured fitness | best measured fitness | x1 | x2...
1 +7.053933107e+004 +7.053933107e+004 +7.048258107e+004 +7.048258107e+004 -2.6810e+000 +2.3540e+000
3 +3.730373477e+003 +3.730373477e+003 +3.673623477e+003 +3.673623477e+003 +4.1813e-001 -1.0584e-001
6 +4.520131053e+002 +4.520131053e+002 +3.952631053e+002 +3.952631053e+002 +1.6261e+000 -2.6850e+000
10 +6.481840528e+000 +6.481840528e+000 -5.026815947e+001 -5.026815947e+001 +1.6442e+000 -1.9981e+000
29 +1.508987177e+000 +1.508987177e+000 -5.524101282e+001 -5.524101282e+001 +1.0242e+000 -2.3331e+000
502 +9.939541630e-001 +9.939541630e-001 -5.575604584e+001 -5.575604584e+001 +2.0733e+000 -2.1767e+000
602 +6.046564042e-001 +6.046564042e-001 -5.614534360e+001 -5.614534360e+001 +2.0808e+000 -2.0609e+000
619 +1.362161060e-001 +1.362161060e-001 -5.661378389e+001 -5.661378389e+001 +2.1731e+000 -2.0790e+000
974 +4.329519675e-002 +4.329519675e-002 -5.670670480e+001 -5.670670480e+001 +2.0808e+000 -2.1002e+000
1442 +1.578280861e-002 +1.578280861e-002 -5.673421719e+001 -5.673421719e+001 +2.1238e+000 -2.0949e+000
1523 +8.535488739e-003 +8.535488739e-003 -5.674146451e+001 -5.674146451e+001 +2.0875e+000 -2.1111e+000
1918 +5.293863370e-003 +5.293863370e-003 -5.674470614e+001 -5.674470614e+001 +2.1192e+000 -2.1007e+000
2157 +1.598416085e-003 +1.598416085e-003 -5.674840158e+001 -5.674840158e+001 +2.1119e+000 -2.1043e+000
2278 +1.517185214e-003 +1.517185214e-003 -5.674848281e+001 -5.674848281e+001 +2.1121e+000 -2.1039e+000
2469 +8.786101949e-004 +8.786101949e-004 -5.674912139e+001 -5.674912139e+001 +2.0994e+000 -2.1055e+000
2651 +5.994897717e-004 +5.994897717e-004 -5.674940051e+001 -5.674940051e+001 +2.1057e+000 -2.1062e+000
2668 +4.931194380e-005 +4.931194380e-005 -5.674995069e+001 -5.674995069e+001 +2.1037e+000 -2.1049e+000
2925 +1.418091261e-005 +1.418091261e-005 -5.674998582e+001 -5.674998582e+001 +2.1044e+000 -2.1051e+000
3258 +5.725689000e-006 +5.725689000e-006 -5.674999427e+001 -5.674999427e+001 +2.1044e+000 -2.1050e+000
3373 +3.700938919e-006 +3.700938919e-006 -5.674999630e+001 -5.674999630e+001 +2.1051e+000 -2.1049e+000
3501 +3.175913577e-008 +3.175913577e-008 -5.674999997e+001 -5.674999997e+001 +2.1048e+000 -2.1048e+000
3755 +1.732864519e-009 +1.732864519e-009 -5.675000000e+001 -5.675000000e+001 +2.1049e+000 -2.1048e+000
% function evaluation | noise-free fitness - Fopt (-5.980000000000e+001) | best noise-free fitness - Fopt | measured fitness | best measured fitness | x1 | x2...
1 +2.057875549e+004 +2.057875549e+004 +2.051895549e+004 +2.051895549e+004 -4.6840e+000 -1.8507e-001
5 +1.276729218e+004 +1.276729218e+004 +1.270749218e+004 +1.270749218e+004 +3.7553e+000 -3.5594e+000
6 +1.829976758e+003 +1.829976758e+003 +1.770176758e+003 +1.770176758e+003 -4.6047e+000 -2.2031e+000
7 +1.451139140e+001 +1.451139140e+001 -4.528860860e+001 -4.528860860e+001 +2.1750e+000 -2.2622e+000
23 +9.022628268e+000 +9.022628268e+000 -5.077737173e+001 -5.077737173e+001 -4.0071e-001 -2.8831e+000
28 +4.835328084e+000 +4.835328084e+000 -5.496467192e+001 -5.496467192e+001 +1.8967e-001 -1.3355e+000
32 +2.689054020e+000 +2.689054020e+000 -5.711094598e+001 -5.711094598e+001 -1.5098e+000 -2.4834e+000
35 +8.970410987e-001 +8.970410987e-001 -5.890295890e+001 -5.890295890e+001 +2.2029e+000 -9.2034e-001
1287 +2.305892906e-001 +2.305892906e-001 -5.956941071e+001 -5.956941071e+001 +2.0739e+000 -2.0836e+000
1346 +2.117450766e-002 +2.117450766e-002 -5.977882549e+001 -5.977882549e+001 +2.0820e+000 -2.1049e+000
1668 +8.190412247e-003 +8.190412247e-003 -5.979180959e+001 -5.979180959e+001 +2.1021e+000 -2.1112e+000
2329 +4.247933531e-003 +4.247933531e-003 -5.979575207e+001 -5.979575207e+001 +2.1060e+000 -2.1086e+000
2785 +4.399492580e-004 +4.399492580e-004 -5.979956005e+001 -5.979956005e+001 +2.1007e+000 -2.1060e+000
3000 +1.894054483e-004 +1.894054483e-004 -5.979981059e+001 -5.979981059e+001 +2.1043e+000 -2.1058e+000
3057 +1.486382852e-004 +1.486382852e-004 -5.979985136e+001 -5.979985136e+001 +2.1031e+000 -2.1047e+000
3144 +4.547686750e-005 +4.547686750e-005 -5.979995452e+001 -5.979995452e+001 +2.1039e+000 -2.1048e+000
3233 +1.061455286e-005 +1.061455286e-005 -5.979998939e+001 -5.979998939e+001 +2.1044e+000 -2.1048e+000
3315 +1.067892036e-006 +1.067892036e-006 -5.979999893e+001 -5.979999893e+001 +2.1047e+000 -2.1048e+000
3400 +1.870844955e-007 +1.870844955e-007 -5.979999981e+001 -5.979999981e+001 +2.1049e+000 -2.1049e+000
4195 +9.891429897e-009 +9.891429897e-009 -5.979999999e+001 -5.979999999e+001 +2.1048e+000 -2.1048e+000
4249 +5.355801136e-009 +5.355801136e-009 -5.979999999e+001 -5.979999999e+001 +2.1048e+000 -2.1048e+000
% function evaluation | noise-free fitness - Fopt (1.155700000000e+002) | best noise-free fitness - Fopt | measured fitness | best measured fitness | x1 | x2...
1 +3.113645173e+004 +3.113645173e+004 +3.125202173e+004 +3.125202173e+004 -6.5206e-001 -1.4522e+000
3 +1.882458800e+003 +1.882458800e+003 +1.998028800e+003 +1.998028800e+003 -4.6692e+000 +3.2463e+000
9 +7.059847419e+001 +7.059847419e+001 +1.861684742e+002 +1.861684742e+002 -2.9166e+000 +2.4914e+000
15 +5.710637017e+001 +5.710637017e+001 +1.726763702e+002 +1.726763702e+002 +1.0853e+000 +2.5978e+000
26 +3.520464524e+000 +3.520464524e+000 +1.190904645e+002 +1.190904645e+002 -1.4966e+000 +1.9903e+000
91 +2.161370684e+000 +2.161370684e+000 +1.177313707e+002 +1.177313707e+002 -2.4827e+000 +3.3088e+000
356 +9.297777918e-002 +9.297777918e-002 +1.156629778e+002 +1.156629778e+002 +2.1645e+000 +2.0862e+000
986 +4.472540575e-002 +4.472540575e-002 +1.156147254e+002 +1.156147254e+002 +2.0922e+000 +2.0953e+000
1569 +2.156231004e-002 +2.156231004e-002 +1.155915623e+002 +1.155915623e+002 +2.0882e+000 +2.1166e+000
1628 +1.408743620e-002 +1.408743620e-002 +1.155840874e+002 +1.155840874e+002 +2.0845e+000 +2.1137e+000
1815 +8.567233385e-003 +8.567233385e-003 +1.155785672e+002 +1.155785672e+002 +2.0941e+000 +2.1028e+000
2016 +2.988958626e-003 +2.988958626e-003 +1.155729890e+002 +1.155729890e+002 +2.0942e+000 +2.1068e+000
2165 +1.123575447e-004 +1.123575447e-004 +1.155701124e+002 +1.155701124e+002 +2.1031e+000 +2.1049e+000
2526 +8.651896550e-005 +8.651896550e-005 +1.155700865e+002 +1.155700865e+002 +2.1042e+000 +2.1056e+000
2926 +1.565633875e-005 +1.565633875e-005 +1.155700157e+002 +1.155700157e+002 +2.1052e+000 +2.1050e+000
3030 +7.833264235e-006 +7.833264235e-006 +1.155700078e+002 +1.155700078e+002 +2.1046e+000 +2.1048e+000
3321 +4.002027055e-006 +4.002027055e-006 +1.155700040e+002 +1.155700040e+002 +2.1052e+000 +2.1048e+000
3354 +8.270269092e-007 +8.270269092e-007 +1.155700008e+002 +1.155700008e+002 +2.1047e+000 +2.1048e+000
3711 +2.886988568e-007 +2.886988568e-007 +1.155700003e+002 +1.155700003e+002 +2.1049e+000 +2.1048e+000
3778 +1.694606198e-007 +1.694606198e-007 +1.155700002e+002 +1.155700002e+002 +2.1048e+000 +2.1048e+000
3861 +7.411310321e-008 +7.411310321e-008 +1.155700001e+002 +1.155700001e+002 +2.1049e+000 +2.1048e+000
4099 +4.245005414e-008 +4.245005414e-008 +1.155700000e+002 +1.155700000e+002 +2.1048e+000 +2.1049e+000
4248 +9.857643590e-010 +9.857643590e-010 +1.155700000e+002 +1.155700000e+002 +2.1048e+000 +2.1048e+000
% function evaluation | noise-free fitness - Fopt (-3.912000000000e+001) | best noise-free fitness - Fopt | measured fitness | best measured fitness | x1 | x2...
1 +3.250334152e+000 +3.250334152e+000 -3.586966585e+001 -3.586966585e+001 +1.4095e+000 +2.2213e+000
31 +2.197746750e+000 +2.197746750e+000 -3.692225325e+001 -3.692225325e+001 +1.8928e-001 +2.7009e+000
265 +1.499606773e+000 +1.499606773e+000 -3.762039323e+001 -3.762039323e+001 +5.9927e-001 +2.7845e+000
578 +7.127655242e-001 +7.127655242e-001 -3.840723448e+001 -3.840723448e+001 +1.5557e+000 +3.0028e+000
1032 +4.357658449e-001 +4.357658449e-001 -3.868423416e+001 -3.868423416e+001 -1.9910e+000 +2.1552e+000
1140 +1.375053309e-001 +1.375053309e-001 -3.898249467e+001 -3.898249467e+001 -2.1670e+000 +2.0766e+000
1698 +3.327724804e-002 +3.327724804e-002 -3.908672275e+001 -3.908672275e+001 -2.1178e+000 +2.0909e+000
1798 +2.340233074e-002 +2.340233074e-002 -3.909659767e+001 -3.909659767e+001 -2.1289e+000 +2.0929e+000
1825 +1.159214150e-002 +1.159214150e-002 -3.910840786e+001 -3.910840786e+001 -2.0902e+000 +2.1036e+000
2204 +7.954885159e-003 +7.954885159e-003 -3.911204511e+001 -3.911204511e+001 -2.1128e+000 +2.0978e+000
2309 +1.471808645e-003 +1.471808645e-003 -3.911852819e+001 -3.911852819e+001 -2.1123e+000 +2.1035e+000
2536 +3.597503121e-004 +3.597503121e-004 -3.911964025e+001 -3.911964025e+001 -2.1023e+000 +2.1046e+000
2825 +1.945976699e-004 +1.945976699e-004 -3.911980540e+001 -3.911980540e+001 -2.1072e+000 +2.1047e+000
2854 +1.161036119e-004 +1.161036119e-004 -3.911988390e+001 -3.911988390e+001 -2.1054e+000 +2.1054e+000
2938 +1.173507751e-005 +1.173507751e-005 -3.911998826e+001 -3.911998826e+001 -2.1054e+000 +2.1046e+000
3210 +3.467251673e-006 +3.467251673e-006 -3.911999653e+001 -3.911999653e+001 -2.1052e+000 +2.1047e+000
3303 +1.217887558e-006 +1.217887558e-006 -3.911999878e+001 -3.911999878e+001 -2.1051e+000 +2.1048e+000
3907 +2.989432133e-007 +2.989432133e-007 -3.911999970e+001 -3.911999970e+001 -2.1048e+000 +2.1048e+000
3956 +2.177066420e-007 +2.177066420e-007 -3.911999978e+001 -3.911999978e+001 -2.1048e+000 +2.1048e+000
4154 +1.315749500e-007 +1.315749500e-007 -3.911999987e+001 -3.911999987e+001 -2.1048e+000 +2.1048e+000
4223 +2.807262689e-008 +2.807262689e-008 -3.911999997e+001 -3.911999997e+001 -2.1049e+000 +2.1048e+000
4586 +5.850559148e-009 +5.850559148e-009 -3.911999999e+001 -3.911999999e+001 -2.1048e+000 +2.1048e+000
% function evaluation | noise-free fitness - Fopt (-8.801000000000e+001) | best noise-free fitness - Fopt | measured fitness | best measured fitness | x1 | x2...
1 +3.948335279e+002 +3.948335279e+002 +3.068235279e+002 +3.068235279e+002 +3.4834e+000 +3.0583e+000
8 +3.480457255e+000 +3.480457255e+000 -8.452954274e+001 -8.452954274e+001 -1.7421e+000 +1.0965e+000
151 +2.065021427e+000 +2.065021427e+000 -8.594497857e+001 -8.594497857e+001 -7.9435e-001 +2.4335e+000
164 +9.778132671e-001 +9.778132671e-001 -8.703218673e+001 -8.703218673e+001 -2.1642e+000 +9.1145e-001
672 +1.307334592e-001 +1.307334592e-001 -8.787926654e+001 -8.787926654e+001 -2.0383e+000 +2.1305e+000
1498 +1.442278714e-002 +1.442278714e-002 -8.799557721e+001 -8.799557721e+001 -2.1285e+000 +2.0978e+000
1811 +7.291612787e-003 +7.291612787e-003 -8.800270839e+001 -8.800270839e+001 -2.1052e+000 +2.0994e+000
2157 +3.784392038e-003 +3.784392038e-003 -8.800621561e+001 -8.800621561e+001 -2.0976e+000 +2.1035e+000
2333 +2.376634348e-003 +2.376634348e-003 -8.800762337e+001 -8.800762337e+001 -2.1076e+000 +2.1012e+000
2343 +9.525188682e-005 +9.525188682e-005 -8.800990475e+001 -8.800990475e+001 -2.1061e+000 +2.1041e+000
2349 +3.392766183e-005 +3.392766183e-005 -8.800996607e+001 -8.800996607e+001 -2.1037e+000 +2.1052e+000
3063 +2.222427993e-005 +2.222427993e-005 -8.800997778e+001 -8.800997778e+001 -2.1041e+000 +2.1052e+000
3151 +5.652960297e-006 +5.652960297e-006 -8.800999435e+001 -8.800999435e+001 -2.1044e+000 +2.1049e+000
3234 +7.275214386e-007 +7.275214386e-007 -8.800999927e+001 -8.800999927e+001 -2.1047e+000 +2.1049e+000
3323 +6.867639968e-008 +6.867639968e-008 -8.800999993e+001 -8.800999993e+001 -2.1048e+000 +2.1049e+000
4130 +5.223212440e-008 +5.223212440e-008 -8.800999995e+001 -8.800999995e+001 -2.1048e+000 +2.1049e+000
4182 +3.527267722e-008 +3.527267722e-008 -8.800999996e+001 -8.800999996e+001 -2.1048e+000 +2.1048e+000
4213 +6.448757972e-009 +6.448757972e-009 -8.800999999e+001 -8.800999999e+001 -2.1048e+000 +2.1048e+000
% function evaluation | noise-free fitness - Fopt (7.934000000000e+001) | best noise-free fitness - Fopt | measured fitness | best measured fitness | x1 | x2...
1 +7.027117223e+000 +7.027117223e+000 +8.636711722e+001 +8.636711722e+001 -1.5683e+000 -8.5466e-001
21 +4.119637393e+000 +4.119637393e+000 +8.345963739e+001 +8.345963739e+001 +2.0354e+000 -3.1258e+000
30 +3.147552842e+000 +3.147552842e+000 +8.248755284e+001 +8.248755284e+001 +1.6646e+000 -2.5152e+000
165 +8.902649920e-001 +8.902649920e-001 +8.023026499e+001 +8.023026499e+001 +1.5792e+000 -2.9984e+000
1374 +6.046515638e-001 +6.046515638e-001 +7.994465156e+001 +7.994465156e+001 +1.4916e+000 -3.0062e+000
1413 +9.030984469e-002 +9.030984469e-002 +7.943030984e+001 +7.943030984e+001 -2.1490e+000 -2.0810e+000
2210 +2.813184206e-002 +2.813184206e-002 +7.936813184e+001 +7.936813184e+001 -2.0970e+000 -2.0965e+000
2282 +1.284421585e-002 +1.284421585e-002 +7.935284422e+001 +7.935284422e+001 -2.1057e+000 -2.1118e+000
2888 +3.098742232e-003 +3.098742232e-003 +7.934309874e+001 +7.934309874e+001 -2.0947e+000 -2.1060e+000
2939 +7.749455591e-004 +7.749455591e-004 +7.934077495e+001 +7.934077495e+001 -2.1021e+000 -2.1040e+000
3262 +4.494399938e-005 +4.494399938e-005 +7.934004494e+001 +7.934004494e+001 -2.1038e+000 -2.1048e+000
3551 +9.126488180e-006 +9.126488180e-006 +7.934000913e+001 +7.934000913e+001 -2.1042e+000 -2.1050e+000
3707 +5.265372707e-006 +5.265372707e-006 +7.934000527e+001 +7.934000527e+001 -2.1049e+000 -2.1047e+000
4066 +2.493918018e-006 +2.493918018e-006 +7.934000249e+001 +7.934000249e+001 -2.1051e+000 -2.1049e+000
4430 +9.929612332e-007 +9.929612332e-007 +7.934000099e+001 +7.934000099e+001 -2.1048e+000 -2.1049e+000
4702 +5.940475916e-007 +5.940475916e-007 +7.934000059e+001 +7.934000059e+001 -2.1047e+000 -2.1049e+000
4927 +3.036201406e-007 +3.036201406e-007 +7.934000030e+001 +7.934000030e+001 -2.1049e+000 -2.1048e+000
5032 +5.555331484e-008 +5.555331484e-008 +7.934000006e+001 +7.934000006e+001 -2.1048e+000 -2.1049e+000
5181 +2.619304951e-008 +2.619304951e-008 +7.934000003e+001 +7.934000003e+001 -2.1048e+000 -2.1048e+000
5296 +7.763503618e-009 +7.763503618e-009 +7.934000001e+001 +7.934000001e+001 -2.1048e+000 -2.1049e+000
% function evaluation | noise-free fitness - Fopt (1.721800000000e+002) | best noise-free fitness - Fopt | measured fitness | best measured fitness | x1 | x2...
1 +4.078140963e+004 +4.078140963e+004 +4.095358963e+004 +4.095358963e+004 -4.3321e+000 -8.8230e-001
5 +9.880142145e+003 +9.880142145e+003 +1.005232214e+004 +1.005232214e+004 +2.3785e+000 -9.9060e-001
6 +4.247266833e+002 +4.247266833e+002 +5.969066833e+002 +5.969066833e+002 +1.8747e+000 +3.8293e-001
12 +3.259582809e+000 +3.259582809e+000 +1.754395828e+002 +1.754395828e+002 +3.2017e-001 +1.6898e+000
45 +1.367322000e+000 +1.367322000e+000 +1.735473220e+002 +1.735473220e+002 +2.2057e+000 +2.0090e+000
222 +9.806832154e-001 +9.806832154e-001 +1.731606832e+002 +1.731606832e+002 +2.2927e+000 +2.0343e+000
644 +5.481637941e-001 +5.481637941e-001 +1.727281638e+002 +1.727281638e+002 +1.9565e+000 +2.1322e+000
1158 +3.365599929e-001 +3.365599929e-001 +1.725165600e+002 +1.725165600e+002 +2.1617e+000 +2.0584e+000
1568 +2.369209562e-001 +2.369209562e-001 +1.724169210e+002 +1.724169210e+002 +2.0597e+000 +2.1434e+000
1570 +1.513803515e-001 +1.513803515e-001 +1.723313804e+002 +1.723313804e+002 +2.0363e+000 +2.1337e+000
1749 +6.724957492e-003 +6.724957492e-003 +1.721867250e+002 +1.721867250e+002 +2.1048e+000 +2.1100e+000
1941 +1.922690450e-003 +1.922690450e-003 +1.721819227e+002 +1.721819227e+002 +2.1129e+000 +2.1039e+000
2212 +9.738711248e-004 +9.738711248e-004 +1.721809739e+002 +1.721809739e+002 +2.1110e+000 +2.1031e+000
2459 +5.153543136e-004 +5.153543136e-004 +1.721805154e+002 +1.721805154e+002 +2.1062e+000 +2.1059e+000
2538 +1.567933641e-004 +1.567933641e-004 +1.721801568e+002 +1.721801568e+002 +2.1073e+000 +2.1042e+000
2778 +9.889089199e-005 +9.889089199e-005 +1.721800989e+002 +1.721800989e+002 +2.1048e+000 +2.1055e+000
2867 +3.872984965e-005 +3.872984965e-005 +1.721800387e+002 +1.721800387e+002 +2.1059e+000 +2.1044e+000
2946 +1.670404970e-007 +1.670404970e-007 +1.721800002e+002 +1.721800002e+002 +2.1049e+000 +2.1048e+000
3522 +1.289431566e-007 +1.289431566e-007 +1.721800001e+002 +1.721800001e+002 +2.1049e+000 +2.1048e+000
3918 +7.119979273e-009 +7.119979273e-009 +1.721800000e+002 +1.721800000e+002 +2.1048e+000 +2.1048e+000
% function evaluation | noise-free fitness - Fopt (-3.181900000000e+002) | best noise-free fitness - Fopt | measured fitness | best measured fitness | x1 | x2...
1 +1.393922790e+004 +1.393922790e+004 +1.362103790e+004 +1.362103790e+004 +2.4130e+000 +8.8435e-002
6 +1.333176691e+001 +1.333176691e+001 -3.048582331e+002 -3.048582331e+002 +2.6677e+000 -2.7911e+000
12 +4.119355948e+000 +4.119355948e+000 -3.140706441e+002 -3.140706441e+002 +7.9119e-001 -1.9177e+000
52 +3.623049791e+000 +3.623049791e+000 -3.145669502e+002 -3.145669502e+002 +2.4130e+000 -3.3149e+000
184 +1.942434501e+000 +1.942434501e+000 -3.162475655e+002 -3.162475655e+002 -2.5377e-001 -2.5555e+000
344 +1.506496211e+000 +1.506496211e+000 -3.166835038e+002 -3.166835038e+002 +5.9218e-001 -2.7790e+000
523 +7.727180464e-002 +7.727180464e-002 -3.181127282e+002 -3.181127282e+002 -2.0852e+000 -2.0933e+000
979 +2.111190154e-002 +2.111190154e-002 -3.181688881e+002 -3.181688881e+002 -2.1261e+000 -2.0933e+000
1689 +5.472909625e-003 +5.472909625e-003 -3.181845271e+002 -3.181845271e+002 -2.0907e+000 -2.1097e+000
1718 +3.712575497e-003 +3.712575497e-003 -3.181862874e+002 -3.181862874e+002 -2.1159e+000 -2.1036e+000
1814 +2.151028977e-003 +2.151028977e-003 -3.181878490e+002 -3.181878490e+002 -2.1119e+000 -2.1012e+000
2418 +1.199592861e-003 +1.199592861e-003 -3.181888004e+002 -3.181888004e+002 -2.1093e+000 -2.1021e+000
2484 +3.110500456e-004 +3.110500456e-004 -3.181896889e+002 -3.181896889e+002 -2.1013e+000 -2.1057e+000
2541 +1.677841379e-004 +1.677841379e-004 -3.181898322e+002 -3.181898322e+002 -2.1035e+000 -2.1045e+000
2756 +1.251918025e-004 +1.251918025e-004 -3.181898748e+002 -3.181898748e+002 -2.1059e+000 -2.1040e+000
3003 +5.476543384e-005 +5.476543384e-005 -3.181899452e+002 -3.181899452e+002 -2.1061e+000 -2.1043e+000
3171 +2.793047912e-005 +2.793047912e-005 -3.181899721e+002 -3.181899721e+002 -2.1038e+000 -2.1051e+000
3251 +1.778615217e-005 +1.778615217e-005 -3.181899822e+002 -3.181899822e+002 -2.1054e+000 -2.1045e+000
3258 +8.268979798e-006 +8.268979798e-006 -3.181899917e+002 -3.181899917e+002 -2.1043e+000 -2.1049e+000
3405 +4.257597993e-006 +4.257597993e-006 -3.181899957e+002 -3.181899957e+002 -2.1044e+000 -2.1050e+000
3424 +1.114177621e-006 +1.114177621e-006 -3.181899989e+002 -3.181899989e+002 -2.1046e+000 -2.1049e+000
3483 +5.068021665e-007 +5.068021665e-007 -3.181899995e+002 -3.181899995e+002 -2.1049e+000 -2.1048e+000
3700 +2.393734917e-007 +2.393734917e-007 -3.181899998e+002 -3.181899998e+002 -2.1047e+000 -2.1049e+000
3877 +9.193229289e-009 +9.193229289e-009 -3.181900000e+002 -3.181900000e+002 -2.1048e+000 -2.1048e+000
% function evaluation | noise-free fitness - Fopt (-5.276000000000e+001) | best noise-free fitness - Fopt | measured fitness | best measured fitness | x1 | x2...
1 +1.951445544e+004 +1.951445544e+004 +1.946169544e+004 +1.946169544e+004 +2.1380e+000 -4.9925e-001
4 +9.024370156e+003 +9.024370156e+003 +8.971610156e+003 +8.971610156e+003 -1.7518e+000 +3.8200e+000
7 +1.794841102e+003 +1.794841102e+003 +1.742081102e+003 +1.742081102e+003 -3.2249e+000 +2.5777e+000
8 +4.779835577e+000 +4.779835577e+000 -4.798016442e+001 -4.798016442e+001 -6.0986e-001 +2.0636e+000
10 +3.156469661e+000 +3.156469661e+000 -4.960353034e+001 -4.960353034e+001 -1.7672e+000 +1.0853e+000
26 +2.405050469e+000 +2.405050469e+000 -5.035494953e+001 -5.035494953e+001 +1.4886e+000 +2.4321e+000
248 +1.315031376e+000 +1.315031376e+000 -5.144496862e+001 -5.144496862e+001 -2.0692e+000 +1.7985e+000
386 +6.402913507e-001 +6.402913507e-001 -5.211970865e+001 -5.211970865e+001 -2.1202e+000 +2.0491e+000
472 +3.796754345e-002 +3.796754345e-002 -5.272203246e+001 -5.272203246e+001 -2.1304e+000 +2.1077e+000
1392 +1.426359314e-002 +1.426359314e-002 -5.274573641e+001 -5.274573641e+001 -2.1285e+000 +2.0984e+000
1761 +9.314766340e-003 +9.314766340e-003 -5.275068523e+001 -5.275068523e+001 -2.1221e+000 +2.0979e+000
1857 +5.690774708e-003 +5.690774708e-003 -5.275430923e+001 -5.275430923e+001 -2.1186e+000 +2.0995e+000
1946 +3.848614343e-003 +3.848614343e-003 -5.275615139e+001 -5.275615139e+001 -2.1163e+000 +2.1005e+000
1954 +9.384796848e-004 +9.384796848e-004 -5.275906152e+001 -5.275906152e+001 -2.1001e+000 +2.1048e+000
2297 +4.374366255e-004 +4.374366255e-004 -5.275956256e+001 -5.275956256e+001 -2.1007e+000 +2.1060e+000
2388 +1.872522979e-004 +1.872522979e-004 -5.275981275e+001 -5.275981275e+001 -2.1037e+000 +2.1059e+000
2568 +1.457508916e-004 +1.457508916e-004 -5.275985425e+001 -5.275985425e+001 -2.1025e+000 +2.1053e+000
2643 +5.630795318e-005 +5.630795318e-005 -5.275994369e+001 -5.275994369e+001 -2.1034e+000 +2.1054e+000
2670 +1.413624388e-005 +1.413624388e-005 -5.275998586e+001 -5.275998586e+001 -2.1045e+000 +2.1047e+000
2945 +2.072157415e-007 +2.072157415e-007 -5.275999979e+001 -5.275999979e+001 -2.1049e+000 +2.1049e+000
3757 +4.210886573e-008 +4.210886573e-008 -5.275999996e+001 -5.275999996e+001 -2.1049e+000 +2.1048e+000
3881 +3.310969277e-008 +3.310969277e-008 -5.275999997e+001 -5.275999997e+001 -2.1049e+000 +2.1049e+000
3921 +1.370835179e-008 +1.370835179e-008 -5.275999999e+001 -5.275999999e+001 -2.1048e+000 +2.1049e+000
3965 +4.582027202e-009 +4.582027202e-009 -5.276000000e+001 -5.276000000e+001 -2.1048e+000 +2.1048e+000
