% function evaluation | noise-free fitness - Fopt (1.026100000000e+002) | best noise-free fitness - Fopt | measured fitness | best measured fitness | x1 | x2...
1 +3.935839696e+001 +3.935839696e+001 +1.419683970e+002 +1.419683970e+002 +1.7038e+000 +1.0407e+000
23 +1.179437121e+001 +1.179437121e+001 +1.144043712e+002 +1.144043712e+002 +3.0514e-001 +5.2772e-001
45 +7.034470918e+000 +7.034470918e+000 +1.096444709e+002 +1.096444709e+002 +3.7563e+000 -6.2385e-001
259 +2.643469614e+000 +2.643469614e+000 +1.052534696e+002 +1.052534696e+002 +3.3207e+000 -2.5576e+000
1536 +2.415335052e+000 +2.415335052e+000 +1.050253351e+002 +1.050253351e+002 +3.3950e+000 -3.5953e+000
5272 +4.913589195e-001 +4.913589195e-001 +1.031013589e+002 +1.031013589e+002 -1.2478e+000 +9.1004e-001
17147 +4.358862562e-002 +4.358862562e-002 +1.026535886e+002 +1.026535886e+002 -1.2454e+000 +1.2517e+000
% function evaluation | noise-free fitness - Fopt (9.330000000000e+001) | best noise-free fitness - Fopt | measured fitness | best measured fitness | x1 | x2...
1 +5.748095829e+001 +5.748095829e+001 +1.507809583e+002 +1.507809583e+002 -3.4986e+000 -4.3823e+000
4 +3.697246077e+001 +3.697246077e+001 +1.302724608e+002 +1.302724608e+002 -2.9799e+000 +4.2059e+000
5 +2.336939553e+001 +2.336939553e+001 +1.166693955e+002 +1.166693955e+002 -1.4930e+000 +4.4476e+000
6 +1.256130457e+001 +1.256130457e+001 +1.058613046e+002 +1.058613046e+002 -2.8439e+000 +1.6820e+000
24 +4.951456356e+000 +4.951456356e+000 +9.825145636e+001 +9.825145636e+001 -1.6329e+000 +1.7766e+000
238 +2.421249374e+000 +2.421249374e+000 +9.572124937e+001 +9.572124937e+001 -3.2537e+000 +3.2680e+000
10561 +1.445646691e+000 +1.445646691e+000 +9.474564669e+001 +9.474564669e+001 +1.5292e+000 -1.6009e+000
10942 +9.748166414e-001 +9.748166414e-001 +9.427481664e+001 +9.427481664e+001 +1.4270e+000 -1.4566e+000
18333 +5.347712736e-001 +5.347712736e-001 +9.383477127e+001 +9.383477127e+001 +1.4259e+000 -1.4599e+000
25665 +1.517961037e-001 +1.517961037e-001 +9.345179610e+001 +9.345179610e+001 +1.1596e+000 -1.1406e+000
% function evaluation | noise-free fitness - Fopt (1.364000000000e+001) | best noise-free fitness - Fopt | measured fitness | best measured fitness | x1 | x2...
1 +3.117905670e+001 +3.117905670e+001 +4.481905670e+001 +4.481905670e+001 -5.8692e-001 -1.1812e+000
4 +2.130228342e+001 +2.130228342e+001 +3.494228342e+001 +3.494228342e+001 -2.8043e+000 +2.3873e+000
14 +5.538020710e+000 +5.538020710e+000 +1.917802071e+001 +1.917802071e+001 +1.9752e+000 +1.3523e+000
75 +7.187713520e-001 +7.187713520e-001 +1.435877135e+001 +1.435877135e+001 +1.4191e+000 +1.0458e+000
10651 +6.308504376e-001 +6.308504376e-001 +1.427085044e+001 +1.427085044e+001 +1.3788e+000 +1.4185e+000
23620 +2.907609732e-001 +2.907609732e-001 +1.393076097e+001 +1.393076097e+001 +1.2443e+000 +1.2319e+000
% function evaluation | noise-free fitness - Fopt (1.948000000000e+002) | best noise-free fitness - Fopt | measured fitness | best measured fitness | x1 | x2...
1 +3.511058836e+001 +3.511058836e+001 +2.299105884e+002 +2.299105884e+002 -2.0772e+000 -1.0862e+000
10 +1.549030095e+001 +1.549030095e+001 +2.102903009e+002 +2.102903009e+002 +2.6363e+000 -6.6167e-001
19 +7.878659753e+000 +7.878659753e+000 +2.026786598e+002 +2.026786598e+002 +3.5293e+000 -1.4692e+000
150 +5.539289498e+000 +5.539289498e+000 +2.003392895e+002 +2.003392895e+002 +3.1894e+000 -1.6809e+000
201 +3.273852656e+000 +3.273852656e+000 +1.980738527e+002 +1.980738527e+002 +2.8901e+000 -1.9428e+000
3604 +2.369935750e+000 +2.369935750e+000 +1.971699357e+002 +1.971699357e+002 -1.3296e+000 +5.3189e-001
23367 +1.149529242e+000 +1.149529242e+000 +1.959495292e+002 +1.959495292e+002 -1.6809e+000 +1.2668e+000
36896 +9.013686121e-001 +9.013686121e-001 +1.957013686e+002 +1.957013686e+002 -9.2164e-001 +1.4643e+000
% function evaluation | noise-free fitness - Fopt (-1.335900000000e+002) | best noise-free fitness - Fopt | measured fitness | best measured fitness | x1 | x2...
1 +3.852560996e+001 +3.852560996e+001 -9.506439004e+001 -9.506439004e+001 -3.0982e+000 +2.9621e+000
3 +1.292034065e+001 +1.292034065e+001 -1.206696594e+002 -1.206696594e+002 +6.7735e-002 -4.2235e-001
41 +6.781329216e+000 +6.781329216e+000 -1.268086708e+002 -1.268086708e+002 -4.6427e+000 +3.0544e+000
131 +3.314968136e+000 +3.314968136e+000 -1.302750319e+002 -1.302750319e+002 -3.0982e+000 +2.5024e+000
1877 +2.505585447e+000 +2.505585447e+000 -1.310844146e+002 -1.310844146e+002 -3.3303e+000 +2.9330e+000
5335 +8.371841776e-001 +8.371841776e-001 -1.327528158e+002 -1.327528158e+002 +1.6299e+000 -1.2485e+000
16041 +2.484774334e-001 +2.484774334e-001 -1.333415226e+002 -1.333415226e+002 +1.3885e+000 -1.1918e+000
% function evaluation | noise-free fitness - Fopt (-8.468100000000e+002) | best noise-free fitness - Fopt | measured fitness | best measured fitness | x1 | x2...
1 +4.065929597e+001 +4.065929597e+001 -8.061507040e+002 -8.061507040e+002 -1.5025e+000 +4.1105e+000
3 +2.981234161e+001 +2.981234161e+001 -8.169976584e+002 -8.169976584e+002 +3.8208e+000 +3.3284e+000
6 +2.418872791e+001 +2.418872791e+001 -8.226212721e+002 -8.226212721e+002 +4.9629e+000 +1.0277e+000
29 +1.462913859e+001 +1.462913859e+001 -8.321808614e+002 -8.321808614e+002 +3.6855e-001 +3.6142e+000
45 +7.493060440e+000 +7.493060440e+000 -8.393169396e+002 -8.393169396e+002 +2.1509e+000 +4.1041e+000
130 +5.616057992e+000 +5.616057992e+000 -8.411939420e+002 -8.411939420e+002 +2.3352e+000 +3.7760e+000
317 +3.284245169e+000 +3.284245169e+000 -8.435257548e+002 -8.435257548e+002 +3.0650e+000 +3.0664e+000
4096 +2.314297469e+000 +2.314297469e+000 -8.444957025e+002 -8.444957025e+002 +2.6571e+000 +3.2188e+000
6887 +1.356284350e+000 +1.356284350e+000 -8.454537157e+002 -8.454537157e+002 -8.6324e-001 -1.4880e+000
7042 +9.094784714e-001 +9.094784714e-001 -8.459005215e+002 -8.459005215e+002 -1.6792e+000 -1.2341e+000
7472 +2.911320163e-001 +2.911320163e-001 -8.465188680e+002 -8.465188680e+002 -1.2670e+000 -1.3801e+000
7931 +2.292901618e-001 +2.292901618e-001 -8.465807098e+002 -8.465807098e+002 -1.0350e+000 -1.2582e+000
% function evaluation | noise-free fitness - Fopt (1.363000000000e+001) | best noise-free fitness - Fopt | measured fitness | best measured fitness | x1 | x2...
1 +4.650544403e+001 +4.650544403e+001 +6.013544403e+001 +6.013544403e+001 -4.2117e+000 +1.4525e+000
3 +3.249308014e+001 +3.249308014e+001 +4.612308014e+001 +4.612308014e+001 +3.7511e+000 -5.9722e-001
4 +1.825744487e+001 +1.825744487e+001 +3.188744487e+001 +3.188744487e+001 +5.7136e-001 -2.1234e+000
17 +1.524820829e+001 +1.524820829e+001 +2.887820829e+001 +2.887820829e+001 +8.2772e-001 +1.0199e+000
30 +9.796584592e+000 +9.796584592e+000 +2.342658459e+001 +2.342658459e+001 +2.4247e+000 +1.3560e+000
94 +6.147312324e+000 +6.147312324e+000 +1.977731232e+001 +1.977731232e+001 +2.5641e+000 +4.9562e+000
100 +3.047671234e+000 +3.047671234e+000 +1.667767123e+001 +1.667767123e+001 +2.0975e+000 +2.4149e+000
1213 +2.178065107e+000 +2.178065107e+000 +1.580806511e+001 +1.580806511e+001 -1.5682e+000 -9.5399e-001
12691 +9.973605400e-001 +9.973605400e-001 +1.462736054e+001 +1.462736054e+001 -1.1057e+000 -1.3694e+000
12937 +5.020042689e-001 +5.020042689e-001 +1.413200427e+001 +1.413200427e+001 -1.4049e+000 -1.1255e+000
% function evaluation | noise-free fitness - Fopt (-3.718000000000e+001) | best noise-free fitness - Fopt | measured fitness | best measured fitness | x1 | x2...
1 +7.274656039e+001 +7.274656039e+001 +3.556656039e+001 +3.556656039e+001 +4.3479e+000 +4.4454e+000
3 +3.382312336e+001 +3.382312336e+001 -3.356876640e+000 -3.356876640e+000 +1.4349e+000 -1.8961e+000
11 +1.723101216e+001 +1.723101216e+001 -1.994898784e+001 -1.994898784e+001 -4.5250e+000 -2.5113e+000
28 +5.203909537e+000 +5.203909537e+000 -3.197609046e+001 -3.197609046e+001 +1.4339e+000 +1.1437e+000
771 +3.889309387e+000 +3.889309387e+000 -3.329069061e+001 -3.329069061e+001 -2.6460e+000 -1.9652e+000
1919 +2.209736667e+000 +2.209736667e+000 -3.497026333e+001 -3.497026333e+001 -2.9648e+000 -3.0358e+000
16085 +1.484921929e+000 +1.484921929e+000 -3.569507807e+001 -3.569507807e+001 +9.2222e-001 +1.2086e+000
16693 +4.066869086e-001 +4.066869086e-001 -3.677331309e+001 -3.677331309e+001 +1.4144e+000 +1.2708e+000
% function evaluation | noise-free fitness - Fopt (2.275200000000e+002) | best noise-free fitness - Fopt | measured fitness | best measured fitness | x1 | x2...
1 +2.421352025e+001 +2.421352025e+001 +2.517335203e+002 +2.517335203e+002 -3.0869e+000 +1.7035e+000
36 +1.163210428e+001 +1.163210428e+001 +2.391521043e+002 +2.391521043e+002 -3.2186e+000 +1.3669e+000
74 +5.571482371e+000 +5.571482371e+000 +2.330914824e+002 +2.330914824e+002 -3.3128e+000 +1.6056e+000
397 +2.231864580e+000 +2.231864580e+000 +2.297518646e+002 +2.297518646e+002 -2.6720e+000 +3.4435e+000
16739 +1.227897891e+000 +1.227897891e+000 +2.287478979e+002 +2.287478979e+002 +1.4751e+000 -1.4965e+000
38636 +5.447811603e-001 +5.447811603e-001 +2.280647812e+002 +2.280647812e+002 +1.0800e+000 -1.1041e+000
% function evaluation | noise-free fitness - Fopt (6.370000000000e+000) | best noise-free fitness - Fopt | measured fitness | best measured fitness | x1 | x2...
1 +2.216999623e+001 +2.216999623e+001 +2.853999623e+001 +2.853999623e+001 +3.3741e+000 +1.2981e+000
20 +1.527893016e+001 +1.527893016e+001 +2.164893016e+001 +2.164893016e+001 -4.3495e+000 -3.9760e+000
88 +3.095295263e+000 +3.095295263e+000 +9.465295263e+000 +9.465295263e+000 +1.1454e+000 +8.2707e-001
520 +2.479166565e+000 +2.479166565e+000 +8.849166565e+000 +8.849166565e+000 +1.5566e+000 +9.6744e-001
636 +1.046683335e+000 +1.046683335e+000 +7.416683335e+000 +7.416683335e+000 +1.6901e+000 +1.2098e+000
14608 +4.690525468e-001 +4.690525468e-001 +6.839052547e+000 +6.839052547e+000 +1.1786e+000 +1.4875e+000
% function evaluation | noise-free fitness - Fopt (-1.082600000000e+002) | best noise-free fitness - Fopt | measured fitness | best measured fitness | x1 | x2...
1 +5.636285787e+001 +5.636285787e+001 -5.189714213e+001 -5.189714213e+001 +1.5735e+000 +4.5874e+000
3 +1.727600539e+001 +1.727600539e+001 -9.098399461e+001 -9.098399461e+001 -2.4051e+000 -2.6319e-001
18 +1.447954081e+001 +1.447954081e+001 -9.378045919e+001 -9.378045919e+001 -4.6763e+000 -4.6983e+000
76 +9.025624306e+000 +9.025624306e+000 -9.923437569e+001 -9.923437569e+001 -3.2253e+000 -3.3527e+000
239 +3.059840433e+000 +3.059840433e+000 -1.052001596e+002 -1.052001596e+002 -3.4329e+000 -4.1388e+000
678 +2.432961189e+000 +2.432961189e+000 -1.058270388e+002 -1.058270388e+002 -2.6683e+000 -3.5898e+000
2305 +8.403127763e-001 +8.403127763e-001 -1.074196872e+002 -1.074196872e+002 +1.5349e+000 +1.1257e+000
4618 +2.361646909e-001 +2.361646909e-001 -1.080238353e+002 -1.080238353e+002 +1.4630e+000 +1.3319e+000
% function evaluation | noise-free fitness - Fopt (-1.000000000000e+003) | best noise-free fitness - Fopt | measured fitness | best measured fitness | x1 | x2...
1 +3.371287350e+001 +3.371287350e+001 -9.662871265e+002 -9.662871265e+002 +3.4779e-001 -3.6535e-001
6 +1.888217660e+001 +1.888217660e+001 -9.811178234e+002 -9.811178234e+002 -2.2111e+000 +3.5562e+000
17 +1.236719072e+001 +1.236719072e+001 -9.876328093e+002 -9.876328093e+002 +9.7428e-001 -1.2064e-001
26 +8.317470491e+000 +8.317470491e+000 -9.916825295e+002 -9.916825295e+002 -1.4748e+000 +2.2555e+000
31 +5.311805027e+000 +5.311805027e+000 -9.946881950e+002 -9.946881950e+002 -4.1416e+000 +3.9233e+000
265 +3.349147968e+000 +3.349147968e+000 -9.966508520e+002 -9.966508520e+002 -2.2168e+000 +3.1599e+000
2461 +2.287131256e+000 +2.287131256e+000 -9.977128687e+002 -9.977128687e+002 +1.3266e+000 -8.4243e-001
5711 +1.348432997e+000 +1.348432997e+000 -9.986515670e+002 -9.986515670e+002 +1.4252e+000 -8.8668e-001
6934 +4.797454506e-001 +4.797454506e-001 -9.995202545e+002 -9.995202545e+002 +1.0018e+000 -1.3478e+000
% function evaluation | noise-free fitness - Fopt (-8.434000000000e+001) | best noise-free fitness - Fopt | measured fitness | best measured fitness | x1 | x2...
1 +2.100966550e+001 +2.100966550e+001 -6.333033450e+001 -6.333033450e+001 +2.5625e+000 -2.6900e+000
8 +2.013253805e+000 +2.013253805e+000 -8.232674620e+001 -8.232674620e+001 -1.1403e+000 +1.8160e+000
877 +4.695187050e-001 +4.695187050e-001 -8.387048129e+001 -8.387048129e+001 -1.1541e+000 +1.0418e+000
% function evaluation | noise-free fitness - Fopt (7.213000000000e+001) | best noise-free fitness - Fopt | measured fitness | best measured fitness | x1 | x2...
1 +4.230732796e+001 +4.230732796e+001 +1.144373280e+002 +1.144373280e+002 -1.8532e+000 +4.6814e+000
4 +3.031966534e+001 +3.031966534e+001 +1.024496653e+002 +1.024496653e+002 -2.2974e+000 +2.5568e+000
8 +1.082772893e+001 +1.082772893e+001 +8.295772893e+001 +8.295772893e+001 +2.0038e+000 +2.1792e+000
32 +3.608442727e+000 +3.608442727e+000 +7.573844273e+001 +7.573844273e+001 +1.2597e+000 +9.3697e-001
1475 +2.464932838e+000 +2.464932838e+000 +7.459493284e+001 +7.459493284e+001 -3.6328e+000 -3.2667e+000
3666 +1.232703880e+000 +1.232703880e+000 +7.336270388e+001 +7.336270388e+001 +1.4259e+000 +1.6613e+000
6632 +6.495112093e-001 +6.495112093e-001 +7.277951121e+001 +7.277951121e+001 +1.3759e+000 +1.2814e+000
25773 +5.846493613e-001 +5.846493613e-001 +7.271464936e+001 +7.271464936e+001 +1.3817e+000 +1.1234e+000
38174 +1.346730695e-001 +1.346730695e-001 +7.226467307e+001 +7.226467307e+001 +1.2654e+000 +1.4277e+000
% function evaluation | noise-free fitness - Fopt (-1.338000000000e+002) | best noise-free fitness - Fopt | measured fitness | best measured fitness | x1 | x2...
1 +3.859765443e+001 +3.859765443e+001 -9.520234557e+001 -9.520234557e+001 +7.8547e-001 +1.9070e+000
6 +2.420051376e+001 +2.420051376e+001 -1.095994862e+002 -1.095994862e+002 -1.5944e+000 +3.5507e+000
10 +1.485625762e+001 +1.485625762e+001 -1.189437424e+002 -1.189437424e+002 +1.3683e+000 -9.2196e-002
13 +4.716744374e+000 +4.716744374e+000 -1.290832556e+002 -1.290832556e+002 +2.4299e+000 -1.8104e+000
396 +3.629106335e+000 +3.629106335e+000 -1.301708937e+002 -1.301708937e+002 +3.9055e+000 -2.4611e+000
648 +2.455206543e+000 +2.455206543e+000 -1.313447935e+002 -1.313447935e+002 +3.4941e+000 -3.5264e+000
1659 +1.145632038e+000 +1.145632038e+000 -1.326543680e+002 -1.326543680e+002 -1.3350e+000 +1.5630e+000
1959 +6.925417126e-001 +6.925417126e-001 -1.331074583e+002 -1.331074583e+002 -1.3913e+000 +8.7649e-001
10469 +5.236578122e-001 +5.236578122e-001 -1.332763422e+002 -1.332763422e+002 -1.1698e+000 +9.2738e-001
