% function evaluation | noise-free fitness - Fopt (-5.465000000000e+002) | best noise-free fitness - Fopt | measured fitness | best measured fitness | x1 | x2...
1 +8.501445968e+005 +8.501445968e+005 +8.495980968e+005 +8.495980968e+005 +1.4118e+001 +1.3327e+001 +1.2981e+001
3 +2.077937563e+005 +2.077937563e+005 +2.072472563e+005 +2.072472563e+005 +1.4474e+001 +8.8302e+000 +6.5361e+000
7 +1.434127020e+005 +1.434127020e+005 +1.428662020e+005 +1.428662020e+005 +5.4888e+000 +1.0033e+001 +5.1764e+000
61 +5.511325797e+004 +5.511325797e+004 +5.456675797e+004 +5.456675797e+004 +8.7286e+000 +6.9893e+000 +3.9565e+000
121 +3.682281218e+004 +3.682281218e+004 +3.627631218e+004 +3.627631218e+004 +5.9831e+000 +7.6774e+000 +2.9549e+000
135 +8.937831189e+003 +8.937831189e+003 +8.391331189e+003 +8.391331189e+003 +4.3315e+000 +4.4255e+000 +2.9996e+000
172 +4.536800920e+002 +4.536800920e+002 -9.281990797e+001 -9.281990797e+001 +3.4258e+000 +1.6107e+000 +2.5142e+000
403 +1.024872689e+002 +1.024872689e+002 -4.440127311e+002 -4.440127311e+002 -1.2147e+000 +2.8256e+000 +6.5501e-001
458 +5.812979002e+000 +5.812979002e+000 -5.406870210e+002 -5.406870210e+002 +2.0438e+000 +7.6098e-001 +2.4835e+000
563 +2.649191742e+000 +2.649191742e+000 -5.438508083e+002 -5.438508083e+002 -1.0123e+000 +2.3244e+000 +1.0194e+000
634 +2.164883177e+000 +2.164883177e+000 -5.443351168e+002 -5.443351168e+002 -2.1051e+000 +6.7022e-001 +2.1375e+000
% function evaluation | noise-free fitness - Fopt (1.000000000000e+003) | best noise-free fitness - Fopt | measured fitness | best measured fitness | x1 | x2...
1 +2.680907016e+005 +2.680907016e+005 +2.690907016e+005 +2.690907016e+005 +1.0323e+001 +1.2014e+001 +8.6993e+000
4 +1.251534587e+005 +1.251534587e+005 +1.261534587e+005 +1.261534587e+005 +1.1064e+001 +1.0650e+001 +5.4815e+000
64 +8.701491329e+004 +8.701491329e+004 +8.801491329e+004 +8.801491329e+004 +1.0729e+001 +1.2258e+001 +2.7196e+000
124 +2.806851920e+004 +2.806851920e+004 +2.906851920e+004 +2.906851920e+004 +7.3009e+000 +8.5376e+000 +5.6102e-001
151 +1.689496458e+004 +1.689496458e+004 +1.789496458e+004 +1.789496458e+004 +4.5201e+000 +7.4512e+000 +7.9579e-001
281 +1.271070558e+004 +1.271070558e+004 +1.371070558e+004 +1.371070558e+004 +5.2027e+000 +6.9354e+000 -3.2312e-001
330 +8.919053865e+003 +8.919053865e+003 +9.919053865e+003 +9.919053865e+003 +6.2056e+000 +5.5803e+000 -2.0072e+000
369 +3.519023648e+000 +3.519023648e+000 +1.003519024e+003 +1.003519024e+003 +1.9358e+000 +3.2668e+000 -1.7914e+000
% function evaluation | noise-free fitness - Fopt (2.083800000000e+002) | best noise-free fitness - Fopt | measured fitness | best measured fitness | x1 | x2...
1 +1.881859279e+005 +1.881859279e+005 +1.883943079e+005 +1.883943079e+005 +8.7431e+000 +6.6523e+000 +7.5986e+000
22 +7.641131411e+004 +7.641131411e+004 +7.661969411e+004 +7.661969411e+004 +8.1099e+000 +6.5019e+000 +5.0192e+000
81 +4.746337790e+004 +4.746337790e+004 +4.767175790e+004 +4.767175790e+004 +6.4147e+000 +7.7532e+000 +3.4442e+000
127 +1.923103035e+004 +1.923103035e+004 +1.943941035e+004 +1.943941035e+004 +7.5139e+000 +6.6421e+000 -1.5522e+000
186 +2.952460288e+003 +2.952460288e+003 +3.160840288e+003 +3.160840288e+003 +4.4923e+000 +1.3131e-001 +2.7821e+000
506 +4.607084659e+000 +4.607084659e+000 +2.129870847e+002 +2.129870847e+002 -7.1211e-001 +5.9146e-001 +1.8306e+000
728 +3.754846896e+000 +3.754846896e+000 +2.121348469e+002 +2.121348469e+002 -2.2294e+000 -2.3658e-001 +1.4912e+000
751 +2.106427116e+000 +2.106427116e+000 +2.104864271e+002 +2.104864271e+002 -1.3442e+000 +2.2944e+000 +2.0865e+000
% function evaluation | noise-free fitness - Fopt (-1.449600000000e+002) | best noise-free fitness - Fopt | measured fitness | best measured fitness | x1 | x2...
1 +6.271100004e+005 +6.271100004e+005 +6.269650404e+005 +6.269650404e+005 +9.5495e+000 +6.9056e+000 +8.2460e+000
24 +3.343308000e+005 +3.343308000e+005 +3.341858400e+005 +3.341858400e+005 +7.1611e+000 +5.6846e+000 +5.3756e+000
127 +2.161246512e+005 +2.161246512e+005 +2.159796912e+005 +2.159796912e+005 +6.2882e+000 +6.8953e+000 +2.5510e+000
141 +8.641615335e+004 +8.641615335e+004 +8.627119335e+004 +8.627119335e+004 +9.6241e+000 +1.9820e+000 +1.5423e+000
182 +3.736117943e+004 +3.736117943e+004 +3.721621943e+004 +3.721621943e+004 +9.9503e+000 -3.2040e-001 +4.0371e-001
282 +2.468556281e+004 +2.468556281e+004 +2.454060281e+004 +2.454060281e+004 +9.9503e+000 -6.7393e+000 +4.0371e-001
352 +5.176996330e+003 +5.176996330e+003 +5.032036330e+003 +5.032036330e+003 +5.5161e+000 -5.3089e+000 +2.7795e-001
419 +2.145197238e+003 +2.145197238e+003 +2.000237238e+003 +2.000237238e+003 +3.0134e+000 -4.8750e+000 +1.9996e-002
571 +1.351619898e+002 +1.351619898e+002 -9.798010209e+000 -9.798010209e+000 +3.0015e+000 -3.7567e+000 -1.4204e+000
607 +4.175472894e+000 +4.175472894e+000 -1.407845271e+002 -1.407845271e+002 -6.7684e-001 -2.2997e+000 -1.4704e+000
753 +3.447447719e+000 +3.447447719e+000 -1.415125523e+002 -1.415125523e+002 -1.5772e-001 -1.4762e+000 -2.3184e+000
% function evaluation | noise-free fitness - Fopt (-6.300000000000e+000) | best noise-free fitness - Fopt | measured fitness | best measured fitness | x1 | x2...
1 +1.264486673e+006 +1.264486673e+006 +1.264480373e+006 +1.264480373e+006 +1.4363e+001 +8.1442e+000 +1.3975e+001
3 +5.325237594e+005 +5.325237594e+005 +5.325174594e+005 +5.325174594e+005 +6.2378e+000 +5.3276e+000 +8.7692e+000
6 +3.790363240e+005 +3.790363240e+005 +3.790300240e+005 +3.790300240e+005 +1.2549e+001 +5.3135e+000 +6.6132e+000
84 +2.141065471e+005 +2.141065471e+005 +2.141002471e+005 +2.141002471e+005 +1.2936e+001 +5.3989e+000 +3.8864e+000
129 +3.367243441e+004 +3.367243441e+004 +3.366613441e+004 +3.366613441e+004 +6.7510e+000 +3.3802e+000 +3.5835e-001
221 +7.533970529e+003 +7.533970529e+003 +7.527670529e+003 +7.527670529e+003 +6.2833e+000 +1.5701e+000 -8.9608e-001
359 +4.699601755e+003 +4.699601755e+003 +4.693301755e+003 +4.693301755e+003 +5.9261e+000 +1.4249e+000 -2.8012e+000
547 +3.625536030e+003 +3.625536030e+003 +3.619236030e+003 +3.619236030e+003 +5.5103e+000 +8.8882e-001 -1.8807e+000
590 +6.430267435e+002 +6.430267435e+002 +6.367267435e+002 +6.367267435e+002 +3.7648e+000 +1.4770e-001 -1.6476e+000
726 +6.819413977e+001 +6.819413977e+001 +6.189413977e+001 +6.189413977e+001 +2.8736e+000 -2.1094e+000 -2.2634e+000
792 +3.180783298e+001 +3.180783298e+001 +2.550783298e+001 +2.550783298e+001 +2.7582e+000 -3.5098e-001 -1.0841e+000
% function evaluation | noise-free fitness - Fopt (-3.790000000000e+000) | best noise-free fitness - Fopt | measured fitness | best measured fitness | x1 | x2...
1 +3.713781592e+005 +3.713781592e+005 +3.713743692e+005 +3.713743692e+005 +8.4304e+000 +5.6418e+000 +1.0789e+001
14 +2.171786659e+005 +2.171786659e+005 +2.171748759e+005 +2.171748759e+005 +7.9336e+000 +8.1704e+000 +7.6292e+000
15 +1.383319965e+005 +1.383319965e+005 +1.383282065e+005 +1.383282065e+005 +1.2458e+001 +8.8563e+000 +5.2356e+000
23 +8.160840895e+004 +8.160840895e+004 +8.160461895e+004 +8.160461895e+004 +7.9264e+000 +5.5911e+000 +5.5144e+000
79 +2.863362207e+004 +2.863362207e+004 +2.862983207e+004 +2.862983207e+004 +9.7429e+000 +3.3495e+000 +3.3008e+000
161 +2.251075257e+004 +2.251075257e+004 +2.250696257e+004 +2.250696257e+004 +9.8222e+000 +5.3856e+000 +1.9215e+000
195 +6.219881586e+003 +6.219881586e+003 +6.216091586e+003 +6.216091586e+003 +5.6822e+000 +5.4709e+000 +1.6837e+000
349 +1.149413702e+003 +1.149413702e+003 +1.145623702e+003 +1.145623702e+003 +3.7563e+000 +4.4304e+000 +1.1749e+000
366 +5.604136356e+001 +5.604136356e+001 +5.225136356e+001 +5.225136356e+001 +2.1322e+000 +2.1204e+000 +2.3363e+000
544 +4.285107432e+000 +4.285107432e+000 +4.951074319e-001 +4.951074319e-001 +9.9141e-001 +3.0922e+000 +1.9040e+000
661 +2.466024533e+000 +2.466024533e+000 -1.323975467e+000 -1.323975467e+000 +9.2555e-001 +2.8327e+000 +1.9782e+000
% function evaluation | noise-free fitness - Fopt (-5.675000000000e+001) | best noise-free fitness - Fopt | measured fitness | best measured fitness | x1 | x2...
1 +1.334992537e+005 +1.334992537e+005 +1.334425037e+005 +1.334425037e+005 +1.4941e+001 +1.1216e+001 +5.2320e+000
8 +4.859806450e+004 +4.859806450e+004 +4.854131450e+004 +4.854131450e+004 +1.0441e+001 +6.4571e+000 +5.4022e+000
69 +3.250285002e+004 +3.250285002e+004 +3.244610002e+004 +3.244610002e+004 +1.0348e+001 +5.0398e+000 +3.0760e+000
114 +1.800004360e+004 +1.800004360e+004 +1.794329360e+004 +1.794329360e+004 +3.0100e+000 +4.3828e+000 +4.3108e+000
193 +1.197376388e+004 +1.197376388e+004 +1.191701388e+004 +1.191701388e+004 +7.9712e+000 +5.3987e-001 +1.3396e+000
228 +6.283649864e+003 +6.283649864e+003 +6.226899864e+003 +6.226899864e+003 +6.4604e+000 +1.5054e+000 +2.8028e+000
304 +3.040099142e+002 +3.040099142e+002 +2.472599142e+002 +2.472599142e+002 +3.3066e+000 +4.1112e-001 +2.9570e+000
546 +4.454111418e+000 +4.454111418e+000 -5.229588858e+001 -5.229588858e+001 +1.7017e+000 -1.2051e+000 +1.9113e+000
638 +3.000046373e+000 +3.000046373e+000 -5.374995363e+001 -5.374995363e+001 +2.2179e+000 -9.0092e-001 +9.7576e-001
799 +1.446869891e+000 +1.446869891e+000 -5.530313011e+001 -5.530313011e+001 +1.9470e+000 -2.0289e+000 +9.9093e-001
% function evaluation | noise-free fitness - Fopt (-5.980000000000e+001) | best noise-free fitness - Fopt | measured fitness | best measured fitness | x1 | x2...
1 +6.645274315e+004 +6.645274315e+004 +6.639294315e+004 +6.639294315e+004 +1.3645e+001 +6.7799e+000 +5.1697e+000
4 +5.658253919e+004 +5.658253919e+004 +5.652273919e+004 +5.652273919e+004 +7.9329e+000 +5.7039e+000 +6.7744e+000
55 +1.220448252e+004 +1.220448252e+004 +1.214468252e+004 +1.214468252e+004 +7.0924e+000 +3.4557e+000 +3.6072e+000
220 +6.658708536e+003 +6.658708536e+003 +6.598908536e+003 +6.598908536e+003 +6.5688e+000 +1.7529e+000 +2.0604e+000
249 +5.792223906e+003 +5.792223906e+003 +5.732423906e+003 +5.732423906e+003 +5.9604e+000 -2.2513e+000 +1.4129e+000
292 +2.642361358e+003 +2.642361358e+003 +2.582561358e+003 +2.582561358e+003 +4.2008e+000 +2.0911e+000 +1.9163e+000
518 +2.200532489e+003 +2.200532489e+003 +2.140732489e+003 +2.140732489e+003 +4.7521e+000 -1.7025e-001 +2.9170e+000
563 +1.346341519e+003 +1.346341519e+003 +1.286541519e+003 +1.286541519e+003 +2.8866e+000 +3.4366e-001 +3.4071e+000
588 +2.720965192e+000 +2.720965192e+000 -5.707903481e+001 -5.707903481e+001 +2.2457e+000 +4.2647e-001 +1.6045e+000
773 +2.235165822e+000 +2.235165822e+000 -5.756483418e+001 -5.756483418e+001 +1.9687e+000 -1.5177e+000 +1.6778e+000
% function evaluation | noise-free fitness - Fopt (1.155700000000e+002) | best noise-free fitness - Fopt | measured fitness | best measured fitness | x1 | x2...
1 +6.461835352e+005 +6.461835352e+005 +6.462991052e+005 +6.462991052e+005 +5.9746e+000 +1.4525e+001 +9.3975e+000
6 +3.941117280e+005 +3.941117280e+005 +3.942272980e+005 +3.942272980e+005 +8.4981e+000 +1.3227e+001 +6.1970e+000
28 +2.147394874e+005 +2.147394874e+005 +2.148550574e+005 +2.148550574e+005 +6.6320e+000 +8.9005e+000 +6.2933e+000
33 +1.409975726e+005 +1.409975726e+005 +1.411131426e+005 +1.411131426e+005 +1.0285e+001 +6.2607e+000 +5.4201e+000
166 +9.284171011e+004 +9.284171011e+004 +9.295728011e+004 +9.295728011e+004 +9.1949e+000 +6.1776e+000 +4.1654e+000
183 +3.113238408e+004 +3.113238408e+004 +3.124795408e+004 +3.124795408e+004 +5.2363e+000 +6.2607e+000 +2.0864e-002
215 +2.393785932e+004 +2.393785932e+004 +2.405342932e+004 +2.405342932e+004 +6.3010e+000 +3.3342e+000 -1.4474e+000
233 +6.303356571e+003 +6.303356571e+003 +6.418926571e+003 +6.418926571e+003 +4.6747e+000 +3.4815e+000 +2.0864e-002
290 +3.217692926e+003 +3.217692926e+003 +3.333262926e+003 +3.333262926e+003 +3.5875e+000 +3.2388e+000 +2.3534e+000
352 +6.297093958e+002 +6.297093958e+002 +7.452793958e+002 +7.452793958e+002 +3.6594e+000 +2.2036e+000 +1.4997e+000
414 +4.399916542e+000 +4.399916542e+000 +1.199699165e+002 +1.199699165e+002 +2.3025e+000 +1.0311e+000 +1.0048e+000
502 +3.767810289e+000 +3.767810289e+000 +1.193378103e+002 +1.193378103e+002 +1.4215e+000 +2.2036e+000 +1.4997e+000
546 +2.021140409e+000 +2.021140409e+000 +1.175911404e+002 +1.175911404e+002 +1.0810e+000 +1.7230e+000 +2.2543e+000
% function evaluation | noise-free fitness - Fopt (-3.912000000000e+001) | best noise-free fitness - Fopt | measured fitness | best measured fitness | x1 | x2...
1 +3.668788615e+005 +3.668788615e+005 +3.668397415e+005 +3.668397415e+005 +6.9098e+000 +6.0044e+000 +1.0696e+001
4 +1.280317595e+005 +1.280317595e+005 +1.279926395e+005 +1.279926395e+005 +6.6633e+000 +8.2373e+000 +5.7857e+000
113 +8.079293219e+004 +8.079293219e+004 +8.075381219e+004 +8.075381219e+004 +5.6366e+000 +6.9351e+000 +5.1396e+000
157 +2.770584258e+004 +2.770584258e+004 +2.766672258e+004 +2.766672258e+004 +7.4537e+000 +4.9538e+000 +3.6273e+000
209 +1.661771944e+004 +1.661771944e+004 +1.657859944e+004 +1.657859944e+004 +5.3914e+000 +3.1307e+000 +3.7945e+000
238 +1.573847665e+004 +1.573847665e+004 +1.569935665e+004 +1.569935665e+004 +6.4875e+000 +4.5981e+000 +3.1362e+000
338 +7.727822470e+003 +7.727822470e+003 +7.688702470e+003 +7.688702470e+003 +4.4990e+000 +4.5981e+000 +2.7940e+000
374 +2.108354195e+002 +2.108354195e+002 +1.717154195e+002 +1.717154195e+002 +3.2163e+000 +2.5509e+000 +5.9344e-001
458 +1.325643202e+002 +1.325643202e+002 +9.344432016e+001 +9.344432016e+001 +2.3494e+000 +3.7928e-001 +2.7716e+000
483 +7.430949535e+001 +7.430949535e+001 +3.518949535e+001 +3.518949535e+001 -6.3845e-001 +2.8855e+000 +2.1046e+000
547 +5.263516931e+000 +5.263516931e+000 -3.385648307e+001 -3.385648307e+001 +2.5189e+000 +8.4811e-001 +2.2952e+000
704 +3.401883904e+000 +3.401883904e+000 -3.571811610e+001 -3.571811610e+001 +8.5090e-001 +1.4884e+000 +2.2883e+000
% function evaluation | noise-free fitness - Fopt (-8.801000000000e+001) | best noise-free fitness - Fopt | measured fitness | best measured fitness | x1 | x2...
1 +2.426604388e+005 +2.426604388e+005 +2.425724288e+005 +2.425724288e+005 +5.9247e+000 +1.0372e+001 +8.3437e+000
8 +1.369755605e+005 +1.369755605e+005 +1.368875505e+005 +1.368875505e+005 +1.3047e+001 +8.9254e+000 +5.5972e+000
55 +2.379297544e+004 +2.379297544e+004 +2.370496544e+004 +2.370496544e+004 +9.2056e+000 +6.3883e+000 +1.4068e+000
162 +7.655237962e+003 +7.655237962e+003 +7.567227962e+003 +7.567227962e+003 +6.7931e+000 +5.0255e+000 -1.0513e+000
267 +3.918687067e+003 +3.918687067e+003 +3.830677067e+003 +3.830677067e+003 +5.6151e+000 +2.4277e+000 -4.7875e-001
401 +9.746405931e+002 +9.746405931e+002 +8.866305931e+002 +8.866305931e+002 +3.9478e+000 +4.1630e+000 -4.6788e-001
496 +5.365828946e+002 +5.365828946e+002 +4.485728946e+002 +4.485728946e+002 +9.1518e-001 +2.0691e+000 -2.6041e+000
520 +3.719781895e+000 +3.719781895e+000 -8.429021810e+001 -8.429021810e+001 +1.8473e+000 +3.0275e+000 -1.3750e+000
% function evaluation | noise-free fitness - Fopt (7.934000000000e+001) | best noise-free fitness - Fopt | measured fitness | best measured fitness | x1 | x2...
1 +1.083815958e+006 +1.083815958e+006 +1.083895298e+006 +1.083895298e+006 +1.1119e+001 +1.1472e+001 +1.0061e+001
5 +9.021268229e+005 +9.021268229e+005 +9.022061629e+005 +9.022061629e+005 +1.2089e+001 +8.0724e+000 +1.0116e+001
12 +6.079631392e+005 +6.079631392e+005 +6.080424792e+005 +6.080424792e+005 +8.8652e+000 +7.0157e+000 +8.0600e+000
57 +3.438428164e+005 +3.438428164e+005 +3.439221564e+005 +3.439221564e+005 +1.1457e+001 +8.5265e+000 +2.7442e+000
97 +2.047600165e+005 +2.047600165e+005 +2.048393565e+005 +2.048393565e+005 +8.2902e+000 +5.1056e+000 +3.1481e+000
161 +1.325120188e+005 +1.325120188e+005 +1.325913588e+005 +1.325913588e+005 +9.8167e+000 +2.2931e+000 +2.7815e+000
178 +5.466668678e+004 +5.466668678e+004 +5.474602678e+004 +5.474602678e+004 +7.6731e+000 +9.7925e-001 +1.4538e+000
194 +2.070883487e+004 +2.070883487e+004 +2.078817487e+004 +2.078817487e+004 +7.1615e+000 +7.7638e-001 -4.4665e-001
346 +1.271676121e+004 +1.271676121e+004 +1.279610121e+004 +1.279610121e+004 +7.4998e+000 -4.5346e-001 -1.8750e+000
376 +6.627225402e+003 +6.627225402e+003 +6.706565402e+003 +6.706565402e+003 +6.5444e+000 -1.4175e+000 -1.5029e+000
412 +5.009937131e+003 +5.009937131e+003 +5.089277131e+003 +5.089277131e+003 +6.0382e+000 -1.6004e+000 -2.2730e+000
456 +7.357618168e+002 +7.357618168e+002 +8.151018168e+002 +8.151018168e+002 +3.7838e+000 -7.4848e-001 -1.5421e+000
574 +4.610719101e+000 +4.610719101e+000 +8.395071910e+001 +8.395071910e+001 +1.7804e+000 -1.9511e+000 -1.8874e+000
635 +2.683347768e+000 +2.683347768e+000 +8.202334777e+001 +8.202334777e+001 +1.5029e+000 -3.1634e+000 -9.4671e-001
% function evaluation | noise-free fitness - Fopt (1.721800000000e+002) | best noise-free fitness - Fopt | measured fitness | best measured fitness | x1 | x2...
1 +3.644040371e+005 +3.644040371e+005 +3.645762171e+005 +3.645762171e+005 +1.2678e+001 +6.3479e+000 +9.3358e+000
26 +1.229752780e+005 +1.229752780e+005 +1.231474580e+005 +1.231474580e+005 +7.1542e+000 +7.1762e+000 +5.0565e+000
78 +9.532945200e+004 +9.532945200e+004 +9.550163200e+004 +9.550163200e+004 +9.8354e+000 +7.2090e+000 +2.8938e+000
244 +5.312757076e+004 +5.312757076e+004 +5.329975076e+004 +5.329975076e+004 +1.0467e+001 +4.8848e+000 +1.8571e+000
268 +3.569489478e+004 +3.569489478e+004 +3.586707478e+004 +3.586707478e+004 +1.1047e+000 +4.0746e+000 +4.6031e+000
289 +2.211869350e+004 +2.211869350e+004 +2.229087350e+004 +2.229087350e+004 +1.7582e+000 +6.5953e+000 +5.1697e-001
306 +3.914806109e+000 +3.914806109e+000 +1.760948061e+002 +1.760948061e+002 -2.4396e+000 +3.0355e+000 +1.4820e+000
607 +1.778607031e+000 +1.778607031e+000 +1.739586070e+002 +1.739586070e+002 +2.0244e+000 +2.0247e+000 +1.2974e+000
% function evaluation | noise-free fitness - Fopt (-3.181900000000e+002) | best noise-free fitness - Fopt | measured fitness | best measured fitness | x1 | x2...
1 +2.743906891e+005 +2.743906891e+005 +2.740724991e+005 +2.740724991e+005 +1.3424e+001 +7.4664e+000 +9.0205e+000
4 +1.430217860e+005 +1.430217860e+005 +1.427035960e+005 +1.427035960e+005 +7.7284e+000 +6.9981e+000 +7.2565e+000
84 +9.548514299e+004 +9.548514299e+004 +9.516695299e+004 +9.516695299e+004 +6.3108e+000 +6.1814e+000 +6.0833e+000
143 +6.055780032e+004 +6.055780032e+004 +6.023961032e+004 +6.023961032e+004 +8.8231e+000 +3.6880e+000 +3.1966e+000
183 +3.081369976e+004 +3.081369976e+004 +3.049550976e+004 +3.049550976e+004 +6.0802e+000 +2.9438e+000 +3.2307e+000
230 +1.198423334e+004 +1.198423334e+004 +1.166604334e+004 +1.166604334e+004 +5.9444e+000 -5.1007e-001 +3.8454e+000
277 +3.087935351e+003 +3.087935351e+003 +2.769745351e+003 +2.769745351e+003 +2.9063e+000 -4.0174e-002 +3.5120e+000
371 +7.986992620e+002 +7.986992620e+002 +4.805092620e+002 +4.805092620e+002 +3.8810e+000 -8.5408e-001 +1.0368e+000
484 +5.926390263e+001 +5.926390263e+001 -2.589260974e+002 -2.589260974e+002 +2.8777e+000 -2.1844e+000 +1.6868e+000
493 +4.903708567e+000 +4.903708567e+000 -3.132862914e+002 -3.132862914e+002 -1.4713e+000 -1.3272e+000 +1.4049e+000
588 +2.269168939e+000 +2.269168939e+000 -3.159208311e+002 -3.159208311e+002 -1.1113e-001 -5.4801e-001 +2.5424e+000
622 +1.115480682e+000 +1.115480682e+000 -3.170745193e+002 -3.170745193e+002 -2.2414e+000 +2.6570e-002 +2.6019e+000
% function evaluation | noise-free fitness - Fopt (-5.276000000000e+001) | best noise-free fitness - Fopt | measured fitness | best measured fitness | x1 | x2...
1 +3.719325596e+005 +3.719325596e+005 +3.718797996e+005 +3.718797996e+005 +1.2410e+001 +8.8330e+000 +9.5224e+000
5 +2.446469836e+005 +2.446469836e+005 +2.445942236e+005 +2.445942236e+005 +6.6251e+000 +1.1424e+001 +6.5586e+000
11 +1.356670030e+005 +1.356670030e+005 +1.356142430e+005 +1.356142430e+005 +1.1398e+001 +5.2086e+000 +6.5526e+000
111 +9.519015522e+004 +9.519015522e+004 +9.513739522e+004 +9.513739522e+004 +1.2700e+001 +2.2016e+000 +5.8206e+000
123 +3.579686625e+004 +3.579686625e+004 +3.574410625e+004 +3.574410625e+004 +1.0534e+001 +6.9122e+000 +2.3879e+000
243 +7.728607212e+003 +7.728607212e+003 +7.675847212e+003 +7.675847212e+003 +3.5546e+000 +5.4520e+000 -1.1339e+000
348 +2.368570914e+003 +2.368570914e+003 +2.315810914e+003 +2.315810914e+003 +3.9839e+000 +3.6683e+000 -3.5207e-001
397 +8.423465785e+002 +8.423465785e+002 +7.895865785e+002 +7.895865785e+002 +3.9469e+000 +3.4396e+000 +7.3775e-001
406 +1.753513583e+002 +1.753513583e+002 +1.225913583e+002 +1.225913583e+002 +3.1519e+000 +7.8743e-001 +1.8164e+000
481 +1.131151313e+001 +1.131151313e+001 -4.144848687e+001 -4.144848687e+001 +9.6434e-002 -1.3375e-002 +1.2392e+000
484 +3.454535580e+000 +3.454535580e+000 -4.930546442e+001 -4.930546442e+001 +8.2495e-001 +2.8423e+000 +9.6465e-001
