% function evaluation | noise-free fitness - Fopt (-1.025500000000e+002) | best noise-free fitness - Fopt | measured fitness | best measured fitness | x1 | x2...
1 +1.307670049e+001 +1.307670049e+001 -8.947329951e+001 -8.947329951e+001 +8.9378e-001 -5.7872e-001 -1.1628e+000 -3.9042e+000 -3.0566e+000 -1.8704e+000 +4.7904e-001 +7.8537e-001 -3.6387e+000 +1.9596e+000
525 +9.023414178e+000 +9.023414178e+000 -9.352658582e+001 -9.352658582e+001 -3.1836e+000 -1.0845e+000 -1.9737e-001 +9.3987e-001 -5.5287e-001 +7.4129e-001 -1.4096e+000 +1.3600e+000 +1.0751e+000 +1.6737e+000
1001 +5.860850049e+000 +5.860850049e+000 -9.668914995e+001 -9.668914995e+001 -1.7469e+000 +1.0449e+000 -1.7692e+000 +2.1739e-001 -4.8723e-001 -9.5897e-001 +2.1233e+000 -1.3608e-001 +6.9869e-001 -1.3580e-001
2045 +3.834199932e+000 +3.834199932e+000 -9.871580007e+001 -9.871580007e+001 -3.5013e+000 -9.6825e-001 -7.1472e-001 -5.1661e-001 -1.5529e+000 -5.3547e-001 +4.5121e-001 -2.0713e-001 +1.3716e+000 +3.0377e+000
% function evaluation | noise-free fitness - Fopt (7.169000000000e+001) | best noise-free fitness - Fopt | measured fitness | best measured fitness | x1 | x2...
1 +7.043692506e+001 +7.043692506e+001 +1.421269251e+002 +1.421269251e+002 -2.4485e+000 -1.6674e+000 -3.3091e+000 -3.7989e+000 -3.7107e-001 -1.7162e+000 +2.7424e+000 +3.9049e+000 -3.3459e+000 +2.6096e+000
3 +2.692035841e+001 +2.692035841e+001 +9.861035841e+001 +9.861035841e+001 +3.8378e+000 +2.4499e+000 +3.4352e+000 +6.2261e-002 -8.3439e-001 +9.0101e-001 +1.7404e-001 +2.3725e+000 -5.7352e-001 -3.8093e+000
8 +1.386794938e+001 +1.386794938e+001 +8.555794938e+001 +8.555794938e+001 -6.8415e-001 -2.7466e+000 +3.8454e+000 -2.9080e-001 -1.5979e+000 +6.0672e-001 -1.0322e+000 -2.2897e+000 +2.9416e-001 -1.8308e+000
302 +7.501289650e+000 +7.501289650e+000 +7.919128965e+001 +7.919128965e+001 -3.0739e+000 +1.8362e+000 +1.1560e+000 -1.8140e+000 +7.6179e-001 +4.7447e+000 +7.5239e-001 -1.7565e+000 -3.1213e-001 +9.5886e-002
1073 +5.642681144e+000 +5.642681144e+000 +7.733268114e+001 +7.733268114e+001 -7.5302e-001 +4.7132e-001 +3.1007e-001 +1.0020e+000 -1.6018e-001 +8.6757e-001 -1.0651e+000 +3.7341e+000 +6.0879e-001 -1.3179e+000
% function evaluation | noise-free fitness - Fopt (2.140100000000e+002) | best noise-free fitness - Fopt | measured fitness | best measured fitness | x1 | x2...
1 +5.490605851e+001 +5.490605851e+001 +2.689160585e+002 +2.689160585e+002 -4.3481e+000 -1.0193e+000 -1.3633e+000 +2.0115e+000 -2.9126e-001 -2.3951e+000 -1.1091e+000 +2.5999e+000 -3.4529e+000 +5.0835e-001
5 +1.500714275e+001 +1.500714275e+001 +2.290171428e+002 +2.290171428e+002 +2.8225e+000 -4.8201e-001 +7.7831e-001 -1.1188e+000 +6.9963e-001 -2.2517e+000 +3.5682e+000 -7.8331e-001 -2.7130e+000 -2.7226e+000
268 +7.439658403e+000 +7.439658403e+000 +2.214496584e+002 +2.214496584e+002 -1.4960e+000 -3.9920e-001 -1.5395e-001 -1.5667e+000 -4.2794e-001 -2.1129e+000 +1.1921e+000 -2.9500e-003 +2.8171e+000 +2.4201e+000
1957 +5.767295138e+000 +5.767295138e+000 +2.197772951e+002 +2.197772951e+002 -2.2400e+000 +1.1655e+000 -1.1049e+000 +7.6761e-001 +1.9874e+000 -2.7285e+000 +3.8626e+000 -1.6327e+000 +2.8564e+000 +2.5258e+000
% function evaluation | noise-free fitness - Fopt (-5.848000000000e+001) | best noise-free fitness - Fopt | measured fitness | best measured fitness | x1 | x2...
1 +9.679928810e+001 +9.679928810e+001 +3.831928810e+001 +3.831928810e+001 -3.6107e+000 -3.0590e+000 +3.9199e+000 -3.8121e+000 -1.0412e+000 -4.2602e+000 -2.9575e+000 +4.3547e+000 -4.8317e+000 +4.3172e-001
3 +5.661116129e+001 +5.661116129e+001 -1.868838710e+000 -1.868838710e+000 +1.1557e-001 -3.3920e+000 -2.9781e+000 -4.0812e+000 +1.4164e+000 -4.1271e+000 +6.0447e-001 -3.3462e+000 -2.6589e+000 +2.4369e+000
7 +2.750185276e+001 +2.750185276e+001 -3.097814724e+001 -3.097814724e+001 +4.1771e-001 +3.6257e+000 +4.4145e+000 +3.6066e+000 +5.2868e-001 -4.8866e+000 +4.6141e+000 +1.6158e+000 +7.6851e-001 +2.5905e+000
11 +1.543640364e+001 +1.543640364e+001 -4.304359636e+001 -4.304359636e+001 -1.1442e-001 +2.6117e+000 +2.9118e+000 +2.1752e+000 -3.9514e+000 +1.2749e+000 -4.4246e-003 -1.3241e+000 +1.7771e+000 +2.1608e+000
629 +9.778347411e+000 +9.778347411e+000 -4.870165259e+001 -4.870165259e+001 +3.3661e+000 -2.3316e+000 -3.6191e+000 +1.0881e+000 -7.8526e-001 +1.4807e+000 -4.2292e-001 +2.5007e+000 -2.5488e+000 -1.6329e+000
1295 +6.270904572e+000 +6.270904572e+000 -5.220909543e+001 -5.220909543e+001 -7.7021e-001 -3.4047e-002 +7.6071e-001 -1.3155e+000 +1.2119e+000 +8.2745e-001 -1.2659e+000 +1.1131e+000 -5.2036e-001 -4.3530e-002
% function evaluation | noise-free fitness - Fopt (-6.130800000000e+002) | best noise-free fitness - Fopt | measured fitness | best measured fitness | x1 | x2...
1 +4.662713415e+001 +4.662713415e+001 -5.664528659e+002 -5.664528659e+002 +1.1517e+000 -4.9849e-002 -2.7099e-001 +4.7213e+000 -1.7161e+000 +3.9250e+000 -3.9979e+000 +3.8770e+000 -2.9376e+000 +2.9273e+000
4 +2.829965549e+001 +2.829965549e+001 -5.847803445e+002 -5.847803445e+002 -4.2268e+000 +1.1065e+000 +1.9589e+000 -2.3833e+000 +1.0783e+000 +8.1270e-002 +9.3874e-001 +3.3991e+000 -1.1562e+000 +4.3336e+000
16 +2.384934200e+001 +2.384934200e+001 -5.892306580e+002 -5.892306580e+002 +4.6935e+000 +7.3990e-001 -4.8837e+000 -6.1221e-001 -3.4199e+000 -4.3513e+000 -1.7709e+000 +1.2153e+000 +2.2016e+000 -1.0183e+000
20 +1.552937632e+001 +1.552937632e+001 -5.975506237e+002 -5.975506237e+002 +1.9672e+000 +1.3026e+000 -8.1415e-001 -1.5274e+000 +4.7451e+000 +1.2063e+000 +2.0572e+000 -1.0383e+000 +5.4720e-001 -1.0515e+000
490 +9.398295821e+000 +9.398295821e+000 -6.036817042e+002 -6.036817042e+002 +1.4423e+000 -1.2777e+000 -2.3403e+000 -1.0699e+000 +1.9824e-001 -4.7037e-001 -3.9945e+000 +1.8528e+000 +1.5141e-001 +6.0018e-001
906 +6.173645367e+000 +6.173645367e+000 -6.069063546e+002 -6.069063546e+002 +1.2482e+000 -1.5622e+000 +5.2867e-001 -2.0531e-001 -1.5770e+000 -1.1999e+000 -7.8374e-001 +1.7058e+000 +5.3683e-001 -1.1136e+000
% function evaluation | noise-free fitness - Fopt (-1.000000000000e+003) | best noise-free fitness - Fopt | measured fitness | best measured fitness | x1 | x2...
1 +4.615608731e+001 +4.615608731e+001 -9.538439127e+002 -9.538439127e+002 +2.8362e-002 -2.2520e+000 +3.6784e+000 -2.5465e+000 +3.1870e-001 -8.9091e-001 -3.1613e+000 -3.3247e+000 +2.4622e+000 -4.6042e+000
7 +3.158247503e+001 +3.158247503e+001 -9.684175250e+002 -9.684175250e+002 +4.2621e+000 -2.5293e+000 +7.7902e-001 +1.9179e+000 -6.4345e-001 +2.1080e+000 +1.8809e+000 -2.9718e+000 +4.4555e+000 +1.9981e+000
16 +2.326179867e+001 +2.326179867e+001 -9.767382013e+002 -9.767382013e+002 -3.3461e+000 +3.4006e+000 +2.8871e+000 +6.1766e-003 +2.9564e+000 +2.5478e-001 -4.5533e+000 +9.2493e-001 +1.9581e+000 +1.7568e+000
25 +1.106538954e+001 +1.106538954e+001 -9.889346105e+002 -9.889346105e+002 +2.3083e+000 +2.7004e+000 -4.6658e-001 -1.9543e+000 +1.5615e+000 -7.8739e-001 -1.9899e+000 -1.9856e+000 -7.7120e-001 -5.7308e-001
231 +9.726859712e+000 +9.726859712e+000 -9.902731403e+002 -9.902731403e+002 -1.8501e+000 +5.1143e-001 -1.7104e+000 +2.4685e+000 +5.8629e-001 -1.9356e+000 +2.4632e-001 -7.2832e-001 +1.7672e+000 -4.7611e-001
667 +5.873708277e+000 +5.873708277e+000 -9.941262917e+002 -9.941262917e+002 +1.2750e+000 -6.2212e-001 -9.6810e-001 +1.5455e+000 +7.5306e-001 +9.5412e-001 -1.8651e-001 +8.7721e-001 -1.1313e-001 +8.9029e-001
% function evaluation | noise-free fitness - Fopt (-4.841800000000e+002) | best noise-free fitness - Fopt | measured fitness | best measured fitness | x1 | x2...
1 +1.718283012e+002 +1.718283012e+002 -3.123516988e+002 -3.123516988e+002 +2.3205e+000 +9.1875e-001 +3.0734e+000 -1.0453e+000 -6.2542e-001 +4.5130e+000 -4.0476e+000 +1.8295e+000 -3.8745e+000 -3.9906e+000
3 +5.772905343e+001 +5.772905343e+001 -4.264509466e+002 -4.264509466e+002 -2.6781e+000 -3.9343e+000 +1.9313e+000 +3.0403e+000 -1.6981e+000 -1.4707e+000 -3.6935e+000 +3.1384e+000 +1.6233e+000 +2.5345e+000
5 +2.072869882e+001 +2.072869882e+001 -4.634513012e+002 -4.634513012e+002 +5.2868e-001 -4.1848e+000 -3.1693e+000 -2.6337e+000 +4.9547e+000 +7.0506e-001 -2.2622e+000 +1.5849e+000 +2.0654e+000 -1.1112e+000
49 +1.091608477e+001 +1.091608477e+001 -4.732639152e+002 -4.732639152e+002 +8.3241e-002 +2.5009e+000 +1.4027e+000 +3.2906e+000 -1.2128e+000 -2.8425e+000 -1.3550e+000 +9.1857e-002 -1.1324e-001 -1.1985e+000
589 +3.433210346e+000 +3.433210346e+000 -4.807467897e+002 -4.807467897e+002 +1.7162e+000 -1.4634e+000 +7.2016e-001 -1.1920e+000 +1.6850e+000 +2.6555e-002 -1.3843e+000 +1.7547e-001 +6.2755e-001 +8.3028e-001
% function evaluation | noise-free fitness - Fopt (-2.504000000000e+001) | best noise-free fitness - Fopt | measured fitness | best measured fitness | x1 | x2...
1 +2.278681614e+001 +2.278681614e+001 -2.253183862e+000 -2.253183862e+000 +1.8455e+000 +1.1847e-001 -1.0472e+000 +3.5700e-001 -3.5389e+000 +4.8398e+000 +1.0091e-001 -2.3996e+000 +1.3143e+000 +2.9159e+000
142 +1.388298459e+001 +1.388298459e+001 -1.115701541e+001 -1.115701541e+001 -2.3932e+000 +1.5535e-001 -3.7292e+000 +3.1410e-001 -5.6701e-001 -1.4092e-001 -2.3014e+000 +1.4892e+000 +1.9431e+000 -2.2462e+000
424 +9.882394420e+000 +9.882394420e+000 -1.515760558e+001 -1.515760558e+001 -6.4288e-001 -2.5039e+000 -5.3712e-001 +1.5760e+000 +4.2473e+000 +2.7682e+000 -3.8940e-001 +3.8549e-001 +5.8020e-001 +1.2562e-001
1127 +5.720689604e+000 +5.720689604e+000 -1.931931040e+001 -1.931931040e+001 +2.1709e+000 +3.7516e-001 +2.7652e-001 +2.4541e+000 -1.7762e+000 +2.8868e+000 +1.0722e-001 +1.4947e+000 -4.6742e-001 +2.1763e-001
% function evaluation | noise-free fitness - Fopt (-1.411900000000e+002) | best noise-free fitness - Fopt | measured fitness | best measured fitness | x1 | x2...
1 +1.194323589e+002 +1.194323589e+002 -2.175764106e+001 -2.175764106e+001 +2.7328e+000 -4.8297e+000 +1.6185e+000 +3.4980e+000 -4.9155e+000 -4.1083e+000 +2.2902e+000 -3.4489e+000 -6.4971e-001 +4.8228e+000
3 +5.707750975e+001 +5.707750975e+001 -8.411249025e+001 -8.411249025e+001 +2.6198e+000 +1.1017e+000 -1.4847e+000 +4.6080e+000 +6.5908e-001 -1.0170e+000 -2.7600e+000 +1.8533e+000 +4.2939e+000 +1.6265e-001
5 +1.860389281e+001 +1.860389281e+001 -1.225861072e+002 -1.225861072e+002 -5.4108e-001 +2.2974e+000 -1.2934e+000 -7.4286e-001 -1.6135e+000 +2.8744e-001 -4.4489e-001 -2.8002e+000 -2.7117e+000 +3.1498e+000
103 +1.557428768e+001 +1.557428768e+001 -1.256157123e+002 -1.256157123e+002 +8.7405e+000 +1.1017e+000 +2.4715e+000 -1.1958e-001 +6.5908e-001 -3.0798e+000 -2.7600e+000 +1.3362e+000 -1.1682e+000 +1.6265e-001
395 +6.928502471e+000 +6.928502471e+000 -1.342614975e+002 -1.342614975e+002 +6.4755e-001 +8.3157e-001 +6.3982e-001 -1.0584e+000 +1.4904e+000 -1.3371e+000 -4.6411e-001 -1.7812e+000 -5.7149e-001 +6.3884e-001
955 +5.539569454e+000 +5.539569454e+000 -1.356504305e+002 -1.356504305e+002 +1.3048e+000 +6.5644e-001 -1.2934e+000 -1.0155e+000 -1.2859e+000 -9.7785e-001 +1.1628e+000 +2.5490e+000 +1.0687e+000 +1.0921e+000
% function evaluation | noise-free fitness - Fopt (4.889000000000e+002) | best noise-free fitness - Fopt | measured fitness | best measured fitness | x1 | x2...
1 +3.363442992e+001 +3.363442992e+001 +5.225344299e+002 +5.225344299e+002 -1.5771e+000 +2.5700e+000 +1.3908e+000 +2.1827e+000 +5.9312e-001 +8.0776e-001 -1.0713e+000 -3.7541e+000 -4.0289e+000 -2.6992e+000
4 +1.887707464e+001 +1.887707464e+001 +5.077770746e+002 +5.077770746e+002 +2.4008e+000 -1.1357e+000 +1.2586e+000 +1.7280e+000 +1.8468e+000 +3.9227e+000 +1.0541e+000 +4.9418e+000 +2.9757e+000 +6.1920e-001
9 +1.242201654e+001 +1.242201654e+001 +5.013220165e+002 +5.013220165e+002 -4.9897e+000 +2.2971e+000 +8.0011e-001 -3.5179e+000 -2.2405e+000 +8.3731e-001 -2.4639e-001 -1.1424e+000 -2.6771e+000 -2.3524e+000
109 +9.622445142e+000 +9.622445142e+000 +4.985224451e+002 +4.985224451e+002 -4.6949e+000 +2.9852e+000 -1.6001e+000 -3.5179e+000 -2.2405e+000 +8.3731e-001 -2.4639e-001 -1.1424e+000 -3.6773e-001 -3.4153e+000
1995 +6.042285657e+000 +6.042285657e+000 +4.949422857e+002 +4.949422857e+002 -2.2435e+000 +2.3903e+000 -1.7742e+000 -2.4968e+000 -1.5897e+000 +1.1849e+000 -7.6341e-001 +5.7906e-001 +5.4815e-002 -1.4018e+000
% function evaluation | noise-free fitness - Fopt (1.190000000000e+000) | best noise-free fitness - Fopt | measured fitness | best measured fitness | x1 | x2...
1 +9.238360140e+001 +9.238360140e+001 +9.357360140e+001 +9.357360140e+001 +8.5262e-001 -4.7364e-001 -2.7470e+000 -4.7276e+000 +3.2758e+000 +2.5952e+000 +4.0493e-001 +1.3394e+000 -2.7048e+000 +4.3293e+000
3 +3.921788504e+001 +3.921788504e+001 +4.040788504e+001 +4.040788504e+001 +2.8653e+000 +2.1036e+000 -5.2783e-001 +6.5712e-001 +4.4541e+000 +1.6988e+000 +1.9616e+000 +3.6322e+000 +3.6856e+000 +4.2470e+000
11 +2.296472613e+001 +2.296472613e+001 +2.415472613e+001 +2.415472613e+001 +1.4564e+000 +1.0159e+000 +1.2157e+000 +3.4368e-002 -4.3402e-001 +3.3767e+000 -4.2122e+000 +2.2885e+000 -2.4450e+000 -1.3252e+000
146 +9.923080018e+000 +9.923080018e+000 +1.111308002e+001 +1.111308002e+001 -1.4478e+000 -1.3631e+000 -3.9944e+000 -8.7695e-001 -1.9691e+000 +2.9826e-001 +1.6233e+000 -1.0839e+000 +2.4028e-001 +7.1836e-001
1078 +4.508757338e+000 +4.508757338e+000 +5.698757338e+000 +5.698757338e+000 -1.4176e+000 +6.9410e-001 -1.0395e+000 -2.0520e+000 -6.3228e-001 -9.4118e-001 +4.3880e-001 -2.8851e-003 +1.3765e+000 -2.6603e+000
% function evaluation | noise-free fitness - Fopt (-6.097000000000e+001) | best noise-free fitness - Fopt | measured fitness | best measured fitness | x1 | x2...
1 +3.250522869e+001 +3.250522869e+001 -2.846477131e+001 -2.846477131e+001 +1.6596e+000 +2.5862e+000 +3.9625e+000 -2.2413e+000 +6.4412e-001 -1.5041e+000 +2.4552e+000 +3.9094e+000 -2.2532e+000 -3.3381e+000
8 +1.171154330e+001 +1.171154330e+001 -4.925845670e+001 -4.925845670e+001 +8.1674e-001 -2.1713e+000 -5.7519e-001 -4.9286e+000 +1.1230e+000 -2.4923e-001 +4.1942e-001 -2.6012e+000 -2.2383e+000 -3.0193e+000
517 +9.349044963e+000 +9.349044963e+000 -5.162095504e+001 -5.162095504e+001 +2.6923e-001 -2.7904e+000 -1.7619e+000 -2.7600e+000 +1.2374e+000 -2.6667e-001 +1.8668e+000 -2.1002e+000 -3.3996e-001 -7.4003e-001
774 +6.233102428e+000 +6.233102428e+000 -5.473689757e+001 -5.473689757e+001 +2.1565e-001 -2.0454e+000 +6.6315e-001 -1.0758e+000 -6.4995e-001 +3.5196e-001 -1.5213e+000 +1.8145e+000 +6.2346e-001 -1.5691e-001
% function evaluation | noise-free fitness - Fopt (1.000000000000e+003) | best noise-free fitness - Fopt | measured fitness | best measured fitness | x1 | x2...
1 +9.271811853e+001 +9.271811853e+001 +1.092718119e+003 +1.092718119e+003 -3.4307e+000 +1.9330e+000 +4.6418e+000 -4.2151e+000 +1.7736e+000 -4.8155e+000 +5.4620e-001 +1.7238e+000 +4.8139e-002 +4.8400e+000
3 +2.151732335e+001 +2.151732335e+001 +1.021517323e+003 +1.021517323e+003 +2.2430e+000 -3.7041e+000 +4.3702e-001 -1.5272e+000 +2.7714e-001 +8.1579e-001 +1.0461e+000 +4.7592e+000 +5.5233e-001 +3.3823e+000
5 +9.298246336e+000 +9.298246336e+000 +1.009298246e+003 +1.009298246e+003 +1.3410e+000 -1.7952e+000 -4.8269e+000 +3.4147e+000 +1.8201e+000 +8.1435e-001 +6.9790e-001 +1.9675e+000 -6.5731e-003 +2.3069e-001
708 +5.108629451e+000 +5.108629451e+000 +1.005108629e+003 +1.005108629e+003 +2.0890e-001 +2.2240e+000 +1.2058e+000 -1.3058e+000 +1.9965e+000 -7.4845e-001 -9.5729e-001 +4.9789e-001 +3.4692e-001 -1.6678e+000
% function evaluation | noise-free fitness - Fopt (5.100000000000e-001) | best noise-free fitness - Fopt | measured fitness | best measured fitness | x1 | x2...
1 +3.656008153e+001 +3.656008153e+001 +3.707008153e+001 +3.707008153e+001 +4.8044e-001 -1.5491e+000 -3.3662e+000 -2.4384e+000 +3.1551e+000 -2.3833e+000 +2.8605e+000 +1.4507e+000 +4.7410e+000 -9.3764e-001
10 +2.207450710e+001 +2.207450710e+001 +2.258450710e+001 +2.258450710e+001 +2.6949e+000 +3.5500e+000 -5.1264e-001 +2.3524e+000 +3.8708e+000 -3.6970e+000 -1.5503e+000 +1.1254e+000 +6.8062e-002 -1.9662e+000
47 +1.422152878e+001 +1.422152878e+001 +1.473152878e+001 +1.473152878e+001 -2.3328e+000 -3.8550e+000 -8.7651e-002 +1.0286e+000 -4.5194e+000 +3.4759e+000 -8.5169e-001 +2.9873e+000 -1.1419e+000 +2.3708e-001
354 +8.918856146e+000 +8.918856146e+000 +9.428856146e+000 +9.428856146e+000 -1.1739e+000 -1.2190e+000 -1.3977e+000 +1.8132e+000 +2.4793e+000 +1.0763e+000 -2.2411e+000 +5.5887e-001 -1.5869e+000 -4.2404e-001
1181 +4.535304724e+000 +4.535304724e+000 +5.045304724e+000 +5.045304724e+000 +3.0572e-001 -2.3567e+000 -6.1994e-002 +2.9125e+000 -1.7549e+000 +1.4409e+000 -1.5001e+000 +1.3211e+000 -3.1207e-001 -1.1461e+000
% function evaluation | noise-free fitness - Fopt (9.318000000000e+001) | best noise-free fitness - Fopt | measured fitness | best measured fitness | x1 | x2...
1 +3.856919285e+001 +3.856919285e+001 +1.317491928e+002 +1.317491928e+002 -4.9924e+000 -2.6555e+000 +2.6489e+000 -1.2563e+000 +2.3323e+000 +4.1009e+000 -1.3465e+000 -3.7987e+000 +1.5131e+000 -2.6260e+000
7 +1.697508166e+001 +1.697508166e+001 +1.101550817e+002 +1.101550817e+002 +5.4401e-001 +2.9510e+000 +2.4291e+000 -2.0584e+000 +8.6082e-001 +3.1395e-001 -1.6247e-001 +6.1400e-001 -4.6979e+000 -1.3192e+000
15 +1.311750897e+001 +1.311750897e+001 +1.062975090e+002 +1.062975090e+002 -1.9367e+000 -3.8340e+000 +4.5940e-001 -6.3084e-002 +2.4851e+000 -4.1328e+000 -2.6955e+000 +1.8664e+000 +6.0514e-001 +1.0181e+000
212 +9.683719983e+000 +9.683719983e+000 +1.028637200e+002 +1.028637200e+002 -1.7106e+000 -2.7809e+000 +8.6339e-001 -1.3831e+000 +4.0114e+000 -2.2755e+000 -4.0791e+000 +2.5082e+000 +1.2458e-001 +2.3145e+000
1428 +4.661617465e+000 +4.661617465e+000 +9.784161746e+001 +9.784161746e+001 +1.7183e+000 -7.4522e-001 -3.4059e-001 +6.2273e-001 -6.0575e-001 +9.6783e-001 +4.6734e-001 +1.1165e+000 -1.8145e+000 +1.3260e+000
