% function evaluation | noise-free fitness - Fopt (1.000000000000e+003) | best noise-free fitness - Fopt | measured fitness | best measured fitness | x1 | x2...
1 +8.318329117e+002 +8.318329117e+002 +1.831832912e+003 +1.831832912e+003 -3.9863e+000 -9.6219e-001 -1.5862e+000 -2.2867e+000 +9.5327e-001 +4.9365e-001 -3.1435e+000 -2.7151e-001 -1.7307e+000 -4.0187e+000
3 +4.770009116e+002 +4.770009116e+002 +1.477000912e+003 +1.477000912e+003 +1.3178e+000 -2.6743e+000 +2.7045e+000 +3.9438e+000 -5.0329e-002 -1.8142e+000 +9.9178e-001 +2.3009e+000 -1.0990e+000 -1.6774e+000
32 +3.815660297e+002 +3.815660297e+002 +1.381566030e+003 +1.381566030e+003 -1.4026e+000 +4.7290e+000 +4.2063e+000 -4.7828e+000 -1.3493e+000 -3.3498e+000 -1.7042e-001 +1.5070e+000 -1.4047e+000 +1.1393e+000
130 +2.409050518e+002 +2.409050518e+002 +1.240905052e+003 +1.240905052e+003 +1.3178e+000 +4.3112e+000 +1.3028e+000 -2.0815e+000 -5.0329e-002 -1.8142e+000 -3.2752e+000 -3.2298e+000 -1.8795e+000 -1.6774e+000
402 +1.450871011e+002 +1.450871011e+002 +1.145087101e+003 +1.145087101e+003 +9.4542e-001 +3.3115e+000 +1.9053e+000 +1.5838e+000 +1.5734e+000 -2.6551e+000 -3.1267e+000 -3.0871e+000 -1.8873e+000 -5.6902e-001
984 +7.762810036e+001 +7.762810036e+001 +1.077628100e+003 +1.077628100e+003 -2.1762e+000 +3.3524e+000 +1.8109e+000 +2.8302e+000 +2.4413e+000 -3.7636e+000 -2.1098e+000 -9.9380e-001 -2.1809e+000 -2.0386e-001
2606 +5.179884318e+001 +5.179884318e+001 +1.051798843e+003 +1.051798843e+003 -2.5827e+000 +3.0280e+000 +3.5341e+000 +3.7894e+000 +1.7811e+000 -3.9152e+000 -1.6354e+000 +1.1377e+000 -2.3113e+000 -8.7841e-002
29161 +3.498105173e+001 +3.498105173e+001 +1.034981052e+003 +1.034981052e+003 -3.6098e+000 +3.1648e+000 +4.7194e+000 +2.9146e+000 +2.4528e+000 -2.8967e+000 -2.7898e+000 -2.9271e-001 -2.1733e+000 -7.3318e-001
116475 +2.489237267e+001 +2.489237267e+001 +1.024892373e+003 +1.024892373e+003 -2.7881e+000 +2.1905e+000 +2.0880e+000 +4.1753e+000 +3.5251e+000 -3.5692e+000 -1.7710e+000 +4.0151e-001 -1.1798e+000 -6.9097e-001
246560 +1.529215602e+001 +1.529215602e+001 +1.015292156e+003 +1.015292156e+003 -3.1872e+000 +2.8380e+000 +2.8131e+000 +4.1165e+000 +2.6223e+000 -3.0658e+000 -2.3536e+000 +4.5328e-001 -2.8968e+000 -1.7149e+000
247156 +9.048912763e+000 +9.048912763e+000 +1.009048913e+003 +1.009048913e+003 -3.1080e+000 +2.7689e+000 +2.7725e+000 +4.1328e+000 +2.6012e+000 -3.0672e+000 -2.3542e+000 +4.9148e-001 -2.8229e+000 -1.7339e+000
248097 +6.293910940e+000 +6.293910940e+000 +1.006293911e+003 +1.006293911e+003 -3.1134e+000 +2.7824e+000 +2.7626e+000 +4.1227e+000 +2.5749e+000 -3.0434e+000 -2.3488e+000 +5.0627e-001 -2.7936e+000 -1.7081e+000
251407 +3.980925172e+000 +3.980925172e+000 +1.003980925e+003 +1.003980925e+003 -3.0962e+000 +2.7773e+000 +2.7930e+000 +4.0833e+000 +2.6003e+000 -3.0325e+000 -2.3262e+000 +5.2535e-001 -2.7793e+000 -1.7059e+000
% function evaluation | noise-free fitness - Fopt (7.003000000000e+001) | best noise-free fitness - Fopt | measured fitness | best measured fitness | x1 | x2...
1 +1.282075439e+003 +1.282075439e+003 +1.352105439e+003 +1.352105439e+003 -3.5111e+000 -4.9943e+000 +3.0594e+000 +1.1245e+000 +1.5697e+000 -4.4871e+000 -1.6057e+000 -1.2753e+000 +7.3384e-001 -2.0420e+000
4 +7.093285186e+002 +7.093285186e+002 +7.793585186e+002 +7.793585186e+002 +3.8901e+000 -3.1832e+000 +1.0923e+000 -2.1333e+000 +3.7830e+000 -3.6072e+000 -3.2986e+000 +1.0019e+000 +4.2884e+000 +1.9697e+000
7 +4.164659050e+002 +4.164659050e+002 +4.864959050e+002 +4.864959050e+002 -2.1927e+000 -5.2550e-001 -3.2179e+000 +5.3490e-001 +1.5079e+000 +1.0035e+000 -1.4683e+000 +1.3476e-002 +8.8238e-001 +4.5157e+000
15 +3.735912069e+002 +3.735912069e+002 +4.436212069e+002 +4.436212069e+002 +4.0792e+000 -2.3152e+000 -2.7664e+000 +6.9623e-001 +2.0312e+000 +1.8338e+000 -7.8781e-001 +2.8229e+000 -1.9188e+000 +3.0965e+000
40 +2.353388535e+002 +2.353388535e+002 +3.053688535e+002 +3.053688535e+002 -9.3635e-001 -2.3153e+000 -4.1445e+000 -7.6299e-001 +9.7295e-001 -4.8764e+000 -6.5391e-001 -4.9018e+000 -4.9908e-001 -2.0870e+000
353 +1.267174618e+002 +1.267174618e+002 +1.967474618e+002 +1.967474618e+002 +3.0180e-001 -3.2001e+000 -2.0468e+000 -9.0581e-002 +1.2726e+000 -6.7893e+000 -1.0826e+000 -5.6179e-001 -7.7158e-002 -4.9997e-001
962 +9.310646332e+001 +9.310646332e+001 +1.631364633e+002 +1.631364633e+002 +1.7146e+000 -3.1050e+000 -4.7013e+000 -1.4753e+000 +8.6224e-001 -2.9053e+000 -1.5280e+000 -1.6936e+000 -1.5844e+000 +9.9595e-002
2860 +5.877714277e+001 +5.877714277e+001 +1.288071428e+002 +1.288071428e+002 -1.1777e+000 -1.3363e+000 -3.7327e+000 -2.4643e+000 -1.0966e+000 -4.8573e+000 -3.7485e-001 +8.1496e-001 -3.5563e+000 -3.3356e-001
3018 +3.679921391e+001 +3.679921391e+001 +1.068292139e+002 +1.068292139e+002 -3.2639e-001 -2.2359e+000 -4.2554e+000 -2.8439e+000 -7.0259e-002 -4.4244e+000 +3.3132e-001 +7.2848e-001 -2.9854e+000 +5.0721e-001
47467 +2.091533624e+001 +2.091533624e+001 +9.094533624e+001 +9.094533624e+001 -1.0669e+000 -2.2243e+000 -4.5773e+000 -2.3121e+000 -6.0168e-001 -2.7312e+000 +1.1989e-001 +7.8079e-001 -4.0659e+000 +3.5517e-001
48478 +1.308077039e+001 +1.308077039e+001 +8.311077039e+001 +8.311077039e+001 -1.0039e+000 -2.1827e+000 -4.5431e+000 -2.3125e+000 -5.9542e-001 -2.6386e+000 +1.5475e-001 +8.0805e-001 -4.0162e+000 +3.4012e-001
51048 +9.989811635e+000 +9.989811635e+000 +8.001981163e+001 +8.001981163e+001 -9.7582e-001 -2.1684e+000 -4.5506e+000 -2.3941e+000 -6.1104e-001 -2.6629e+000 +1.7831e-001 +8.3520e-001 -4.0133e+000 +3.2224e-001
429325 +6.224714567e+000 +6.224714567e+000 +7.625471457e+001 +7.625471457e+001 -8.4551e-001 -2.2943e+000 -3.9489e+000 -2.2190e+000 -6.2685e-001 -4.2380e+000 -8.5915e-001 +1.2533e+000 -2.8406e+000 -7.6502e-002
433550 +3.981039939e+000 +3.981039939e+000 +7.401103994e+001 +7.401103994e+001 -8.6560e-001 -2.2699e+000 -3.9738e+000 -2.2394e+000 -6.3255e-001 -4.2275e+000 -8.5598e-001 +1.3002e+000 -2.8991e+000 -5.0924e-002
% function evaluation | noise-free fitness - Fopt (-4.822000000000e+001) | best noise-free fitness - Fopt | measured fitness | best measured fitness | x1 | x2...
1 +4.976070992e+002 +4.976070992e+002 +4.493870992e+002 +4.493870992e+002 -1.0011e+000 -2.2172e-001 -1.6400e+000 -2.6267e+000 -3.2599e+000 +2.0628e+000 +3.6643e+000 +4.1773e+000 -2.4292e+000 +4.7637e+000
151 +3.629172592e+002 +3.629172592e+002 +3.146972592e+002 +3.146972592e+002 +3.6047e+000 +1.7460e+000 -1.4356e+000 +2.6707e+000 -3.7981e+000 +4.7235e+000 +2.7237e+000 -6.0285e-001 -4.8906e+000 +5.1820e+000
236 +1.878551909e+002 +1.878551909e+002 +1.396351909e+002 +1.396351909e+002 -1.0177e+000 -2.7086e-001 -2.1456e+000 +5.1773e-001 -1.9951e+000 +4.7034e-001 -3.3998e-001 +2.0722e-001 -2.2045e+000 +3.5934e+000
512 +1.248705961e+002 +1.248705961e+002 +7.665059605e+001 +7.665059605e+001 -2.4866e+000 -1.9283e+000 -3.0355e+000 +4.7370e-001 -1.7026e+000 +2.9555e+000 -3.0866e-001 +3.2263e+000 -3.8463e+000 +3.6613e+000
654 +9.032503295e+001 +9.032503295e+001 +4.210503295e+001 +4.210503295e+001 -2.8346e+000 -1.2891e+000 -1.0777e+000 +8.8048e-001 -1.3191e+000 +3.3370e+000 -1.1796e+000 +3.1808e+000 -3.5570e+000 +3.2409e+000
4271 +6.288635600e+001 +6.288635600e+001 +1.466635600e+001 +1.466635600e+001 -1.3411e+000 -1.3366e+000 -3.2096e+000 +1.4839e+000 -3.9452e+000 +4.2187e+000 -4.2167e+000 +6.3944e-001 -2.4485e+000 +4.3580e+000
20823 +3.829575772e+001 +3.829575772e+001 -9.924242276e+000 -9.924242276e+000 -1.4739e+000 -4.0134e-001 -2.7865e+000 +8.7911e-001 -3.3775e+000 +3.7615e+000 -2.0252e+000 +2.0321e+000 -1.1714e+000 +3.7368e+000
21587 +2.471018786e+001 +2.471018786e+001 -2.350981214e+001 -2.350981214e+001 -1.4897e+000 -3.9943e-001 -2.7883e+000 +8.3356e-001 -3.3664e+000 +3.7069e+000 -2.0296e+000 +2.0651e+000 -1.1500e+000 +3.7402e+000
77878 +1.570623670e+001 +1.570623670e+001 -3.251376330e+001 -3.251376330e+001 -2.4456e+000 -1.1911e-002 -2.7552e+000 -8.8642e-001 -4.1574e+000 +3.9356e+000 -4.3549e+000 +1.9980e+000 -2.7083e+000 +4.2693e+000
214191 +9.966873086e+000 +9.966873086e+000 -3.825312691e+001 -3.825312691e+001 -1.0109e+000 -1.1875e+000 -1.9818e+000 +5.6421e-001 -2.8509e+000 +4.3383e+000 -3.2134e+000 +5.7311e-001 -3.3633e+000 +2.6832e+000
% function evaluation | noise-free fitness - Fopt (2.547000000000e+001) | best noise-free fitness - Fopt | measured fitness | best measured fitness | x1 | x2...
1 +7.033380936e+002 +7.033380936e+002 +7.288080936e+002 +7.288080936e+002 -4.9896e+000 +4.2633e+000 -4.0248e+000 -2.6695e+000 +3.4036e-001 +1.7804e+000 -3.3242e+000 +2.7001e+000 -1.8366e+000 +5.5896e-001
6 +5.460060391e+002 +5.460060391e+002 +5.714760391e+002 +5.714760391e+002 +1.4871e-001 -1.8293e+000 -5.5072e-001 -4.0467e+000 -4.3058e+000 +3.2606e+000 +1.3913e+000 +3.1024e+000 +5.0815e-001 +4.4871e+000
16 +3.851099783e+002 +3.851099783e+002 +4.105799783e+002 +4.105799783e+002 -1.8523e+000 +5.0375e-001 -3.9053e+000 -2.5101e+000 -1.4001e+000 +4.0657e-001 +2.2718e+000 +1.1183e-001 -3.5734e+000 -1.9722e+000
133 +2.202941167e+002 +2.202941167e+002 +2.457641167e+002 +2.457641167e+002 +1.3124e+000 -2.6255e+000 -7.4936e-001 -5.0405e+000 +8.2780e-001 +1.5523e+000 -2.3413e+000 +4.8110e+000 +3.2326e+000 -2.2001e-001
400 +1.388520887e+002 +1.388520887e+002 +1.643220887e+002 +1.643220887e+002 -2.2423e+000 -2.1519e+000 -1.5168e+000 -5.0578e+000 -1.8872e+000 -7.6208e-001 -6.5082e-001 +3.4283e+000 +1.4535e+000 +4.0978e-001
1063 +7.842321045e+001 +7.842321045e+001 +1.038932104e+002 +1.038932104e+002 -1.8876e+000 -2.1614e+000 -2.9138e+000 -3.8036e+000 -1.1386e+000 +1.5460e+000 -3.5091e+000 +8.4736e-001 +3.2091e+000 -5.6661e-002
9665 +4.389999566e+001 +4.389999566e+001 +6.936999566e+001 +6.936999566e+001 -3.6456e+000 -2.2214e+000 -1.4644e+000 -2.1634e+000 -2.5433e+000 +8.4848e-001 -1.9089e+000 +6.7015e-002 +4.6242e+000 -8.0126e-001
31783 +3.953099255e+001 +3.953099255e+001 +6.500099255e+001 +6.500099255e+001 -2.5352e+000 -1.5018e+000 -8.7065e-001 -3.5365e+000 -4.8722e-001 +1.3493e-001 -2.7654e+000 +1.0085e+000 +4.0374e+000 +1.0431e-001
55638 +2.475017026e+001 +2.475017026e+001 +5.022017026e+001 +5.022017026e+001 -4.0542e+000 -1.9365e+000 -1.7240e+000 -1.2951e+000 -7.3896e-001 +1.6346e+000 -1.5547e+000 +8.0771e-001 +2.9237e+000 -1.6418e+000
118355 +1.576752024e+001 +1.576752024e+001 +4.123752024e+001 +4.123752024e+001 -2.6386e+000 -2.3736e+000 -1.8954e+000 -3.3050e+000 -6.8701e-001 -6.7976e-002 -2.0053e+000 +6.5400e-001 +3.5803e+000 -1.5816e-002
234090 +9.985778425e+000 +9.985778425e+000 +3.545577843e+001 +3.545577843e+001 -3.1892e+000 -2.5296e+000 -1.9008e+000 -2.5130e+000 -1.9917e+000 -4.1955e-001 -1.7073e+000 +1.4953e-001 +3.5732e+000 +4.2663e-001
680358 +6.297053274e+000 +6.297053274e+000 +3.176705327e+001 +3.176705327e+001 -3.4891e+000 -2.1060e+000 -1.4333e+000 -2.3399e+000 -1.3242e+000 -1.3834e+000 -1.3731e+000 +6.7779e-001 +2.7226e+000 -7.8122e-001
% function evaluation | noise-free fitness - Fopt (-1.008100000000e+002) | best noise-free fitness - Fopt | measured fitness | best measured fitness | x1 | x2...
1 +1.365288330e+003 +1.365288330e+003 +1.264478330e+003 +1.264478330e+003 -1.5264e+000 +4.5230e+000 +4.2809e+000 +1.8181e+000 -4.0471e+000 -1.4238e-001 +4.0664e+000 +3.7429e+000 -9.1032e-001 -2.1705e+000
4 +4.930128465e+002 +4.930128465e+002 +3.922028465e+002 +3.922028465e+002 +6.1452e-001 -8.9586e-001 +3.0035e+000 +1.1958e+000 +4.4359e+000 +1.9829e+000 -4.5740e+000 -4.5259e+000 -3.9591e+000 +3.1870e+000
13 +3.935858716e+002 +3.935858716e+002 +2.927758716e+002 +2.927758716e+002 -2.9634e+000 -3.8530e-001 +1.2235e+000 +4.8664e-001 +3.6817e+000 +9.8939e-001 +4.1278e+000 -3.0417e+000 +3.6391e-001 -2.6177e+000
102 +2.461649959e+002 +2.461649959e+002 +1.453549959e+002 +1.453549959e+002 +1.3484e+000 -2.5624e+000 +1.4124e+000 +1.8969e+000 +4.5077e+000 +3.0541e+000 +7.6315e-001 +1.8883e+000 -4.4421e-001 -3.6850e+000
361 +1.352998472e+002 +1.352998472e+002 +3.448984715e+001 +3.448984715e+001 -1.7960e+000 +7.6478e-001 +2.2968e+000 -6.7720e-001 +6.3863e+000 +2.9168e+000 +1.1011e+000 +1.2821e+000 -3.1159e+000 -2.8010e+000
772 +8.825508606e+001 +8.825508606e+001 -1.255491394e+001 -1.255491394e+001 +2.3771e+000 -1.7989e+000 +7.7611e-001 +6.7027e-001 +1.5614e+000 +3.5139e+000 +1.3336e+000 +7.4831e-001 -2.5825e+000 -1.6154e+000
4490 +6.193287395e+001 +6.193287395e+001 -3.887712605e+001 -3.887712605e+001 +1.2918e+000 +1.6262e+000 +2.5561e+000 +3.4137e-001 +2.0382e+000 +1.0728e+000 +6.2614e-001 +1.4540e+000 -3.2759e+000 -6.7149e-001
62388 +3.945175008e+001 +3.945175008e+001 -6.135824992e+001 -6.135824992e+001 +1.1373e+000 +8.5093e-001 +1.7488e+000 +3.6312e-001 +2.7073e+000 +1.4658e+000 +9.1488e-001 +1.7234e+000 -3.7166e+000 +1.9011e-001
62830 +2.130271545e+001 +2.130271545e+001 -7.950728455e+001 -7.950728455e+001 +1.1472e+000 +8.7672e-001 +1.5610e+000 +2.5973e-001 +2.5559e+000 +1.6031e+000 +9.5678e-001 +1.6449e+000 -3.6421e+000 +2.2861e-001
64154 +1.563921559e+001 +1.563921559e+001 -8.517078441e+001 -8.517078441e+001 +1.1741e+000 +8.6101e-001 +1.5267e+000 +2.7157e-001 +2.5809e+000 +1.5383e+000 +9.5304e-001 +1.6501e+000 -3.6718e+000 +2.0005e-001
64204 +9.156391976e+000 +9.156391976e+000 -9.165360802e+001 -9.165360802e+001 +1.1112e+000 +9.0958e-001 +1.5027e+000 +2.6085e-001 +2.6330e+000 +1.5127e+000 +9.6027e-001 +1.6630e+000 -3.6604e+000 +2.2465e-001
65481 +6.267376177e+000 +6.267376177e+000 -9.454262382e+001 -9.454262382e+001 +1.0787e+000 +9.4755e-001 +1.5260e+000 +2.3484e-001 +2.6481e+000 +1.4506e+000 +9.8671e-001 +1.7099e+000 -3.6260e+000 +2.3452e-001
% function evaluation | noise-free fitness - Fopt (4.017300000000e+002) | best noise-free fitness - Fopt | measured fitness | best measured fitness | x1 | x2...
1 +8.981298278e+002 +8.981298278e+002 +1.299859828e+003 +1.299859828e+003 -4.5069e+000 +1.8450e+000 -1.5821e+000 +2.9951e+000 -4.5031e+000 +1.1573e+000 +3.1269e-001 -2.7305e+000 +1.4136e-001 -6.8970e-001
7 +3.870542521e+002 +3.870542521e+002 +7.887842521e+002 +7.887842521e+002 +2.5965e+000 -3.6503e+000 -3.6445e+000 +2.4690e+000 +7.8400e-001 +3.1150e+000 -7.8092e-001 -4.6506e+000 -2.8043e+000 -1.6228e-001
117 +2.160791147e+002 +2.160791147e+002 +6.178091147e+002 +6.178091147e+002 +1.8014e+000 +2.1744e+000 -1.0543e+000 +1.5737e+000 +1.3315e+000 +1.9899e+000 -3.5894e+000 -8.1218e-001 +1.5574e+000 -6.7112e-001
458 +1.303007129e+002 +1.303007129e+002 +5.320307129e+002 +5.320307129e+002 +2.5714e+000 +1.7456e-001 -7.7901e-001 -1.4169e+000 +4.3664e+000 +9.1980e-001 -1.8849e+000 -3.3527e+000 -1.9076e-001 +3.0788e+000
1774 +6.863254068e+001 +6.863254068e+001 +4.703625407e+002 +4.703625407e+002 +2.4627e+000 -2.9085e+000 +1.8871e+000 +1.2692e-001 +3.1483e+000 -6.1985e-001 -4.6983e+000 -2.0127e+000 +6.2627e-002 +1.9106e+000
5924 +5.755879971e+001 +5.755879971e+001 +4.592887997e+002 +4.592887997e+002 +1.6288e+000 -2.4769e+000 +8.4989e-001 +7.4412e-001 +2.1521e+000 -3.0338e-001 -2.5591e-001 -3.2556e+000 +6.5330e-001 +2.4702e+000
7971 +3.933212851e+001 +3.933212851e+001 +4.410621285e+002 +4.410621285e+002 +1.6167e+000 -2.4903e+000 +8.5520e-001 +6.3096e-001 +2.2075e+000 -4.1354e-001 -2.0278e-001 -3.2562e+000 +5.7112e-001 +2.5907e+000
10183 +2.494128395e+001 +2.494128395e+001 +4.266712840e+002 +4.266712840e+002 +1.6035e+000 -2.3976e+000 +7.3048e-001 +6.1986e-001 +2.1924e+000 -4.4498e-001 -8.0927e-002 -3.2052e+000 +5.8392e-001 +2.5923e+000
51640 +1.562006540e+001 +1.562006540e+001 +4.173500654e+002 +4.173500654e+002 +6.4337e-001 -2.4841e+000 +5.2684e-001 +2.1487e-001 +3.8636e+000 +1.1307e+000 -1.8324e+000 -3.8309e+000 +6.8923e-001 +1.5566e+000
52068 +9.523896499e+000 +9.523896499e+000 +4.112538965e+002 +4.112538965e+002 +5.8405e-001 -2.4714e+000 +5.3875e-001 +1.9976e-001 +3.8191e+000 +1.0871e+000 -1.8327e+000 -3.8448e+000 +6.8823e-001 +1.5831e+000
103179 +6.211926268e+000 +6.211926268e+000 +4.079419263e+002 +4.079419263e+002 +1.3561e+000 -3.2955e+000 +1.0558e+000 -3.3432e-001 +3.4469e+000 +6.4191e-001 -2.2262e+000 -2.9484e+000 +5.6026e-001 +1.2847e+000
103931 +3.894575010e+000 +3.894575010e+000 +4.056245750e+002 +4.056245750e+002 +1.3615e+000 -3.2630e+000 +1.0719e+000 -2.7500e-001 +3.4448e+000 +6.5573e-001 -2.2511e+000 -2.9830e+000 +5.6799e-001 +1.2884e+000
% function evaluation | noise-free fitness - Fopt (-9.575000000000e+001) | best noise-free fitness - Fopt | measured fitness | best measured fitness | x1 | x2...
1 +5.093034928e+002 +5.093034928e+002 +4.135534928e+002 +4.135534928e+002 -2.9706e+000 -4.7224e-001 -4.2507e+000 -6.0237e-001 -3.2671e+000 +1.9709e+000 -2.8655e-002 -8.6140e-001 +4.6636e+000 +2.3046e+000
8 +2.637050839e+002 +2.637050839e+002 +1.679550839e+002 +1.679550839e+002 +4.8836e+000 +1.8356e+000 -6.0966e-001 -1.5254e-001 -1.6267e+000 +3.7276e+000 +2.2510e+000 +1.8501e+000 +2.7107e+000 +8.8098e-001
80 +1.811117370e+002 +1.811117370e+002 +8.536173704e+001 +8.536173704e+001 +3.4412e+000 +2.0916e+000 -2.5512e+000 +1.4495e+000 +1.4386e+000 +1.6776e+000 +2.9217e-001 +2.8882e+000 +4.0022e+000 +1.0621e+000
346 +1.545607301e+002 +1.545607301e+002 +5.881073013e+001 +5.881073013e+001 +2.9484e+000 +3.0801e+000 -8.5790e-001 +2.5517e+000 +1.4164e+000 -2.7753e+000 -2.7901e-001 +4.8085e+000 +3.7074e+000 -1.9497e-001
952 +7.732631460e+001 +7.732631460e+001 -1.842368540e+001 -1.842368540e+001 +1.8964e+000 +1.8924e+000 -1.5304e+000 +3.8579e+000 +8.8570e-001 -3.7272e+000 +1.6008e+000 +2.7146e+000 +3.4269e+000 +1.2722e+000
1444 +6.160777971e+001 +6.160777971e+001 -3.414222029e+001 -3.414222029e+001 +2.3692e+000 +1.4021e+000 -2.0406e-001 +3.3591e+000 +1.9770e-001 -3.4268e+000 +2.4633e-001 +1.2096e+000 +3.2508e+000 +2.2947e+000
15118 +3.946887248e+001 +3.946887248e+001 -5.628112752e+001 -5.628112752e+001 +4.0273e+000 +1.2373e+000 -1.5684e+000 +4.4244e+000 +1.6390e-001 -1.3997e+000 +1.3476e+000 +2.1009e+000 +1.5984e+000 +3.6229e+000
16922 +2.451360173e+001 +2.451360173e+001 -7.123639827e+001 -7.123639827e+001 +3.9136e+000 +1.1933e+000 -1.6127e+000 +4.3092e+000 +1.2317e-001 -1.5049e+000 +1.3905e+000 +2.1930e+000 +1.5944e+000 +3.4916e+000
61337 +1.573408699e+001 +1.573408699e+001 -8.001591301e+001 -8.001591301e+001 +3.0289e+000 +1.7098e+000 -1.3899e+000 +3.2921e+000 -5.6334e-001 -1.3974e+000 -2.8907e-001 +2.2415e+000 +2.7736e+000 +3.4395e+000
166097 +9.928142704e+000 +9.928142704e+000 -8.582185730e+001 -8.582185730e+001 +2.5761e+000 +7.5402e-001 -1.4051e+000 +2.8194e+000 -1.7495e-001 -1.5569e+000 +9.8785e-001 +3.0848e+000 +2.7861e+000 +2.7710e+000
% function evaluation | noise-free fitness - Fopt (-9.136000000000e+001) | best noise-free fitness - Fopt | measured fitness | best measured fitness | x1 | x2...
1 +2.521527926e+003 +2.521527926e+003 +2.430167926e+003 +2.430167926e+003 +4.8012e+000 -3.8818e+000 -2.5913e+000 -3.8528e+000 +4.7988e-001 +4.0197e+000 -2.8468e+000 -3.8785e+000 +4.0816e+000 +3.6257e+000
3 +7.878602594e+002 +7.878602594e+002 +6.965002594e+002 +6.965002594e+002 +3.6171e+000 -4.7279e+000 -5.8078e-001 -6.3446e-002 +2.0827e+000 -7.8963e-001 -4.2238e+000 +1.3370e+000 +2.0869e+000 -3.2183e+000
4 +4.707311804e+002 +4.707311804e+002 +3.793711804e+002 +3.793711804e+002 -3.8565e+000 +1.3880e+000 +1.2671e+000 +1.8500e-001 -1.1635e+000 +1.0511e+000 +7.3224e-002 -4.4780e+000 +2.1774e+000 +5.3011e-001
20 +3.681629696e+002 +3.681629696e+002 +2.768029696e+002 +2.768029696e+002 -3.1249e+000 +2.1416e+000 -1.9392e+000 +9.7469e-001 +1.7599e+000 +4.6020e+000 -5.6536e-001 +3.4122e+000 +1.5015e+000 -4.4453e+000
66 +2.467194505e+002 +2.467194505e+002 +1.553594505e+002 +1.553594505e+002 -3.9007e+000 +3.6524e+000 +8.2028e-002 +2.4101e-001 -9.2540e-001 -1.5852e-001 -6.4615e+000 +4.3617e+000 -2.4598e+000 -3.9641e-001
242 +1.496694676e+002 +1.496694676e+002 +5.830946756e+001 +5.830946756e+001 -5.0514e+000 -6.8382e-001 +2.4753e+000 +2.7550e+000 -2.1802e+000 +2.6407e+000 -3.1238e+000 +2.5318e+000 -1.9142e+000 -4.0375e+000
1527 +9.638453358e+001 +9.638453358e+001 +5.024533582e+000 +5.024533582e+000 -2.8217e+000 +1.9426e+000 +6.4728e-001 -9.4276e-003 -2.4484e+000 -1.6283e-001 -2.3511e+000 +2.6147e+000 +1.7976e+000 -4.7482e+000
5775 +5.312568086e+001 +5.312568086e+001 -3.823431914e+001 -3.823431914e+001 -4.5177e+000 +3.1019e+000 +2.0781e-001 +1.8771e-001 -1.1856e+000 +1.9060e+000 -2.1010e+000 +1.1879e+000 -2.4625e+000 -2.3471e+000
7242 +3.964268131e+001 +3.964268131e+001 -5.171731869e+001 -5.171731869e+001 -3.1394e+000 +2.6305e+000 -5.4298e-001 +3.2686e-001 -1.9553e+000 +7.5186e-001 -1.7686e+000 +2.0476e+000 -1.6608e+000 -3.5462e+000
20869 +2.322380196e+001 +2.322380196e+001 -6.813619804e+001 -6.813619804e+001 -3.4882e+000 +3.0789e+000 +1.1916e+000 -1.2486e-001 -1.6235e+000 +4.3622e-001 -1.8816e+000 +1.7861e+000 -1.1606e+000 -4.7961e+000
22332 +1.582486244e+001 +1.582486244e+001 -7.553513756e+001 -7.553513756e+001 -3.4849e+000 +3.0851e+000 +1.0903e+000 -1.0073e-001 -1.6734e+000 +4.6533e-001 -1.8659e+000 +1.6621e+000 -1.2029e+000 -4.7520e+000
23964 +9.609370784e+000 +9.609370784e+000 -8.175062922e+001 -8.175062922e+001 -3.4474e+000 +3.0946e+000 +1.1189e+000 -7.4602e-003 -1.6643e+000 +4.2806e-001 -1.8093e+000 +1.6517e+000 -1.2404e+000 -4.7244e+000
% function evaluation | noise-free fitness - Fopt (2.315300000000e+002) | best noise-free fitness - Fopt | measured fitness | best measured fitness | x1 | x2...
1 +1.105751130e+003 +1.105751130e+003 +1.337281130e+003 +1.337281130e+003 -2.5607e+000 -4.6487e+000 -4.5286e+000 +1.9861e+000 -2.6287e+000 -3.0267e+000 +4.4166e+000 -3.5617e+000 +4.7851e+000 -2.1109e+000
4 +9.849261016e+002 +9.849261016e+002 +1.216456102e+003 +1.216456102e+003 +3.3974e+000 +2.5677e+000 -2.0334e+000 +2.1637e+000 -1.1380e+000 -2.7010e+000 -3.8875e+000 +1.7240e+000 +1.4174e+000 -2.4681e+000
5 +5.790284174e+002 +5.790284174e+002 +8.105584174e+002 +8.105584174e+002 -3.2732e+000 +4.2386e+000 -9.0651e-001 +7.9031e-002 +3.4217e+000 +3.8247e-001 -4.9343e+000 +2.1531e-001 -4.9510e+000 -1.7212e+000
10 +2.959350277e+002 +2.959350277e+002 +5.274650277e+002 +5.274650277e+002 -2.2120e+000 +4.4476e+000 +1.3241e+000 -1.9379e+000 +4.3973e+000 -1.7526e+000 -2.9228e+000 +3.6465e+000 +2.7567e+000 -1.5224e+000
23 +2.394473531e+002 +2.394473531e+002 +4.709773531e+002 +4.709773531e+002 -2.4920e+000 +2.6138e+000 -1.0098e+000 -1.1207e+000 -6.8081e-001 -3.6940e+000 -3.7538e+000 +4.3331e+000 +3.2120e+000 +1.4214e+000
234 +1.520105042e+002 +1.520105042e+002 +3.835405042e+002 +3.835405042e+002 -4.4830e+000 -8.4831e-001 -6.0360e-001 -3.1135e+000 +6.2692e-001 -1.2188e-001 -4.0658e+000 -7.5959e-003 +1.1987e+000 -4.0332e+000
725 +6.261353239e+001 +6.261353239e+001 +2.941435324e+002 +2.941435324e+002 -5.5209e-001 +7.1915e-001 -9.3441e-002 -1.0788e+000 +1.7226e+000 -1.6185e+000 -1.6935e+000 +1.3233e+000 +2.9972e+000 -1.8817e+000
12897 +3.850816280e+001 +3.850816280e+001 +2.700381628e+002 +2.700381628e+002 -2.5320e+000 -4.2852e-001 +4.7317e-001 -3.3029e-001 +3.7245e+000 -2.0949e+000 -2.7925e+000 +1.3165e+000 +4.3722e+000 -1.6231e+000
13935 +2.500363254e+001 +2.500363254e+001 +2.565336325e+002 +2.565336325e+002 -2.4630e+000 -4.9003e-001 +4.9314e-001 -3.2027e-001 +3.7472e+000 -2.1829e+000 -2.7184e+000 +1.3183e+000 +4.4366e+000 -1.6799e+000
15255 +1.538297222e+001 +1.538297222e+001 +2.469129722e+002 +2.469129722e+002 -2.4587e+000 -4.5704e-001 +5.1232e-001 -3.5985e-001 +3.7441e+000 -2.2556e+000 -2.7135e+000 +1.4442e+000 +4.3804e+000 -1.7256e+000
403884 +8.765767268e+000 +8.765767268e+000 +2.402957673e+002 +2.402957673e+002 -3.6835e+000 +1.3765e-001 +4.1075e-001 -1.8829e+000 +2.3181e+000 -2.6562e+000 -2.1513e+000 +6.6191e-001 +2.5665e+000 -2.1847e+000
404059 +5.560342950e+000 +5.560342950e+000 +2.370903430e+002 +2.370903430e+002 -3.6916e+000 +1.5756e-001 +4.1535e-001 -1.8973e+000 +2.3137e+000 -2.6716e+000 -2.1651e+000 +6.9144e-001 +2.5909e+000 -2.1763e+000
407882 +3.980916881e+000 +3.980916881e+000 +2.355109169e+002 +2.355109169e+002 -3.7220e+000 +1.8864e-001 +3.8978e-001 -1.8835e+000 +2.2983e+000 -2.6505e+000 -2.1760e+000 +6.6620e-001 +2.5976e+000 -2.1526e+000
% function evaluation | noise-free fitness - Fopt (-1.397700000000e+002) | best noise-free fitness - Fopt | measured fitness | best measured fitness | x1 | x2...
1 +1.633064078e+003 +1.633064078e+003 +1.493294078e+003 +1.493294078e+003 -2.5712e-001 +8.4219e-001 +1.7350e+000 +4.3354e+000 +1.6161e+000 -1.8014e+000 +1.2299e+000 -3.5564e+000 +1.2180e+000 -3.4435e+000
3 +7.968932964e+002 +7.968932964e+002 +6.571232964e+002 +6.571232964e+002 -3.8670e+000 -8.2243e-001 +1.2049e+000 +2.5323e+000 +1.3699e+000 -2.3340e+000 -2.6318e+000 +2.3966e+000 -3.5421e+000 +4.4929e+000
6 +5.139353327e+002 +5.139353327e+002 +3.741653327e+002 +3.741653327e+002 +9.4093e-001 +3.9882e+000 +2.7447e+000 -6.4968e-001 +3.5182e+000 -2.5805e-001 +2.1520e+000 -4.3216e+000 -4.0443e+000 +1.4663e+000
7 +2.244983970e+002 +2.244983970e+002 +8.472839696e+001 +8.472839696e+001 -4.4487e+000 +4.7096e+000 -1.3349e+000 +2.1031e+000 -3.7830e+000 +1.9949e+000 -1.2596e+000 -2.4652e+000 -4.3137e+000 +9.8966e-001
402 +1.301889671e+002 +1.301889671e+002 -9.581032909e+000 -9.581032909e+000 -3.0629e+000 +1.2205e+000 -2.4041e+000 +3.6392e+000 -1.9673e+000 -3.2432e+000 +4.1631e+000 -3.1616e+000 -1.0811e+000 +3.7867e+000
575 +9.521939131e+001 +9.521939131e+001 -4.455060869e+001 -4.455060869e+001 -2.8985e+000 +2.4325e+000 -1.7708e+000 +4.1396e+000 -1.1636e+000 -4.5165e+000 +2.8946e+000 -4.7242e+000 -2.0726e+000 +5.2421e+000
1103 +6.213193453e+001 +6.213193453e+001 -7.763806547e+001 -7.763806547e+001 -2.4172e+000 +2.7975e+000 -2.7885e+000 +3.5491e+000 -2.8967e+000 -1.7716e+000 +2.3405e+000 -3.2305e+000 -4.9099e+000 +2.5108e+000
17055 +3.565403908e+001 +3.565403908e+001 -1.041159609e+002 -1.041159609e+002 -2.7884e+000 +3.1554e+000 -2.3724e+000 +1.9517e+000 -1.2131e+000 -4.1406e+000 +2.4202e+000 -4.1023e+000 -3.1276e+000 +3.4173e+000
17549 +2.439097597e+001 +2.439097597e+001 -1.153790240e+002 -1.153790240e+002 -2.8668e+000 +3.1573e+000 -2.2987e+000 +2.0385e+000 -1.2629e+000 -4.1427e+000 +2.3874e+000 -4.0675e+000 -3.1380e+000 +3.3416e+000
18298 +1.348148472e+001 +1.348148472e+001 -1.262885153e+002 -1.262885153e+002 -2.9186e+000 +3.1271e+000 -2.2815e+000 +2.0995e+000 -1.3426e+000 -4.1891e+000 +2.3448e+000 -4.0559e+000 -3.1677e+000 +3.4052e+000
19212 +9.780159173e+000 +9.780159173e+000 -1.299898408e+002 -1.299898408e+002 -2.9105e+000 +3.1230e+000 -2.2597e+000 +2.1143e+000 -1.3309e+000 -4.2676e+000 +2.3858e+000 -4.0958e+000 -3.1553e+000 +3.4595e+000
20416 +6.298104873e+000 +6.298104873e+000 -1.334718951e+002 -1.334718951e+002 -2.9219e+000 +3.1746e+000 -2.2433e+000 +2.1206e+000 -1.3140e+000 -4.2466e+000 +2.3702e+000 -4.1623e+000 -3.1994e+000 +3.4738e+000
433375 +3.980993628e+000 +3.980993628e+000 -1.357890064e+002 -1.357890064e+002 -2.7000e+000 +2.3716e+000 -2.2444e+000 +2.6124e+000 -2.1097e+000 -3.7939e+000 +2.9707e+000 -3.4758e+000 -2.8601e+000 +2.9719e+000
% function evaluation | noise-free fitness - Fopt (9.830000000000e+000) | best noise-free fitness - Fopt | measured fitness | best measured fitness | x1 | x2...
1 +1.073477445e+003 +1.073477445e+003 +1.083307445e+003 +1.083307445e+003 -4.6941e+000 -3.7506e+000 +3.3305e+000 +3.8114e+000 +1.9527e+000 -1.7242e+000 -2.6269e+000 -2.3436e+000 -1.2514e+000 +3.5606e+000
3 +4.334946378e+002 +4.334946378e+002 +4.433246378e+002 +4.433246378e+002 -3.7369e+000 +2.2868e+000 -1.2950e+000 -1.4486e+000 +4.5294e+000 +1.0344e-001 -3.1799e+000 +4.0905e-001 -2.5179e-001 -1.1235e+000
21 +2.758568826e+002 +2.758568826e+002 +2.856868826e+002 +2.856868826e+002 +7.8114e-002 -1.4942e+000 +8.7193e-002 -1.6080e+000 +2.1069e+000 +1.8578e+000 +4.5742e+000 -3.5122e+000 -3.1867e+000 -2.5679e+000
84 +2.406875096e+002 +2.406875096e+002 +2.505175096e+002 +2.505175096e+002 +2.6390e-001 +2.5520e+000 -6.5398e-001 -1.2118e+000 -1.1222e-001 -2.4718e-001 +1.6394e+000 -2.4437e+000 -5.0904e+000 -1.2175e+000
335 +1.517878921e+002 +1.517878921e+002 +1.616178921e+002 +1.616178921e+002 -3.5563e+000 +1.0318e+000 +2.8099e+000 -4.2308e+000 +8.5111e-001 +9.7843e-001 +2.4767e+000 -1.7054e+000 -5.0925e+000 +1.5394e+000
866 +6.463545309e+001 +6.463545309e+001 +7.446545309e+001 +7.446545309e+001 -1.0732e+000 +2.5763e+000 -2.0697e-001 -2.8719e+000 +1.0906e+000 +1.5201e+000 +1.9169e+000 -1.9508e+000 -4.1769e+000 -2.3124e+000
14150 +6.168254628e+001 +6.168254628e+001 +7.151254628e+001 +7.151254628e+001 -1.0515e+000 +2.3342e+000 +2.9485e+000 -3.4324e+000 +1.0934e+000 +3.7571e+000 +1.8538e+000 -3.7212e+000 -4.0946e+000 -2.9685e+000
30397 +3.957420702e+001 +3.957420702e+001 +4.940420702e+001 +4.940420702e+001 -3.0184e-002 +2.3017e+000 +1.9764e+000 -3.4876e+000 +2.6464e+000 +2.4742e+000 +8.6298e-001 -1.8572e+000 -3.2968e+000 -2.6142e+000
61192 +2.509438826e+001 +2.509438826e+001 +3.492438826e+001 +3.492438826e+001 +3.8671e-001 +1.8685e+000 +2.5240e+000 -1.3809e+000 +2.6654e+000 +2.0069e+000 +2.4731e+000 -3.9034e+000 -4.9586e+000 -3.5762e+000
84819 +1.574120701e+001 +1.574120701e+001 +2.557120701e+001 +2.557120701e+001 -5.9808e-001 +2.8721e+000 +2.6365e+000 -3.1623e+000 +1.9738e+000 +3.3532e+000 +9.8860e-001 -2.9761e+000 -2.6648e+000 -1.5891e+000
361862 +9.362364149e+000 +9.362364149e+000 +1.919236415e+001 +1.919236415e+001 -4.6576e-001 +2.1575e+000 +2.2705e+000 -2.6679e+000 +1.5145e+000 +3.9156e+000 +1.9007e+000 -4.0927e+000 -3.9593e+000 -2.7543e+000
363311 +6.278464932e+000 +6.278464932e+000 +1.610846493e+001 +1.610846493e+001 -4.7433e-001 +2.1611e+000 +2.2636e+000 -2.6467e+000 +1.5207e+000 +3.8936e+000 +1.9158e+000 -4.0589e+000 -3.9860e+000 -2.7623e+000
% function evaluation | noise-free fitness - Fopt (6.721000000000e+001) | best noise-free fitness - Fopt | measured fitness | best measured fitness | x1 | x2...
1 +2.105793080e+003 +2.105793080e+003 +2.173003080e+003 +2.173003080e+003 -1.7965e+000 -2.1012e+000 +4.4625e+000 +2.9438e+000 +3.1772e+000 -1.9777e+000 -2.1335e+000 -4.2339e+000 -4.0008e+000 -3.7947e+000
3 +7.865360106e+002 +7.865360106e+002 +8.537460106e+002 +8.537460106e+002 +4.1569e+000 -3.7675e+000 +4.3749e+000 -2.8917e-001 -1.5080e+000 -2.6156e+000 +3.8947e+000 +4.2874e+000 +2.7612e+000 -7.8306e-001
4 +5.390597120e+002 +5.390597120e+002 +6.062697120e+002 +6.062697120e+002 -2.9704e+000 -4.1814e+000 -5.9430e-001 -9.2115e-001 -3.1882e+000 +3.2792e+000 -2.2881e+000 +1.4595e+000 +1.2522e-001 +4.9306e+000
19 +3.076467871e+002 +3.076467871e+002 +3.748567871e+002 +3.748567871e+002 +3.2135e+000 -4.4793e+000 +7.0250e-001 -4.5343e+000 -3.8132e+000 +4.0451e+000 -2.1327e-001 +1.3895e+000 -2.8169e+000 +4.6796e-001
55 +2.392594806e+002 +2.392594806e+002 +3.064694806e+002 +3.064694806e+002 +3.2559e-001 -3.5102e+000 -2.4870e+000 -4.9108e+000 +8.7670e-001 -7.4039e-001 -1.3505e+000 +1.0319e+000 +4.8875e-001 +2.1877e+000
319 +1.463423428e+002 +1.463423428e+002 +2.135523428e+002 +2.135523428e+002 +6.0825e-001 -3.5639e-003 +8.3036e-001 -3.7063e+000 -2.0237e+000 +3.7938e+000 -1.7753e+000 -1.0639e+000 +1.0724e+000 -1.9133e+000
610 +9.606404039e+001 +9.606404039e+001 +1.632740404e+002 +1.632740404e+002 +4.5563e+000 -2.7682e+000 +2.1160e+000 -3.3537e+000 +4.7483e-001 +1.9512e+000 -1.3230e+000 -1.2175e+000 +4.6926e-001 +3.0683e+000
3867 +5.744669704e+001 +5.744669704e+001 +1.246566970e+002 +1.246566970e+002 +3.7871e+000 -3.6345e+000 -1.3617e+000 -2.3301e+000 +5.6780e-001 +2.3765e+000 -1.2126e+000 +4.0867e-001 -5.3869e-001 +3.7679e+000
9177 +2.443531223e+001 +2.443531223e+001 +9.164531223e+001 +9.164531223e+001 +3.4417e+000 -2.8328e+000 +2.3786e-001 -3.2239e+000 -9.2910e-002 +1.9392e+000 -3.0701e+000 +1.4535e+000 +2.3517e-001 +2.8218e+000
24604 +1.525449869e+001 +1.525449869e+001 +8.246449869e+001 +8.246449869e+001 +1.3346e+000 -2.2183e+000 +4.4419e-002 -3.2705e+000 +1.1156e+000 +1.0370e+000 -3.3192e+000 +5.9081e-001 +7.0956e-001 +2.2120e+000
26895 +9.993613666e+000 +9.993613666e+000 +7.720361367e+001 +7.720361367e+001 +1.3391e+000 -2.1878e+000 +8.3156e-002 -3.2645e+000 +1.0824e+000 +1.0814e+000 -3.2357e+000 +6.0720e-001 +6.2228e-001 +2.2516e+000
297433 +6.232834458e+000 +6.232834458e+000 +7.344283446e+001 +7.344283446e+001 +3.1472e+000 -3.3856e+000 +1.6283e-001 -2.3374e+000 +1.0806e+000 +1.4091e+000 -2.4807e+000 +1.8094e-001 -2.1311e-001 +3.9134e+000
678331 +3.980899862e+000 +3.980899862e+000 +7.119089986e+001 +7.119089986e+001 +3.0001e+000 -2.5912e+000 +7.7590e-001 -2.8530e+000 +1.0102e+000 +1.4928e+000 -2.3608e+000 -2.6267e-001 -8.7467e-002 +2.5013e+000
% function evaluation | noise-free fitness - Fopt (-5.296000000000e+001) | best noise-free fitness - Fopt | measured fitness | best measured fitness | x1 | x2...
1 +3.986849084e+003 +3.986849084e+003 +3.933889084e+003 +3.933889084e+003 +3.0832e+000 +1.7947e+000 -1.5058e+000 -2.8481e+000 -2.1456e+000 +2.1042e+000 +4.3460e+000 +3.5198e+000 +3.2971e+000 -2.5774e+000
3 +1.802448892e+003 +1.802448892e+003 +1.749488892e+003 +1.749488892e+003 -3.7500e+000 +1.4767e+000 +3.1120e+000 -4.7410e-001 -4.8901e+000 -1.5543e+000 +5.2408e-002 -3.3776e+000 +3.9785e+000 -2.2367e+000
4 +3.717009576e+002 +3.717009576e+002 +3.187409576e+002 +3.187409576e+002 -8.2598e-001 +6.2651e-001 +3.1792e+000 +1.8634e+000 -2.7407e+000 +2.1076e+000 -2.5971e+000 -2.3488e+000 -9.9493e-001 -1.1277e+000
178 +2.430334769e+002 +2.430334769e+002 +1.900734769e+002 +1.900734769e+002 +1.6233e+000 +4.6775e-001 -2.0670e+000 +3.8202e+000 +1.6277e+000 -2.6227e+000 -5.6076e-001 +3.6416e+000 -4.9889e+000 -2.2748e-001
347 +1.509472653e+002 +1.509472653e+002 +9.798726525e+001 +9.798726525e+001 +1.8674e+000 -2.5443e+000 +6.8637e-001 +5.1593e+000 +1.3630e+000 -3.8400e+000 +9.1370e-001 +1.3805e+000 -2.2791e+000 -1.6263e+000
659 +9.994568106e+001 +9.994568106e+001 +4.698568106e+001 +4.698568106e+001 +8.4118e-001 -2.8163e+000 +4.2875e+000 +3.2536e+000 +2.5234e+000 -4.8067e+000 -1.6713e+000 +2.4372e+000 -2.8091e+000 -5.4896e+000
3277 +5.805183082e+001 +5.805183082e+001 +5.091830819e+000 +5.091830819e+000 +1.9925e+000 -1.4174e-001 +4.1279e+000 +1.9878e+000 +1.6450e+000 -4.1349e+000 -1.2397e+000 +3.7401e+000 -4.1653e+000 -5.5105e+000
14887 +3.955021104e+001 +3.955021104e+001 -1.340978896e+001 -1.340978896e+001 +2.6554e+000 +1.8959e-001 +2.9576e+000 +1.1242e+000 +2.0375e+000 -3.9222e+000 -1.8290e+000 +2.1163e-001 -3.4453e+000 -4.2124e+000
27397 +2.357440745e+001 +2.357440745e+001 -2.938559255e+001 -2.938559255e+001 +3.2909e+000 -1.3240e+000 +3.4807e+000 +2.3032e+000 +1.7947e+000 -4.6083e+000 -9.1370e-001 +4.0555e+000 -2.2542e+000 -3.2160e+000
28382 +1.580193282e+001 +1.580193282e+001 -3.715806718e+001 -3.715806718e+001 +3.2323e+000 -1.3344e+000 +3.5858e+000 +2.2232e+000 +1.7646e+000 -4.6467e+000 -9.6022e-001 +4.0325e+000 -2.2826e+000 -3.3234e+000
37814 +9.884321507e+000 +9.884321507e+000 -4.307567849e+001 -4.307567849e+001 +2.7197e+000 -5.2284e-001 +2.8184e+000 +1.5266e+000 +2.6140e+000 -3.9722e+000 -1.2745e+000 +2.5473e+000 -3.4414e+000 -4.4817e+000
38204 +5.796375761e+000 +5.796375761e+000 -4.716362424e+001 -4.716362424e+001 +2.6787e+000 -5.6304e-001 +2.8343e+000 +1.5802e+000 +2.5886e+000 -3.9969e+000 -1.1835e+000 +2.6024e+000 -3.4317e+000 -4.5001e+000
423826 +3.980820118e+000 +3.980820118e+000 -4.897917988e+001 -4.897917988e+001 +2.4107e+000 -6.5726e-001 +3.1193e+000 +2.1166e+000 +1.7776e+000 -4.3604e+000 -1.2268e+000 +3.3131e+000 -3.2300e+000 -3.5450e+000
% function evaluation | noise-free fitness - Fopt (8.806000000000e+001) | best noise-free fitness - Fopt | measured fitness | best measured fitness | x1 | x2...
1 +8.181144107e+002 +8.181144107e+002 +9.061744107e+002 +9.061744107e+002 +8.5565e-001 -4.3996e-002 +2.9533e+000 -4.8033e+000 -2.4212e+000 -1.2923e+000 +2.2975e+000 +1.1347e+000 -1.6222e+000 +2.8657e+000
3 +4.371754472e+002 +4.371754472e+002 +5.252354472e+002 +5.252354472e+002 +6.3066e-001 +8.9424e-001 -4.7844e+000 -7.0549e-001 +4.1797e-001 -1.6008e+000 +1.7496e+000 +7.1408e-001 -4.1310e+000 -4.6866e+000
16 +3.836355895e+002 +3.836355895e+002 +4.716955895e+002 +4.716955895e+002 +2.9330e+000 -1.9820e+000 -4.2690e+000 -1.3502e+000 +4.0179e+000 +1.5633e+000 +3.3337e+000 +3.9767e+000 -1.1653e+000 +1.6187e+000
57 +2.006225065e+002 +2.006225065e+002 +2.886825065e+002 +2.886825065e+002 +4.0521e-001 -4.7184e-001 -1.6173e+000 -3.5671e+000 +1.5139e-001 -1.5476e-001 -6.2662e-001 +2.1158e-001 -5.9752e+000 -2.6647e+000
396 +1.402211974e+002 +1.402211974e+002 +2.282811974e+002 +2.282811974e+002 -1.4726e+000 -1.1706e+000 -2.3564e+000 -3.0806e+000 +1.0546e+000 -7.5789e-001 -1.3545e+000 +2.9330e+000 -3.6362e+000 -3.5362e+000
599 +9.439282008e+001 +9.439282008e+001 +1.824528201e+002 +1.824528201e+002 -2.6928e+000 -3.1728e+000 -4.7966e-001 -3.7542e+000 -8.6953e-001 +1.0262e-002 +2.1028e-001 +2.5476e+000 -3.8446e+000 -4.6256e+000
1371 +6.016307496e+001 +6.016307496e+001 +1.482230750e+002 +1.482230750e+002 -1.8545e+000 -3.7685e+000 +2.2799e-001 -3.3441e+000 +3.9516e-002 +2.1364e+000 -1.6357e-001 +1.7263e+000 -4.0404e+000 -9.2081e-001
25460 +3.512075464e+001 +3.512075464e+001 +1.231807546e+002 +1.231807546e+002 -1.9068e+000 -5.0471e+000 -1.2689e+000 -4.2651e+000 +1.1820e+000 +3.0952e-001 +3.9886e-002 +2.8963e+000 -3.0773e+000 -2.1292e+000
26009 +2.499273598e+001 +2.499273598e+001 +1.130527360e+002 +1.130527360e+002 -1.9336e+000 -4.9975e+000 -1.2399e+000 -4.1699e+000 +1.1595e+000 +2.8507e-001 +1.1524e-002 +2.9391e+000 -3.1029e+000 -2.1751e+000
46853 +1.571376571e+001 +1.571376571e+001 +1.037737657e+002 +1.037737657e+002 -2.5782e+000 -2.5675e+000 -1.7101e+000 -3.8270e+000 -1.5760e+000 +9.1010e-001 -1.4366e+000 +1.4392e+000 -2.1831e+000 -2.3104e+000
649364 +9.638694313e+000 +9.638694313e+000 +9.769869431e+001 +9.769869431e+001 -1.9018e+000 -3.1236e+000 -1.4480e+000 -3.4836e+000 -2.6531e-001 +1.7287e+000 -1.1530e+000 +2.2647e+000 -3.1290e+000 -2.7022e+000
649981 +6.277864356e+000 +6.277864356e+000 +9.433786436e+001 +9.433786436e+001 -1.8517e+000 -3.1073e+000 -1.4112e+000 -3.4582e+000 -2.7201e-001 +1.7610e+000 -1.1601e+000 +2.2610e+000 -3.1773e+000 -2.6871e+000
653801 +3.980684864e+000 +3.980684864e+000 +9.204068486e+001 +9.204068486e+001 -1.8780e+000 -3.0480e+000 -1.4407e+000 -3.4510e+000 -2.8713e-001 +1.7577e+000 -1.1618e+000 +2.2405e+000 -3.1498e+000 -2.6878e+000
% function evaluation | noise-free fitness - Fopt (7.853000000000e+001) | best noise-free fitness - Fopt | measured fitness | best measured fitness | x1 | x2...
1 +1.310113668e+003 +1.310113668e+003 +1.388643668e+003 +1.388643668e+003 +3.7312e+000 +4.4428e+000 -4.5020e+000 -3.7766e+000 -1.2408e+000 -4.3600e+000 +1.3853e-003 +2.4432e+000 +4.2272e+000 +1.5753e+000
3 +4.901772812e+002 +4.901772812e+002 +5.687072812e+002 +5.687072812e+002 +2.9904e+000 -2.0162e+000 +1.9403e+000 -9.2391e-001 +4.7401e+000 -3.2417e+000 +4.4140e+000 -2.6124e+000 +2.2872e+000 -3.0839e+000
7 +3.845670501e+002 +3.845670501e+002 +4.630970501e+002 +4.630970501e+002 +2.7614e+000 -3.2459e+000 +4.0869e+000 -3.7152e-001 +2.1206e+000 -4.9106e+000 -2.8223e+000 -4.6030e+000 -8.0643e-001 -4.9773e+000
97 +2.329476556e+002 +2.329476556e+002 +3.114776556e+002 +3.114776556e+002 +3.1526e+000 +2.1899e+000 +1.5667e+000 -3.1078e-001 +5.0292e+000 -1.3295e+000 -4.9305e+000 -6.4312e+000 +1.6106e+000 -4.6391e+000
331 +1.420754239e+002 +1.420754239e+002 +2.206054239e+002 +2.206054239e+002 +3.1526e+000 +1.3962e+000 +2.3776e+000 +2.0849e+000 +4.2887e+000 -2.0657e+000 -1.4111e+000 -4.4558e+000 +3.2067e+000 -1.7600e+000
729 +9.801108092e+001 +9.801108092e+001 +1.765410809e+002 +1.765410809e+002 +1.4427e+000 +7.3349e-001 +1.1749e+000 -3.2194e-001 +5.3303e+000 -1.2872e+000 -3.2337e+000 -3.9475e+000 +2.5274e+000 -1.7591e+000
6664 +6.038043016e+001 +6.038043016e+001 +1.389104302e+002 +1.389104302e+002 +1.3479e+000 +4.2536e-001 +3.9821e-002 +2.7914e+000 +4.5790e+000 -1.1288e+000 -2.8102e+000 -4.5658e+000 +6.3676e-001 -2.8758e+000
83182 +3.903831904e+001 +3.903831904e+001 +1.175683190e+002 +1.175683190e+002 +1.5584e+000 +8.1655e-001 +8.0783e-001 +3.2547e+000 +4.4250e+000 -6.3120e-001 -1.0827e+000 -5.3720e+000 +2.3247e-003 -2.8701e+000
121148 +2.508634590e+001 +2.508634590e+001 +1.036163459e+002 +1.036163459e+002 +2.8176e-001 +3.9032e-001 +1.5364e+000 +4.8489e+000 +3.0033e+000 -1.3834e+000 -1.7008e+000 -2.6875e+000 +3.2420e-001 -2.0068e+000
122284 +1.579793624e+001 +1.579793624e+001 +9.432793624e+001 +9.432793624e+001 +3.0311e-001 +4.6590e-001 +1.5395e+000 +4.8367e+000 +3.0357e+000 -1.4694e+000 -1.7691e+000 -2.8038e+000 +3.1058e-001 -2.0763e+000
338300 +9.673238165e+000 +9.673238165e+000 +8.820323817e+001 +8.820323817e+001 +1.6008e+000 +2.0591e+000 +6.8406e-001 +3.3862e+000 +3.2135e+000 -1.4629e+000 -1.7129e+000 -3.9020e+000 +1.6018e+000 -2.8910e+000
