% function evaluation | noise-free fitness - Fopt (-5.494000000000e+001) | best noise-free fitness - Fopt | measured fitness | best measured fitness | x1 | x2...
1 +2.437847572e+006 +2.437847572e+006 +2.437792632e+006 +2.437792632e+006 +8.9422e-001 -2.6184e+000 +1.8403e+000
6 +3.503952464e+005 +3.503952464e+005 +3.503403064e+005 +3.503403064e+005 -4.6392e+000 +1.2245e-001 +5.1924e-001
10 +1.202417687e+005 +1.202417687e+005 +1.201868287e+005 +1.201868287e+005 -3.4069e+000 -2.6695e+000 -4.5989e+000
20 +6.659441789e+004 +6.659441789e+004 +6.653947789e+004 +6.653947789e+004 -2.9645e+000 -1.3700e-001 +3.3357e+000
86 +3.644340171e+004 +3.644340171e+004 +3.638846171e+004 +3.638846171e+004 -5.0895e+000 -8.1882e-001 -1.0405e+000
97 +2.296601089e+003 +2.296601089e+003 +2.241661089e+003 +2.241661089e+003 -3.3126e+000 -1.2984e+000 -1.3135e+000
419 +7.729747733e+002 +7.729747733e+002 +7.180347733e+002 +7.180347733e+002 -1.2225e+000 -1.4266e+000 -8.3700e-001
502 +1.927274648e+002 +1.927274648e+002 +1.377874648e+002 +1.377874648e+002 -2.2273e+000 -1.9073e+000 -2.8499e+000
606 +5.886104019e+001 +5.886104019e+001 +3.921040187e+000 +3.921040187e+000 -1.8919e+000 -2.0876e+000 -3.3058e+000
905 +2.641451679e+001 +2.641451679e+001 -2.852548321e+001 -2.852548321e+001 -1.6375e+000 -1.1856e+000 -2.9854e-001
927 +1.056006705e+001 +1.056006705e+001 -4.437993295e+001 -4.437993295e+001 -1.6366e+000 -1.2558e+000 -5.2771e-001
1045 +6.692675616e+000 +6.692675616e+000 -4.824732438e+001 -4.824732438e+001 -1.7661e+000 -1.3696e+000 -9.5552e-001
1475 +3.175742483e+000 +3.175742483e+000 -5.176425752e+001 -5.176425752e+001 -1.7179e+000 -1.3396e+000 -8.2902e-001
1789 +1.802542649e+000 +1.802542649e+000 -5.313745735e+001 -5.313745735e+001 -1.7467e+000 -1.5837e+000 -1.6183e+000
2062 +1.080090865e+000 +1.080090865e+000 -5.385990914e+001 -5.385990914e+001 -1.7269e+000 -1.6081e+000 -1.6953e+000
2228 +8.770213203e-001 +8.770213203e-001 -5.406297868e+001 -5.406297868e+001 -1.7121e+000 -1.5793e+000 -1.5962e+000
2242 +4.934672719e-002 +4.934672719e-002 -5.489065327e+001 -5.489065327e+001 -1.7344e+000 -1.5406e+000 -1.4801e+000
3168 +1.120645584e-002 +1.120645584e-002 -5.492879354e+001 -5.492879354e+001 -1.7269e+000 -1.5290e+000 -1.4406e+000
3263 +8.005702588e-003 +8.005702588e-003 -5.493199430e+001 -5.493199430e+001 -1.7299e+000 -1.5185e+000 -1.4083e+000
3392 +3.468786057e-003 +3.468786057e-003 -5.493653121e+001 -5.493653121e+001 -1.7269e+000 -1.5136e+000 -1.3914e+000
3656 +1.716892956e-003 +1.716892956e-003 -5.493828311e+001 -5.493828311e+001 -1.7260e+000 -1.5021e+000 -1.3549e+000
3769 +1.195681461e-003 +1.195681461e-003 -5.493880432e+001 -5.493880432e+001 -1.7262e+000 -1.5114e+000 -1.3842e+000
3845 +6.254228937e-004 +6.254228937e-004 -5.493937458e+001 -5.493937458e+001 -1.7270e+000 -1.5109e+000 -1.3832e+000
3953 +3.544395679e-004 +3.544395679e-004 -5.493964556e+001 -5.493964556e+001 -1.7264e+000 -1.5088e+000 -1.3761e+000
4138 +6.376347589e-005 +6.376347589e-005 -5.493993624e+001 -5.493993624e+001 -1.7263e+000 -1.5088e+000 -1.3761e+000
4235 +4.564861208e-005 +4.564861208e-005 -5.493995435e+001 -5.493995435e+001 -1.7267e+000 -1.5089e+000 -1.3766e+000
4585 +2.576765777e-005 +2.576765777e-005 -5.493997423e+001 -5.493997423e+001 -1.7264e+000 -1.5080e+000 -1.3735e+000
4761 +1.701269549e-005 +1.701269549e-005 -5.493998299e+001 -5.493998299e+001 -1.7265e+000 -1.5091e+000 -1.3771e+000
4770 +4.832569118e-007 +4.832569118e-007 -5.493999952e+001 -5.493999952e+001 -1.7264e+000 -1.5078e+000 -1.3730e+000
5312 +1.664664779e-007 +1.664664779e-007 -5.493999983e+001 -5.493999983e+001 -1.7264e+000 -1.5080e+000 -1.3737e+000
5777 +5.466633013e-008 +5.466633013e-008 -5.493999995e+001 -5.493999995e+001 -1.7264e+000 -1.5080e+000 -1.3737e+000
5921 +1.946066419e-008 +1.946066419e-008 -5.493999998e+001 -5.493999998e+001 -1.7264e+000 -1.5080e+000 -1.3735e+000
6215 +1.003333239e-008 +1.003333239e-008 -5.493999999e+001 -5.493999999e+001 -1.7264e+000 -1.5080e+000 -1.3736e+000
6272 +8.720434153e-009 +8.720434153e-009 -5.493999999e+001 -5.493999999e+001 -1.7264e+000 -1.5080e+000 -1.3735e+000
6345 +2.751718853e-009 +2.751718853e-009 -5.494000000e+001 -5.494000000e+001 -1.7264e+000 -1.5080e+000 -1.3736e+000
% function evaluation | noise-free fitness - Fopt (5.913000000000e+001) | best noise-free fitness - Fopt | measured fitness | best measured fitness | x1 | x2...
1 +2.453465999e+007 +2.453465999e+007 +2.453471912e+007 +2.453471912e+007 -2.6652e+000 -3.5869e+000 -1.7908e+000
3 +1.383611350e+005 +1.383611350e+005 +1.384202650e+005 +1.384202650e+005 -3.2666e+000 +1.0922e+000 +2.9584e+000
22 +8.789835557e+004 +8.789835557e+004 +8.795748557e+004 +8.795748557e+004 -4.8206e+000 +1.6962e+000 +4.3681e+000
56 +3.567606096e+004 +3.567606096e+004 +3.573519096e+004 +3.573519096e+004 +7.6446e-001 +2.2145e-001 -1.7050e+000
133 +2.038926964e+004 +2.038926964e+004 +2.044839964e+004 +2.044839964e+004 -1.0054e+000 +1.3327e+000 -6.9949e-001
146 +9.676509025e+003 +9.676509025e+003 +9.735639025e+003 +9.735639025e+003 +2.0870e+000 +3.7477e-001 -4.0237e+000
164 +4.375571398e+003 +4.375571398e+003 +4.434701398e+003 +4.434701398e+003 +2.5868e+000 +6.8703e-001 -6.4144e+000
265 +3.628056678e+003 +3.628056678e+003 +3.687186678e+003 +3.687186678e+003 +1.0346e+000 +4.6344e-001 -2.6386e+000
295 +1.518537563e+003 +1.518537563e+003 +1.577667563e+003 +1.577667563e+003 +2.2932e-001 +8.9458e-001 -2.4179e+000
582 +9.098938368e+002 +9.098938368e+002 +9.690238368e+002 +9.690238368e+002 +5.9623e+000 -1.0426e+000 -7.4109e+000
772 +2.858994918e+002 +2.858994918e+002 +3.450294918e+002 +3.450294918e+002 +7.6712e+000 -1.4637e+000 -9.6486e+000
812 +1.327165075e+002 +1.327165075e+002 +1.918465075e+002 +1.918465075e+002 -2.9806e+000 +2.4819e+000 -1.3995e+000
1097 +9.967255886e+001 +9.967255886e+001 +1.588025589e+002 +1.588025589e+002 +4.2072e-001 +1.0850e+000 -3.5256e+000
1160 +1.838658237e+001 +1.838658237e+001 +7.751658237e+001 +7.751658237e+001 -6.2551e-001 +1.5604e+000 -3.0431e+000
1416 +6.318890415e+000 +6.318890415e+000 +6.544889042e+001 +6.544889042e+001 -1.5520e+000 +1.8903e+000 -2.2662e+000
1536 +5.843077785e+000 +5.843077785e+000 +6.497307779e+001 +6.497307779e+001 -9.9624e-001 +1.6834e+000 -2.6878e+000
1644 +1.302498930e+000 +1.302498930e+000 +6.043249893e+001 +6.043249893e+001 -2.1912e+000 +2.1039e+000 -1.6885e+000
1741 +5.876910252e-001 +5.876910252e-001 +5.971769103e+001 +5.971769103e+001 -2.5823e+000 +2.2397e+000 -1.3502e+000
2241 +1.825103881e-001 +1.825103881e-001 +5.931251039e+001 +5.931251039e+001 -2.3575e+000 +2.1502e+000 -1.5015e+000
2310 +7.822195456e-002 +7.822195456e-002 +5.920822195e+001 +5.920822195e+001 -2.4606e+000 +2.1898e+000 -1.4270e+000
2642 +5.613284230e-002 +5.613284230e-002 +5.918613284e+001 +5.918613284e+001 -2.4316e+000 +2.1802e+000 -1.4532e+000
2837 +2.027920267e-002 +2.027920267e-002 +5.915027920e+001 +5.915027920e+001 -2.3377e+000 +2.1457e+000 -1.5268e+000
2988 +1.050573121e-002 +1.050573121e-002 +5.914050573e+001 +5.914050573e+001 -2.2645e+000 +2.1196e+000 -1.5870e+000
3206 +5.745621052e-003 +5.745621052e-003 +5.913574562e+001 +5.913574562e+001 -2.2375e+000 +2.1104e+000 -1.6108e+000
3334 +2.214809520e-004 +2.214809520e-004 +5.913022148e+001 +5.913022148e+001 -2.2697e+000 +2.1223e+000 -1.5859e+000
3572 +1.453016614e-004 +1.453016614e-004 +5.913014530e+001 +5.913014530e+001 -2.2550e+000 +2.1172e+000 -1.5985e+000
4148 +3.695485481e-005 +3.695485481e-005 +5.913003695e+001 +5.913003695e+001 -2.2600e+000 +2.1190e+000 -1.5945e+000
4167 +1.123597744e-005 +1.123597744e-005 +5.913001124e+001 +5.913001124e+001 -2.2610e+000 +2.1192e+000 -1.5933e+000
4484 +3.260540900e-006 +3.260540900e-006 +5.913000326e+001 +5.913000326e+001 -2.2606e+000 +2.1191e+000 -1.5938e+000
4750 +2.366596000e-006 +2.366596000e-006 +5.913000237e+001 +5.913000237e+001 -2.2613e+000 +2.1194e+000 -1.5932e+000
4923 +4.874302064e-007 +4.874302064e-007 +5.913000049e+001 +5.913000049e+001 -2.2612e+000 +2.1194e+000 -1.5933e+000
5310 +8.889254133e-008 +8.889254133e-008 +5.913000009e+001 +5.913000009e+001 -2.2607e+000 +2.1191e+000 -1.5937e+000
5789 +5.190446473e-008 +5.190446473e-008 +5.913000005e+001 +5.913000005e+001 -2.2610e+000 +2.1193e+000 -1.5935e+000
5844 +2.934210386e-008 +2.934210386e-008 +5.913000003e+001 +5.913000003e+001 -2.2608e+000 +2.1192e+000 -1.5936e+000
5940 +1.041726705e-010 +1.041726705e-010 +5.913000000e+001 +5.913000000e+001 -2.2608e+000 +2.1192e+000 -1.5936e+000
% function evaluation | noise-free fitness - Fopt (-4.915300000000e+002) | best noise-free fitness - Fopt | measured fitness | best measured fitness | x1 | x2...
1 +5.983014638e+007 +5.983014638e+007 +5.982965485e+007 +5.982965485e+007 +3.1273e-001 +3.8248e+000 +3.9418e+000
3 +3.303236000e+006 +3.303236000e+006 +3.302744470e+006 +3.302744470e+006 +3.4475e+000 -7.5853e-001 -2.8724e+000
5 +2.039211861e+006 +2.039211861e+006 +2.038720331e+006 +2.038720331e+006 +1.2774e+000 +2.6345e+000 -3.8649e+000
7 +5.029600172e+005 +5.029600172e+005 +5.024684872e+005 +5.024684872e+005 -1.8917e+000 -5.8589e-001 -1.0364e+000
31 +3.932552252e+003 +3.932552252e+003 +3.441022252e+003 +3.441022252e+003 -4.0924e+000 -3.2350e+000 +9.4345e-001
123 +1.936733916e+003 +1.936733916e+003 +1.445203916e+003 +1.445203916e+003 -2.3646e+000 -3.9434e+000 +9.9508e-002
457 +1.245354301e+003 +1.245354301e+003 +7.538243010e+002 +7.538243010e+002 -4.2630e+000 -3.3553e+000 +1.0809e+000
529 +1.412561377e+002 +1.412561377e+002 -3.502738623e+002 -3.502738623e+002 -2.5818e+000 -2.3709e+000 -5.7025e-001
983 +4.296069285e+001 +4.296069285e+001 -4.485693071e+002 -4.485693071e+002 +2.6147e-001 -4.2914e-001 -3.4625e+000
1100 +1.441025451e+001 +1.441025451e+001 -4.771197455e+002 -4.771197455e+002 +9.9773e-001 -4.8940e-002 -4.1376e+000
1295 +9.672528702e+000 +9.672528702e+000 -4.818574713e+002 -4.818574713e+002 +1.2300e+000 -8.5961e-002 -4.2726e+000
1630 +5.845753837e+000 +5.845753837e+000 -4.856842462e+002 -4.856842462e+002 +1.0982e+000 -9.8239e-002 -4.1821e+000
1672 +3.968128906e+000 +3.968128906e+000 -4.875618711e+002 -4.875618711e+002 +2.2905e-001 -6.7252e-001 -3.3119e+000
1688 +1.118170455e+000 +1.118170455e+000 -4.904118295e+002 -4.904118295e+002 -1.2279e-001 -9.8474e-001 -2.9146e+000
1977 +3.129713135e-001 +3.129713135e-001 -4.912170287e+002 -4.912170287e+002 -2.7886e-002 -8.6639e-001 -3.0398e+000
2435 +1.293044718e-001 +1.293044718e-001 -4.914006955e+002 -4.914006955e+002 +2.5058e-003 -8.6533e-001 -3.0591e+000
2529 +9.869244378e-002 +9.869244378e-002 -4.914313076e+002 -4.914313076e+002 -4.8864e-002 -8.9755e-001 -3.0087e+000
2699 +3.541923224e-002 +3.541923224e-002 -4.914945808e+002 -4.914945808e+002 -3.7688e-002 -8.8326e-001 -3.0238e+000
2975 +1.540822699e-002 +1.540822699e-002 -4.915145918e+002 -4.915145918e+002 +3.7292e-002 -8.2966e-001 -3.1009e+000
3059 +4.407345312e-003 +4.407345312e-003 -4.915255927e+002 -4.915255927e+002 +8.1299e-002 -8.0041e-001 -3.1451e+000
3147 +1.249868621e-003 +1.249868621e-003 -4.915287501e+002 -4.915287501e+002 +9.1182e-002 -7.9343e-001 -3.1554e+000
3640 +8.605514956e-004 +8.605514956e-004 -4.915291394e+002 -4.915291394e+002 +7.6688e-002 -8.0226e-001 -3.1413e+000
3876 +5.325821267e-004 +5.325821267e-004 -4.915294674e+002 -4.915294674e+002 +6.3893e-002 -8.1228e-001 -3.1276e+000
3928 +8.354441877e-005 +8.354441877e-005 -4.915299165e+002 -4.915299165e+002 +7.3179e-002 -8.0536e-001 -3.1373e+000
4027 +2.803743490e-005 +2.803743490e-005 -4.915299720e+002 -4.915299720e+002 +7.0933e-002 -8.0735e-001 -3.1348e+000
4527 +1.835998609e-005 +1.835998609e-005 -4.915299816e+002 -4.915299816e+002 +7.1098e-002 -8.0711e-001 -3.1350e+000
4538 +1.423067386e-005 +1.423067386e-005 -4.915299858e+002 -4.915299858e+002 +7.0629e-002 -8.0747e-001 -3.1345e+000
4878 +4.795894085e-006 +4.795894085e-006 -4.915299952e+002 -4.915299952e+002 +7.1001e-002 -8.0707e-001 -3.1350e+000
4904 +1.440296728e-006 +1.440296728e-006 -4.915299986e+002 -4.915299986e+002 +7.1271e-002 -8.0692e-001 -3.1353e+000
5215 +5.343288763e-007 +5.343288763e-007 -4.915299995e+002 -4.915299995e+002 +7.1966e-002 -8.0643e-001 -3.1360e+000
5590 +3.748588142e-007 +3.748588142e-007 -4.915299996e+002 -4.915299996e+002 +7.1937e-002 -8.0646e-001 -3.1359e+000
5766 +2.264019940e-007 +2.264019940e-007 -4.915299998e+002 -4.915299998e+002 +7.1995e-002 -8.0639e-001 -3.1360e+000
5788 +3.385406444e-008 +3.385406444e-008 -4.915300000e+002 -4.915300000e+002 +7.1962e-002 -8.0642e-001 -3.1360e+000
6045 +1.423575213e-008 +1.423575213e-008 -4.915300000e+002 -4.915300000e+002 +7.2026e-002 -8.0638e-001 -3.1360e+000
6410 +9.835048331e-009 +9.835048331e-009 -4.915300000e+002 -4.915300000e+002 +7.2053e-002 -8.0636e-001 -3.1361e+000
% function evaluation | noise-free fitness - Fopt (-1.702000000000e+002) | best noise-free fitness - Fopt | measured fitness | best measured fitness | x1 | x2...
1 +5.659314074e+006 +5.659314074e+006 +5.659143874e+006 +5.659143874e+006 -1.9625e-001 -3.7508e+000 +3.3319e+000
5 +3.249991985e+006 +3.249991985e+006 +3.249821785e+006 +3.249821785e+006 +6.4963e-001 -2.3761e+000 -1.1333e+000
9 +1.829419444e+006 +1.829419444e+006 +1.829249244e+006 +1.829249244e+006 -4.7329e+000 -1.5987e+000 +3.5633e+000
11 +5.100152927e+005 +5.100152927e+005 +5.098450927e+005 +5.098450927e+005 +1.9077e+000 -3.7551e+000 -2.7778e+000
16 +3.351652640e+005 +3.351652640e+005 +3.349950640e+005 +3.349950640e+005 +2.0903e-001 -3.1353e+000 -4.2241e+000
24 +2.340405991e+005 +2.340405991e+005 +2.338703991e+005 +2.338703991e+005 -3.9452e+000 -3.0040e+000 +2.8326e+000
33 +1.109709570e+004 +1.109709570e+004 +1.092689570e+004 +1.092689570e+004 -5.9247e-001 -2.5198e+000 -3.0975e+000
65 +8.978229724e+003 +8.978229724e+003 +8.808029724e+003 +8.808029724e+003 +3.6582e-002 -2.8578e+000 -3.3322e+000
113 +3.183478525e+003 +3.183478525e+003 +3.013278525e+003 +3.013278525e+003 -2.5430e+000 -2.5477e+000 -3.7227e-001
169 +2.470761026e+003 +2.470761026e+003 +2.300561026e+003 +2.300561026e+003 -2.4679e+000 -1.0786e+000 -2.5827e+000
211 +6.430197370e+002 +6.430197370e+002 +4.728197370e+002 +4.728197370e+002 -3.3208e+000 -1.1377e+000 -1.3491e+000
212 +3.247171408e+002 +3.247171408e+002 +1.545171408e+002 +1.545171408e+002 +1.5267e-002 -5.4109e+000 +1.9001e-001
888 +6.003987363e+001 +6.003987363e+001 -1.101601264e+002 -1.101601264e+002 -5.8450e+000 +1.9220e+000 -2.3866e+000
1019 +3.352253844e+001 +3.352253844e+001 -1.366774616e+002 -1.366774616e+002 -3.9534e+000 -1.6032e-001 -1.9221e+000
1205 +1.439927946e+001 +1.439927946e+001 -1.558007205e+002 -1.558007205e+002 -4.8914e+000 +8.7062e-001 -2.1504e+000
1607 +8.108586840e+000 +8.108586840e+000 -1.620914132e+002 -1.620914132e+002 -4.5673e+000 +4.5896e-001 -2.0000e+000
1871 +4.140849435e+000 +4.140849435e+000 -1.660591506e+002 -1.660591506e+002 -4.5452e+000 +4.0456e-001 -1.9529e+000
2035 +2.596891645e+000 +2.596891645e+000 -1.676031084e+002 -1.676031084e+002 -4.3208e+000 +1.3328e-001 -1.8655e+000
2090 +1.665725698e+000 +1.665725698e+000 -1.685342743e+002 -1.685342743e+002 -3.9850e+000 -2.6682e-001 -1.7462e+000
2133 +1.816466661e-002 +1.816466661e-002 -1.701818353e+002 -1.701818353e+002 -3.5546e+000 -7.5732e-001 -1.6211e+000
2801 +2.950163824e-003 +2.950163824e-003 -1.701970498e+002 -1.701970498e+002 -3.5589e+000 -7.5600e-001 -1.6175e+000
3189 +1.677523770e-003 +1.677523770e-003 -1.701983225e+002 -1.701983225e+002 -3.5656e+000 -7.4577e-001 -1.6228e+000
3283 +7.814663400e-005 +7.814663400e-005 -1.701999219e+002 -1.701999219e+002 -3.5643e+000 -7.4831e-001 -1.6210e+000
4016 +3.709018955e-006 +3.709018955e-006 -1.701999963e+002 -1.701999963e+002 -3.5593e+000 -7.5428e-001 -1.6192e+000
4839 +1.368798252e-006 +1.368798252e-006 -1.701999986e+002 -1.701999986e+002 -3.5588e+000 -7.5488e-001 -1.6190e+000
4908 +8.198479122e-007 +8.198479122e-007 -1.701999992e+002 -1.701999992e+002 -3.5588e+000 -7.5484e-001 -1.6191e+000
5572 +3.834684605e-007 +3.834684605e-007 -1.701999996e+002 -1.701999996e+002 -3.5591e+000 -7.5448e-001 -1.6192e+000
5667 +2.277241720e-007 +2.277241720e-007 -1.701999998e+002 -1.701999998e+002 -3.5593e+000 -7.5433e-001 -1.6192e+000
5694 +8.854345879e-008 +8.854345879e-008 -1.701999999e+002 -1.701999999e+002 -3.5592e+000 -7.5440e-001 -1.6192e+000
5816 +5.193135166e-008 +5.193135166e-008 -1.701999999e+002 -1.701999999e+002 -3.5593e+000 -7.5428e-001 -1.6192e+000
6167 +1.142615247e-008 +1.142615247e-008 -1.702000000e+002 -1.702000000e+002 -3.5592e+000 -7.5435e-001 -1.6192e+000
6432 +1.335763500e-009 +1.335763500e-009 -1.702000000e+002 -1.702000000e+002 -3.5592e+000 -7.5441e-001 -1.6192e+000
% function evaluation | noise-free fitness - Fopt (-4.697500000000e+002) | best noise-free fitness - Fopt | measured fitness | best measured fitness | x1 | x2...
1 +6.147622250e+006 +6.147622250e+006 +6.147152500e+006 +6.147152500e+006 -2.7324e+000 -1.0783e+000 +4.4420e+000
8 +1.932634254e+005 +1.932634254e+005 +1.927936754e+005 +1.927936754e+005 +2.3593e+000 -5.5788e-001 +3.1587e+000
13 +1.260210100e+005 +1.260210100e+005 +1.255512600e+005 +1.255512600e+005 +2.4026e+000 -1.7856e+000 +2.2962e+000
35 +8.318015917e+004 +8.318015917e+004 +8.271040917e+004 +8.271040917e+004 +4.5147e+000 +3.7439e-001 +7.6038e-001
68 +5.830436780e+004 +5.830436780e+004 +5.783461780e+004 +5.783461780e+004 +1.3862e+000 -2.2261e-001 +4.2033e+000
80 +8.572584806e+003 +8.572584806e+003 +8.102834806e+003 +8.102834806e+003 +2.8491e+000 -2.1611e+000 +9.8993e-001
117 +3.963748132e+003 +3.963748132e+003 +3.493998132e+003 +3.493998132e+003 +1.1578e-001 -3.9024e+000 +3.4293e+000
160 +3.691910600e+002 +3.691910600e+002 -1.005589400e+002 -1.005589400e+002 -1.0426e+000 -1.3047e+000 +6.1291e+000
381 +1.373152165e+002 +1.373152165e+002 -3.324347835e+002 -3.324347835e+002 -3.0826e+000 +1.1227e+000 +9.9563e+000
1143 +7.126965856e+001 +7.126965856e+001 -3.984803414e+002 -3.984803414e+002 -3.1276e+000 +1.2489e+000 +1.0091e+001
1147 +6.073362890e+001 +6.073362890e+001 -4.090163711e+002 -4.090163711e+002 -1.7805e+000 -4.7149e-001 +7.5029e+000
1350 +3.110086033e+001 +3.110086033e+001 -4.386491397e+002 -4.386491397e+002 -6.7853e-001 -1.7803e+000 +5.4542e+000
1529 +1.061964738e+001 +1.061964738e+001 -4.591303526e+002 -4.591303526e+002 +7.7550e-001 -4.0682e+000 +2.4307e+000
1617 +5.804485740e+000 +5.804485740e+000 -4.639455143e+002 -4.639455143e+002 -8.4695e-001 -1.7892e+000 +5.6576e+000
1643 +3.717199886e+000 +3.717199886e+000 -4.660328001e+002 -4.660328001e+002 +4.7943e-001 -3.5324e+000 +3.0874e+000
2198 +1.320505575e+000 +1.320505575e+000 -4.684294944e+002 -4.684294944e+002 -2.5571e-001 -2.5954e+000 +4.4941e+000
2452 +9.320602718e-001 +9.320602718e-001 -4.688179397e+002 -4.688179397e+002 -1.3850e-001 -2.7687e+000 +4.2568e+000
2463 +5.687866679e-001 +5.687866679e-001 -4.691812133e+002 -4.691812133e+002 +9.2214e-002 -3.0667e+000 +3.8130e+000
2520 +2.094924791e-001 +2.094924791e-001 -4.695405075e+002 -4.695405075e+002 -5.2533e-002 -2.8444e+000 +4.1127e+000
2981 +1.070315433e-002 +1.070315433e-002 -4.697392968e+002 -4.697392968e+002 +6.0605e-002 -3.0136e+000 +3.8817e+000
3435 +7.015749190e-003 +7.015749190e-003 -4.697429843e+002 -4.697429843e+002 +2.8247e-002 -2.9731e+000 +3.9434e+000
3455 +4.677775462e-003 +4.677775462e-003 -4.697453222e+002 -4.697453222e+002 +4.0898e-002 -2.9868e+000 +3.9203e+000
3588 +1.931149268e-003 +1.931149268e-003 -4.697480689e+002 -4.697480689e+002 +2.8990e-002 -2.9717e+000 +3.9431e+000
3683 +6.327926158e-004 +6.327926158e-004 -4.697493672e+002 -4.697493672e+002 +2.0398e-002 -2.9598e+000 +3.9601e+000
4035 +3.559701805e-004 +3.559701805e-004 -4.697496440e+002 -4.697496440e+002 +2.6253e-002 -2.9678e+000 +3.9487e+000
4254 +2.178901243e-004 +2.178901243e-004 -4.697497821e+002 -4.697497821e+002 +2.2327e-002 -2.9621e+000 +3.9566e+000
4399 +1.164052412e-004 +1.164052412e-004 -4.697498836e+002 -4.697498836e+002 +2.9725e-002 -2.9720e+000 +3.9421e+000
4411 +5.735509507e-005 +5.735509507e-005 -4.697499426e+002 -4.697499426e+002 +2.3941e-002 -2.9639e+000 +3.9536e+000
4666 +2.544491747e-005 +2.544491747e-005 -4.697499746e+002 -4.697499746e+002 +2.7752e-002 -2.9692e+000 +3.9460e+000
4770 +1.857712840e-005 +1.857712840e-005 -4.697499814e+002 -4.697499814e+002 +2.6784e-002 -2.9679e+000 +3.9479e+000
4913 +7.958778383e-007 +7.958778383e-007 -4.697499992e+002 -4.697499992e+002 +2.6093e-002 -2.9668e+000 +3.9494e+000
5405 +5.716308920e-007 +5.716308920e-007 -4.697499994e+002 -4.697499994e+002 +2.6694e-002 -2.9676e+000 +3.9482e+000
5482 +3.220892495e-007 +3.220892495e-007 -4.697499997e+002 -4.697499997e+002 +2.6577e-002 -2.9674e+000 +3.9485e+000
5587 +2.029641450e-007 +2.029641450e-007 -4.697499998e+002 -4.697499998e+002 +2.6369e-002 -2.9672e+000 +3.9489e+000
5721 +1.484535801e-007 +1.484535801e-007 -4.697499999e+002 -4.697499999e+002 +2.6354e-002 -2.9672e+000 +3.9489e+000
5984 +8.485426406e-008 +8.485426406e-008 -4.697499999e+002 -4.697499999e+002 +2.6301e-002 -2.9671e+000 +3.9490e+000
6107 +4.742275905e-008 +4.742275905e-008 -4.697500000e+002 -4.697500000e+002 +2.6379e-002 -2.9672e+000 +3.9488e+000
6205 +3.175921393e-008 +3.175921393e-008 -4.697500000e+002 -4.697500000e+002 +2.6358e-002 -2.9671e+000 +3.9489e+000
6319 +1.646327519e-008 +1.646327519e-008 -4.697500000e+002 -4.697500000e+002 +2.6450e-002 -2.9673e+000 +3.9487e+000
6331 +1.017184559e-008 +1.017184559e-008 -4.697500000e+002 -4.697500000e+002 +2.6426e-002 -2.9672e+000 +3.9487e+000
6503 +1.993612386e-009 +1.993612386e-009 -4.697500000e+002 -4.697500000e+002 +2.6392e-002 -2.9672e+000 +3.9488e+000
% function evaluation | noise-free fitness - Fopt (1.999100000000e+002) | best noise-free fitness - Fopt | measured fitness | best measured fitness | x1 | x2...
1 +9.591552240e+005 +9.591552240e+005 +9.593551340e+005 +9.593551340e+005 +2.3570e+000 +4.8160e+000 +4.7898e+000
12 +2.076640197e+005 +2.076640197e+005 +2.078639297e+005 +2.078639297e+005 -4.8102e+000 -5.2211e-001 +4.7026e+000
53 +6.350094136e+004 +6.350094136e+004 +6.370085136e+004 +6.370085136e+004 -4.4509e-001 +8.0286e-001 +6.2021e+000
69 +4.413422447e+004 +4.413422447e+004 +4.433413447e+004 +4.433413447e+004 +3.0824e+000 +2.8803e+000 +5.8917e+000
101 +1.197302412e+004 +1.197302412e+004 +1.217293412e+004 +1.217293412e+004 +3.6847e-001 +5.5195e+000 +5.5471e-001
123 +4.311757252e+003 +4.311757252e+003 +4.511667252e+003 +4.511667252e+003 -3.8236e+000 +5.9405e+000 -2.8348e+000
263 +2.212891990e+003 +2.212891990e+003 +2.412801990e+003 +2.412801990e+003 -2.6173e+000 +8.3531e+000 -5.3475e+000
391 +1.129892603e+003 +1.129892603e+003 +1.329802603e+003 +1.329802603e+003 -4.9317e+000 +1.0585e+001 -9.9220e+000
571 +9.007867272e+002 +9.007867272e+002 +1.100696727e+003 +1.100696727e+003 -2.6313e+000 +8.3332e+000 -5.2201e+000
667 +5.676695868e+002 +5.676695868e+002 +7.675795868e+002 +7.675795868e+002 -3.6554e+000 +9.9101e+000 -8.0988e+000
971 +2.047205716e+002 +2.047205716e+002 +4.046305716e+002 +4.046305716e+002 -2.9056e+000 +7.7855e+000 -4.6772e+000
1079 +1.404798597e+002 +1.404798597e+002 +3.403898597e+002 +3.403898597e+002 -2.8180e+000 +7.2080e+000 -3.8236e+000
1192 +4.223651900e+001 +4.223651900e+001 +2.421465190e+002 +2.421465190e+002 -2.5036e+000 +5.4133e+000 -1.1158e+000
1214 +3.232536786e+001 +3.232536786e+001 +2.322353679e+002 +2.322353679e+002 -2.2503e+000 +3.4352e+000 +1.7875e+000
1417 +1.786691038e+001 +1.786691038e+001 +2.177769104e+002 +2.177769104e+002 -1.5252e+000 +9.0867e-001 +5.7866e+000
1743 +1.096645695e+001 +1.096645695e+001 +2.108764569e+002 +2.108764569e+002 -1.8820e+000 +2.2458e+000 +3.6910e+000
1788 +3.236442975e+000 +3.236442975e+000 +2.031464430e+002 +2.031464430e+002 -1.8568e+000 +2.3294e+000 +3.5910e+000
2194 +1.750401968e+000 +1.750401968e+000 +2.016604020e+002 +2.016604020e+002 -1.9521e+000 +2.9961e+000 +2.6018e+000
2377 +3.793419323e-001 +3.793419323e-001 +2.002893419e+002 +2.002893419e+002 -1.7877e+000 +2.2449e+000 +3.7553e+000
2748 +7.383979995e-002 +7.383979995e-002 +1.999838398e+002 +1.999838398e+002 -1.8774e+000 +2.5868e+000 +3.2204e+000
2842 +3.566308425e-002 +3.566308425e-002 +1.999456631e+002 +1.999456631e+002 -1.8664e+000 +2.5364e+000 +3.2980e+000
3308 +1.690507660e-002 +1.690507660e-002 +1.999269051e+002 +1.999269051e+002 -1.8463e+000 +2.4867e+000 +3.3807e+000
3662 +7.421068221e-003 +7.421068221e-003 +1.999174211e+002 +1.999174211e+002 -1.8673e+000 +2.5685e+000 +3.2528e+000
3687 +4.526379562e-003 +4.526379562e-003 +1.999145264e+002 +1.999145264e+002 -1.8548e+000 +2.5210e+000 +3.3273e+000
3782 +2.344457949e-003 +2.344457949e-003 +1.999123445e+002 +1.999123445e+002 -1.8602e+000 +2.5429e+000 +3.2932e+000
4139 +4.121827842e-004 +4.121827842e-004 +1.999104122e+002 +1.999104122e+002 -1.8632e+000 +2.5495e+000 +3.2820e+000
4401 +3.582701208e-004 +3.582701208e-004 +1.999103583e+002 +1.999103583e+002 -1.8643e+000 +2.5540e+000 +3.2750e+000
4459 +1.796851866e-004 +1.796851866e-004 +1.999101797e+002 +1.999101797e+002 -1.8620e+000 +2.5456e+000 +3.2883e+000
4521 +2.401669536e-005 +2.401669536e-005 +1.999100240e+002 +1.999100240e+002 -1.8630e+000 +2.5479e+000 +3.2845e+000
4901 +3.329702594e-006 +3.329702594e-006 +1.999100033e+002 +1.999100033e+002 -1.8624e+000 +2.5456e+000 +3.2880e+000
5371 +4.122285873e-007 +4.122285873e-007 +1.999100004e+002 +1.999100004e+002 -1.8623e+000 +2.5453e+000 +3.2885e+000
6038 +7.998218621e-008 +7.998218621e-008 +1.999100001e+002 +1.999100001e+002 -1.8624e+000 +2.5455e+000 +3.2882e+000
6114 +4.120789754e-008 +4.120789754e-008 +1.999100000e+002 +1.999100000e+002 -1.8624e+000 +2.5457e+000 +3.2879e+000
6129 +1.190215926e-008 +1.190215926e-008 +1.999100000e+002 +1.999100000e+002 -1.8624e+000 +2.5456e+000 +3.2880e+000
6704 +9.979515880e-009 +9.979515880e-009 +1.999100000e+002 +1.999100000e+002 -1.8624e+000 +2.5456e+000 +3.2880e+000
6710 +9.125642464e-010 +9.125642464e-010 +1.999100000e+002 +1.999100000e+002 -1.8624e+000 +2.5456e+000 +3.2880e+000
% function evaluation | noise-free fitness - Fopt (-4.296000000000e+002) | best noise-free fitness - Fopt | measured fitness | best measured fitness | x1 | x2...
1 +5.390594061e+006 +5.390594061e+006 +5.390164461e+006 +5.390164461e+006 -5.1376e-001 -1.6893e+000 -1.4826e+000
4 +2.864946527e+005 +2.864946527e+005 +2.860650527e+005 +2.860650527e+005 +4.7797e+000 +3.6610e+000 +3.0602e+000
13 +2.201574934e+005 +2.201574934e+005 +2.197278934e+005 +2.197278934e+005 -3.5944e+000 +1.8767e+000 -1.4876e+000
19 +1.415501344e+004 +1.415501344e+004 +1.372541344e+004 +1.372541344e+004 +3.0571e+000 +3.2393e+000 +2.7126e+000
28 +2.825175137e+003 +2.825175137e+003 +2.395575137e+003 +2.395575137e+003 -4.8510e+000 +4.3831e+000 -1.9597e+000
124 +6.133630942e+002 +6.133630942e+002 +1.837630942e+002 +1.837630942e+002 -6.1662e+000 +2.8261e+000 -2.5845e+000
345 +2.170377864e+002 +2.170377864e+002 -2.125622136e+002 -2.125622136e+002 -8.6032e+000 +1.1023e+000 -3.7760e+000
1043 +1.387180480e+002 +1.387180480e+002 -2.908819520e+002 -2.908819520e+002 -1.0084e+001 +4.3920e-001 -4.5299e+000
1233 +9.390928779e+001 +9.390928779e+001 -3.356907122e+002 -3.356907122e+002 -6.2037e-001 +5.2545e+000 +3.6099e-001
1326 +5.168372315e+001 +5.168372315e+001 -3.779162769e+002 -3.779162769e+002 -4.0263e+000 +3.5751e+000 -1.4079e+000
1380 +1.201113938e+001 +1.201113938e+001 -4.175888606e+002 -4.175888606e+002 -2.9882e+000 +4.0869e+000 -8.7572e-001
1713 +9.728487507e+000 +9.728487507e+000 -4.198715125e+002 -4.198715125e+002 -1.9042e+000 +4.6311e+000 -3.1788e-001
1723 +5.859179938e+000 +5.859179938e+000 -4.237408201e+002 -4.237408201e+002 -3.9142e+000 +3.4080e+000 -1.3299e+000
1749 +1.944851318e+000 +1.944851318e+000 -4.276551487e+002 -4.276551487e+002 -2.8965e+000 +4.0722e+000 -8.2119e-001
2138 +2.719268237e-001 +2.719268237e-001 -4.293280732e+002 -4.293280732e+002 -3.4765e+000 +3.7144e+000 -1.1130e+000
2266 +3.644087011e-003 +3.644087011e-003 -4.295963559e+002 -4.295963559e+002 -3.4064e+000 +3.7629e+000 -1.0789e+000
3190 +2.192286714e-003 +2.192286714e-003 -4.295978077e+002 -4.295978077e+002 -3.4594e+000 +3.7335e+000 -1.1060e+000
3779 +4.383329440e-005 +4.383329440e-005 -4.295999562e+002 -4.295999562e+002 -3.4420e+000 +3.7429e+000 -1.0971e+000
4164 +3.796401290e-005 +3.796401290e-005 -4.295999620e+002 -4.295999620e+002 -3.4344e+000 +3.7471e+000 -1.0932e+000
4410 +1.089570048e-005 +1.089570048e-005 -4.295999891e+002 -4.295999891e+002 -3.4380e+000 +3.7451e+000 -1.0950e+000
4465 +2.582444438e-006 +2.582444438e-006 -4.295999974e+002 -4.295999974e+002 -3.4365e+000 +3.7458e+000 -1.0942e+000
4631 +1.514355290e-007 +1.514355290e-007 -4.295999998e+002 -4.295999998e+002 -3.4370e+000 +3.7455e+000 -1.0945e+000
5402 +9.139137092e-008 +9.139137092e-008 -4.295999999e+002 -4.295999999e+002 -3.4368e+000 +3.7456e+000 -1.0944e+000
5825 +3.271213700e-008 +3.271213700e-008 -4.296000000e+002 -4.296000000e+002 -3.4369e+000 +3.7455e+000 -1.0945e+000
5850 +1.452264087e-008 +1.452264087e-008 -4.296000000e+002 -4.296000000e+002 -3.4367e+000 +3.7457e+000 -1.0944e+000
6182 +4.590049230e-009 +4.590049230e-009 -4.296000000e+002 -4.296000000e+002 -3.4368e+000 +3.7456e+000 -1.0944e+000
% function evaluation | noise-free fitness - Fopt (1.000000000000e+003) | best noise-free fitness - Fopt | measured fitness | best measured fitness | x1 | x2...
1 +3.395198554e+007 +3.395198554e+007 +3.395298554e+007 +3.395298554e+007 -2.7856e+000 -1.6592e+000 +2.7085e+000
3 +4.638816166e+005 +4.638816166e+005 +4.648816166e+005 +4.648816166e+005 +4.9242e+000 +4.7344e+000 +3.4557e+000
20 +1.279023871e+005 +1.279023871e+005 +1.289023871e+005 +1.289023871e+005 +1.0213e+000 +4.9754e+000 +3.9575e-001
35 +3.540342836e+004 +3.540342836e+004 +3.640342836e+004 +3.640342836e+004 -5.5717e-001 +4.9428e+000 -2.1469e-001
62 +4.198767763e+003 +4.198767763e+003 +5.198767763e+003 +5.198767763e+003 +4.1176e-001 +4.0524e+000 +1.2362e-001
132 +1.175009248e+002 +1.175009248e+002 +1.117500925e+003 +1.117500925e+003 +8.2257e-002 +4.8636e+000 +3.0267e-001
1103 +2.294435954e+001 +2.294435954e+001 +1.022944360e+003 +1.022944360e+003 +2.2661e-001 +4.7856e+000 +3.2364e-001
1611 +9.380860482e+000 +9.380860482e+000 +1.009380860e+003 +1.009380860e+003 -1.0557e+000 +4.4748e+000 -4.7990e-001
1766 +4.876101497e+000 +4.876101497e+000 +1.004876101e+003 +1.004876101e+003 -3.5383e+000 +3.9593e+000 -1.9958e+000
1813 +3.401092132e+000 +3.401092132e+000 +1.003401092e+003 +1.003401092e+003 -4.8938e+000 +3.5165e+000 -2.9039e+000
1851 +2.101313208e+000 +2.101313208e+000 +1.002101313e+003 +1.002101313e+003 -4.2003e+000 +3.7537e+000 -2.4344e+000
2223 +1.345196292e+000 +1.345196292e+000 +1.001345196e+003 +1.001345196e+003 -4.0756e+000 +3.7425e+000 -2.3779e+000
2229 +3.603815451e-001 +3.603815451e-001 +1.000360382e+003 +1.000360382e+003 -3.7958e+000 +3.8038e+000 -2.2044e+000
2409 +1.042856161e-001 +1.042856161e-001 +1.000104286e+003 +1.000104286e+003 -3.3483e+000 +3.9236e+000 -1.9176e+000
2825 +4.236232897e-002 +4.236232897e-002 +1.000042362e+003 +1.000042362e+003 -3.5061e+000 +3.8974e+000 -2.0105e+000
3241 +2.145421562e-002 +2.145421562e-002 +1.000021454e+003 +1.000021454e+003 -3.5569e+000 +3.8767e+000 -2.0466e+000
3413 +4.645460372e-003 +4.645460372e-003 +1.000004645e+003 +1.000004645e+003 -3.5562e+000 +3.8778e+000 -2.0458e+000
3748 +2.286578389e-003 +2.286578389e-003 +1.000002287e+003 +1.000002287e+003 -3.5468e+000 +3.8810e+000 -2.0395e+000
3944 +1.163756126e-003 +1.163756126e-003 +1.000001164e+003 +1.000001164e+003 -3.4981e+000 +3.8929e+000 -2.0088e+000
4031 +7.657465294e-004 +7.657465294e-004 +1.000000766e+003 +1.000000766e+003 -3.4975e+000 +3.8941e+000 -2.0080e+000
4290 +5.091494625e-004 +5.091494625e-004 +1.000000509e+003 +1.000000509e+003 -3.5099e+000 +3.8908e+000 -2.0159e+000
4407 +2.420335312e-004 +2.420335312e-004 +1.000000242e+003 +1.000000242e+003 -3.5284e+000 +3.8861e+000 -2.0276e+000
4466 +7.778136444e-005 +7.778136444e-005 +1.000000078e+003 +1.000000078e+003 -3.5134e+000 +3.8896e+000 -2.0183e+000
4513 +4.885840701e-005 +4.885840701e-005 +1.000000049e+003 +1.000000049e+003 -3.5218e+000 +3.8876e+000 -2.0235e+000
4891 +1.554463870e-005 +1.554463870e-005 +1.000000016e+003 +1.000000016e+003 -3.5146e+000 +3.8896e+000 -2.0189e+000
4922 +8.069730598e-006 +8.069730598e-006 +1.000000008e+003 +1.000000008e+003 -3.5182e+000 +3.8887e+000 -2.0212e+000
5279 +5.233465913e-006 +5.233465913e-006 +1.000000005e+003 +1.000000005e+003 -3.5159e+000 +3.8893e+000 -2.0197e+000
5300 +2.153308174e-006 +2.153308174e-006 +1.000000002e+003 +1.000000002e+003 -3.5180e+000 +3.8886e+000 -2.0211e+000
5767 +4.157321882e-007 +4.157321882e-007 +1.000000000e+003 +1.000000000e+003 -3.5174e+000 +3.8889e+000 -2.0207e+000
5861 +1.859472150e-007 +1.859472150e-007 +1.000000000e+003 +1.000000000e+003 -3.5179e+000 +3.8887e+000 -2.0210e+000
6300 +7.860853657e-008 +7.860853657e-008 +1.000000000e+003 +1.000000000e+003 -3.5176e+000 +3.8888e+000 -2.0208e+000
6355 +5.060041985e-008 +5.060041985e-008 +1.000000000e+003 +1.000000000e+003 -3.5176e+000 +3.8888e+000 -2.0208e+000
6427 +6.639766070e-009 +6.639766070e-009 +1.000000000e+003 +1.000000000e+003 -3.5176e+000 +3.8888e+000 -2.0208e+000
% function evaluation | noise-free fitness - Fopt (1.951500000000e+002) | best noise-free fitness - Fopt | measured fitness | best measured fitness | x1 | x2...
1 +4.568651072e+007 +4.568651072e+007 +4.568670587e+007 +4.568670587e+007 +3.6509e+000 +3.8336e+000 -4.9871e+000
3 +1.570814722e+007 +1.570814722e+007 +1.570834237e+007 +1.570834237e+007 -4.1954e+000 -2.6461e+000 +3.1024e+000
4 +9.498874993e+006 +9.498874993e+006 +9.499070143e+006 +9.499070143e+006 -3.8500e+000 -1.5669e-001 +1.8593e+000
7 +2.441535503e+006 +2.441535503e+006 +2.441730653e+006 +2.441730653e+006 -2.3631e+000 -2.5222e+000 -3.3685e+000
8 +5.396463773e+004 +5.396463773e+004 +5.415978773e+004 +5.415978773e+004 +9.5888e-001 -3.0725e+000 +2.6212e+000
33 +9.082368438e+003 +9.082368438e+003 +9.277518438e+003 +9.277518438e+003 +2.5072e+000 +1.4976e+000 +4.1130e+000
61 +3.335279717e+003 +3.335279717e+003 +3.530429717e+003 +3.530429717e+003 +9.5888e-001 -5.0645e-001 +2.6212e+000
318 +9.671093842e+000 +9.671093842e+000 +2.048210938e+002 +2.048210938e+002 +1.9903e+000 +4.7970e-001 +3.5475e+000
1653 +3.795759224e+000 +3.795759224e+000 +1.989457592e+002 +1.989457592e+002 +2.0379e+000 +4.7209e-001 +3.6074e+000
1797 +1.519511816e+000 +1.519511816e+000 +1.966695118e+002 +1.966695118e+002 +2.0288e+000 +4.7767e-001 +3.5947e+000
2128 +7.927451138e-001 +7.927451138e-001 +1.959427451e+002 +1.959427451e+002 +1.9607e+000 +2.5218e-001 +3.5542e+000
2217 +5.422083157e-001 +5.422083157e-001 +1.956922083e+002 +1.956922083e+002 +1.9388e+000 +1.6466e-001 +3.5437e+000
2397 +3.852046983e-001 +3.852046983e-001 +1.955352047e+002 +1.955352047e+002 +1.9230e+000 +5.6218e-002 +3.5435e+000
2432 +8.458709369e-002 +8.458709369e-002 +1.952345871e+002 +1.952345871e+002 +1.8277e+000 -2.4773e-001 +3.4865e+000
2587 +3.571200483e-002 +3.571200483e-002 +1.951857120e+002 +1.951857120e+002 +1.7551e+000 -4.9870e-001 +3.4455e+000
3091 +2.452011652e-002 +2.452011652e-002 +1.951745201e+002 +1.951745201e+002 +1.7691e+000 -4.5125e-001 +3.4538e+000
3093 +1.513726735e-002 +1.513726735e-002 +1.951651373e+002 +1.951651373e+002 +1.7828e+000 -4.0198e-001 +3.4609e+000
3128 +8.229854967e-003 +8.229854967e-003 +1.951582299e+002 +1.951582299e+002 +1.7805e+000 -4.1324e-001 +3.4604e+000
3685 +4.857733835e-003 +4.857733835e-003 +1.951548577e+002 +1.951548577e+002 +1.7735e+000 -4.4117e-001 +3.4570e+000
3694 +1.823800540e-003 +1.823800540e-003 +1.951518238e+002 +1.951518238e+002 +1.7608e+000 -4.8837e-001 +3.4504e+000
3756 +9.433054254e-004 +9.433054254e-004 +1.951509433e+002 +1.951509433e+002 +1.7711e+000 -4.4976e-001 +3.4557e+000
4293 +3.991546253e-004 +3.991546253e-004 +1.951503992e+002 +1.951503992e+002 +1.7628e+000 -4.7857e-001 +3.4510e+000
4310 +3.663581801e-004 +3.663581801e-004 +1.951503664e+002 +1.951503664e+002 +1.7620e+000 -4.8242e-001 +3.4508e+000
4430 +1.857066104e-004 +1.857066104e-004 +1.951501857e+002 +1.951501857e+002 +1.7636e+000 -4.7512e-001 +3.4514e+000
4750 +5.321135717e-005 +5.321135717e-005 +1.951500532e+002 +1.951500532e+002 +1.7635e+000 -4.7609e-001 +3.4514e+000
4784 +2.285520685e-005 +2.285520685e-005 +1.951500229e+002 +1.951500229e+002 +1.7643e+000 -4.7284e-001 +3.4518e+000
4836 +1.153221237e-005 +1.153221237e-005 +1.951500115e+002 +1.951500115e+002 +1.7626e+000 -4.7873e-001 +3.4508e+000
5072 +2.404407866e-006 +2.404407866e-006 +1.951500024e+002 +1.951500024e+002 +1.7632e+000 -4.7674e-001 +3.4512e+000
5421 +1.244402966e-006 +1.244402966e-006 +1.951500012e+002 +1.951500012e+002 +1.7630e+000 -4.7765e-001 +3.4511e+000
5515 +7.834448752e-007 +7.834448752e-007 +1.951500008e+002 +1.951500008e+002 +1.7633e+000 -4.7629e-001 +3.4513e+000
5764 +3.334741621e-007 +3.334741621e-007 +1.951500003e+002 +1.951500003e+002 +1.7631e+000 -4.7704e-001 +3.4512e+000
6103 +2.419266139e-007 +2.419266139e-007 +1.951500002e+002 +1.951500002e+002 +1.7631e+000 -4.7715e-001 +3.4511e+000
6194 +8.380459349e-008 +8.380459349e-008 +1.951500001e+002 +1.951500001e+002 +1.7632e+000 -4.7692e-001 +3.4512e+000
6322 +5.461541264e-008 +5.461541264e-008 +1.951500001e+002 +1.951500001e+002 +1.7632e+000 -4.7672e-001 +3.4512e+000
6441 +3.133521886e-008 +3.133521886e-008 +1.951500000e+002 +1.951500000e+002 +1.7632e+000 -4.7693e-001 +3.4512e+000
6494 +1.310007747e-008 +1.310007747e-008 +1.951500000e+002 +1.951500000e+002 +1.7632e+000 -4.7674e-001 +3.4512e+000
6513 +7.840611715e-009 +7.840611715e-009 +1.951500000e+002 +1.951500000e+002 +1.7632e+000 -4.7685e-001 +3.4512e+000
% function evaluation | noise-free fitness - Fopt (-4.335000000000e+001) | best noise-free fitness - Fopt | measured fitness | best measured fitness | x1 | x2...
1 +7.314334492e+006 +7.314334492e+006 +7.314291142e+006 +7.314291142e+006 +3.7346e+000 -2.7388e+000 -7.1949e-001
6 +6.166520542e+005 +6.166520542e+005 +6.166087042e+005 +6.166087042e+005 +4.3034e+000 -7.7500e-001 +1.6584e+000
48 +3.763037974e+005 +3.763037974e+005 +3.762604474e+005 +3.762604474e+005 +1.5477e+000 +4.8349e+000 +4.6528e+000
77 +2.128621957e+004 +2.128621957e+004 +2.124286957e+004 +2.124286957e+004 +2.6878e+000 +2.2354e+000 +3.3380e+000
133 +4.275872385e+003 +4.275872385e+003 +4.232522385e+003 +4.232522385e+003 +5.3121e+000 -6.9804e-001 +1.2358e+000
312 +3.619922284e+003 +3.619922284e+003 +3.576572284e+003 +3.576572284e+003 +2.7543e+000 +2.5177e+000 +1.9649e+000
363 +2.320593732e+003 +2.320593732e+003 +2.277243732e+003 +2.277243732e+003 +4.7416e+000 +3.2580e-002 +1.1601e+000
406 +1.239901526e+002 +1.239901526e+002 +8.064015256e+001 +8.064015256e+001 +2.7543e+000 +2.4178e+000 +1.9649e+000
585 +6.002477495e+001 +6.002477495e+001 +1.667477495e+001 +1.667477495e+001 +2.7543e+000 +2.4178e+000 +2.0707e+000
905 +2.874753251e+001 +2.874753251e+001 -1.460246749e+001 -1.460246749e+001 +7.0180e-001 +4.8876e+000 +1.8330e+000
1374 +1.201087275e+001 +1.201087275e+001 -3.133912725e+001 -3.133912725e+001 +7.7614e-001 +4.7954e+000 +1.8908e+000
1516 +9.285047894e+000 +9.285047894e+000 -3.406495211e+001 -3.406495211e+001 +1.5933e+000 +3.8121e+000 +2.1209e+000
1716 +4.314008962e+000 +4.314008962e+000 -3.903599104e+001 -3.903599104e+001 +2.4007e+000 +2.8383e+000 +2.1864e+000
1825 +2.536111524e+000 +2.536111524e+000 -4.081388848e+001 -4.081388848e+001 +1.8807e+000 +3.4592e+000 +2.1682e+000
1960 +2.264525355e+000 +2.264525355e+000 -4.108547465e+001 -4.108547465e+001 +2.6764e+000 +2.5060e+000 +2.2988e+000
2406 +1.282235168e+000 +1.282235168e+000 -4.206776483e+001 -4.206776483e+001 +2.4425e+000 +2.7869e+000 +2.2742e+000
2417 +4.203295371e-001 +4.203295371e-001 -4.292967046e+001 -4.292967046e+001 +1.8021e+000 +3.5567e+000 +2.1267e+000
2498 +3.174501832e-001 +3.174501832e-001 -4.303254982e+001 -4.303254982e+001 +1.6362e+000 +3.7568e+000 +2.1087e+000
2801 +6.930092559e-002 +6.930092559e-002 -4.328069907e+001 -4.328069907e+001 +1.7329e+000 +3.6396e+000 +2.1319e+000
2843 +5.126923891e-002 +5.126923891e-002 -4.329873076e+001 -4.329873076e+001 +1.9237e+000 +3.4102e+000 +2.1621e+000
3327 +3.518421152e-003 +3.518421152e-003 -4.334648158e+001 -4.334648158e+001 +1.8707e+000 +3.4741e+000 +2.1595e+000
3533 +1.001967478e-003 +1.001967478e-003 -4.334899803e+001 -4.334899803e+001 +1.8922e+000 +3.4481e+000 +2.1623e+000
4034 +8.109576184e-004 +8.109576184e-004 -4.334918904e+001 -4.334918904e+001 +1.8571e+000 +3.4904e+000 +2.1560e+000
4101 +3.980426770e-004 +3.980426770e-004 -4.334960196e+001 -4.334960196e+001 +1.8717e+000 +3.4728e+000 +2.1584e+000
4103 +2.396566388e-004 +2.396566388e-004 -4.334976034e+001 -4.334976034e+001 +1.8789e+000 +3.4642e+000 +2.1600e+000
4593 +1.173891645e-004 +1.173891645e-004 -4.334988261e+001 -4.334988261e+001 +1.8761e+000 +3.4676e+000 +2.1595e+000
4595 +3.798451928e-005 +3.798451928e-005 -4.334996202e+001 -4.334996202e+001 +1.8671e+000 +3.4783e+000 +2.1579e+000
4798 +8.478784004e-006 +8.478784004e-006 -4.334999152e+001 -4.334999152e+001 +1.8699e+000 +3.4750e+000 +2.1583e+000
4990 +3.129015994e-006 +3.129015994e-006 -4.334999687e+001 -4.334999687e+001 +1.8708e+000 +3.4740e+000 +2.1584e+000
5389 +2.112231364e-006 +2.112231364e-006 -4.334999789e+001 -4.334999789e+001 +1.8697e+000 +3.4752e+000 +2.1582e+000
5402 +7.317958648e-007 +7.317958648e-007 -4.334999927e+001 -4.334999927e+001 +1.8706e+000 +3.4741e+000 +2.1585e+000
5780 +5.201319482e-007 +5.201319482e-007 -4.334999948e+001 -4.334999948e+001 +1.8708e+000 +3.4739e+000 +2.1585e+000
6004 +1.413808022e-007 +1.413808022e-007 -4.334999986e+001 -4.334999986e+001 +1.8705e+000 +3.4743e+000 +2.1584e+000
6109 +9.494112874e-008 +9.494112874e-008 -4.334999991e+001 -4.334999991e+001 +1.8704e+000 +3.4744e+000 +2.1584e+000
6189 +6.097344851e-008 +6.097344851e-008 -4.334999994e+001 -4.334999994e+001 +1.8705e+000 +3.4743e+000 +2.1584e+000
6257 +3.145059679e-008 +3.145059679e-008 -4.334999997e+001 -4.334999997e+001 +1.8703e+000 +3.4745e+000 +2.1584e+000
6570 +1.379562775e-008 +1.379562775e-008 -4.334999999e+001 -4.334999999e+001 +1.8704e+000 +3.4744e+000 +2.1584e+000
6658 +9.758814201e-009 +9.758814201e-009 -4.334999999e+001 -4.334999999e+001 +1.8704e+000 +3.4744e+000 +2.1584e+000
% function evaluation | noise-free fitness - Fopt (2.790900000000e+002) | best noise-free fitness - Fopt | measured fitness | best measured fitness | x1 | x2...
1 +4.308549706e+006 +4.308549706e+006 +4.308828796e+006 +4.308828796e+006 +4.3191e+000 +4.8574e-001 -7.2643e-001
4 +1.294430309e+006 +1.294430309e+006 +1.294709399e+006 +1.294709399e+006 +1.6248e+000 +3.3872e+000 +5.8243e-001
5 +6.391507347e+004 +6.391507347e+004 +6.419416347e+004 +6.419416347e+004 +1.6288e-001 -3.2999e+000 -4.1950e-001
25 +2.671044512e+004 +2.671044512e+004 +2.698953512e+004 +2.698953512e+004 +3.6580e+000 +3.1460e+000 -2.0628e+000
110 +1.261164290e+004 +1.261164290e+004 +1.289073290e+004 +1.289073290e+004 +1.7489e+000 +1.0483e-001 -1.1236e+000
134 +8.978091333e+003 +8.978091333e+003 +9.257181333e+003 +9.257181333e+003 +2.0723e+000 +7.9431e-002 -1.6921e+000
246 +3.612284779e+003 +3.612284779e+003 +3.891374779e+003 +3.891374779e+003 +1.9933e+000 -3.4696e-001 -2.2610e+000
442 +1.521115191e+003 +1.521115191e+003 +1.800205191e+003 +1.800205191e+003 +5.7216e+000 +1.1441e+000 -1.0523e+001
623 +1.959357064e+002 +1.959357064e+002 +4.750257064e+002 +4.750257064e+002 -1.6212e+000 -4.4762e+000 +2.0672e+000
802 +9.080157535e+001 +9.080157535e+001 +3.698915753e+002 +3.698915753e+002 -3.1079e+000 -6.0039e+000 +4.0708e+000
1250 +3.450222979e+001 +3.450222979e+001 +3.135922298e+002 +3.135922298e+002 -2.7817e+000 -5.7638e+000 +3.4840e+000
1552 +1.453527050e+001 +1.453527050e+001 +2.936252705e+002 +2.936252705e+002 -1.6362e+000 -4.7914e+000 +1.6667e+000
1580 +8.237790496e+000 +8.237790496e+000 +2.873277905e+002 +2.873277905e+002 +9.1107e-001 -2.5058e+000 -2.2067e+000
1787 +3.752962859e+000 +3.752962859e+000 +2.828429629e+002 +2.828429629e+002 +2.8129e-001 -3.0909e+000 -1.2797e+000
2006 +8.289604669e-001 +8.289604669e-001 +2.799189605e+002 +2.799189605e+002 +4.1999e-001 -2.9463e+000 -1.4651e+000
2267 +1.879537557e-001 +1.879537557e-001 +2.792779538e+002 +2.792779538e+002 -8.9110e-002 -3.3882e+000 -6.7164e-001
2662 +3.903626574e-002 +3.903626574e-002 +2.791290363e+002 +2.791290363e+002 +8.3942e-002 -3.2414e+000 -9.4681e-001
2836 +7.741742540e-003 +7.741742540e-003 +2.790977417e+002 +2.790977417e+002 +9.8892e-002 -3.2265e+000 -9.6702e-001
3030 +1.205747414e-003 +1.205747414e-003 +2.790912057e+002 +2.790912057e+002 +5.1997e-002 -3.2680e+000 -8.9482e-001
3595 +6.490188090e-004 +6.490188090e-004 +2.790906490e+002 +2.790906490e+002 +6.1589e-002 -3.2593e+000 -9.0920e-001
3608 +1.720701321e-004 +1.720701321e-004 +2.790901721e+002 +2.790901721e+002 +4.9664e-002 -3.2698e+000 -8.9084e-001
3778 +6.908686953e-005 +6.908686953e-005 +2.790900691e+002 +2.790900691e+002 +5.6238e-002 -3.2638e+000 -9.0064e-001
4189 +2.414273200e-005 +2.414273200e-005 +2.790900241e+002 +2.790900241e+002 +5.5858e-002 -3.2642e+000 -9.0024e-001
4376 +1.529307548e-005 +1.529307548e-005 +2.790900153e+002 +2.790900153e+002 +5.3355e-002 -3.2664e+000 -8.9636e-001
4788 +5.924326445e-006 +5.924326445e-006 +2.790900059e+002 +2.790900059e+002 +5.5575e-002 -3.2645e+000 -8.9984e-001
4815 +2.030237397e-006 +2.030237397e-006 +2.790900020e+002 +2.790900020e+002 +5.5653e-002 -3.2644e+000 -8.9989e-001
4927 +1.096491815e-006 +1.096491815e-006 +2.790900011e+002 +2.790900011e+002 +5.5331e-002 -3.2647e+000 -8.9942e-001
5282 +9.120042819e-007 +9.120042819e-007 +2.790900009e+002 +2.790900009e+002 +5.5134e-002 -3.2648e+000 -8.9908e-001
5428 +2.580440537e-007 +2.580440537e-007 +2.790900003e+002 +2.790900003e+002 +5.5410e-002 -3.2646e+000 -8.9952e-001
5470 +6.191748980e-008 +6.191748980e-008 +2.790900001e+002 +2.790900001e+002 +5.5191e-002 -3.2648e+000 -8.9918e-001
5938 +2.780990371e-008 +2.780990371e-008 +2.790900000e+002 +2.790900000e+002 +5.5228e-002 -3.2648e+000 -8.9925e-001
5942 +2.244911457e-008 +2.244911457e-008 +2.790900000e+002 +2.790900000e+002 +5.5197e-002 -3.2648e+000 -8.9920e-001
6038 +8.922029338e-009 +8.922029338e-009 +2.790900000e+002 +2.790900000e+002 +5.5209e-002 -3.2648e+000 -8.9922e-001
% function evaluation | noise-free fitness - Fopt (1.000000000000e+003) | best noise-free fitness - Fopt | measured fitness | best measured fitness | x1 | x2...
1 +6.227847205e+006 +6.227847205e+006 +6.228847205e+006 +6.228847205e+006 -2.4663e-001 -3.2514e+000 +4.1031e+000
3 +1.187698538e+005 +1.187698538e+005 +1.197698538e+005 +1.197698538e+005 -4.9483e+000 -2.0946e+000 +2.0603e+000
5 +1.136011548e+004 +1.136011548e+004 +1.236011548e+004 +1.236011548e+004 -3.5780e+000 -3.6218e+000 +4.2668e+000
25 +3.231825075e+003 +3.231825075e+003 +4.231825075e+003 +4.231825075e+003 -1.5631e+000 +3.8961e+000 +1.1526e+000
235 +8.325357509e+002 +8.325357509e+002 +1.832535751e+003 +1.832535751e+003 -2.0086e+000 +4.2313e+000 +4.0211e-001
604 +2.683760024e+002 +2.683760024e+002 +1.268376002e+003 +1.268376002e+003 -2.4778e+000 +4.8423e+000 -6.6841e-001
640 +2.495924220e+002 +2.495924220e+002 +1.249592422e+003 +1.249592422e+003 -2.5226e+000 +3.6172e+000 +2.3933e-001
820 +1.479301604e+002 +1.479301604e+002 +1.147930160e+003 +1.147930160e+003 -2.4494e+000 +1.0715e+000 +2.2507e+000
867 +3.041145577e+001 +3.041145577e+001 +1.030411456e+003 +1.030411456e+003 -2.7167e+000 +4.2313e+000 -4.9358e-001
1622 +2.230647198e+001 +2.230647198e+001 +1.022306472e+003 +1.022306472e+003 -2.6437e+000 +3.5242e+000 +1.3221e-001
1679 +1.534204538e+001 +1.534204538e+001 +1.015342045e+003 +1.015342045e+003 -2.5449e+000 +2.8632e+000 +7.5876e-001
1823 +9.053225621e+000 +9.053225621e+000 +1.009053226e+003 +1.009053226e+003 -1.9803e+000 -2.3471e-001 +3.8175e+000
1859 +4.447937776e+000 +4.447937776e+000 +1.004447938e+003 +1.004447938e+003 -2.2955e+000 +1.4617e+000 +2.1348e+000
1900 +2.419523430e+000 +2.419523430e+000 +1.002419523e+003 +1.002419523e+003 -2.2397e+000 +9.4579e-001 +2.5933e+000
2405 +1.299765885e+000 +1.299765885e+000 +1.001299766e+003 +1.001299766e+003 -2.1916e+000 +9.2497e-001 +2.6702e+000
2474 +4.216456545e-001 +4.216456545e-001 +1.000421646e+003 +1.000421646e+003 -2.1617e+000 +5.8009e-001 +2.9684e+000
2577 +6.478663972e-002 +6.478663972e-002 +1.000064787e+003 +1.000064787e+003 -2.0980e+000 +2.7435e-001 +3.2800e+000
2877 +5.988721113e-002 +5.988721113e-002 +1.000059887e+003 +1.000059887e+003 -2.0975e+000 +2.8228e-001 +3.2744e+000
3255 +3.501007049e-002 +3.501007049e-002 +1.000035010e+003 +1.000035010e+003 -2.0870e+000 +1.9325e-001 +3.3548e+000
3261 +2.263436271e-002 +2.263436271e-002 +1.000022634e+003 +1.000022634e+003 -2.1053e+000 +3.0299e-001 +3.2486e+000
3300 +1.373082038e-002 +1.373082038e-002 +1.000013731e+003 +1.000013731e+003 -2.0935e+000 +2.2239e-001 +3.3246e+000
3504 +4.085831978e-003 +4.085831978e-003 +1.000004086e+003 +1.000004086e+003 -2.0933e+000 +2.1152e-001 +3.3332e+000
3624 +2.239340602e-003 +2.239340602e-003 +1.000002239e+003 +1.000002239e+003 -2.0985e+000 +2.4105e-001 +3.3043e+000
3724 +9.075090243e-004 +9.075090243e-004 +1.000000908e+003 +1.000000908e+003 -2.1003e+000 +2.6265e-001 +3.2857e+000
4150 +4.201784719e-004 +4.201784719e-004 +1.000000420e+003 +1.000000420e+003 -2.0996e+000 +2.5574e-001 +3.2919e+000
4178 +6.207070612e-005 +6.207070612e-005 +1.000000062e+003 +1.000000062e+003 -2.0990e+000 +2.5107e-001 +3.2962e+000
4439 +2.752331386e-005 +2.752331386e-005 +1.000000028e+003 +1.000000028e+003 -2.0994e+000 +2.5338e-001 +3.2939e+000
4866 +6.242200925e-006 +6.242200925e-006 +1.000000006e+003 +1.000000006e+003 -2.0991e+000 +2.5153e-001 +3.2957e+000
5031 +2.969777938e-006 +2.969777938e-006 +1.000000003e+003 +1.000000003e+003 -2.0991e+000 +2.5127e-001 +3.2959e+000
5126 +2.085711799e-006 +2.085711799e-006 +1.000000002e+003 +1.000000002e+003 -2.0993e+000 +2.5255e-001 +3.2947e+000
5240 +8.229494597e-007 +8.229494597e-007 +1.000000001e+003 +1.000000001e+003 -2.0992e+000 +2.5217e-001 +3.2951e+000
5754 +1.003131729e-007 +1.003131729e-007 +1.000000000e+003 +1.000000000e+003 -2.0992e+000 +2.5182e-001 +3.2954e+000
6277 +7.015569281e-008 +7.015569281e-008 +1.000000000e+003 +1.000000000e+003 -2.0992e+000 +2.5183e-001 +3.2954e+000
6295 +6.035998013e-008 +6.035998013e-008 +1.000000000e+003 +1.000000000e+003 -2.0992e+000 +2.5189e-001 +3.2953e+000
6307 +2.857598247e-008 +2.857598247e-008 +1.000000000e+003 +1.000000000e+003 -2.0992e+000 +2.5199e-001 +3.2952e+000
6325 +2.380863862e-008 +2.380863862e-008 +1.000000000e+003 +1.000000000e+003 -2.0992e+000 +2.5200e-001 +3.2952e+000
6404 +1.138710104e-008 +1.138710104e-008 +1.000000000e+003 +1.000000000e+003 -2.0992e+000 +2.5207e-001 +3.2951e+000
6665 +2.654928721e-009 +2.654928721e-009 +1.000000000e+003 +1.000000000e+003 -2.0992e+000 +2.5200e-001 +3.2952e+000
6688 +4.678213372e-010 +4.678213372e-010 +1.000000000e+003 +1.000000000e+003 -2.0992e+000 +2.5200e-001 +3.2952e+000
% function evaluation | noise-free fitness - Fopt (-1.148100000000e+002) | best noise-free fitness - Fopt | measured fitness | best measured fitness | x1 | x2...
1 +1.543235239e+003 +1.543235239e+003 +1.428425239e+003 +1.428425239e+003 -5.4142e-001 -2.4375e+000 +8.2310e-001
334 +2.542863235e+002 +2.542863235e+002 +1.394763235e+002 +1.394763235e+002 -3.7782e+000 -3.9320e+000 +2.4648e+000
689 +2.374854237e+002 +2.374854237e+002 +1.226754237e+002 +1.226754237e+002 -1.1866e+000 -3.9365e+000 +1.1437e+000
701 +5.567834381e+001 +5.567834381e+001 -5.913165619e+001 -5.913165619e+001 -1.2509e+000 -3.2935e+000 +1.1696e+000
951 +3.218812561e+001 +3.218812561e+001 -8.262187439e+001 -8.262187439e+001 -2.1191e+000 -3.5902e+000 +1.6064e+000
1082 +1.838731807e+000 +1.838731807e+000 -1.129712682e+002 -1.129712682e+002 +5.5729e-001 -3.0785e+000 +2.5692e-001
1924 +1.480943845e+000 +1.480943845e+000 -1.133290562e+002 -1.133290562e+002 +3.8335e-001 -3.1317e+000 +3.4656e-001
2029 +1.911427121e-002 +1.911427121e-002 -1.147908857e+002 -1.147908857e+002 -5.1122e-001 -3.3532e+000 +7.9925e-001
2529 +1.162983153e-002 +1.162983153e-002 -1.147983702e+002 -1.147983702e+002 -4.1165e-001 -3.3226e+000 +7.4854e-001
2859 +1.214829928e-004 +1.214829928e-004 -1.148098785e+002 -1.148098785e+002 -4.7006e-001 -3.3401e+000 +7.7824e-001
3481 +5.720979897e-005 +5.720979897e-005 -1.148099428e+002 -1.148099428e+002 -4.7111e-001 -3.3400e+000 +7.7875e-001
4193 +3.813620326e-005 +3.813620326e-005 -1.148099619e+002 -1.148099619e+002 -4.7003e-001 -3.3397e+000 +7.7821e-001
4342 +1.339027273e-005 +1.339027273e-005 -1.148099866e+002 -1.148099866e+002 -4.7149e-001 -3.3402e+000 +7.7895e-001
4410 +7.273478417e-006 +7.273478417e-006 -1.148099927e+002 -1.148099927e+002 -4.6969e-001 -3.3398e+000 +7.7804e-001
4437 +5.105219145e-007 +5.105219145e-007 -1.148099995e+002 -1.148099995e+002 -4.7034e-001 -3.3400e+000 +7.7837e-001
4795 +1.021167577e-007 +1.021167577e-007 -1.148099999e+002 -1.148099999e+002 -4.7035e-001 -3.3400e+000 +7.7837e-001
5015 +6.908861394e-008 +6.908861394e-008 -1.148099999e+002 -1.148099999e+002 -4.7043e-001 -3.3400e+000 +7.7842e-001
5078 +3.913510227e-008 +3.913510227e-008 -1.148100000e+002 -1.148100000e+002 -4.7028e-001 -3.3400e+000 +7.7834e-001
5743 +6.667889352e-009 +6.667889352e-009 -1.148100000e+002 -1.148100000e+002 -4.7043e-001 -3.3400e+000 +7.7842e-001
% function evaluation | noise-free fitness - Fopt (-3.505800000000e+002) | best noise-free fitness - Fopt | measured fitness | best measured fitness | x1 | x2...
1 +7.957262876e+006 +7.957262876e+006 +7.956912296e+006 +7.956912296e+006 +3.8056e+000 -4.7724e-001 +2.5781e-001
4 +7.296377699e+005 +7.296377699e+005 +7.292871899e+005 +7.292871899e+005 -1.4061e-001 -6.2377e-001 -1.6172e+000
11 +4.034440797e+004 +4.034440797e+004 +3.999382797e+004 +3.999382797e+004 -1.9217e+000 -4.8007e-002 -3.7445e+000
136 +3.827322453e+004 +3.827322453e+004 +3.792264453e+004 +3.792264453e+004 -7.9728e+000 +6.4834e-001 +4.4028e-001
170 +1.060175614e+004 +1.060175614e+004 +1.025117614e+004 +1.025117614e+004 +1.4442e+000 -2.1063e+000 -2.1186e+000
214 +6.670640685e+003 +6.670640685e+003 +6.320060685e+003 +6.320060685e+003 +7.0849e-002 -1.0270e+000 -3.9602e+000
229 +2.622202449e+003 +2.622202449e+003 +2.271622449e+003 +2.271622449e+003 -5.9021e-001 -1.8615e+000 -2.4203e-001
296 +1.354826784e+002 +1.354826784e+002 -2.150973216e+002 -2.150973216e+002 -2.6059e+000 -2.2214e+000 +3.0878e+000
1114 +7.557538008e+001 +7.557538008e+001 -2.750046199e+002 -2.750046199e+002 -2.5665e+000 -2.2564e+000 +3.0955e+000
1144 +3.866384605e+001 +3.866384605e+001 -3.119161540e+002 -3.119161540e+002 -1.9342e+000 -1.6355e+000 +4.9581e-001
1240 +2.380552507e+001 +2.380552507e+001 -3.267744749e+002 -3.267744749e+002 -8.8893e-001 -7.4049e-001 -3.4632e+000
1622 +1.534898799e+001 +1.534898799e+001 -3.352310120e+002 -3.352310120e+002 -7.5678e-001 -7.1076e-001 -3.7045e+000
1650 +5.104205892e+000 +5.104205892e+000 -3.454757941e+002 -3.454757941e+002 -1.5716e+000 -1.6049e+000 -2.3846e-002
1803 +2.415280590e+000 +2.415280590e+000 -3.481647194e+002 -3.481647194e+002 -1.5532e+000 -1.4580e+000 -4.9858e-001
1898 +1.043500128e+000 +1.043500128e+000 -3.495364999e+002 -3.495364999e+002 -1.6846e+000 -1.6304e+000 +1.8196e-001
2226 +9.015774793e-001 +9.015774793e-001 -3.496784225e+002 -3.496784225e+002 -1.7950e+000 -1.7268e+000 +6.0835e-001
2267 +4.973278131e-001 +4.973278131e-001 -3.500826722e+002 -3.500826722e+002 -1.5275e+000 -1.4441e+000 -5.6606e-001
2381 +2.520046361e-002 +2.520046361e-002 -3.505547995e+002 -3.505547995e+002 -1.6066e+000 -1.5412e+000 -1.7852e-001
2661 +1.162434233e-002 +1.162434233e-002 -3.505683757e+002 -3.505683757e+002 -1.5775e+000 -1.5136e+000 -2.9585e-001
3008 +8.704153269e-003 +8.704153269e-003 -3.505712958e+002 -3.505712958e+002 -1.5689e+000 -1.5104e+000 -3.1603e-001
3176 +5.528050367e-003 +5.528050367e-003 -3.505744719e+002 -3.505744719e+002 -1.5853e+000 -1.5241e+000 -2.5510e-001
3349 +3.941810089e-003 +3.941810089e-003 -3.505760582e+002 -3.505760582e+002 -1.5816e+000 -1.5172e+000 -2.8029e-001
3551 +1.489483599e-003 +1.489483599e-003 -3.505785105e+002 -3.505785105e+002 -1.5817e+000 -1.5207e+000 -2.6974e-001
3561 +9.578435714e-004 +9.578435714e-004 -3.505790422e+002 -3.505790422e+002 -1.5874e+000 -1.5246e+000 -2.5129e-001
3835 +4.536615862e-004 +4.536615862e-004 -3.505795463e+002 -3.505795463e+002 -1.5804e+000 -1.5184e+000 -2.7813e-001
3844 +1.556007139e-004 +1.556007139e-004 -3.505798444e+002 -3.505798444e+002 -1.5789e+000 -1.5165e+000 -2.8579e-001
4361 +6.959422194e-005 +6.959422194e-005 -3.505799304e+002 -3.505799304e+002 -1.5818e+000 -1.5191e+000 -2.7466e-001
4457 +3.448133941e-005 +3.448133941e-005 -3.505799655e+002 -3.505799655e+002 -1.5830e+000 -1.5205e+000 -2.6887e-001
4496 +2.432590122e-005 +2.432590122e-005 -3.505799757e+002 -3.505799757e+002 -1.5812e+000 -1.5189e+000 -2.7584e-001
4509 +1.232489166e-005 +1.232489166e-005 -3.505799877e+002 -3.505799877e+002 -1.5821e+000 -1.5198e+000 -2.7203e-001
4873 +4.217136336e-006 +4.217136336e-006 -3.505799958e+002 -3.505799958e+002 -1.5815e+000 -1.5191e+000 -2.7483e-001
5089 +2.445457540e-006 +2.445457540e-006 -3.505799976e+002 -3.505799976e+002 -1.5816e+000 -1.5192e+000 -2.7445e-001
5481 +3.927399916e-007 +3.927399916e-007 -3.505799996e+002 -3.505799996e+002 -1.5816e+000 -1.5192e+000 -2.7431e-001
5602 +1.121811692e-007 +1.121811692e-007 -3.505799999e+002 -3.505799999e+002 -1.5816e+000 -1.5192e+000 -2.7431e-001
6174 +5.740326969e-008 +5.740326969e-008 -3.505799999e+002 -3.505799999e+002 -1.5816e+000 -1.5192e+000 -2.7425e-001
6268 +3.191507858e-008 +3.191507858e-008 -3.505800000e+002 -3.505800000e+002 -1.5816e+000 -1.5192e+000 -2.7434e-001
6541 +5.478455023e-009 +5.478455023e-009 -3.505800000e+002 -3.505800000e+002 -1.5816e+000 -1.5192e+000 -2.7445e-001
% function evaluation | noise-free fitness - Fopt (-5.700000000000e+000) | best noise-free fitness - Fopt | measured fitness | best measured fitness | x1 | x2...
1 +8.697826212e+006 +8.697826212e+006 +8.697820512e+006 +8.697820512e+006 -3.5131e+000 -3.8008e+000 -3.9540e+000
4 +2.119800147e+005 +2.119800147e+005 +2.119743147e+005 +2.119743147e+005 +2.4909e+000 +4.0259e+000 -2.2270e+000
16 +2.585782001e+004 +2.585782001e+004 +2.585212001e+004 +2.585212001e+004 +2.1696e+000 -1.9138e+000 +3.0954e+000
29 +1.542374450e+004 +1.542374450e+004 +1.541804450e+004 +1.541804450e+004 +4.1875e-001 -1.5032e+000 -4.1888e+000
118 +1.451023848e+003 +1.451023848e+003 +1.445323848e+003 +1.445323848e+003 +5.8020e-001 +1.0056e-001 -6.5599e+000
211 +5.961329459e+002 +5.961329459e+002 +5.904329459e+002 +5.904329459e+002 +1.9516e+000 +1.0543e+000 -1.9929e+000
744 +2.828115292e+002 +2.828115292e+002 +2.771115292e+002 +2.771115292e+002 +4.1514e+000 +3.8215e+000 +3.0275e+000
1029 +8.489621911e+001 +8.489621911e+001 +7.919621911e+001 +7.919621911e+001 +9.5151e-001 +3.2974e-001 -5.1693e+000
1251 +1.715204164e+001 +1.715204164e+001 +1.145204164e+001 +1.145204164e+001 +5.0648e+000 +4.4129e+000 +5.9206e+000
1478 +9.912659163e+000 +9.912659163e+000 +4.212659163e+000 +4.212659163e+000 +4.8687e+000 +4.1582e+000 +5.4936e+000
1824 +5.453436269e+000 +5.453436269e+000 -2.465637310e-001 -2.465637310e-001 +4.3624e+000 +3.6456e+000 +4.1339e+000
1924 +1.038086933e+000 +1.038086933e+000 -4.661913067e+000 -4.661913067e+000 +3.6716e+000 +3.0322e+000 +2.1648e+000
2196 +4.724705203e-001 +4.724705203e-001 -5.227529480e+000 -5.227529480e+000 +3.9721e+000 +3.2961e+000 +3.0253e+000
2599 +5.301908979e-002 +5.301908979e-002 -5.646980910e+000 -5.646980910e+000 +3.9020e+000 +3.2422e+000 +2.8143e+000
2936 +1.656323560e-002 +1.656323560e-002 -5.683436764e+000 -5.683436764e+000 +3.9325e+000 +3.2712e+000 +2.8977e+000
2979 +7.927385028e-003 +7.927385028e-003 -5.692072615e+000 -5.692072615e+000 +3.9715e+000 +3.3082e+000 +3.0057e+000
3443 +5.467519613e-003 +5.467519613e-003 -5.694532480e+000 -5.694532480e+000 +3.9860e+000 +3.3230e+000 +3.0446e+000
3549 +7.924652098e-004 +7.924652098e-004 -5.699207535e+000 -5.699207535e+000 +3.9697e+000 +3.3074e+000 +2.9993e+000
3874 +5.596425475e-004 +5.596425475e-004 -5.699440357e+000 -5.699440357e+000 +3.9702e+000 +3.3083e+000 +3.0004e+000
3937 +3.208346143e-004 +3.208346143e-004 -5.699679165e+000 -5.699679165e+000 +3.9605e+000 +3.2990e+000 +2.9735e+000
4345 +1.049624557e-004 +1.049624557e-004 -5.699895038e+000 -5.699895038e+000 +3.9658e+000 +3.3043e+000 +2.9877e+000
4443 +1.936144368e-005 +1.936144368e-005 -5.699980639e+000 -5.699980639e+000 +3.9664e+000 +3.3048e+000 +2.9897e+000
4507 +1.248313226e-005 +1.248313226e-005 -5.699987517e+000 -5.699987517e+000 +3.9661e+000 +3.3046e+000 +2.9888e+000
4537 +7.315950717e-006 +7.315950717e-006 -5.699992684e+000 -5.699992684e+000 +3.9668e+000 +3.3051e+000 +2.9907e+000
5184 +1.037206530e-006 +1.037206530e-006 -5.699998963e+000 -5.699998963e+000 +3.9662e+000 +3.3046e+000 +2.9892e+000
5278 +9.119436388e-007 +9.119436388e-007 -5.699999088e+000 -5.699999088e+000 +3.9666e+000 +3.3050e+000 +2.9902e+000
5468 +5.207464886e-007 +5.207464886e-007 -5.699999479e+000 -5.699999479e+000 +3.9664e+000 +3.3048e+000 +2.9895e+000
5728 +1.640637919e-007 +1.640637919e-007 -5.699999836e+000 -5.699999836e+000 +3.9663e+000 +3.3047e+000 +2.9893e+000
5843 +1.565865215e-007 +1.565865215e-007 -5.699999843e+000 -5.699999843e+000 +3.9663e+000 +3.3047e+000 +2.9894e+000
6020 +1.155730356e-008 +1.155730356e-008 -5.699999988e+000 -5.699999988e+000 +3.9664e+000 +3.3048e+000 +2.9896e+000
6359 +7.158138082e-009 +7.158138082e-009 -5.699999993e+000 -5.699999993e+000 +3.9664e+000 +3.3048e+000 +2.9896e+000
