% function evaluation | noise-free fitness - Fopt (7.627000000000e+001) | best noise-free fitness - Fopt | measured fitness | best measured fitness | x1 | x2...
1 +3.242118160e+007 +3.242118160e+007 +3.242125787e+007 +3.242125787e+007 +1.9021e+000 -3.7074e+000 -2.9271e+000 -4.9056e+000 +1.2423e-001 +3.3609e+000 +1.2658e+000 -2.8154e+000 +3.8222e+000 -3.8922e-001 +4.2958e+000 -1.1416e+000 +4.2311e+000 +1.4862e+000 -6.5876e-001 +3.2706e+000 -3.3155e+000 -1.5049e+000 -1.3120e+000 +2.3606e+000
3 +7.670213251e+006 +7.670213251e+006 +7.670289521e+006 +7.670289521e+006 -1.5533e+000 -5.2321e-001 +4.6976e+000 +4.1877e+000 +4.7754e+000 -2.1239e+000 -2.5742e+000 +3.8382e+000 +1.5408e+000 -1.1831e+000 +1.9508e+000 +3.2757e+000 -4.3402e+000 +4.4367e+000 +4.7911e+000 +2.1118e+000 -2.6801e+000 -3.5777e+000 +1.2293e-001 -8.1457e-001
4 +1.300924163e+006 +1.300924163e+006 +1.301000433e+006 +1.301000433e+006 +4.4962e+000 -3.5786e+000 +1.6122e+000 -1.0741e+000 +6.6870e-001 -9.2368e-001 +4.0778e+000 -4.2129e+000 +3.0508e+000 +3.0583e+000 +3.7939e+000 -7.8700e-001 -4.3489e+000 +2.9120e-001 -4.1765e+000 +2.5167e+000 -2.1491e+000 -1.5138e+000 +7.3844e-001 -4.8794e+000
5 +1.317143612e+005 +1.317143612e+005 +1.317906312e+005 +1.317906312e+005 -1.9308e+000 -5.6187e-001 -1.7190e+000 -3.4766e+000 -3.8048e+000 +1.0803e+000 -4.4820e+000 -3.6477e-001 -4.9336e+000 +1.1883e+000 +4.7313e+000 +1.0194e+000 +2.1724e+000 -2.9088e+000 +1.4035e+000 +2.1067e+000 +3.0279e+000 +4.2066e+000 +2.5864e+000 -4.5780e+000
20 +3.850656295e+003 +3.850656295e+003 +3.926926295e+003 +3.926926295e+003 -2.2339e+000 -1.6811e+000 +4.4037e+000 -2.6957e+000 -2.3702e+000 +4.5130e+000 -3.8520e+000 -1.1050e+000 -1.4742e+000 -4.4741e+000 +4.1620e+000 +2.9499e+000 +1.7174e+000 -3.2866e-001 +6.0568e-003 +1.8387e-001 -7.3455e-001 -2.4293e+000 -3.6172e+000 +6.4067e-001
212 +4.743185215e+002 +4.743185215e+002 +5.505885215e+002 +5.505885215e+002 -2.9140e+000 +3.2371e-001 -3.0150e+000 +2.7800e+000 +4.5227e+000 +9.1411e-002 -1.9237e+000 -4.0946e+000 -4.3038e+000 -3.3420e+000 +2.7719e+000 +2.6949e+000 +2.9226e+000 -5.2251e+000 +7.7354e-001 +4.8158e+000 -2.2179e+000 -3.2034e+000 -1.5862e+000 +1.6908e-001
774 +2.939157842e+002 +2.939157842e+002 +3.701857842e+002 +3.701857842e+002 -3.3450e+000 -2.1386e+000 +3.2338e+000 -1.1773e-001 +9.2408e-002 +4.1302e+000 -2.2689e+000 -3.6997e+000 -6.2500e-001 -4.2570e+000 +3.0671e+000 +4.2255e+000 +1.1427e+000 -1.3698e+000 -3.5167e-001 +3.1348e+000 -3.1212e+000 -5.2566e+000 -4.2945e+000 -3.0020e-002
877 +2.427143672e+002 +2.427143672e+002 +3.189843672e+002 +3.189843672e+002 -1.9174e+000 -2.5191e+000 +6.3237e+000 -3.6567e-001 -1.1004e+000 +3.1035e+000 -2.4946e+000 -6.5055e-001 +1.1703e+000 -9.8047e-001 +6.3164e-001 +4.9557e+000 +1.0534e+000 +1.8829e+000 -1.2086e+000 +1.0538e+000 -2.8173e+000 -4.2786e+000 -3.2883e+000 +9.7988e-001
1513 +1.540774551e+002 +1.540774551e+002 +2.303474551e+002 +2.303474551e+002 -1.2083e+000 -1.8896e+000 +3.2098e+000 -1.3849e-001 +1.9542e+000 -1.1552e+000 -6.3636e-001 +1.8871e-001 -7.6437e-001 -1.0139e-001 -1.1526e+000 +2.8715e+000 +1.9779e+000 +6.0838e-001 -3.0909e+000 +3.3122e+000 +2.3401e+000 -1.4877e+000 -1.4040e+000 +1.2105e+000
2057 +9.909655772e+001 +9.909655772e+001 +1.753665577e+002 +1.753665577e+002 +4.3425e-001 +4.0817e-001 +1.4864e+000 +1.1253e+000 +6.4507e-001 -2.9856e+000 -2.3336e+000 +3.0218e+000 +2.6415e+000 -9.2173e-001 -4.1706e-001 +1.6674e+000 -2.2931e+000 +3.5958e+000 -1.9556e+000 -7.3745e-001 +5.5393e-001 -3.3655e+000 -1.0797e+000 +1.1975e+000
2811 +6.208970647e+001 +6.208970647e+001 +1.383597065e+002 +1.383597065e+002 -8.3597e-001 +1.0763e+000 -1.0915e+000 -4.8659e-001 +8.3221e-001 -2.6058e+000 +5.3942e-001 +3.2287e+000 +8.8461e-001 -1.5458e+000 +1.8511e+000 -8.8602e-001 -2.7040e+000 +3.5178e+000 -1.2597e+000 -6.6261e-001 +1.9382e+000 -2.8822e+000 -9.6748e-001 -3.8588e-001
3267 +3.893868842e+001 +3.893868842e+001 +1.152086884e+002 +1.152086884e+002 -1.5021e+000 +1.1955e-001 -7.4173e-001 -1.7902e+000 -3.4370e-001 -2.7057e+000 +3.7456e-001 +4.2702e+000 -7.5512e-001 +2.1540e+000 +1.7401e+000 -8.6819e-001 -3.3909e+000 +4.4506e+000 -2.3727e+000 -1.1804e+000 +5.9800e-001 -2.4173e+000 -3.9705e-001 -5.8067e-001
4292 +2.396932551e+001 +2.396932551e+001 +1.002393255e+002 +1.002393255e+002 -1.1028e+000 -1.3428e+000 -9.0808e-002 -1.6831e+000 -8.7998e-001 -7.4149e-001 +6.8559e-001 +3.6416e+000 -1.0866e+000 +2.2060e+000 +1.9389e+000 -1.7307e+000 -2.2885e+000 +4.3506e+000 -2.3163e+000 -1.1784e+000 +1.0589e+000 -2.1665e+000 -2.2954e-002 -1.6700e+000
5147 +1.576112305e+001 +1.576112305e+001 +9.203112305e+001 +9.203112305e+001 -1.7142e-001 -1.5718e+000 -4.5000e-001 +2.1274e-002 -3.1167e-001 -1.1346e+000 -7.8184e-001 +3.1366e+000 -1.0771e+000 +2.4785e+000 +1.1765e+000 -1.4899e+000 -1.8567e+000 +3.6886e+000 -2.5030e+000 -9.0234e-001 +5.6225e-001 -2.2087e+000 +6.4322e-001 -1.4680e+000
% function evaluation | noise-free fitness - Fopt (-2.255000000000e+001) | best noise-free fitness - Fopt | measured fitness | best measured fitness | x1 | x2...
1 +3.320504169e+006 +3.320504169e+006 +3.320481619e+006 +3.320481619e+006 +2.8833e-001 +1.4813e+000 +3.7898e+000 -9.9093e-001 -2.4866e+000 +1.8076e+000 -1.9250e+000 -2.0792e+000 -3.7033e+000 -3.5377e+000 +6.9618e-001 -3.4557e-001 -4.5792e+000 +1.2490e+000 +4.7015e+000 -4.4611e+000 +1.3805e+000 +2.9201e-001 -2.5137e+000 +3.0482e+000
4 +1.953501389e+006 +1.953501389e+006 +1.953478839e+006 +1.953478839e+006 -2.0622e+000 -3.1932e+000 +3.7381e+000 +6.5931e-002 -4.3264e+000 -4.4308e-001 -2.9976e+000 -4.7752e+000 -4.2612e+000 +1.0711e+000 +4.2859e+000 -1.7751e+000 -4.7460e+000 +1.0326e+000 +9.4860e-001 -7.4509e-001 -1.5183e+000 +4.9543e+000 +4.4481e+000 -4.1591e+000
8 +1.219594983e+004 +1.219594983e+004 +1.217339983e+004 +1.217339983e+004 +2.6311e+000 -3.9177e+000 +1.1257e+000 +1.7859e+000 -1.8228e+000 -3.9283e-002 +3.3311e+000 +3.5752e+000 -1.8939e-001 +1.7370e+000 -4.9489e-001 -3.5242e-001 -2.3211e+000 +4.4947e+000 +2.2307e+000 +3.0923e+000 -8.4529e-001 +4.6906e+000 -4.6486e+000 -9.1150e-001
9 +1.859762127e+003 +1.859762127e+003 +1.837212127e+003 +1.837212127e+003 -9.6993e-001 +2.8277e+000 -3.1506e+000 -3.9192e+000 +1.1628e+000 -8.1360e-001 -2.0127e+000 -1.0199e+000 +5.3440e-001 +1.3320e+000 +1.7530e+000 -3.3997e-001 +3.4990e+000 +5.7900e-001 -9.9952e-001 -1.3147e+000 +4.0270e+000 -2.4230e+000 +3.6267e+000 +2.5024e+000
53 +1.112865361e+003 +1.112865361e+003 +1.090315361e+003 +1.090315361e+003 -1.7906e+000 +4.5959e+000 -2.9504e+000 -2.7048e+000 +5.6939e-001 -2.0084e-001 -1.2084e-001 -3.2776e-001 +1.8746e+000 -4.1237e-001 +3.4217e+000 -3.1661e+000 +5.0815e+000 -9.6900e-001 -1.3208e+000 -6.5639e-001 +3.7735e+000 -2.2935e+000 +3.0723e+000 +1.3459e+000
128 +1.666570832e+002 +1.666570832e+002 +1.441070832e+002 +1.441070832e+002 -1.8718e+000 +5.1644e+000 -1.9559e+000 +1.1064e-003 -6.1213e-001 +1.5696e+000 -1.9870e+000 -1.1930e+000 +2.3936e+000 +6.4839e-001 +1.4286e+000 +2.9815e-001 +5.9373e+000 -1.4452e+000 -4.9244e-002 +1.3534e+000 +6.5678e+000 -1.6392e+000 +4.1041e+000 +9.7336e-001
749 +1.346740724e+002 +1.346740724e+002 +1.121240724e+002 +1.121240724e+002 -5.1648e-001 +2.2595e+000 -2.1059e+000 -1.4382e+000 -5.9512e-001 +1.1170e+000 -1.5591e+000 -3.9263e+000 +3.5389e+000 +1.6878e+000 -4.5964e-002 -6.7248e-002 +3.6848e+000 -1.6993e+000 -2.2299e+000 +7.9509e-002 +5.6335e+000 -1.1913e+000 +3.1253e+000 +5.0297e-001
1495 +7.769695604e+001 +7.769695604e+001 +5.514695604e+001 +5.514695604e+001 +8.7273e-001 -1.7281e+000 -1.6110e+000 -3.0529e+000 +2.6594e-001 -1.3396e-001 -1.3738e+000 -4.4575e+000 +1.4990e+000 +3.1360e+000 -6.5346e-001 -8.6005e-001 +3.0001e+000 -1.8113e+000 -1.5205e+000 -1.2758e+000 +2.2256e+000 -1.7212e+000 +1.8830e+000 +3.2525e-001
3159 +6.269497875e+001 +6.269497875e+001 +4.014497875e+001 +4.014497875e+001 +1.1825e+000 +1.0900e-001 -8.8387e-001 -1.7048e-001 -2.2669e-001 +6.0800e-001 +3.2418e-001 -3.4580e+000 +1.6058e+000 +2.9960e+000 +2.9998e-002 +2.8376e-001 +2.2863e+000 -1.6324e+000 -2.6282e+000 +4.8007e-003 +3.3397e+000 +1.0139e-001 +6.4067e-001 +4.9470e-001
% function evaluation | noise-free fitness - Fopt (1.366000000000e+001) | best noise-free fitness - Fopt | measured fitness | best measured fitness | x1 | x2...
1 +2.221556127e+004 +2.221556127e+004 +2.222922127e+004 +2.222922127e+004 +3.0846e+000 -2.0741e+000 +3.8341e+000 -4.6263e+000 +2.4744e+000 +1.8419e+000 -2.9031e-001 +2.6358e+000 +1.5337e+000 -1.4868e+000 -4.3106e+000 -2.7274e-001 -4.3108e+000 +4.5337e+000 +3.8943e+000 +2.3456e-001 -4.3915e+000 +3.2495e+000 +2.8094e+000 -3.1073e+000
17 +1.401188644e+004 +1.401188644e+004 +1.402554644e+004 +1.402554644e+004 +4.1969e+000 +2.1604e+000 +1.6793e+000 +2.2698e-001 +3.1081e+000 -3.5012e+000 +4.8569e+000 +2.1781e-001 +2.5587e+000 -2.4040e+000 +3.4688e+000 +4.2805e-001 -1.3881e+000 +1.2395e+000 -2.6583e+000 +3.2106e+000 -3.3297e+000 +3.1194e+000 +1.9427e-002 -2.1183e+000
70 +1.238687632e+003 +1.238687632e+003 +1.252347632e+003 +1.252347632e+003 -8.3796e+000 -4.8931e+000 -1.4189e+000 -2.7811e-001 +1.9281e+000 -5.6079e-001 +4.4229e+000 +4.9432e+000 -5.1810e-001 +3.2606e+000 +9.3028e-001 -4.4491e+000 +4.5400e+000 +1.4310e+000 +3.2917e-001 -8.5974e-001 +2.6800e+000 +4.2281e-001 -2.4265e+000 -7.5261e-002
526 +6.818114887e+002 +6.818114887e+002 +6.954714887e+002 +6.954714887e+002 +1.3214e+000 +3.8252e+000 -1.5339e+000 +1.6131e+000 +4.9150e+000 -6.4959e-003 +2.0806e+000 +1.5276e+000 -1.7534e+000 +3.1108e+000 +3.2073e+000 -1.1517e+000 +4.4063e+000 -6.0132e-001 -1.4019e+000 +4.8005e-001 +9.1502e-001 +3.5133e+000 +9.0913e-001 -4.0417e-001
620 +4.384142477e+002 +4.384142477e+002 +4.520742477e+002 +4.520742477e+002 +2.3330e-001 +5.9249e+000 -2.3773e+000 +2.4175e+000 +5.8618e+000 -1.0848e+000 +2.7971e+000 +5.8530e+000 +8.0173e-001 +2.2724e+000 +3.4335e+000 +1.0017e-001 +4.9546e+000 -4.6795e-001 +4.8519e-001 -1.7850e+000 +1.2117e+000 +4.7355e+000 +2.7194e+000 +1.1054e+000
1051 +3.510690742e+002 +3.510690742e+002 +3.647290742e+002 +3.647290742e+002 -2.1537e+000 -1.8312e+000 -5.6352e-001 +4.5118e+000 +1.8154e+000 -7.4009e+000 -2.8057e+000 -1.0015e+000 -2.4397e+000 +1.6243e+000 -1.5042e+000 +7.0290e+000 +4.1069e+000 +5.0562e-002 +2.9646e+000 -5.7551e+000 -1.0971e+000 -1.1253e-001 -4.5041e-001 +3.4757e+000
1669 +2.254979867e+002 +2.254979867e+002 +2.391579867e+002 +2.391579867e+002 -2.8564e+000 +1.6385e+000 +1.2674e+000 +3.3511e+000 -1.5222e+000 -2.1265e+000 +1.9914e+000 +5.1407e-003 -6.1457e-001 +3.4505e+000 -1.7009e+000 +2.2284e+000 +2.8077e+000 +2.3723e+000 +1.1484e+000 -5.0452e+000 +2.0329e-001 -1.5263e+000 +2.6780e+000 -6.1878e-001
2077 +1.478304269e+002 +1.478304269e+002 +1.614904269e+002 +1.614904269e+002 -4.1658e+000 +6.4472e+000 +4.8518e+000 +3.8602e+000 -3.7723e+000 -7.9070e-001 +2.9178e+000 -1.4284e+000 -8.5416e-001 -2.3413e+000 -2.6583e+000 -1.4846e+000 +1.9990e-001 +3.9265e-001 +4.4143e-002 -3.0304e+000 +4.7510e-001 -4.1989e+000 +9.3042e-001 -2.6445e+000
3466 +9.773089741e+001 +9.773089741e+001 +1.113908974e+002 +1.113908974e+002 +4.7155e-001 +6.7514e+000 +5.2901e+000 +2.7002e+000 -1.7209e+000 -1.9605e+000 +3.1844e+000 -2.2136e+000 +9.4930e-001 -1.9914e+000 -1.6453e+000 +1.6846e+000 -8.0781e-001 -5.1325e-001 +1.6319e+000 -1.5595e+000 -6.9498e-001 -6.2737e+000 +1.8654e+000 +1.0397e+000
7558 +6.210542591e+001 +6.210542591e+001 +7.576542591e+001 +7.576542591e+001 +5.3176e-001 +5.8895e+000 +4.6396e+000 +4.5442e-001 -1.4668e+000 -3.3966e+000 +1.7293e+000 -2.4886e+000 +1.9480e+000 -2.5646e+000 -2.6786e+000 +3.3255e+000 -3.3830e-001 -1.1011e+000 +1.2962e+000 -9.2537e-001 -8.4857e-001 -6.1881e+000 -1.0463e-001 +8.0713e-001
% function evaluation | noise-free fitness - Fopt (9.378400000000e+002) | best noise-free fitness - Fopt | measured fitness | best measured fitness | x1 | x2...
1 +4.409251741e+006 +4.409251741e+006 +4.410189581e+006 +4.410189581e+006 +3.6637e+000 -1.2987e-001 -2.6906e+000 +3.0801e+000 +3.7663e+000 +3.3971e-001 -4.4395e+000 -4.6954e-001 +2.5929e+000 -4.0526e+000 -1.4566e+000 +8.2637e-002 -3.1120e+000 -4.8935e+000 +2.4468e+000 -1.5045e+000 +2.0790e+000 +1.0142e+000 +4.4728e+000 -4.3833e+000
4 +1.133963817e+006 +1.133963817e+006 +1.134901657e+006 +1.134901657e+006 +2.3387e+000 +3.6931e+000 +1.4688e+000 +3.2059e+000 -1.0646e+000 +6.0759e-001 -9.2241e-001 -4.7950e+000 +1.9321e+000 +4.7524e+000 -4.3440e+000 -8.6097e-001 -4.9873e+000 -3.1506e+000 -1.0339e+000 +4.9804e+000 -4.2184e+000 -7.2331e-001 -6.4104e-001 -3.6215e+000
7 +1.870869108e+004 +1.870869108e+004 +1.964653108e+004 +1.964653108e+004 -4.5979e+000 -2.0651e+000 +1.7087e+000 -9.0320e-001 -1.5639e+000 -9.5361e-001 -3.5522e+000 -1.8964e+000 -2.1524e+000 +4.4143e+000 -8.4620e-001 +2.5691e+000 +2.1582e-001 -2.9551e+000 -1.1738e-001 +2.6877e+000 +4.0164e+000 -2.3811e+000 +1.7362e+000 +9.4069e-002
56 +1.269035381e+003 +1.269035381e+003 +2.206875381e+003 +2.206875381e+003 -7.3043e+000 -4.2925e+000 -3.1485e-002 +7.5228e-001 -5.9828e-001 -3.3826e-001 -9.2447e-001 -1.6034e+000 -5.6255e+000 +6.7977e+000 +2.1655e-001 +4.0620e+000 +8.5499e-002 -6.2924e-001 -1.4753e+000 +4.9333e+000 +5.9483e+000 -5.5116e-002 +4.5160e+000 -1.1340e+000
67 +4.026564070e+002 +4.026564070e+002 +1.340496407e+003 +1.340496407e+003 -3.0167e+000 -4.3682e+000 +1.9811e+000 +1.8256e+000 +4.7612e+000 +2.6855e+000 -2.2413e+000 -2.8062e+000 +4.0153e+000 -2.7621e+000 -3.0838e+000 -6.7851e+000 -4.7734e+000 +7.8759e+000 -3.7576e+000 -1.3813e+000 +4.1417e+000 +5.1115e+000 -1.4487e+000 -5.4249e+000
237 +1.545613457e+002 +1.545613457e+002 +1.092401346e+003 +1.092401346e+003 +1.7761e+000 +1.2846e+000 +3.7093e+000 -7.8313e+000 -2.0455e+000 +4.7516e+000 -5.5446e+000 +1.0161e+000 +4.2885e+000 -1.7185e+000 -4.8707e+000 -1.1007e+000 -4.2755e+000 +1.7288e+000 -3.0118e+000 +8.2850e-001 -3.1609e+000 -2.6292e+000 -2.8018e+000 -3.9722e+000
2002 +9.705024372e+001 +9.705024372e+001 +1.034890244e+003 +1.034890244e+003 -1.0723e+000 +3.6322e+000 +2.2034e+000 -4.2541e+000 -2.9609e+000 +4.0645e+000 -3.2735e+000 +8.7755e-001 -1.1329e+000 +9.4516e-001 -2.2333e+000 -1.3910e+000 -2.1984e+000 -2.9018e-001 -1.4898e+000 +6.6539e-001 -3.0419e+000 -1.7147e+000 -4.2817e+000 -4.1010e+000
2828 +6.226241877e+001 +6.226241877e+001 +1.000102419e+003 +1.000102419e+003 +5.3935e-001 +4.5851e+000 +2.3316e+000 -3.0731e+000 +1.2904e-002 +2.4689e+000 -1.1397e+000 +1.6273e+000 +3.6399e+000 +1.9298e+000 -3.2882e+000 -2.6853e+000 -3.9956e+000 +1.2305e+000 -3.3674e+000 -1.7591e-001 -1.1779e+000 -1.1573e+000 -1.7535e+000 -3.6298e+000
4961 +3.978980626e+001 +3.978980626e+001 +9.776298063e+002 +9.776298063e+002 -5.4394e-002 +4.1750e+000 +1.9789e+000 -2.7088e+000 -1.9065e+000 +2.3603e+000 -5.7531e-001 +2.5749e+000 +3.0433e+000 +2.3955e+000 -3.2588e+000 -1.9401e+000 -3.4068e+000 +2.3917e+000 -2.5910e+000 +3.7689e-001 -8.5656e-001 -1.5590e+000 -1.8868e+000 -2.7138e+000
% function evaluation | noise-free fitness - Fopt (-7.872000000000e+001) | best noise-free fitness - Fopt | measured fitness | best measured fitness | x1 | x2...
1 +2.331527472e+006 +2.331527472e+006 +2.331448752e+006 +2.331448752e+006 -1.7841e+000 -1.2233e+000 -1.5266e+000 +1.4324e+000 +3.5344e+000 -2.4823e+000 +3.4697e+000 -2.3005e+000 -1.0616e+000 +3.9204e-001 -4.6808e+000 +1.1752e+000 -3.3086e+000 -3.9927e+000 +2.1926e+000 +8.3796e-001 +2.5281e+000 -4.6777e+000 -2.5996e+000 -3.3237e+000
8 +8.969938557e+005 +8.969938557e+005 +8.969151357e+005 +8.969151357e+005 +1.8998e+000 +1.2769e+000 +4.2247e+000 -3.2875e+000 -2.7065e-001 -2.2679e+000 -2.2581e+000 +3.3614e-001 -3.1706e+000 -1.7525e+000 -3.2190e+000 -1.5842e+000 +1.3058e+000 -2.6266e+000 -3.6365e+000 +3.2072e+000 +2.9437e+000 -1.5190e+000 -6.4576e-001 -2.7429e+000
39 +2.401679653e+005 +2.401679653e+005 +2.400892453e+005 +2.400892453e+005 +4.8048e+000 -2.2983e+000 +1.0918e+000 -4.0386e+000 +4.7607e+000 -1.7470e+000 -3.8874e+000 -4.2650e+000 -2.2318e+000 +1.9004e+000 -7.2532e-001 -4.4602e+000 +3.6298e+000 +1.5499e+000 -1.5263e+000 +3.0557e+000 -4.5143e+000 -3.6966e+000 +5.6022e-001 +4.3514e+000
58 +2.707244126e+003 +2.707244126e+003 +2.628524126e+003 +2.628524126e+003 -2.1901e+000 +5.6114e+000 +2.5555e+000 -1.1441e+000 -2.7656e+000 +1.4130e+000 +4.8440e+000 +4.0905e+000 +2.9053e+000 +5.1949e+000 -3.1189e+000 +3.2210e+000 -2.1197e+000 -1.7247e+000 -4.1896e+000 -1.1613e+000 -5.0925e+000 -4.0882e+000 +7.2926e-003 +6.9117e-001
182 +1.165163818e+003 +1.165163818e+003 +1.086443818e+003 +1.086443818e+003 -8.0841e-001 +6.0917e+000 -4.2724e-001 +7.7474e-001 -6.2378e+000 +1.4843e+000 +8.4484e+000 +5.3722e+000 -7.5650e-001 -3.6927e+000 -1.7671e+000 +1.8707e+000 -1.4306e+000 -4.7361e+000 -3.2160e+000 +2.6930e+000 -1.1145e+000 -3.5886e+000 -1.9809e+000 -2.1998e+000
229 +7.160124980e+002 +7.160124980e+002 +6.372924980e+002 +6.372924980e+002 +3.5268e+000 +2.1033e+000 -9.1052e-001 +5.5913e+000 +1.0209e+000 -6.4329e-001 -4.0431e-001 +3.8263e+000 +1.6286e+000 -2.6030e+000 +7.6023e-001 +2.8313e+000 -7.3496e-003 -4.9672e+000 -5.5789e+000 -1.6876e+000 -1.2982e+000 +9.8787e-001 -4.4001e+000 -5.4724e+000
299 +2.560440412e+002 +2.560440412e+002 +1.773240412e+002 +1.773240412e+002 +1.7253e+000 +6.5950e+000 +1.3213e+000 +4.4887e+000 +1.7146e+000 -1.5367e+000 +2.5068e-001 +6.4892e-001 +1.4066e+000 -6.0512e+000 +6.0017e-001 +3.7616e+000 +8.9678e-001 -3.2648e+000 -3.9607e+000 -2.1811e+000 -1.1784e+000 -1.0525e+000 +8.2495e-001 -5.2148e+000
973 +2.105848449e+002 +2.105848449e+002 +1.318648449e+002 +1.318648449e+002 +1.9493e+000 +6.7862e+000 +1.2099e+000 +4.6258e+000 +1.6284e+000 -1.4256e+000 +1.6926e-001 +8.6489e-001 +1.5830e+000 -6.1518e+000 +6.8343e-001 +3.6460e+000 +7.8439e-001 -3.4764e+000 -4.1619e+000 -2.1197e+000 -1.2415e+000 -8.2459e-001 +6.7958e-001 -5.3672e+000
1032 +1.362335013e+002 +1.362335013e+002 +5.751350132e+001 +5.751350132e+001 -3.5322e-001 +1.0686e+000 -1.7215e+000 -2.7780e+000 +9.5768e-002 -1.3399e+000 +2.5893e+000 +2.0838e+000 +1.8944e-001 -1.1926e+000 -2.7714e+000 +3.1738e+000 +2.4565e+000 +1.3634e+000 -6.8255e-001 +3.3292e+000 -5.0464e+000 +3.6137e+000 -7.5083e-001 -2.2729e-001
1630 +9.690221010e+001 +9.690221010e+001 +1.818221010e+001 +1.818221010e+001 +1.8180e+000 +3.5976e+000 -8.1687e-001 -9.7089e-001 -3.7863e-001 -1.8059e+000 +1.9771e+000 +2.0636e+000 +1.0835e+000 -2.6683e+000 -2.0503e+000 +1.4892e+000 +2.5999e+000 +3.7544e-001 -1.8907e+000 +2.1717e+000 -3.1781e+000 +1.9962e+000 -4.0570e-002 -1.0755e+000
3205 +6.305830736e+001 +6.305830736e+001 -1.566169264e+001 -1.566169264e+001 +1.7505e+000 +1.8429e+000 -1.9850e+000 +1.3699e+000 -1.0571e+000 -2.4390e+000 +1.3547e+000 +3.4121e+000 +4.4705e-001 -3.8438e+000 -1.8712e+000 +2.2413e+000 +1.7656e+000 +8.5463e-001 -3.8724e+000 -2.4375e-001 -3.5440e+000 +1.8084e+000 +1.6427e+000 -2.0565e-001
6100 +3.978694965e+001 +3.978694965e+001 -3.893305035e+001 -3.893305035e+001 +3.2297e+000 +9.5781e-001 -1.5157e+000 +5.4677e-001 -3.1978e-001 -2.7559e+000 +4.4124e-001 +9.8304e-001 +8.7240e-001 -3.3580e+000 -1.8408e+000 +1.7393e+000 +2.7866e-001 -2.3523e-001 -3.7593e+000 -8.0951e-001 -2.6681e+000 +1.5731e+000 +2.8364e+000 -1.7760e-001
% function evaluation | noise-free fitness - Fopt (6.997000000000e+001) | best noise-free fitness - Fopt | measured fitness | best measured fitness | x1 | x2...
1 +7.079205868e+006 +7.079205868e+006 +7.079275838e+006 +7.079275838e+006 +3.3213e+000 -3.9861e+000 -1.1637e+000 +4.5732e+000 -8.2713e-001 -1.4022e-001 +4.4561e+000 -4.9810e+000 -6.2372e-001 -1.9012e-001 +6.5487e-001 -1.5664e+000 +6.7953e-001 -2.9333e+000 +5.3082e-001 +9.0204e-001 -1.1075e+000 -1.3011e+000 -1.3318e+000 -2.4760e+000
3 +2.195066557e+006 +2.195066557e+006 +2.195136527e+006 +2.195136527e+006 +1.8512e+000 +2.8864e+000 -1.9590e+000 -1.8953e+000 +7.3188e-001 +9.0342e-001 -3.7288e+000 -2.9593e+000 -2.9858e+000 -1.1390e+000 +1.0635e-001 -3.9033e+000 -1.8979e+000 -1.7568e+000 -2.0170e+000 +2.6520e+000 +2.6658e-001 +2.0205e+000 +1.1876e+000 +1.6254e+000
6 +1.260991671e+006 +1.260991671e+006 +1.261061641e+006 +1.261061641e+006 +1.5922e+000 +4.5048e+000 +1.4173e+000 +2.6224e+000 -2.1940e-001 +4.4296e+000 -1.2008e+000 -3.7139e-001 -1.5018e-001 -1.4290e+000 +2.3978e+000 -1.8748e+000 -3.2799e+000 +2.6210e+000 +3.3390e+000 +1.2474e+000 -2.6262e+000 -1.0126e+000 +4.8734e+000 -1.9807e+000
32 +4.264436054e+005 +4.264436054e+005 +4.265135754e+005 +4.265135754e+005 +1.9222e+000 -3.3527e-001 -8.3229e-001 -2.8136e+000 -2.3493e+000 -3.5429e+000 -4.7055e+000 -3.9578e+000 -4.6306e+000 -4.4295e+000 +4.4784e+000 +9.2076e-001 -3.1108e+000 +1.9917e+000 +1.6313e+000 -1.1448e+000 -2.3749e+000 +3.7999e+000 +3.5729e+000 +2.3870e+000
35 +1.941225753e+005 +1.941225753e+005 +1.941925453e+005 +1.941925453e+005 +4.8184e+000 +4.3543e+000 -1.9419e+000 -1.0371e+000 +3.1912e+000 -2.1227e+000 -3.2382e+000 -4.3306e+000 +3.0799e+000 -4.5558e+000 -4.0658e+000 +9.6844e-001 -2.0977e+000 -3.3853e-001 -9.8146e-001 -8.8827e-001 +3.6470e+000 +4.3956e+000 -1.1047e+000 -3.5255e+000
68 +4.031167899e+004 +4.031167899e+004 +4.038164899e+004 +4.038164899e+004 -5.4534e+000 +3.8427e+000 +3.3996e+000 +1.3841e+000 -5.1347e+000 +3.2156e+000 +1.6281e+000 +1.5917e+000 -1.9241e+000 -3.1046e+000 +2.3318e+000 -5.3332e+000 -1.4304e+000 +3.6670e-002 +3.2912e+000 +4.6355e+000 +3.2282e+000 +9.8731e-001 -1.6403e+000 -1.0314e+000
79 +6.166873510e+002 +6.166873510e+002 +6.866573510e+002 +6.866573510e+002 -8.9435e+000 +4.5866e+000 +1.0371e+000 +2.9368e+000 -4.2397e+000 +5.7804e+000 +1.3918e+000 -7.7800e-001 -3.7591e+000 -3.1187e+000 +3.6370e+000 -3.8412e+000 -2.9449e+000 +2.4968e+000 +5.6417e+000 +5.4117e+000 +2.1394e+000 -7.9333e-002 -3.6959e+000 -2.8855e+000
1509 +3.890228406e+002 +3.890228406e+002 +4.589928406e+002 +4.589928406e+002 +1.7298e+000 +3.7202e+000 +1.1041e-001 +2.5444e+000 -3.1062e+000 +5.5334e+000 +2.1815e+000 +4.2240e+000 +2.2118e-002 -1.3176e+000 +3.1198e+000 -4.8275e+000 -5.4388e+000 -7.1625e-001 -2.3235e+000 +3.4600e+000 +2.5068e+000 +1.1399e+000 -5.9731e+000 +7.6058e+000
2052 +2.349187602e+002 +2.349187602e+002 +3.048887602e+002 +3.048887602e+002 +2.4512e+000 +2.4159e-001 -7.8049e-001 +1.9841e+000 +4.2948e+000 -3.9722e+000 -3.6158e+000 +6.3907e+000 -1.2597e-001 -2.5357e+000 +2.2575e+000 -2.4437e+000 -3.4393e+000 +6.9963e-001 -1.3478e+000 +2.8067e+000 -3.0305e+000 -4.5779e+000 +1.7435e-001 +7.8619e+000
3040 +1.556199387e+002 +1.556199387e+002 +2.255899387e+002 +2.255899387e+002 +3.8537e+000 -3.5839e+000 -1.0387e+000 -2.8607e-001 +3.4184e+000 -2.1976e+000 +1.1248e+000 +3.0056e+000 +3.5943e+000 +1.9992e-001 +3.8392e+000 -4.6459e+000 -2.6667e+000 -5.8303e-002 -5.6190e+000 -3.1623e-001 -3.5100e-002 -3.3675e+000 -5.8612e-001 +8.2887e+000
3535 +9.710996822e+001 +9.710996822e+001 +1.670799682e+002 +1.670799682e+002 -1.7743e+000 -1.9397e+000 -7.1273e-001 +1.0998e+000 +3.4417e-001 -2.4254e+000 +1.8000e+000 +1.0754e+000 +2.9284e+000 -2.8537e+000 +3.2104e+000 -2.0748e+000 -1.1334e+000 +2.1299e+000 -2.8559e+000 +2.7728e-001 -1.1176e-001 -3.6244e+000 -1.4426e+000 +1.1255e+000
5270 +6.294381373e+001 +6.294381373e+001 +1.329138137e+002 +1.329138137e+002 +8.6756e-001 -2.7737e+000 -1.0926e+000 +4.7231e-001 +2.5773e+000 -3.8118e+000 +1.9644e+000 +2.9475e+000 +2.4233e+000 -1.8261e+000 +2.0268e+000 -2.4165e+000 +2.1016e-001 +1.2523e+000 -2.7382e+000 -9.8955e-001 -1.2401e+000 -2.9037e+000 +9.9609e-002 +1.7824e+000
7122 +3.930620784e+001 +3.930620784e+001 +1.092762078e+002 +1.092762078e+002 +2.9545e+000 -3.7940e+000 -3.7898e-001 +4.1484e-001 +1.9432e+000 -2.6229e+000 +2.8093e-001 +1.8437e-001 +3.5539e+000 -1.9123e+000 +2.1749e+000 -2.5889e+000 +4.2102e-001 +1.3361e+000 -3.7467e+000 -1.2403e+000 -4.0381e-001 -3.5423e+000 -1.6156e-001 +2.6326e+000
% function evaluation | noise-free fitness - Fopt (9.791400000000e+002) | best noise-free fitness - Fopt | measured fitness | best measured fitness | x1 | x2...
1 +2.678884056e+007 +2.678884056e+007 +2.678981970e+007 +2.678981970e+007 -4.7880e+000 +4.7486e+000 -2.2879e+000 +2.1922e+000 +1.3628e+000 -1.4542e-001 +2.9253e+000 +1.8995e+000 +4.9795e+000 +3.3510e+000 -4.3767e+000 -5.2515e-001 +7.9669e-001 -4.5024e+000 +2.3316e+000 +5.7607e-001 -3.9969e+000 +3.8941e+000 +2.1346e+000 -1.7991e-001
3 +9.412984526e+006 +9.412984526e+006 +9.413963666e+006 +9.413963666e+006 -3.2073e+000 -4.4525e+000 +4.2861e+000 +2.3179e+000 +9.3505e-001 -2.3569e+000 +3.1882e+000 -3.8558e+000 +1.5156e+000 -2.7611e+000 -3.4334e+000 +2.5707e+000 -3.1877e+000 -8.9322e-002 +3.9164e+000 -3.3567e+000 -1.6982e+000 +1.5395e+000 -1.5980e+000 +2.2248e+000
4 +2.027114491e+006 +2.027114491e+006 +2.028093631e+006 +2.028093631e+006 +1.1282e-001 +3.3439e+000 +1.9805e+000 +2.5639e+000 +2.3581e+000 -3.6537e+000 +1.0751e+000 +4.0489e+000 -3.6707e-001 -4.2070e+000 -3.3498e-002 -2.2288e+000 -6.1716e-001 -1.0497e+000 -3.3043e+000 -1.8768e+000 +3.5053e+000 +1.4039e+000 -1.5003e+000 -4.9969e+000
6 +2.050467391e+005 +2.050467391e+005 +2.060258791e+005 +2.060258791e+005 -4.0265e+000 -5.2102e-001 +2.2019e+000 +4.9382e+000 +1.8226e+000 -3.3880e-001 +4.7845e-003 -3.9935e+000 -4.9664e+000 +4.5273e+000 +3.5009e+000 +1.7702e+000 +5.8162e-001 -1.0548e+000 -2.6318e+000 +4.5677e+000 +4.5518e+000 -1.8946e+000 +1.9377e+000 -2.2726e+000
7 +4.959826466e+004 +4.959826466e+004 +5.057740466e+004 +5.057740466e+004 -1.6740e+000 -3.1785e+000 -1.3286e+000 +3.5404e-001 -7.5422e-002 -4.1932e+000 +4.6460e+000 +1.0863e+000 -3.7118e-001 +3.6168e-001 +4.8223e+000 -7.6662e-001 +3.8230e+000 +3.2202e+000 +2.3336e+000 -2.7873e+000 +3.9860e+000 +4.7337e+000 -3.5084e+000 -2.8274e+000
25 +2.081671579e+004 +2.081671579e+004 +2.179585579e+004 +2.179585579e+004 -2.2721e+000 -3.7502e+000 -4.4633e+000 -1.0290e+000 +4.4102e+000 -3.8540e+000 +3.0128e+000 -1.4398e+000 +8.8071e-001 -3.1992e+000 -3.8562e+000 -1.6288e+000 -2.6884e+000 -2.7826e+000 -5.7206e-001 -1.9808e+000 -7.2027e-001 -2.5929e+000 -4.6753e+000 -4.1446e+000
36 +4.222550623e+003 +4.222550623e+003 +5.201690623e+003 +5.201690623e+003 +1.9457e+000 -4.2410e+000 +2.7425e+000 +4.1665e+000 +3.8837e+000 -3.8560e+000 -4.6413e+000 +4.9664e+000 -1.0031e+000 -7.5471e-001 +1.9572e+000 -3.4013e-001 +3.9018e+000 +1.6613e+000 -1.1659e+000 +1.6079e+000 +6.5235e-001 +4.6882e+000 +7.8916e-001 +3.7553e+000
52 +5.080305446e+002 +5.080305446e+002 +1.487170545e+003 +1.487170545e+003 -4.7880e+000 -1.6763e+000 -3.1568e+000 -2.8349e+000 +1.3628e+000 -1.4542e-001 -1.6140e+000 -4.5220e+000 +4.9795e+000 -1.5809e+000 -6.2873e-001 -5.2515e-001 +7.9669e-001 -4.5024e+000 +2.3316e+000 +9.3862e-001 -3.9969e+000 +2.8942e+000 +2.1346e+000 -1.7991e-001
191 +3.916971569e+002 +3.916971569e+002 +1.370837157e+003 +1.370837157e+003 -3.9138e+000 -5.3321e+000 -2.9515e+000 -1.8031e+000 +4.3536e+000 +1.6135e-001 -2.0279e+000 -2.7864e+000 +5.6473e+000 -1.5256e+000 +2.2330e-001 -3.7043e+000 -3.2134e+000 -3.8105e+000 +2.4530e+000 -4.3406e+000 -3.6736e+000 +4.4958e+000 +1.0005e+000 -2.2185e-001
968 +2.194186258e+002 +2.194186258e+002 +1.198558626e+003 +1.198558626e+003 -4.9407e+000 -3.7972e+000 +2.3899e-001 -3.0791e+000 -3.2609e+000 +4.1995e-001 +3.4040e+000 +1.0366e+000 -1.4900e+000 +3.1182e+000 -2.8395e+000 -3.8811e+000 +6.6393e-001 -1.2873e+000 -1.7112e+000 -2.5077e+000 -1.6926e+000 -1.9705e+000 -1.8705e+000 -6.4049e-001
1953 +1.457530354e+002 +1.457530354e+002 +1.124893035e+003 +1.124893035e+003 -1.7469e+000 -3.5985e+000 +1.6481e+000 -7.5992e-001 -8.2981e-001 -3.1828e-001 +2.1599e+000 +2.0328e+000 -1.1242e+000 +1.4565e+000 -2.4878e-001 -5.5398e+000 +2.7064e-001 +2.4885e+000 -2.9614e+000 -1.8382e+000 -7.5549e-001 -1.4846e-001 -1.4885e+000 +3.3004e+000
3178 +9.958460486e+001 +9.958460486e+001 +1.078724605e+003 +1.078724605e+003 -1.5355e+000 -2.0271e+000 +4.2445e-001 +8.2086e-002 -5.9997e-001 +9.9863e-003 +8.1758e-001 +2.4133e+000 -3.1417e+000 +9.4108e-001 +9.3750e-001 -5.3553e+000 +1.3363e+000 +4.7438e-001 -1.9165e+000 -3.0137e+000 -1.2908e-001 -2.0329e+000 -2.0651e+000 +3.2953e+000
5961 +6.262374611e+001 +6.262374611e+001 +1.041763746e+003 +1.041763746e+003 +4.9013e-001 -1.1984e+000 +1.2463e+000 -3.5072e-001 +1.1243e-001 -1.1563e+000 +1.6973e+000 +2.3842e+000 -3.7689e+000 +1.4827e+000 +7.2610e-001 -5.1291e+000 +1.5513e+000 -2.5130e-001 -2.1473e+000 -4.4062e-002 +1.4565e+000 -4.5649e+000 -1.3789e+000 -1.1060e+000
% function evaluation | noise-free fitness - Fopt (-8.900000000000e-001) | best noise-free fitness - Fopt | measured fitness | best measured fitness | x1 | x2...
1 +6.628283409e+005 +6.628283409e+005 +6.628274509e+005 +6.628274509e+005 -3.1862e-001 -6.2408e-001 -2.5610e+000 -1.4806e+000 -3.0929e+000 -2.9947e+000 +4.0333e-001 -4.0877e+000 -2.9743e+000 +4.8568e+000 +3.3895e+000 -2.5675e+000 +2.5141e+000 +6.1958e-001 -2.8541e+000 -2.2464e+000 -3.8197e+000 +2.5738e+000 +3.3966e-002 -1.5468e+000
22 +3.408907437e+005 +3.408907437e+005 +3.408898537e+005 +3.408898537e+005 +8.0143e-001 +6.7454e-001 -3.5861e+000 -3.6297e+000 -1.4760e-001 +1.0583e+000 -4.8402e+000 -1.3183e+000 -7.5776e-001 -2.6547e+000 +4.5248e+000 +2.6566e+000 +3.6627e+000 -4.2969e+000 -2.6187e-001 -2.0539e+000 -1.2691e+000 +1.8108e+000 +2.5124e+000 -4.5733e+000
60 +1.337203514e+005 +1.337203514e+005 +1.337194614e+005 +1.337194614e+005 -7.0325e-001 -1.4071e+000 +4.1080e+000 +7.9688e-001 +3.5750e+000 -4.9475e+000 +6.6961e+000 +3.5739e+000 -2.9682e-001 -3.7585e+000 -4.5500e+000 +4.1508e+000 -5.9436e+000 -7.4705e+000 +2.2043e+000 -4.4213e+000 -4.4436e+000 -2.8342e+000 -1.5316e-001 -1.1330e+000
89 +7.467209294e+004 +7.467209294e+004 +7.467120294e+004 +7.467120294e+004 -1.0960e+000 -3.4423e+000 +2.3320e+000 +1.1661e+000 +2.3210e+000 -6.7467e+000 +5.7484e+000 +2.4388e+000 +1.5711e+000 -6.5476e+000 -5.2902e+000 +1.3877e+000 -3.8763e+000 -1.0821e+001 +1.4213e+000 -5.5379e+000 -4.5486e+000 -6.6742e-001 +2.4508e+000 -1.0790e+000
113 +5.256786526e+004 +5.256786526e+004 +5.256697526e+004 +5.256697526e+004 +4.3919e+000 +4.5787e+000 +6.1677e+000 +8.4651e-001 +3.3075e+000 +2.7357e+000 +8.3776e-001 +1.3162e+000 +8.2290e-001 -1.0547e+000 -2.3849e+000 -3.5689e+000 -3.5980e+000 -7.6135e+000 -2.8280e+000 +2.7957e+000 +1.4755e+000 +1.0634e+000 +2.4793e+000 +2.7802e+000
125 +1.381963524e+003 +1.381963524e+003 +1.381073524e+003 +1.381073524e+003 -5.0507e+000 -1.9915e+000 +3.1999e-001 -7.4097e-001 -1.7858e+000 +4.6324e+000 -2.9923e+000 -9.3271e-001 -5.1194e-001 -4.1361e+000 +1.5246e+000 +3.0123e+000 +3.9090e+000 -1.1493e+000 -8.7142e-001 -1.2113e+000 +4.3258e+000 -3.0982e+000 -3.2626e+000 +2.4342e+000
442 +5.779816421e+002 +5.779816421e+002 +5.770916421e+002 +5.770916421e+002 -4.5110e+000 -1.9772e+000 +1.5967e+000 -3.1913e+000 -1.3880e+000 +3.9159e+000 -3.1004e+000 -3.9478e-001 +2.3092e-001 -3.7366e+000 +3.9567e+000 +3.0849e+000 +5.7659e+000 -2.4698e-001 -8.2639e-001 -1.0648e+000 +8.3741e+000 -3.4787e+000 +8.8127e-001 +2.1714e+000
788 +3.966714803e+002 +3.966714803e+002 +3.957814803e+002 +3.957814803e+002 +2.5208e-001 -1.3772e+000 +6.3051e+000 -4.3051e+000 +4.1850e+000 -6.2527e+000 +5.5576e+000 +3.9057e+000 +9.6230e-001 -3.0788e+000 -3.4579e-001 +4.3405e+000 -2.1959e+000 -3.8102e+000 +1.9605e+000 -4.2044e+000 +3.9593e+000 -3.8391e+000 +6.8890e+000 -1.6123e+000
1847 +2.263133542e+002 +2.263133542e+002 +2.254233542e+002 +2.254233542e+002 -2.3542e-001 -1.1466e+000 +4.2583e+000 -2.6332e+000 -1.5856e+000 -4.2362e+000 +3.8078e+000 +4.7238e+000 +1.7597e+000 -1.3144e+000 +8.0174e+000 +3.0126e+000 +4.4252e+000 +8.4017e-001 +6.5001e-001 -2.3605e+000 +1.1216e-001 -2.3309e+000 +1.4383e+000 -4.1044e+000
2117 +1.469669699e+002 +1.469669699e+002 +1.460769699e+002 +1.460769699e+002 +2.4317e+000 +2.3259e-001 +2.9149e+000 -3.6093e+000 +1.9105e-003 -3.8930e+000 +3.8644e+000 +1.4586e+000 -1.2093e-002 -3.0359e-001 +6.5274e+000 +2.1315e+000 +4.2787e+000 -2.7265e-001 +3.1117e-001 -2.3832e+000 +3.8161e+000 +3.1644e-001 +5.1801e+000 -1.8879e+000
4090 +9.855834622e+001 +9.855834622e+001 +9.766834622e+001 +9.766834622e+001 +4.1834e+000 +5.0401e+000 +4.3713e+000 -5.5728e+000 -1.2092e-002 +3.9170e-001 +4.7562e+000 +6.2920e-001 +9.8095e-001 +1.5559e+000 +2.8850e+000 -5.9069e-001 +1.5377e+000 -4.3945e+000 +3.2630e+000 -2.2518e-001 +1.0061e+000 +7.3660e-001 +5.1386e+000 -1.6860e+000
6317 +6.308486959e+001 +6.308486959e+001 +6.219486959e+001 +6.219486959e+001 +2.8888e+000 +3.0567e+000 +4.0865e+000 -3.0900e+000 -1.8726e-001 +1.6548e+000 +2.3037e+000 +6.3755e-001 +9.7845e-001 +1.4567e+000 +3.8782e+000 -7.2172e-001 +3.2273e+000 -3.1663e+000 +1.0637e+000 -6.5055e-002 +9.4438e-001 +1.7803e+000 +4.0550e+000 -2.3150e+000
7488 +3.807225526e+001 +3.807225526e+001 +3.718225526e+001 +3.718225526e+001 +3.1235e+000 +1.8569e+000 +4.0449e+000 -2.4968e+000 +9.4747e-001 +1.8284e+000 +2.0909e+000 +4.3048e-001 +8.3032e-001 +2.9299e+000 +1.6264e+000 -2.3149e+000 +1.8106e+000 -3.2154e+000 +6.5791e-001 -6.9756e-001 +3.1328e-001 +1.3790e+000 +3.1459e+000 -1.9033e+000
% function evaluation | noise-free fitness - Fopt (-2.206000000000e+001) | best noise-free fitness - Fopt | measured fitness | best measured fitness | x1 | x2...
1 +2.871836558e+007 +2.871836558e+007 +2.871834352e+007 +2.871834352e+007 -5.9668e-001 +3.3988e+000 +4.7476e+000 -3.6698e+000 -1.1444e+000 +1.2411e+000 -3.5153e+000 +4.7154e+000 +4.8355e+000 +8.0488e-001 -2.3382e+000 +3.0361e+000 -2.0196e-001 -3.6997e+000 -4.6361e+000 +3.2156e+000 -4.4293e+000 -4.3622e+000 +4.1041e+000 +3.1241e+000
3 +2.212130289e+006 +2.212130289e+006 +2.212108229e+006 +2.212108229e+006 -4.7761e+000 -4.0463e+000 -4.6922e+000 -4.8774e+000 -5.7782e-001 -4.9524e+000 -2.1895e+000 +4.4554e+000 +3.2050e+000 +1.1372e+000 +2.9829e+000 -4.7527e+000 +2.3397e+000 +1.9515e+000 -4.8799e+000 +4.8367e+000 -7.6094e-001 -9.0422e-002 +2.2523e+000 +2.7393e+000
4 +6.089239030e+005 +6.089239030e+005 +6.089018430e+005 +6.089018430e+005 +3.5193e+000 +4.4911e+000 -1.3578e+000 +1.2582e+000 +2.3274e+000 -4.9504e+000 -4.9029e+000 +5.1971e-002 -4.6747e+000 -2.9526e+000 +1.1296e+000 +4.9577e-001 -6.6051e-001 +4.2580e+000 -3.7403e+000 +2.3980e+000 -4.4781e+000 +1.1696e+000 -1.3202e+000 +4.0144e+000
10 +1.344879213e+005 +1.344879213e+005 +1.344658613e+005 +1.344658613e+005 +2.9884e+000 -3.4304e+000 +9.5223e-001 +1.4700e+000 -3.4424e-001 -4.2768e+000 -3.0262e+000 +4.2748e+000 +4.6979e+000 -4.0322e+000 +1.4098e+000 +1.4852e-001 +1.8799e+000 -1.9995e-001 -1.8878e-001 -4.6984e+000 -1.1756e+000 -2.9356e+000 -4.3976e+000 -1.4493e+000
61 +5.164527564e+004 +5.164527564e+004 +5.162321564e+004 +5.162321564e+004 +2.7637e+000 -3.5759e+000 +3.7189e+000 -4.0242e-001 +1.7923e+000 -4.9714e+000 -3.1707e+000 +2.4248e+000 +3.4706e+000 -6.4699e+000 +1.6950e+000 +3.2598e-001 -1.9710e-001 -2.8238e+000 +2.5005e+000 -4.3410e+000 -3.6241e+000 -7.0047e-001 -4.7850e+000 -3.0509e+000
66 +1.715361973e+004 +1.715361973e+004 +1.713155973e+004 +1.713155973e+004 -2.0526e-001 -1.0326e+000 +3.7793e+000 +1.3931e+000 +1.6841e+000 -3.0646e+000 -4.6019e+000 +2.7198e+000 +3.3391e+000 -8.4489e+000 -1.3972e+000 -1.8640e+000 -1.1516e+000 -2.8689e-001 +6.1989e+000 -3.3023e+000 -3.7428e+000 -1.1584e+000 -4.1711e+000 -5.3161e+000
98 +7.198718966e+002 +7.198718966e+002 +6.978118966e+002 +6.978118966e+002 +3.8548e+000 -1.0489e+000 -1.7929e+000 -5.4961e+000 +5.9464e-001 -6.9929e+000 -7.3626e-001 -2.4222e+000 -4.2550e-001 +4.7079e+000 +1.2031e+000 -1.4500e+000 -3.7858e+000 -9.7403e-002 -1.4310e+000 +1.4377e+000 -4.9432e+000 +3.2974e+000 -2.8023e+000 -4.4984e+000
356 +3.030601885e+002 +3.030601885e+002 +2.810001885e+002 +2.810001885e+002 -6.7490e-001 -3.7857e+000 -1.1430e-001 -2.4677e+000 -9.8238e-003 -6.2900e+000 +1.5462e+000 -2.3270e+000 +2.1719e-001 +1.7150e-001 -4.0257e+000 +3.5340e-001 +1.1896e+000 +4.0098e+000 -4.5776e-002 +7.3071e+000 -2.7525e+000 -2.2788e-001 -3.8766e+000 +3.2318e+000
847 +2.474980545e+002 +2.474980545e+002 +2.254380545e+002 +2.254380545e+002 -1.5540e+000 -3.4849e+000 +2.7335e+000 -2.7701e+000 -5.2565e-001 -4.4301e+000 +1.2829e+000 -2.4039e+000 +1.2726e+000 +5.2604e+000 -5.1030e+000 -9.3429e-001 +3.9843e-001 +4.5763e+000 +8.1092e-001 +9.3976e+000 -7.0937e+000 -8.7885e-001 -6.5310e+000 -2.7357e+000
1257 +1.346849649e+002 +1.346849649e+002 +1.126249649e+002 +1.126249649e+002 -1.2529e+000 -4.0626e+000 +9.8385e-001 -2.3741e+000 +4.0111e-001 -4.7051e+000 -9.0284e-001 -1.6805e-001 +9.8399e-001 +7.8022e-001 -2.9575e+000 +1.2908e+000 +9.7078e-001 +3.4710e+000 +1.4289e+000 +8.0046e+000 -3.9495e+000 -1.1746e+000 -5.6624e+000 -4.5026e-001
1794 +8.852798767e+001 +8.852798767e+001 +6.646798767e+001 +6.646798767e+001 -8.1041e-001 -4.3270e+000 +7.2278e-001 -3.7754e+000 +7.7350e-001 -5.2783e+000 -6.9960e-001 -1.3789e+000 +4.8622e-001 +1.5523e+000 +1.3800e-001 -2.4000e+000 -2.3046e-001 +3.3501e+000 +2.1658e-001 +3.3268e+000 -4.3123e+000 -7.9448e-001 -2.9528e+000 -5.8847e-001
2750 +6.210995188e+001 +6.210995188e+001 +4.004995188e+001 +4.004995188e+001 +3.8544e-001 -2.3175e+000 +1.0077e+000 -4.4752e+000 -1.3855e+000 -3.6135e+000 +1.4581e-001 -3.7989e+000 +9.6234e-001 +9.2749e-001 +1.1816e+000 -1.9888e+000 +9.1080e-001 +4.1732e+000 +8.4134e-002 +3.6945e+000 -4.4886e+000 +1.7260e+000 -3.8561e+000 -1.6143e+000
6814 +3.961870934e+001 +3.961870934e+001 +1.755870934e+001 +1.755870934e+001 -1.1885e+000 -2.3831e+000 +5.1809e-001 -4.3364e+000 -3.5976e-001 -3.4061e+000 +9.1545e-001 -3.6132e+000 +1.1128e+000 +1.5975e+000 +3.7255e-001 -1.4011e+000 +1.3052e+000 +2.9732e+000 +1.0398e+000 +2.2521e+000 -4.2429e+000 +1.8194e+000 -3.4724e+000 -1.7582e+000
% function evaluation | noise-free fitness - Fopt (1.632800000000e+002) | best noise-free fitness - Fopt | measured fitness | best measured fitness | x1 | x2...
1 +2.145056691e+007 +2.145056691e+007 +2.145073019e+007 +2.145073019e+007 +9.5493e-002 -2.9885e+000 +8.8589e-001 +4.5798e+000 -1.5109e+000 +4.1011e+000 +7.2785e-002 +1.5913e+000 +1.8743e+000 +1.0416e+000 -1.9983e+000 +6.8574e-001 +4.8811e-001 -3.6319e+000 +2.1933e+000 -3.2337e+000 +2.2256e+000 +3.5395e+000 +4.5266e+000 +3.8827e+000
3 +6.891179559e+006 +6.891179559e+006 +6.891342839e+006 +6.891342839e+006 +9.8300e-001 +1.4373e+000 +2.2434e+000 -3.3801e+000 +4.1551e+000 +2.3293e+000 +3.4439e+000 -1.2516e+000 +2.9963e+000 -4.6939e+000 +4.1590e+000 +1.8812e-001 -6.5986e-002 -1.7182e-001 -1.9737e+000 +4.8213e+000 +1.5806e+000 +1.5718e+000 -3.2289e+000 +2.8546e+000
6 +5.871943454e+004 +5.871943454e+004 +5.888271454e+004 +5.888271454e+004 -2.0292e+000 +4.6164e+000 -1.6254e+000 -1.9716e+000 +1.9177e+000 +2.7325e+000 -1.4145e+000 -2.1440e+000 -9.5304e-001 -4.0239e+000 +2.8796e+000 -1.6425e-001 -6.4995e-001 +4.5511e+000 +4.6787e+000 -1.7316e+000 +1.9140e+000 -7.7154e-001 -2.1055e+000 +2.8332e+000
62 +2.662941049e+002 +2.662941049e+002 +4.295741049e+002 +4.295741049e+002 -1.0848e+000 +1.5165e+000 +6.5968e+000 -1.2396e+000 +2.2147e+000 +1.8519e-002 -4.0171e+000 -3.1714e+000 +9.0240e-001 +3.5931e+000 -3.7012e-001 +1.5453e+000 -9.3736e-001 +3.3395e+000 +9.1326e-001 -3.8870e+000 -3.9218e+000 -1.2143e+000 +1.8938e+000 -6.4966e-002
773 +1.887207071e+002 +1.887207071e+002 +3.520007071e+002 +3.520007071e+002 -3.5768e+000 +2.0812e-001 +1.5907e+000 -3.9809e+000 -2.0728e-001 -5.6925e-002 -3.9599e+000 +1.4579e-001 -4.6128e+000 -1.1233e+000 +4.8708e-001 +9.1532e-001 -3.4495e+000 +1.9096e+000 -1.4928e-001 -5.6604e+000 -6.4750e+000 -1.0046e+000 +1.4692e-001 +1.5691e+000
1132 +1.053094392e+002 +1.053094392e+002 +2.685894392e+002 +2.685894392e+002 -5.2679e+000 +1.6903e+000 +6.7242e+000 -2.8988e+000 -2.3138e+000 +4.4204e+000 -1.5322e+000 -3.7509e+000 +2.1683e+000 +1.4915e+000 -2.0769e+000 +1.5427e+000 -2.0269e+000 +9.1253e-001 +7.8702e-001 -5.8100e+000 -2.7379e+000 -6.3995e-001 +8.4000e-001 +1.1247e+000
1713 +9.156762382e+001 +9.156762382e+001 +2.548476238e+002 +2.548476238e+002 -4.4393e+000 +1.3249e+000 +4.8913e+000 -3.1615e+000 -2.6485e+000 +5.5596e+000 -1.6516e+000 -3.9622e+000 +1.6705e+000 +1.8599e-001 -2.3770e+000 +1.7556e+000 -2.0360e+000 -2.1672e-001 +1.8001e-001 -5.4238e+000 -1.5669e+000 -5.3000e-001 +1.4241e+000 +1.4037e+000
2517 +6.013268132e+001 +6.013268132e+001 +2.234126813e+002 +2.234126813e+002 -3.2567e+000 +1.4679e+000 +2.2356e+000 -3.9730e+000 -1.9571e+000 +4.1574e+000 -6.6810e-001 -1.0029e+000 +1.6111e+000 +2.3359e+000 -3.8137e+000 +1.7920e+000 -1.2816e+000 -8.2017e-002 -9.1409e-001 -2.4547e+000 -2.3509e+000 -1.6439e+000 +3.8435e-001 +7.7597e-001
3522 +3.640743946e+001 +3.640743946e+001 +1.996874395e+002 +1.996874395e+002 -3.4878e+000 +1.3744e+000 +3.8744e+000 -2.9050e+000 -2.4036e+000 +3.7030e+000 -1.6530e+000 -6.8677e-001 -2.4471e-001 -9.6561e-001 -2.3687e+000 +1.8233e+000 -1.5411e+000 -1.4114e+000 -1.3523e+000 -2.6352e+000 -5.9655e-001 -1.5023e+000 -9.0848e-001 -9.8823e-001
6512 +2.497993048e+001 +2.497993048e+001 +1.882599305e+002 +1.882599305e+002 -3.5746e+000 +1.3219e+000 +4.0934e+000 -2.9601e+000 -2.6507e+000 +2.4523e+000 -1.6841e+000 -1.0724e+000 -2.0809e-001 +5.4401e-001 -2.1937e+000 +1.8655e+000 -1.7644e+000 -1.3101e+000 -8.0839e-001 -2.0257e+000 -1.2288e+000 -1.4069e+000 -1.2268e+000 -9.4365e-001
% function evaluation | noise-free fitness - Fopt (3.349000000000e+001) | best noise-free fitness - Fopt | measured fitness | best measured fitness | x1 | x2...
1 +2.103570307e+007 +2.103570307e+007 +2.103573656e+007 +2.103573656e+007 -4.2127e+000 +2.1367e+000 +4.7220e+000 +1.9384e+000 -2.6011e+000 -1.8246e+000 +2.4305e+000 -3.4331e+000 +1.5956e+000 -2.1456e+000 +2.0836e+000 -3.5208e+000 -1.7680e+000 +3.2168e+000 -4.5679e+000 -2.0627e+000 -4.5185e+000 +3.5495e+000 +6.7010e-001 -3.6374e+000
3 +1.041080878e+007 +1.041080878e+007 +1.041084227e+007 +1.041084227e+007 +4.6861e+000 -2.0805e+000 +4.1351e-001 +3.2158e+000 -1.2466e+000 +4.9467e+000 +2.2475e+000 +2.2277e+000 -4.9731e+000 +4.5893e+000 +1.2398e+000 -4.5205e+000 -4.9883e+000 -2.3264e-001 -9.9672e-001 +2.1028e+000 +1.1594e+000 +1.7958e+000 -5.7952e-002 -2.4564e+000
4 +1.924215393e+006 +1.924215393e+006 +1.924248883e+006 +1.924248883e+006 -2.1633e+000 -2.1846e+000 +3.2287e+000 +3.6875e+000 +4.7859e+000 -4.5903e+000 -2.7658e+000 +4.5653e+000 -2.4726e+000 +4.3509e+000 -4.2342e+000 +4.4753e+000 +3.6912e+000 -8.7390e-001 -2.7069e+000 +4.7767e+000 -2.5663e+000 +2.4844e+000 -2.8118e+000 -1.8540e+000
6 +8.697608675e+004 +8.697608675e+004 +8.700957675e+004 +8.700957675e+004 +1.5151e+000 -3.6727e+000 -2.7209e+000 +2.6263e+000 -3.8278e+000 +4.7401e+000 -2.7451e+000 +2.1759e+000 -3.3789e+000 +1.9038e+000 +4.1564e+000 +2.7603e+000 +2.3431e-001 -2.3413e+000 -4.4008e+000 +3.9491e-001 +1.4467e+000 -4.6659e+000 +3.9115e+000 +2.3366e+000
10 +1.788216654e+003 +1.788216654e+003 +1.821706654e+003 +1.821706654e+003 +3.1798e+000 -3.7367e+000 +2.9108e+000 -3.6089e+000 -3.6007e+000 +3.7907e+000 -7.0055e-002 -4.8174e+000 -3.1845e+000 -2.5883e+000 +1.4677e+000 -4.5225e+000 -2.7800e+000 +9.8231e-001 +3.1298e+000 -3.9421e+000 -1.5872e+000 -1.5551e+000 +2.0437e+000 -1.4027e-001
233 +5.457657700e+002 +5.457657700e+002 +5.792557700e+002 +5.792557700e+002 -1.1894e+000 -6.2171e+000 -8.5367e-001 -3.7734e+000 -5.1769e+000 +4.7619e+000 -9.4076e-001 -6.6072e+000 -5.0069e+000 -1.5718e+000 -1.3807e-001 -8.9986e+000 -3.0933e+000 +5.7193e+000 -8.8866e-002 -9.0342e+000 -1.0391e+000 -2.1949e+000 +1.2162e-001 -5.2866e-001
350 +3.534309658e+002 +3.534309658e+002 +3.869209658e+002 +3.869209658e+002 -9.3571e-001 +3.9155e+000 +2.6951e+000 +7.7157e+000 -2.4968e+000 -1.3527e+000 -2.9779e+000 -8.2935e-001 -2.7475e+000 -2.3093e+000 +2.3887e+000 +6.6543e+000 +2.2460e+000 -1.4901e+000 +3.9377e+000 +5.9319e+000 -4.8412e+000 -4.7334e+000 -1.9917e+000 +4.8255e+000
768 +1.963815719e+002 +1.963815719e+002 +2.298715719e+002 +2.298715719e+002 +1.4300e-001 -8.4606e-001 +2.7556e+000 -7.1910e-001 -4.0737e+000 -1.7678e+000 -1.3249e+000 -4.7309e+000 -3.5905e+000 -6.6357e+000 +1.5402e+000 -1.2379e+000 -9.4594e-002 +2.8849e+000 +9.5838e-001 -3.9472e+000 -6.4057e+000 -2.2146e+000 +3.0249e-002 +1.2300e+000
1279 +1.492355713e+002 +1.492355713e+002 +1.827255713e+002 +1.827255713e+002 -6.4491e-001 +3.9072e-001 +1.6857e+000 +1.1822e+000 -3.3971e+000 -2.0212e+000 -5.1209e-001 -2.8232e+000 -2.8586e+000 -5.3440e+000 +2.1150e+000 +1.0990e+000 +2.8778e+000 +1.1437e+000 +2.9927e+000 +2.8624e-001 -2.7406e+000 -7.6491e-001 -1.0659e-001 +1.9402e+000
2191 +9.765377256e+001 +9.765377256e+001 +1.311437726e+002 +1.311437726e+002 -1.0786e+000 -2.0603e+000 +1.0585e+000 +1.6386e+000 -3.2776e+000 +2.2352e-001 -1.4739e+000 -3.3376e+000 -3.2673e+000 -5.9921e+000 +1.5926e+000 -9.7641e-002 +4.7809e+000 -2.2350e+000 -2.1232e+000 -7.1698e-001 -1.9521e+000 +3.1746e-001 +6.0737e-001 +2.6858e+000
3289 +6.288985449e+001 +6.288985449e+001 +9.637985449e+001 +9.637985449e+001 +1.5023e-001 -2.9444e+000 +2.0656e+000 +3.3373e+000 -3.8042e+000 -1.1927e-001 -9.9481e-001 -1.8798e+000 -2.3387e+000 -5.0826e+000 +1.1371e+000 -6.6196e-001 +2.0008e+000 -3.0538e+000 -1.8844e+000 -7.6014e-002 -2.6433e+000 -2.9248e-001 +2.5226e-001 +3.1084e+000
5669 +3.968807403e+001 +3.968807403e+001 +7.317807403e+001 +7.317807403e+001 +3.4430e+000 -3.2531e+000 +2.1769e+000 +3.2654e+000 -3.8511e+000 +2.2095e-001 -7.6373e-001 -2.0650e+000 -2.4250e+000 -4.7973e+000 +1.8292e-001 -9.3193e-002 +3.2268e+000 -3.3555e+000 -1.7486e+000 +1.4855e+000 -2.8891e+000 -1.3095e-002 -2.3214e-001 +2.9754e+000
% function evaluation | noise-free fitness - Fopt (-3.700000000000e+000) | best noise-free fitness - Fopt | measured fitness | best measured fitness | x1 | x2...
1 +5.864254565e+006 +5.864254565e+006 +5.864250865e+006 +5.864250865e+006 +4.7527e+000 -1.0981e+000 +1.3679e+000 -1.2322e+000 -2.5434e+000 +1.2070e+000 +6.4059e-001 +3.2253e+000 +4.8613e+000 +4.1944e-001 -1.7800e+000 +3.3655e+000 -3.8273e+000 -4.1726e+000 -4.4741e+000 +4.0050e+000 +3.6564e+000 +1.2032e+000 +3.9335e+000 -1.7116e+000
3 +5.002936393e+005 +5.002936393e+005 +5.002899393e+005 +5.002899393e+005 -1.0732e+000 +1.7842e+000 -2.8374e+000 +1.4347e+000 +5.5326e-002 -3.8414e-001 -4.6023e+000 +2.5042e+000 -5.5263e-002 -2.6745e+000 -4.7934e+000 -3.5989e+000 +3.1304e+000 -3.6556e+000 -3.9536e+000 -1.0005e+000 +4.8784e+000 +5.9048e-002 +1.5470e+000 -2.2465e+000
6 +1.627237441e+005 +1.627237441e+005 +1.627200441e+005 +1.627200441e+005 -6.1344e-001 -8.9672e-001 -2.4347e+000 -4.5607e+000 -3.2897e+000 +4.8883e+000 -1.7273e+000 +3.1870e+000 +5.2249e-001 +4.1734e+000 -3.5275e+000 +3.3629e+000 -2.0132e+000 -3.5822e+000 +6.5719e-001 +1.0974e-001 -4.7179e+000 +2.4503e+000 +4.5196e+000 -1.2745e+000
40 +1.044496764e+005 +1.044496764e+005 +1.044459764e+005 +1.044459764e+005 -8.8154e-001 +3.2211e-001 -1.7032e+000 +9.1152e-001 +1.9834e-001 +3.8865e+000 -1.7358e+000 +2.0133e-001 +2.4405e+000 +4.1313e+000 -1.8168e+000 +4.9610e+000 -2.5060e+000 +4.2865e+000 +1.4715e-001 -8.5670e-001 +3.5481e+000 +7.2115e-001 +4.6314e+000 -4.7093e+000
42 +8.859046411e+003 +8.859046411e+003 +8.855346411e+003 +8.855346411e+003 -2.9018e+000 +2.3699e+000 -3.2441e+000 +4.9393e+000 +2.6985e+000 -1.1916e+000 -4.5004e+000 +1.8835e+000 -3.1418e+000 +3.2501e+000 -5.3459e-001 -1.8351e+000 -5.5544e-001 -3.2188e+000 -1.6667e+000 -3.9704e+000 -4.1970e+000 +8.9417e-001 -4.8155e+000 +5.3747e-001
74 +2.903992959e+003 +2.903992959e+003 +2.900292959e+003 +2.900292959e+003 -9.6955e-001 -9.1148e-002 -1.2566e+000 +7.9724e-001 +1.5367e+000 +2.2982e+000 -1.7889e+000 +2.3292e+000 -3.2155e+000 +1.7384e+000 -2.2815e+000 +8.2400e-001 +2.1862e+000 -3.6108e-001 -4.1486e+000 -9.5844e-001 -5.7925e+000 +8.5469e-001 -1.4162e+000 +1.4397e+000
76 +1.553381641e+003 +1.553381641e+003 +1.549681641e+003 +1.549681641e+003 -3.2137e+000 -2.4355e+000 -3.3238e+000 +2.6222e+000 +1.6872e+000 +9.0382e-002 -8.9183e-001 +1.8118e+000 -4.2908e+000 +2.4951e+000 -3.1787e+000 +9.5649e-001 +9.2606e-002 +1.5145e+000 -4.0840e+000 -3.3121e+000 -3.3242e+000 +3.1579e+000 -7.3187e-001 -1.2540e+000
380 +8.177435488e+002 +8.177435488e+002 +8.140435488e+002 +8.140435488e+002 -3.6733e+000 -4.1933e+000 -4.0612e+000 +1.5027e+000 +4.5870e-001 +1.3964e-001 -1.9956e-001 +3.1859e+000 -4.5928e+000 +1.8349e+000 -4.9818e+000 +6.9163e-001 +1.0462e+000 +3.4211e+000 -5.9613e+000 -3.9518e+000 -3.0076e+000 +4.7688e+000 -3.5134e-001 -1.7017e+000
1023 +5.888305433e+002 +5.888305433e+002 +5.851305433e+002 +5.851305433e+002 -1.9146e+000 -1.2385e+000 -5.1073e+000 -5.6046e-003 +4.7166e-001 -4.6615e-001 +2.5047e-002 +5.0140e+000 -9.0809e+000 +1.0092e+000 -2.6508e+000 +1.0174e-001 +1.9962e+000 +7.9026e-001 -4.9333e+000 -5.1546e+000 -1.3148e+000 +9.6755e+000 -2.2386e+000 -2.1544e+000
1029 +3.471806601e+002 +3.471806601e+002 +3.434806601e+002 +3.434806601e+002 -1.2961e+000 +4.8099e+000 -4.3330e+000 +5.7340e-001 +5.9944e-001 -2.5897e-002 +7.5056e-002 +4.2577e+000 -6.0299e+000 +1.8146e+000 -1.0403e+000 -6.1721e-001 +1.7269e+000 +1.5322e+000 -9.1743e-001 -3.3358e+000 +8.1618e-002 +1.0442e+001 -4.0137e-002 -1.6390e+000
1486 +2.440166625e+002 +2.440166625e+002 +2.403166625e+002 +2.403166625e+002 +2.3929e+000 -6.9897e-002 -3.5519e+000 -1.8284e+000 +1.7813e+000 -1.3243e+000 -2.4986e-001 +2.5167e+000 -9.4682e+000 -1.9064e+000 +7.1186e-001 -1.1878e+000 +1.9484e+000 -1.6829e-001 -3.5490e+000 -2.0719e+000 -9.3640e-001 +7.2751e+000 -2.1462e+000 -1.7351e+000
1634 +1.453778770e+002 +1.453778770e+002 +1.416778770e+002 +1.416778770e+002 +2.4373e+000 +2.4334e+000 -4.6969e+000 -2.8472e+000 -7.1442e-001 -1.8117e+000 +2.9188e+000 +3.0077e+000 -4.2853e+000 +8.5505e-001 +6.9189e-002 -1.7320e+000 +3.6016e+000 -1.2710e+000 -3.7085e+000 +3.5216e+000 -1.1116e+000 +5.0369e+000 -2.8750e-001 +3.6228e-001
2189 +9.823904635e+001 +9.823904635e+001 +9.453904635e+001 +9.453904635e+001 +9.0221e-001 +2.4355e+000 -4.4641e+000 -3.6740e+000 -1.1288e+000 -1.8026e+000 +3.6903e+000 +1.5681e+000 -2.3542e+000 -1.6122e-001 -1.5125e+000 -1.4011e+000 +3.0302e+000 -1.9799e+000 -2.9372e+000 +3.7059e+000 +7.3761e-001 +2.1202e+000 +2.2815e-002 -2.4768e-001
3433 +6.296104627e+001 +6.296104627e+001 +5.926104627e+001 +5.926104627e+001 +3.0784e+000 -1.5586e+000 -2.2527e+000 -3.5438e+000 +1.6396e+000 -7.7495e-001 +1.2600e+000 -1.3680e+000 -2.9704e+000 -1.4136e+000 -2.2140e+000 -6.3029e-001 +7.4585e-001 -1.4087e+000 -1.6457e+000 +3.3502e+000 +2.8829e+000 -1.0801e+000 -6.3736e-001 -4.5299e-001
% function evaluation | noise-free fitness - Fopt (-9.967700000000e+002) | best noise-free fitness - Fopt | measured fitness | best measured fitness | x1 | x2...
1 +5.289538626e+006 +5.289538626e+006 +5.288541856e+006 +5.288541856e+006 -2.4384e+000 +3.4180e+000 -1.9514e-001 -3.2672e+000 +3.8041e+000 +3.0613e+000 +2.0198e+000 -1.2678e+000 -4.1045e+000 +3.8892e+000 +4.4292e+000 +2.8912e+000 +4.9553e+000 +4.6881e+000 -2.6786e+000 -4.4547e+000 -2.0726e+000 +3.0055e+000 +5.9712e-001 -3.8511e+000
4 +2.831238143e+006 +2.831238143e+006 +2.830241373e+006 +2.830241373e+006 -2.1760e+000 -1.7039e+000 +1.7684e+000 -1.9028e+000 +1.6152e+000 +8.0999e-001 -2.1000e+000 -2.3284e+000 -3.1742e-001 +1.5371e+000 -2.3180e+000 -2.9726e+000 +1.4626e-001 -3.6848e+000 +2.4204e+000 -1.8362e+000 -3.3766e+000 +3.7691e+000 -1.6542e-001 -2.0023e+000
8 +5.153799560e+005 +5.153799560e+005 +5.143831860e+005 +5.143831860e+005 +1.4335e+000 +7.4781e-001 -5.0430e-001 +3.8012e+000 -1.4715e+000 -2.6048e+000 -4.2287e+000 +4.9472e+000 +3.6703e-002 -3.1620e+000 -3.7587e+000 -2.7011e+000 -4.6226e+000 -3.9292e+000 +2.5976e+000 -1.4776e+000 -3.7706e+000 +2.0576e+000 -1.1879e-001 -1.1900e+000
14 +3.567268755e+004 +3.567268755e+004 +3.467591755e+004 +3.467591755e+004 +2.7579e+000 -3.0142e+000 -3.1890e+000 +1.7003e+000 -2.7974e-001 -2.0134e+000 +6.3409e-001 -4.1702e+000 -4.4483e+000 -6.5121e-001 -4.9287e+000 -9.3039e-001 -2.0320e+000 -3.1162e+000 -3.7908e+000 +4.5132e-001 -4.8550e+000 +3.7042e+000 +3.9192e+000 -3.6093e+000
32 +1.314122796e+004 +1.314122796e+004 +1.214445796e+004 +1.214445796e+004 -1.8780e+000 +9.3154e-001 +3.4851e+000 -4.7915e+000 -1.0570e-001 +3.7548e+000 -1.6795e+000 +4.8506e+000 -1.4541e+000 +5.1537e-002 +6.8855e-001 -2.4685e+000 -3.9363e+000 +4.9363e+000 +4.6794e-001 -1.7364e+000 +3.8031e+000 -7.9722e-001 -4.0836e+000 +7.4917e-001
77 +5.552825537e+003 +5.552825537e+003 +4.556055537e+003 +4.556055537e+003 +1.4922e-001 +1.3299e+000 +3.9387e+000 -5.6717e+000 +1.2824e+000 +6.4623e+000 +1.3864e+000 +4.6237e+000 -3.1427e-001 +2.8256e+000 +2.5050e+000 -1.9508e+000 -7.0557e+000 +4.3106e+000 -1.8699e+000 -1.0864e+000 +2.3213e+000 -2.8447e+000 -2.3171e+000 +2.2360e+000
243 +5.301069392e+002 +5.301069392e+002 -4.666630608e+002 -4.666630608e+002 +5.6775e+000 -4.5160e+000 -1.0552e+000 +2.1895e+000 -1.8768e+000 +3.9091e+000 +3.6058e+000 +2.8502e+000 -2.7046e+000 +6.5170e-002 -2.5288e-001 -3.1896e+000 -9.3424e+000 +5.1567e-001 +4.7585e+000 -6.3034e+000 +3.9942e+000 +2.3280e+000 +1.3999e+000 +2.1066e+000
354 +1.878659638e+002 +1.878659638e+002 -8.089040362e+002 -8.089040362e+002 -3.3549e+000 +2.3039e+000 -1.7494e+000 +2.9110e+000 +7.7483e-001 -4.9001e+000 +1.6020e-001 +5.5568e-001 -2.2498e+000 -9.9915e-001 -1.7372e+000 -2.2203e+000 -7.2421e+000 -1.0270e+000 +3.0399e+000 -1.3530e+000 -3.9443e+000 +1.9289e+000 +2.3893e+000 +2.3854e+000
1105 +1.490595122e+002 +1.490595122e+002 -8.477104878e+002 -8.477104878e+002 -2.2165e+000 +2.6171e+000 -9.2224e-001 +3.4322e-001 +9.0726e-001 -6.3735e-001 +1.3019e+000 +8.8634e-001 -8.5057e-001 -4.0996e-002 -3.6307e+000 -1.8327e-001 -7.8875e+000 -2.6750e-001 +1.4625e+000 -3.6310e+000 -1.6732e+000 +1.7822e+000 +1.3119e+000 +2.3452e+000
2030 +9.373685334e+001 +9.373685334e+001 -9.030331467e+002 -9.030331467e+002 -2.3808e+000 +2.4171e+000 +4.5644e-001 -2.1891e-001 +1.4443e-001 -1.1624e+000 +9.4457e-001 +1.1317e+000 +7.7390e-001 +5.8543e-001 -3.0498e+000 +3.2826e-001 -5.1459e+000 -5.5501e-001 -4.2288e-001 -1.9985e+000 -1.8538e+000 +6.2495e-001 +3.0760e-001 +2.0192e+000
2484 +6.013327160e+001 +6.013327160e+001 -9.366367284e+002 -9.366367284e+002 -1.3562e+000 +1.3468e+000 +2.3573e+000 -1.7861e+000 +3.2861e-001 +7.1825e-001 +2.4248e-001 +9.8643e-001 +4.6703e-001 +4.3647e-001 -1.0194e+000 -1.1926e+000 -5.5544e+000 -7.8279e-001 -3.7128e-002 -2.2388e+000 -2.5493e+000 +7.3461e-001 -1.2125e-002 +2.3073e+000
3535 +3.955465455e+001 +3.955465455e+001 -9.572153454e+002 -9.572153454e+002 -1.7796e+000 +1.0223e-001 +2.6102e+000 -1.7642e+000 -2.6219e-001 +1.7946e+000 -8.2227e-001 +5.4596e-001 +7.9603e-001 -7.9347e-001 -8.0181e-001 -3.3367e+000 -6.3892e+000 +8.8065e-001 -9.4459e-001 -1.7625e+000 -3.1360e+000 -8.1160e-001 -4.0703e-002 +9.0948e-001
6434 +2.504359861e+001 +2.504359861e+001 -9.717264014e+002 -9.717264014e+002 -1.7286e+000 +1.4354e+000 +2.6389e+000 -1.1724e+000 +4.0546e-001 +3.4554e+000 -6.7077e-001 -2.6932e-001 -5.2531e-001 -1.9685e+000 +1.6793e-001 -2.5408e+000 -5.7449e+000 +1.7342e+000 -9.1175e-001 -2.1647e+000 -3.9090e+000 -8.9000e-001 -5.9732e-001 -1.0117e+000
% function evaluation | noise-free fitness - Fopt (4.500000000000e+001) | best noise-free fitness - Fopt | measured fitness | best measured fitness | x1 | x2...
1 +3.128078230e+006 +3.128078230e+006 +3.128123230e+006 +3.128123230e+006 -4.8101e+000 -9.0883e-001 +3.3934e+000 +8.4410e-001 +9.2938e-001 -2.1086e+000 +3.9816e+000 +2.4272e-001 +4.5813e-001 +2.5275e-001 +3.8631e-002 +4.5709e+000 +1.3475e+000 +3.9403e+000 +3.3562e+000 +3.6580e-001 -3.0085e+000 +8.6631e-001 +2.5784e+000 -3.1115e+000
6 +1.824243537e+006 +1.824243537e+006 +1.824288537e+006 +1.824288537e+006 -1.3408e+000 +1.6076e+000 +4.9638e+000 +3.3936e+000 +4.2608e+000 +4.3977e+000 -1.9272e+000 +7.4961e-002 -3.7839e-002 -4.8341e+000 -4.8234e+000 -4.5467e-001 +3.3133e+000 -3.2817e+000 +2.7270e+000 -3.6751e+000 +7.1203e-002 +4.7678e+000 +3.9621e+000 -2.6009e+000
7 +1.871819851e+004 +1.871819851e+004 +1.876319851e+004 +1.876319851e+004 +4.8622e+000 -2.1888e+000 +2.8574e+000 +3.2952e+000 +2.0990e+000 -2.7374e+000 +2.0134e+000 -2.2852e+000 +4.5612e+000 -4.8467e+000 -9.0176e-001 -1.2271e+000 -3.3950e+000 +1.9981e+000 -8.5832e-001 -2.3356e+000 -2.1788e+000 +3.6196e+000 +4.7604e+000 +4.4089e+000
69 +6.049819009e+003 +6.049819009e+003 +6.094819009e+003 +6.094819009e+003 +6.2814e+000 -2.2767e+000 +3.9679e+000 +3.1114e+000 +1.2440e+000 -2.8599e+000 -5.1381e-001 -1.1225e+000 +4.1678e+000 -8.4661e+000 -2.2112e+000 -2.8177e+000 -6.3939e+000 -1.0351e-001 -1.2086e-001 -3.7946e+000 -2.9221e+000 +3.9453e+000 +8.1756e+000 +5.0319e+000
174 +3.972215794e+003 +3.972215794e+003 +4.017215794e+003 +4.017215794e+003 +1.0446e+000 +3.5738e+000 +2.6608e+000 +3.8725e+000 +5.7500e+000 -7.8211e+000 +5.5867e+000 +1.3433e-001 +4.4494e+000 -3.1270e+000 -2.1168e+000 -3.5718e+000 -1.2266e+000 +2.2361e+000 -2.0270e+000 -3.8325e+000 -2.3758e-001 -4.3608e-001 +2.2228e+000 +4.8475e+000
192 +3.384947422e+002 +3.384947422e+002 +3.834947422e+002 +3.834947422e+002 +8.6289e+000 -4.2911e+000 +3.8813e+000 +2.3525e+000 -1.6396e+000 -3.4159e+000 -9.3428e-001 +4.8442e-001 +5.8720e+000 -9.3492e+000 -4.4982e+000 +1.7053e+000 -7.8321e+000 -2.6173e+000 +7.3517e-001 -1.6331e+000 -2.6135e-001 +3.2618e+000 +9.8960e+000 +5.4244e+000
1074 +1.430775559e+002 +1.430775559e+002 +1.880775559e+002 +1.880775559e+002 +3.1290e+000 -1.2134e+000 +7.4327e-001 +3.9886e+000 +1.3691e+000 -6.9837e-001 -2.3469e+000 -3.8362e+000 +1.9686e+000 -8.4249e+000 -6.1647e+000 +3.4228e+000 -5.6062e-001 -8.9671e-001 -1.9060e+000 -1.5010e+000 -1.6639e+000 +4.6221e+000 +3.3877e+000 +1.8164e+000
2365 +9.819643606e+001 +9.819643606e+001 +1.431964361e+002 +1.431964361e+002 +7.3262e-001 +5.2146e-001 -1.0043e+000 +4.9978e+000 +1.9598e+000 -1.7411e-001 -3.7465e+000 -2.8081e+000 +2.6045e+000 -4.2382e+000 -7.5539e+000 +7.1186e-001 -2.1567e+000 +4.9683e-001 -1.6219e+000 -9.1453e-001 -2.8197e+000 +2.4037e+000 +4.0392e+000 +3.0649e+000
3327 +6.089118418e+001 +6.089118418e+001 +1.058911842e+002 +1.058911842e+002 +1.1416e+000 +9.4281e-001 -2.1454e+000 +4.6568e+000 +2.8349e+000 +3.3923e-001 -4.1970e+000 -2.5168e+000 +2.5595e+000 -9.5279e-001 -5.5312e+000 +1.6203e+000 -5.0340e-001 -3.8334e-001 -7.3897e-001 -2.4018e-001 -2.7071e+000 +1.7707e+000 +3.8870e+000 +1.3526e+000
5080 +3.972436965e+001 +3.972436965e+001 +8.472436965e+001 +8.472436965e+001 +2.3523e+000 +3.3327e-001 -2.0215e+000 +4.5475e+000 +2.6839e+000 +6.4732e-002 -4.7897e+000 -2.0840e+000 +3.3164e+000 -1.3517e+000 -5.7054e+000 +3.1707e+000 -1.4460e+000 -5.7164e-001 +2.1196e-001 +3.6458e-001 -2.1447e+000 -1.1434e+000 +3.7504e+000 +2.8722e+000
% function evaluation | noise-free fitness - Fopt (2.131000000000e+002) | best noise-free fitness - Fopt | measured fitness | best measured fitness | x1 | x2...
1 +4.684264129e+007 +4.684264129e+007 +4.684285439e+007 +4.684285439e+007 +1.4908e+000 +3.8557e+000 -1.7582e+000 +4.3835e+000 +2.2612e+000 +3.4051e+000 -2.2116e+000 -2.6906e+000 -2.7804e+000 +2.4368e+000 -9.8294e-001 +3.6971e+000 +8.3379e-001 -2.4965e+000 -1.4163e+000 +1.0540e+000 -1.2202e+000 -4.3959e+000 +2.0956e+000 +3.1282e+000
4 +2.259398004e+007 +2.259398004e+007 +2.259419314e+007 +2.259419314e+007 -2.6141e+000 -3.4651e+000 +6.5865e-003 +2.4970e+000 +1.2606e+000 +1.3467e-001 +1.6122e+000 +3.4822e+000 +3.8625e+000 -4.4238e-001 -4.9945e+000 +3.1511e+000 +1.4081e+000 +4.9842e+000 +6.0707e-001 +4.4964e+000 +2.0922e+000 -2.4105e+000 -3.9186e+000 +4.0175e+000
6 +1.471465739e+007 +1.471465739e+007 +1.471487049e+007 +1.471487049e+007 -1.7407e+000 -4.5107e-001 -1.4237e+000 +3.3634e-001 +2.9863e+000 -6.6832e-001 +3.9785e+000 -8.1960e-001 +1.7964e+000 -3.7292e+000 +1.6189e+000 +4.9329e+000 -4.8740e+000 +2.3756e-001 +3.9051e+000 -1.9599e+000 -6.5725e-001 +4.0771e+000 +1.9074e+000 +1.5060e+000
8 +3.970400470e+002 +3.970400470e+002 +6.101400470e+002 +6.101400470e+002 -3.4114e+000 -2.8227e+000 +1.7172e+000 -4.1280e+000 -3.7911e+000 -4.6989e+000 -8.3115e-001 +4.8081e+000 +3.7264e+000 +1.2157e+000 +3.2055e+000 -4.3831e+000 -2.7469e+000 +4.2312e+000 -3.8511e+000 +2.5252e+000 +2.4406e+000 -3.2987e-001 +4.5641e+000 +1.8445e+000
784 +1.558584014e+002 +1.558584014e+002 +3.689584014e+002 +3.689584014e+002 -1.8938e-001 +2.2483e+000 -1.2998e+000 -3.6119e+000 +4.2136e+000 +1.8983e+000 +9.7542e-001 -2.8740e+000 -3.5085e+000 -2.4593e-001 -3.6358e+000 +4.6757e+000 -6.0001e-001 +4.7888e-001 -3.2670e+000 -1.2300e+000 -9.2602e-001 +3.0629e+000 +5.4705e-001 +2.8056e+000
1855 +9.090354840e+001 +9.090354840e+001 +3.040035484e+002 +3.040035484e+002 -1.4067e+000 +3.9240e-001 -3.2054e+000 -2.9204e+000 +2.1338e+000 +4.8549e-001 +9.9646e-001 +9.4938e-002 +3.4230e+000 -8.0414e-001 -1.2373e+000 +1.7749e+000 -1.0662e+000 +2.5025e-001 -3.1335e+000 -7.3453e-001 -4.8129e-001 +2.0978e+000 +1.9077e+000 +2.3916e+000
2502 +6.006719178e+001 +6.006719178e+001 +2.731671918e+002 +2.731671918e+002 -3.4515e-001 +7.6167e-001 -1.4948e+000 -3.1631e+000 +1.7795e+000 +3.3764e-001 +2.7631e+000 -1.0760e+000 +2.3701e+000 -3.1651e-001 -2.1843e+000 +1.1993e+000 +7.8362e-003 -8.3725e-001 -2.7308e+000 -2.7775e-001 -1.1639e+000 +2.1357e+000 +9.6647e-001 +2.3244e+000
4358 +3.979863707e+001 +3.979863707e+001 +2.528986371e+002 +2.528986371e+002 -4.0951e-001 -7.3625e-001 +5.7901e-001 -2.9825e+000 -3.0990e-002 +4.6619e-001 +4.1328e+000 -1.1536e+000 +4.5580e+000 +1.0475e+000 -1.6235e+000 +1.9099e+000 +2.0752e-001 -2.0459e+000 -2.3360e+000 -1.5935e+000 -2.0377e+000 +1.3401e+000 +8.0848e-001 +2.4672e+000
